/*--------------------------------*- C++ -*----------------------------------*\
| =========                 |                                                 |
| \\      /  F ield         | OpenFOAM: The Open Source CFD Toolbox           |
|  \\    /   O peration     | Version:  1.4.1-dev                             |
|   \\  /    A nd           | Web:      http://www.openfoam.org               |
|    \\/     M anipulation  |                                                 |
\*---------------------------------------------------------------------------*/

FoamFile
{
    version 2.0;
    format ascii;

    root "/home/mjaworsk/OpenFOAM/mjaworsk-1.4.1-dev/run/FlatPlate-Blasius";
    case "icoHeatFoam-flatPlate2";
    instance "0.4";
    local "";

    class surfaceScalarField;
    object phi;
}

// * * * * * * * * * * * * * * * * * * * * * * * * * * * * * * * * * * * * * //

dimensions      [0 3 -1 0 0 0 0];

internalField   nonuniform List<scalar> 
4850
(
9.42603e-09
5.43534e-09
-1.48614e-08
5.64298e-09
3.78305e-09
3.8419e-09
1.80108e-09
2.98741e-09
8.54487e-10
2.52801e-09
4.59402e-10
2.24121e-09
2.86799e-10
2.03409e-09
2.0712e-10
1.8702e-09
1.63894e-10
1.73486e-09
1.3534e-10
1.62042e-09
1.14441e-10
1.52186e-09
9.85547e-11
1.43565e-09
8.62135e-11
1.35929e-09
7.63651e-11
1.29092e-09
6.83618e-11
1.22924e-09
6.16826e-11
1.17316e-09
5.60855e-11
1.12188e-09
5.12743e-11
1.07466e-09
4.72208e-11
1.03099e-09
4.36686e-11
9.90316e-10
4.06754e-11
9.5246e-10
3.78558e-11
9.17148e-10
3.53123e-11
8.84517e-10
3.2631e-11
8.54141e-10
3.0376e-11
8.25867e-10
2.82739e-11
7.98935e-10
2.69315e-11
7.73632e-10
2.53037e-11
7.49401e-10
2.42306e-11
7.26998e-10
2.24035e-11
7.05721e-10
2.12768e-11
6.86779e-10
1.89416e-11
6.68928e-10
1.78515e-11
6.5372e-10
1.52078e-11
6.39128e-10
1.45917e-11
1.20995e-11
1.62367e-08
6.11799e-09
-1.69193e-08
1.38312e-08
6.18849e-09
1.15813e-08
4.051e-09
9.82305e-09
2.61273e-09
8.49152e-09
1.79093e-09
7.52174e-09
1.25658e-09
6.807e-09
9.21854e-10
6.25043e-09
7.20466e-10
5.79504e-09
5.90731e-10
5.41093e-09
4.98558e-10
5.08039e-09
4.29091e-10
4.79146e-09
3.75141e-10
4.53571e-09
3.32115e-10
4.30695e-09
2.97126e-10
4.10062e-09
2.68006e-10
3.91311e-09
2.436e-10
3.74165e-09
2.22735e-10
3.58379e-09
2.05078e-10
3.4378e-09
1.89664e-10
3.30204e-09
1.76435e-10
3.17584e-09
1.64048e-10
3.05842e-09
1.52734e-10
2.94969e-09
1.41362e-10
2.84824e-09
1.3183e-10
2.75335e-09
1.23161e-10
2.66323e-09
1.17052e-10
2.57856e-09
1.09971e-10
2.49808e-09
1.04714e-10
2.42373e-09
9.67547e-11
2.35368e-09
9.13211e-11
2.29129e-09
8.1335e-11
2.23283e-09
7.63077e-11
2.18373e-09
6.43111e-11
2.13659e-09
6.17349e-11
4.7849e-11
1.91315e-08
5.38277e-09
-1.83963e-08
1.85771e-08
6.74296e-09
1.73566e-08
5.27144e-09
1.60242e-08
3.94518e-09
1.46711e-08
3.14404e-09
1.34163e-08
2.51136e-09
1.23376e-08
2.00057e-09
1.14287e-08
1.62939e-09
1.0655e-08
1.36435e-09
9.98699e-09
1.16662e-09
9.4028e-09
1.01328e-09
8.88624e-09
8.917e-10
8.42508e-09
7.9328e-10
8.0099e-09
7.12301e-10
7.63354e-09
6.44371e-10
7.29012e-09
5.87018e-10
6.97505e-09
5.37804e-10
6.68426e-09
4.95868e-10
6.41476e-09
4.59167e-10
6.16386e-09
4.27326e-10
5.93037e-09
3.97538e-10
5.71291e-09
3.70198e-10
5.51099e-09
3.43284e-10
5.32208e-09
3.20735e-10
5.14492e-09
3.0032e-10
4.97678e-09
2.85195e-10
4.81885e-09
2.67898e-10
4.66916e-09
2.54411e-10
4.53094e-09
2.3497e-10
4.40101e-09
2.21255e-10
4.28516e-09
1.97185e-10
4.17672e-09
1.84743e-10
4.08625e-09
1.54786e-10
3.99967e-09
1.48316e-10
1.11165e-10
2.08909e-08
4.59613e-09
-2.01042e-08
2.12379e-08
6.39597e-09
2.09092e-08
5.60009e-09
2.03345e-08
4.5199e-09
1.95616e-08
3.91697e-09
1.86351e-08
3.43784e-09
1.76676e-08
2.96803e-09
1.67305e-08
2.56653e-09
1.58479e-08
2.24692e-09
1.50272e-08
1.98728e-09
1.42701e-08
1.7704e-09
1.35741e-08
1.58773e-09
1.29345e-08
1.43284e-09
1.2346e-08
1.30088e-09
1.18032e-08
1.18715e-09
1.13012e-08
1.08903e-09
1.08356e-08
1.00338e-09
1.04022e-08
9.29291e-10
9.99765e-09
8.63676e-10
9.61891e-09
8.06071e-10
9.26461e-09
7.51837e-10
8.93302e-09
7.01789e-10
8.62358e-09
6.52729e-10
8.33274e-09
6.11572e-10
8.05901e-09
5.74044e-10
7.79874e-09
5.45474e-10
7.55402e-09
5.12616e-10
7.32199e-09
4.8644e-10
7.10768e-09
4.49281e-10
6.90593e-09
4.23007e-10
6.72569e-09
3.7742e-10
6.55646e-09
3.53975e-10
6.41544e-09
2.95808e-10
6.28071e-09
2.83044e-10
2.08719e-10
2.25705e-08
4.02373e-09
-2.19982e-08
2.31674e-08
5.79911e-09
2.32581e-08
5.5094e-09
2.31515e-08
4.62655e-09
2.29123e-08
4.15617e-09
2.24869e-08
3.86323e-09
2.19172e-08
3.53771e-09
2.12679e-08
3.2158e-09
2.05746e-08
2.94026e-09
1.98576e-08
2.70421e-09
1.91347e-08
2.49331e-09
1.84202e-08
2.30227e-09
1.77242e-08
2.12888e-09
1.70529e-08
1.97217e-09
1.64101e-08
1.82995e-09
1.57972e-08
1.70191e-09
1.52147e-08
1.58586e-09
1.46616e-08
1.48242e-09
1.41369e-08
1.3883e-09
1.3639e-08
1.304e-09
1.31677e-08
1.22314e-09
1.27218e-08
1.1477e-09
1.23017e-08
1.07287e-09
1.19034e-08
1.00987e-09
1.1526e-08
9.5142e-10
1.11651e-08
9.06388e-10
1.08244e-08
8.53307e-10
1.05001e-08
8.10722e-10
1.01999e-08
7.49447e-10
9.91612e-09
7.06818e-10
9.66169e-09
6.31842e-10
9.42102e-09
5.94651e-10
9.21969e-09
4.97137e-10
9.02649e-09
4.76246e-10
3.49089e-10
2.44138e-08
3.62928e-09
-2.40194e-08
2.50282e-08
5.18479e-09
2.52675e-08
5.27001e-09
2.5326e-08
4.56807e-09
2.53489e-08
4.13331e-09
2.52644e-08
3.94773e-09
2.50491e-08
3.75299e-09
2.4737e-08
3.5279e-09
2.43516e-08
3.32562e-09
2.39018e-08
3.15408e-09
2.33965e-08
2.99861e-09
2.28475e-08
2.85124e-09
2.22672e-08
2.70917e-09
2.16666e-08
2.57281e-09
2.10556e-08
2.44095e-09
2.04422e-08
2.31531e-09
1.98334e-08
2.19464e-09
1.92338e-08
2.08198e-09
1.86478e-08
1.97431e-09
1.80772e-08
1.87464e-09
1.75252e-08
1.77514e-09
1.69925e-08
1.68043e-09
1.6482e-08
1.58337e-09
1.59905e-08
1.50134e-09
1.55191e-08
1.42281e-09
1.50629e-08
1.36259e-09
1.46284e-08
1.28782e-09
1.4211e-08
1.22811e-09
1.38227e-08
1.13775e-09
1.34528e-08
1.07677e-09
1.31195e-08
9.65109e-10
1.28005e-08
9.13654e-10
1.25313e-08
7.66329e-10
1.22698e-08
7.37695e-10
5.41757e-10
2.64359e-08
3.34955e-09
-2.61561e-08
2.70025e-08
4.61815e-09
2.73088e-08
4.96373e-09
2.74083e-08
4.46856e-09
2.75031e-08
4.03849e-09
2.75663e-08
3.88453e-09
2.75456e-08
3.77369e-09
2.74519e-08
3.62166e-09
2.73039e-08
3.4736e-09
2.71029e-08
3.35504e-09
2.68458e-08
3.25573e-09
2.65328e-08
3.16429e-09
2.61675e-08
3.07448e-09
2.57546e-08
2.9857e-09
2.53005e-08
2.89505e-09
2.48115e-08
2.80429e-09
2.42955e-08
2.71065e-09
2.37589e-08
2.61855e-09
2.32096e-08
2.52361e-09
2.26525e-08
2.43178e-09
2.20946e-08
2.33304e-09
2.15388e-08
2.23624e-09
2.09917e-08
2.13047e-09
2.04515e-08
2.04145e-09
1.99229e-08
1.95149e-09
1.94005e-08
1.88496e-09
1.88948e-08
1.79351e-09
1.84006e-08
1.72235e-09
1.79362e-08
1.60209e-09
1.74885e-08
1.52452e-09
1.70827e-08
1.37092e-09
1.6688e-08
1.30829e-09
1.63507e-08
1.1037e-09
1.60165e-08
1.07186e-09
7.94283e-10
2.86362e-08
3.1337e-09
-2.84204e-08
2.91271e-08
4.12728e-09
2.94758e-08
4.61499e-09
2.96021e-08
4.3423e-09
2.96998e-08
3.94075e-09
2.98053e-08
3.77909e-09
2.98648e-08
3.71412e-09
2.98709e-08
3.61561e-09
2.98435e-08
3.50101e-09
2.97885e-08
3.41003e-09
2.97006e-08
3.34366e-09
2.95736e-08
3.29125e-09
2.94046e-08
3.24346e-09
2.91911e-08
3.19918e-09
2.89328e-08
3.15336e-09
2.86293e-08
3.10779e-09
2.82835e-08
3.05645e-09
2.78976e-08
3.00445e-09
2.74777e-08
2.94351e-09
2.70273e-08
2.88223e-09
2.65543e-08
2.80599e-09
2.60614e-08
2.72917e-09
2.55576e-08
2.63422e-09
2.50416e-08
2.55747e-09
2.45212e-08
2.47186e-09
2.39902e-08
2.41603e-09
2.34626e-08
2.3211e-09
2.29317e-08
2.25324e-09
2.24241e-08
2.10969e-09
2.19253e-08
2.02331e-09
2.147e-08
1.82625e-09
2.10186e-08
1.75966e-09
2.06264e-08
1.49594e-09
2.02275e-08
1.47071e-09
1.10721e-09
3.10249e-08
2.94774e-09
-3.08389e-08
3.14308e-08
3.72139e-09
3.17962e-08
4.24955e-09
3.19596e-08
4.17888e-09
3.20515e-08
3.8489e-09
3.21602e-08
3.67034e-09
3.22505e-08
3.62384e-09
3.22975e-08
3.56862e-09
3.23169e-08
3.48161e-09
3.23228e-08
3.40416e-09
3.23153e-08
3.35113e-09
3.22888e-08
3.31774e-09
3.22396e-08
3.29267e-09
3.21631e-08
3.27565e-09
3.20566e-08
3.25991e-09
3.19152e-08
3.24922e-09
3.17375e-08
3.2341e-09
3.15202e-08
3.22181e-09
3.12652e-08
3.19845e-09
3.09711e-08
3.17634e-09
3.06438e-08
3.13329e-09
3.0282e-08
3.09101e-09
2.98947e-08
3.02143e-09
2.94781e-08
2.97412e-09
2.90416e-08
2.90833e-09
2.85754e-08
2.8823e-09
2.80951e-08
2.80135e-09
2.75895e-08
2.75887e-09
2.70919e-08
2.60728e-09
2.65882e-08
2.52704e-09
2.61242e-08
2.29018e-09
2.56545e-08
2.22939e-09
2.52387e-08
1.91169e-09
2.48027e-08
1.9068e-09
1.46776e-09
3.36185e-08
2.77585e-09
-3.34466e-08
3.39479e-08
3.39195e-09
3.43021e-08
3.89536e-09
3.45037e-08
3.9773e-09
3.45994e-08
3.75321e-09
3.46996e-08
3.57011e-09
3.4801e-08
3.52247e-09
3.48695e-08
3.50013e-09
3.49082e-08
3.4429e-09
3.49344e-08
3.37789e-09
3.49557e-08
3.32983e-09
3.49694e-08
3.30413e-09
3.49734e-08
3.2886e-09
3.49645e-08
3.28463e-09
3.49413e-08
3.2831e-09
3.48986e-08
3.29185e-09
3.48351e-08
3.29763e-09
3.47444e-08
3.31252e-09
3.46268e-08
3.31601e-09
3.44763e-08
3.32683e-09
3.4297e-08
3.31264e-09
3.40825e-08
3.30545e-09
3.38412e-08
3.26282e-09
3.35646e-08
3.25069e-09
3.32625e-08
3.21036e-09
3.29196e-08
3.22522e-09
3.25505e-08
3.17049e-09
3.21353e-08
3.17406e-09
3.17083e-08
3.03427e-09
3.12554e-08
2.9799e-09
3.08332e-08
2.71239e-09
3.03969e-08
2.66575e-09
3.00035e-08
2.3051e-09
2.95775e-08
2.33281e-09
1.84606e-09
3.64384e-08
2.6146e-09
-3.62771e-08
3.67088e-08
3.12151e-09
3.70318e-08
3.57233e-09
3.72595e-08
3.74964e-09
3.73714e-08
3.6413e-09
3.74626e-08
3.47897e-09
3.75639e-08
3.4211e-09
3.76461e-08
3.41797e-09
3.76979e-08
3.39109e-09
3.77323e-08
3.34351e-09
3.77622e-08
3.29993e-09
3.77884e-08
3.27796e-09
3.78108e-08
3.26619e-09
3.78266e-08
3.26873e-09
3.78374e-08
3.2724e-09
3.78389e-08
3.29034e-09
3.7832e-08
3.30445e-09
3.78105e-08
3.33403e-09
3.77759e-08
3.35067e-09
3.772e-08
3.38267e-09
3.76473e-08
3.38538e-09
3.75484e-08
3.4044e-09
3.74313e-08
3.37985e-09
3.72852e-08
3.39685e-09
3.71199e-08
3.37561e-09
3.6916e-08
3.42911e-09
3.6686e-08
3.40055e-09
3.64014e-08
3.4586e-09
3.60891e-08
3.34655e-09
3.57331e-08
3.33598e-09
3.53943e-08
3.05113e-09
3.5039e-08
3.0211e-09
3.47136e-08
2.63051e-09
3.43524e-08
2.69394e-09
2.19951e-09
3.95071e-08
2.46486e-09
-3.93573e-08
3.97355e-08
2.8931e-09
4.00196e-08
3.28815e-09
4.02565e-08
3.51277e-09
4.03912e-08
3.50657e-09
4.04796e-08
3.39066e-09
4.05746e-08
3.32604e-09
4.06637e-08
3.32889e-09
4.07273e-08
3.32751e-09
4.07683e-08
3.30253e-09
4.08013e-08
3.26686e-09
4.08308e-08
3.24854e-09
4.08584e-08
3.23857e-09
4.08813e-08
3.24583e-09
4.09023e-08
3.25142e-09
4.09181e-08
3.27445e-09
4.09321e-08
3.29046e-09
4.09386e-08
3.32755e-09
4.09412e-08
3.34805e-09
4.09319e-08
3.39202e-09
4.09162e-08
3.40103e-09
4.08843e-08
3.43632e-09
4.08449e-08
3.41924e-09
4.07872e-08
3.4546e-09
4.0722e-08
3.44076e-09
4.06299e-08
3.52121e-09
4.05218e-08
3.50867e-09
4.03667e-08
3.61372e-09
4.01782e-08
3.535e-09
3.9937e-08
3.57718e-09
3.96982e-08
3.28997e-09
3.94473e-08
3.27203e-09
3.92153e-08
2.86245e-09
3.89582e-08
2.95107e-09
2.48755e-09
4.28446e-08
2.32704e-09
-4.27068e-08
4.3043e-08
2.69468e-09
4.32903e-08
3.04088e-09
4.3522e-08
3.28111e-09
4.36779e-08
3.35066e-09
4.37724e-08
3.29616e-09
4.38608e-08
3.23764e-09
4.39508e-08
3.23888e-09
4.40241e-08
3.2542e-09
4.40732e-08
3.25343e-09
4.41095e-08
3.23052e-09
4.41401e-08
3.21798e-09
4.41692e-08
3.20949e-09
4.41938e-08
3.22122e-09
4.4217e-08
3.22821e-09
4.4236e-08
3.25548e-09
4.42551e-08
3.27131e-09
4.42696e-08
3.31303e-09
4.42845e-08
3.33323e-09
4.42922e-08
3.38431e-09
4.42991e-08
3.39406e-09
4.42965e-08
3.43899e-09
4.42926e-08
3.42311e-09
4.42791e-08
3.46809e-09
4.42672e-08
3.45264e-09
4.42415e-08
3.5469e-09
4.42115e-08
3.53874e-09
4.4152e-08
3.67322e-09
4.40637e-08
3.62331e-09
4.39253e-08
3.71556e-09
4.37751e-08
3.44013e-09
4.36203e-08
3.42682e-09
4.34767e-08
3.00604e-09
4.33281e-08
3.09972e-09
2.68962e-09
4.64687e-08
2.20029e-09
-4.63419e-08
4.66445e-08
2.51888e-09
4.68609e-08
2.82441e-09
4.70789e-08
3.06316e-09
4.72481e-08
3.18138e-09
4.73562e-08
3.18813e-09
4.74425e-08
3.15134e-09
4.753e-08
3.15137e-09
4.76098e-08
3.17441e-09
4.76683e-08
3.1949e-09
4.77102e-08
3.18861e-09
4.77428e-08
3.18536e-09
4.77731e-08
3.17927e-09
4.77988e-08
3.19553e-09
4.78227e-08
3.20424e-09
4.78423e-08
3.23595e-09
4.7862e-08
3.2516e-09
4.78779e-08
3.29705e-09
4.78952e-08
3.316e-09
4.79075e-08
3.37195e-09
4.79206e-08
3.38104e-09
4.79274e-08
3.4321e-09
4.79345e-08
3.41606e-09
4.79367e-08
3.4659e-09
4.79435e-08
3.44581e-09
4.79461e-08
3.54428e-09
4.79509e-08
3.53393e-09
4.79445e-08
3.67964e-09
4.79187e-08
3.64916e-09
4.78541e-08
3.78011e-09
4.77669e-08
3.52735e-09
4.76792e-08
3.51457e-09
4.7596e-08
3.08917e-09
4.75266e-08
3.16913e-09
2.81315e-09
5.03975e-08
2.08324e-09
-5.02804e-08
5.05551e-08
2.36121e-09
5.0747e-08
2.63255e-09
5.09482e-08
2.86201e-09
5.1122e-08
3.00757e-09
5.12453e-08
3.0648e-09
5.13358e-08
3.06079e-09
5.1421e-08
3.06621e-09
5.15039e-08
3.09148e-09
5.15715e-08
3.12735e-09
5.16215e-08
3.13863e-09
5.16585e-08
3.14832e-09
5.1691e-08
3.14682e-09
5.17187e-08
3.16781e-09
5.17441e-08
3.17877e-09
5.1765e-08
3.21513e-09
5.17851e-08
3.2315e-09
5.18017e-08
3.28038e-09
5.18191e-08
3.29865e-09
5.18328e-08
3.35821e-09
5.18465e-08
3.36736e-09
5.1856e-08
3.42264e-09
5.18643e-08
3.40773e-09
5.18697e-08
3.46052e-09
5.18782e-08
3.43725e-09
5.1888e-08
3.53453e-09
5.19008e-08
3.5211e-09
5.1915e-08
3.66542e-09
5.19189e-08
3.64528e-09
5.18987e-08
3.80032e-09
5.18499e-08
3.57617e-09
5.17983e-08
3.5662e-09
5.17435e-08
3.14396e-09
5.17104e-08
3.2022e-09
2.88521e-09
5.46527e-08
1.97456e-09
-5.4544e-08
5.47954e-08
2.21857e-09
5.49674e-08
2.46055e-09
5.51519e-08
2.6775e-09
5.53234e-08
2.83604e-09
5.54586e-08
2.92959e-09
5.55583e-08
2.96106e-09
5.5644e-08
2.98055e-09
5.57279e-08
3.00759e-09
5.58024e-08
3.05279e-09
5.58617e-08
3.0794e-09
5.59057e-08
3.10431e-09
5.59421e-08
3.11035e-09
5.59731e-08
3.13683e-09
5.60013e-08
3.15061e-09
5.60248e-08
3.19158e-09
5.60466e-08
3.20974e-09
5.6065e-08
3.26193e-09
5.6083e-08
3.28066e-09
5.60982e-08
3.34301e-09
5.6112e-08
3.35354e-09
5.61228e-08
3.41188e-09
5.61306e-08
3.39993e-09
5.61361e-08
3.45501e-09
5.61415e-08
3.43181e-09
5.61507e-08
3.52538e-09
5.6161e-08
3.51083e-09
5.61788e-08
3.64755e-09
5.61925e-08
3.63165e-09
5.61953e-08
3.79743e-09
5.61688e-08
3.60269e-09
5.61329e-08
3.60216e-09
5.60846e-08
3.1922e-09
5.60536e-08
3.23324e-09
2.93533e-09
5.92603e-08
1.87306e-09
-5.91588e-08
5.93903e-08
2.08851e-09
5.95458e-08
2.30505e-09
5.97151e-08
2.50824e-09
5.98802e-08
2.67089e-09
6.00218e-08
2.78807e-09
6.01322e-08
2.85063e-09
6.02221e-08
2.89068e-09
6.03067e-08
2.92293e-09
6.03858e-08
2.97365e-09
6.04536e-08
3.01167e-09
6.05063e-08
3.05163e-09
6.05486e-08
3.068e-09
6.05841e-08
3.10135e-09
6.0616e-08
3.11875e-09
6.06434e-08
3.16414e-09
6.06682e-08
3.18498e-09
6.06896e-08
3.24048e-09
6.07094e-08
3.26084e-09
6.07269e-08
3.32553e-09
6.07418e-08
3.33865e-09
6.07543e-08
3.39939e-09
6.07624e-08
3.39181e-09
6.07685e-08
3.44886e-09
6.07714e-08
3.42894e-09
6.0779e-08
3.51786e-09
6.07853e-08
3.50451e-09
6.08011e-08
3.63174e-09
6.08154e-08
3.61733e-09
6.08289e-08
3.78392e-09
6.08157e-08
3.61588e-09
6.07864e-08
3.63148e-09
6.07362e-08
3.24236e-09
6.06915e-08
3.27794e-09
2.98289e-09
6.42494e-08
1.77765e-09
-6.4154e-08
6.43689e-08
1.96901e-09
6.45105e-08
2.16342e-09
6.46661e-08
2.35264e-09
6.48229e-08
2.51408e-09
6.49658e-08
2.64519e-09
6.5085e-08
2.73141e-09
6.5182e-08
2.79376e-09
6.52689e-08
2.83605e-09
6.53509e-08
2.89156e-09
6.54254e-08
2.93725e-09
6.54869e-08
2.99005e-09
6.55367e-08
3.0182e-09
6.55779e-08
3.06022e-09
6.56142e-08
3.0824e-09
6.56462e-08
3.13215e-09
6.56749e-08
3.15624e-09
6.57003e-08
3.21511e-09
6.5723e-08
3.23817e-09
6.57435e-08
3.30504e-09
6.57604e-08
3.32169e-09
6.57753e-08
3.38452e-09
6.57849e-08
3.38222e-09
6.57928e-08
3.44094e-09
6.5795e-08
3.42673e-09
6.58021e-08
3.51081e-09
6.58061e-08
3.50049e-09
6.58196e-08
3.61824e-09
6.58318e-08
3.6051e-09
6.58494e-08
3.76636e-09
6.58442e-08
3.62106e-09
6.58189e-08
3.65678e-09
6.57669e-08
3.29436e-09
6.57081e-08
3.33676e-09
3.03479e-09
6.96522e-08
1.68727e-09
-6.95618e-08
6.97629e-08
1.85831e-09
6.98928e-08
2.03353e-09
7.00363e-08
2.20917e-09
7.01841e-08
2.36623e-09
7.03249e-08
2.5044e-09
7.04494e-08
2.60687e-09
7.05541e-08
2.68904e-09
7.06454e-08
2.74483e-09
7.07302e-08
2.80677e-09
7.08095e-08
2.85796e-09
7.08789e-08
2.9206e-09
7.09369e-08
2.96021e-09
7.09848e-08
3.01234e-09
7.10264e-08
3.04078e-09
7.10633e-08
3.09521e-09
7.10966e-08
3.12293e-09
7.11265e-08
3.18522e-09
7.11528e-08
3.21189e-09
7.11768e-08
3.28103e-09
7.11966e-08
3.30191e-09
7.12144e-08
3.36674e-09
7.12263e-08
3.37037e-09
7.12368e-08
3.43038e-09
7.124e-08
3.42355e-09
7.12478e-08
3.50296e-09
7.12513e-08
3.49702e-09
7.12637e-08
3.60583e-09
7.12738e-08
3.595e-09
7.12922e-08
3.74796e-09
7.12915e-08
3.62181e-09
7.12696e-08
3.67863e-09
7.12186e-08
3.34532e-09
7.1152e-08
3.40339e-09
3.09027e-09
7.5503e-08
1.60091e-09
-7.54166e-08
7.56065e-08
1.75482e-09
7.57265e-08
1.91352e-09
7.58592e-08
2.07639e-09
7.59982e-08
2.22725e-09
7.61349e-08
2.36777e-09
7.62614e-08
2.48033e-09
7.63726e-08
2.57784e-09
7.64697e-08
2.6477e-09
7.65581e-08
2.71844e-09
7.66412e-08
2.77484e-09
7.6717e-08
2.84478e-09
7.6783e-08
2.89421e-09
7.68385e-08
2.95688e-09
7.68862e-08
2.99307e-09
7.69285e-08
3.05289e-09
7.69667e-08
3.08468e-09
7.70016e-08
3.15036e-09
7.70321e-08
3.18141e-09
7.706e-08
3.25312e-09
7.70831e-08
3.27877e-09
7.71043e-08
3.34556e-09
7.71189e-08
3.35573e-09
7.71326e-08
3.41667e-09
7.71379e-08
3.41829e-09
7.71475e-08
3.49334e-09
7.71517e-08
3.49287e-09
7.71641e-08
3.59339e-09
7.71729e-08
3.58616e-09
7.71908e-08
3.73007e-09
7.71923e-08
3.62036e-09
7.71735e-08
3.69739e-09
7.71261e-08
3.39271e-09
7.70584e-08
3.47114e-09
3.14624e-09
8.18386e-08
1.5177e-09
-8.17553e-08
8.19362e-08
1.65721e-09
8.20479e-08
1.8018e-09
8.21713e-08
1.95295e-09
8.2302e-08
2.09661e-09
8.24334e-08
2.23631e-09
8.25595e-08
2.35423e-09
8.26749e-08
2.46242e-09
8.27781e-08
2.54451e-09
8.28712e-08
2.62539e-09
8.29581e-08
2.68796e-09
8.3039e-08
2.76384e-09
8.31121e-08
2.82111e-09
8.31754e-08
2.8936e-09
8.32299e-08
2.93851e-09
8.32782e-08
3.00464e-09
8.33217e-08
3.04119e-09
8.33618e-08
3.11023e-09
8.3397e-08
3.1462e-09
8.34292e-08
3.22095e-09
8.34561e-08
3.25187e-09
8.34811e-08
3.32054e-09
8.3499e-08
3.33781e-09
8.35162e-08
3.39949e-09
8.35244e-08
3.41015e-09
8.35365e-08
3.48124e-09
8.35422e-08
3.48713e-09
8.35554e-08
3.58015e-09
8.35641e-08
3.57754e-09
8.35811e-08
3.71299e-09
8.35839e-08
3.61764e-09
8.3568e-08
3.71329e-09
8.35256e-08
3.43506e-09
8.34614e-08
3.53536e-09
3.20016e-09
8.86987e-08
1.43702e-09
-8.8618e-08
8.87914e-08
1.56452e-09
8.88961e-08
1.69705e-09
8.90114e-08
1.83764e-09
8.91344e-08
1.97357e-09
8.92604e-08
2.11034e-09
8.93845e-08
2.23015e-09
8.95019e-08
2.34499e-09
8.96101e-08
2.43634e-09
8.97085e-08
2.52698e-09
8.97996e-08
2.59681e-09
8.9885e-08
2.67844e-09
8.99642e-08
2.742e-09
9.00349e-08
2.82282e-09
9.00968e-08
2.87665e-09
9.01516e-08
2.94985e-09
9.02007e-08
2.99206e-09
9.02463e-08
3.06464e-09
9.02868e-08
3.10573e-09
9.03237e-08
3.18406e-09
9.03546e-08
3.22092e-09
9.03839e-08
3.29127e-09
9.04057e-08
3.31602e-09
9.04266e-08
3.37855e-09
9.04383e-08
3.39846e-09
9.04534e-08
3.4661e-09
9.04616e-08
3.47898e-09
9.04763e-08
3.56549e-09
9.04857e-08
3.56807e-09
9.05023e-08
3.6964e-09
9.05063e-08
3.61367e-09
9.04933e-08
3.72628e-09
9.04567e-08
3.47161e-09
9.03987e-08
3.59342e-09
3.25071e-09
9.61262e-08
1.35868e-09
-9.60479e-08
9.62146e-08
1.47616e-09
9.63133e-08
1.59832e-09
9.64216e-08
1.72937e-09
9.65378e-08
1.8574e-09
9.66583e-08
1.98982e-09
9.67795e-08
2.109e-09
9.68971e-08
2.22731e-09
9.70086e-08
2.32492e-09
9.71119e-08
2.42362e-09
9.72078e-08
2.50093e-09
9.72976e-08
2.58862e-09
9.73819e-08
2.65771e-09
9.74595e-08
2.74527e-09
9.75287e-08
2.80741e-09
9.75905e-08
2.8881e-09
9.76457e-08
2.93683e-09
9.76969e-08
3.01345e-09
9.77429e-08
3.05969e-09
9.77852e-08
3.14179e-09
9.78206e-08
3.18555e-09
9.78543e-08
3.25757e-09
9.78805e-08
3.28976e-09
9.79056e-08
3.35347e-09
9.79214e-08
3.38266e-09
9.79401e-08
3.44736e-09
9.79515e-08
3.46761e-09
9.79682e-08
3.54879e-09
9.79796e-08
3.55669e-09
9.79964e-08
3.67964e-09
9.80021e-08
3.60787e-09
9.79925e-08
3.7359e-09
9.79622e-08
3.50191e-09
9.79118e-08
3.64381e-09
3.29737e-09
1.04168e-07
1.28298e-09
-1.04092e-07
1.04252e-07
1.39184e-09
1.04345e-07
1.50489e-09
1.04448e-07
1.62718e-09
1.04558e-07
1.74738e-09
1.04673e-07
1.87448e-09
1.04791e-07
1.99127e-09
1.04907e-07
2.1106e-09
1.0502e-07
2.21194e-09
1.05127e-07
2.31651e-09
1.05228e-07
2.4005e-09
1.05322e-07
2.49433e-09
1.05411e-07
2.56872e-09
1.05495e-07
2.66178e-09
1.05571e-07
2.73108e-09
1.0564e-07
2.81923e-09
1.05702e-07
2.8751e-09
1.05759e-07
2.95645e-09
1.0581e-07
3.00801e-09
1.05859e-07
3.0935e-09
1.05899e-07
3.14508e-09
1.05937e-07
3.21948e-09
1.05968e-07
3.25863e-09
1.05998e-07
3.32374e-09
1.06018e-07
3.3622e-09
1.06041e-07
3.42459e-09
1.06057e-07
3.45226e-09
1.06076e-07
3.5294e-09
1.0609e-07
3.54237e-09
1.06108e-07
3.6618e-09
1.06117e-07
3.59939e-09
1.06111e-07
3.74138e-09
1.06087e-07
3.52557e-09
1.06046e-07
3.68554e-09
3.33988e-09
1.12873e-07
1.21045e-09
-1.128e-07
1.12953e-07
1.31142e-09
1.13042e-07
1.41618e-09
1.13139e-07
1.53028e-09
1.13243e-07
1.64284e-09
1.13354e-07
1.76397e-09
1.13468e-07
1.87714e-09
1.13583e-07
1.99568e-09
1.13696e-07
2.09876e-09
1.13805e-07
2.20721e-09
1.1391e-07
2.29641e-09
1.14008e-07
2.39588e-09
1.14101e-07
2.47527e-09
1.1419e-07
2.57309e-09
1.14273e-07
2.64825e-09
1.14349e-07
2.74334e-09
1.14417e-07
2.8068e-09
1.1448e-07
2.89343e-09
1.14537e-07
2.95077e-09
1.14592e-07
3.039e-09
1.14639e-07
3.09846e-09
1.14681e-07
3.17682e-09
1.14717e-07
3.22269e-09
1.14752e-07
3.28885e-09
1.14778e-07
3.33643e-09
1.14805e-07
3.39749e-09
1.14825e-07
3.43233e-09
1.14848e-07
3.50663e-09
1.14866e-07
3.52422e-09
1.14886e-07
3.64183e-09
1.14898e-07
3.58735e-09
1.14897e-07
3.74164e-09
1.14881e-07
3.54221e-09
1.14849e-07
3.71782e-09
3.37788e-09
1.22296e-07
1.14141e-09
-1.22227e-07
1.22373e-07
1.23481e-09
1.22457e-07
1.33172e-09
1.22549e-07
1.43808e-09
1.22649e-07
1.54316e-09
1.22755e-07
1.65798e-09
1.22865e-07
1.76661e-09
1.22978e-07
1.88309e-09
1.2309e-07
1.98633e-09
1.232e-07
2.09712e-09
1.23307e-07
2.18992e-09
1.23409e-07
2.29399e-09
1.23506e-07
2.37775e-09
1.236e-07
2.47969e-09
1.23688e-07
2.5597e-09
1.23771e-07
2.66073e-09
1.23846e-07
2.73206e-09
1.23915e-07
2.82436e-09
1.23978e-07
2.88792e-09
1.24038e-07
2.97865e-09
1.24091e-07
3.0449e-09
1.2414e-07
3.12878e-09
1.2418e-07
3.18241e-09
1.2422e-07
3.2487e-09
1.24252e-07
3.30451e-09
1.24284e-07
3.36572e-09
1.24308e-07
3.40757e-09
1.24335e-07
3.47975e-09
1.24358e-07
3.50162e-09
1.24381e-07
3.61864e-09
1.24397e-07
3.571e-09
1.24403e-07
3.73561e-09
1.24394e-07
3.55136e-09
1.24372e-07
3.74012e-09
3.41077e-09
1.32496e-07
1.07539e-09
-1.3243e-07
1.32569e-07
1.16194e-09
1.32649e-07
1.25127e-09
1.32737e-07
1.35011e-09
1.32832e-07
1.4479e-09
1.32934e-07
1.55628e-09
1.33041e-07
1.65971e-09
1.33151e-07
1.7732e-09
1.33262e-07
1.87542e-09
1.33371e-07
1.98729e-09
1.33479e-07
2.08237e-09
1.33583e-07
2.18965e-09
1.33684e-07
2.2769e-09
1.33782e-07
2.38202e-09
1.33875e-07
2.46616e-09
1.33964e-07
2.57207e-09
1.34045e-07
2.65098e-09
1.3412e-07
2.74947e-09
1.34189e-07
2.81928e-09
1.34255e-07
2.91278e-09
1.34315e-07
2.98457e-09
1.3437e-07
3.07405e-09
1.34414e-07
3.13771e-09
1.34459e-07
3.20392e-09
1.34498e-07
3.26588e-09
1.34535e-07
3.32875e-09
1.34564e-07
3.37797e-09
1.34596e-07
3.44818e-09
1.34624e-07
3.47393e-09
1.34651e-07
3.59133e-09
1.34672e-07
3.54957e-09
1.34685e-07
3.7226e-09
1.34684e-07
3.55244e-09
1.34672e-07
3.752e-09
3.43819e-09
1.43536e-07
1.01158e-09
-1.43473e-07
1.43606e-07
1.0926e-09
1.43682e-07
1.17468e-09
1.43766e-07
1.26622e-09
1.43857e-07
1.3568e-09
1.43955e-07
1.45876e-09
1.44058e-07
1.55664e-09
1.44165e-07
1.66635e-09
1.44273e-07
1.76675e-09
1.44382e-07
1.87858e-09
1.4449e-07
1.97492e-09
1.44595e-07
2.08397e-09
1.44699e-07
2.1736e-09
1.448e-07
2.28088e-09
1.44898e-07
2.36824e-09
1.44991e-07
2.47836e-09
1.45078e-07
2.5639e-09
1.45159e-07
2.66894e-09
1.45233e-07
2.74486e-09
1.45305e-07
2.84135e-09
1.45371e-07
2.91827e-09
1.45433e-07
3.01204e-09
1.45484e-07
3.08727e-09
1.45532e-07
3.15507e-09
1.45578e-07
3.22051e-09
1.45621e-07
3.28576e-09
1.45655e-07
3.34326e-09
1.45692e-07
3.41185e-09
1.45725e-07
3.44069e-09
1.45757e-07
3.55945e-09
1.45784e-07
3.52241e-09
1.45804e-07
3.70233e-09
1.45812e-07
3.54509e-09
1.45811e-07
3.75283e-09
3.45989e-09
1.55487e-07
9.49835e-10
-1.55425e-07
1.55553e-07
1.02617e-09
1.55626e-07
1.10163e-09
1.55706e-07
1.18634e-09
1.55793e-07
1.26982e-09
1.55887e-07
1.36521e-09
1.55986e-07
1.45744e-09
1.56089e-07
1.56291e-09
1.56195e-07
1.66085e-09
1.56302e-07
1.77172e-09
1.56409e-07
1.86832e-09
1.56514e-07
1.97806e-09
1.56619e-07
2.06876e-09
1.56723e-07
2.1774e-09
1.56824e-07
2.26682e-09
1.56922e-07
2.38059e-09
1.57014e-07
2.47161e-09
1.571e-07
2.5828e-09
1.5718e-07
2.66485e-09
1.57257e-07
2.76424e-09
1.57329e-07
2.84659e-09
1.57398e-07
2.94362e-09
1.57455e-07
3.02974e-09
1.57509e-07
3.10163e-09
1.5756e-07
3.16944e-09
1.57609e-07
3.2363e-09
1.5765e-07
3.30267e-09
1.57691e-07
3.37042e-09
1.5773e-07
3.40158e-09
1.57767e-07
3.52218e-09
1.57801e-07
3.48934e-09
1.57828e-07
3.67445e-09
1.57844e-07
3.52987e-09
1.57854e-07
3.74286e-09
3.47438e-09
1.68419e-07
8.91663e-10
-1.68361e-07
1.68484e-07
9.61324e-10
1.68554e-07
1.03167e-09
1.6863e-07
1.11032e-09
1.68713e-07
1.18698e-09
1.68802e-07
1.27535e-09
1.68898e-07
1.36199e-09
1.68997e-07
1.46339e-09
1.691e-07
1.55821e-09
1.69205e-07
1.66719e-09
1.6931e-07
1.76295e-09
1.69415e-07
1.87249e-09
1.69521e-07
1.96329e-09
1.69626e-07
2.07253e-09
1.69729e-07
2.16324e-09
1.6983e-07
2.2796e-09
1.69927e-07
2.37513e-09
1.70018e-07
2.49125e-09
1.70104e-07
2.5793e-09
1.70187e-07
2.68158e-09
1.70264e-07
2.76947e-09
1.70338e-07
2.86958e-09
1.70403e-07
2.96495e-09
1.70462e-07
3.04176e-09
1.70518e-07
3.11342e-09
1.70574e-07
3.18089e-09
1.70621e-07
3.25567e-09
1.70668e-07
3.32358e-09
1.70712e-07
3.35724e-09
1.70755e-07
3.47888e-09
1.70794e-07
3.45048e-09
1.7083e-07
3.63838e-09
1.70853e-07
3.50686e-09
1.70873e-07
3.72355e-09
3.47909e-09
6.56062e-07
7.19074e-10
-6.5589e-07
6.56249e-07
7.74275e-10
6.56448e-07
8.32917e-10
6.56661e-07
8.98039e-10
6.56889e-07
9.58603e-10
6.57136e-07
1.0284e-09
6.57404e-07
1.09421e-09
6.57692e-07
1.1754e-09
6.57995e-07
1.25484e-09
6.5831e-07
1.3526e-09
6.58633e-07
1.43919e-09
6.58964e-07
1.54204e-09
6.59299e-07
1.6283e-09
6.59638e-07
1.73313e-09
6.5998e-07
1.82128e-09
6.60325e-07
1.93497e-09
6.60665e-07
2.03467e-09
6.60999e-07
2.1572e-09
6.61317e-07
2.26128e-09
6.61624e-07
2.37489e-09
6.61915e-07
2.4783e-09
6.62199e-07
2.58531e-09
6.62465e-07
2.69893e-09
6.62717e-07
2.78993e-09
6.62943e-07
2.88806e-09
6.63169e-07
2.95481e-09
6.63379e-07
3.04552e-09
6.63583e-07
3.11982e-09
6.63772e-07
3.1679e-09
6.63965e-07
3.2862e-09
6.64138e-07
3.27707e-09
6.64311e-07
3.46504e-09
6.64437e-07
3.38106e-09
6.64569e-07
3.59176e-09
3.42772e-09
7.0995e-07
5.92802e-10
-7.09824e-07
7.10087e-07
6.37277e-10
7.10235e-07
6.85082e-10
7.10393e-07
7.40383e-10
7.1056e-07
7.91041e-10
7.10739e-07
8.50105e-10
7.10929e-07
9.03796e-10
7.11134e-07
9.71002e-10
7.11355e-07
1.03311e-09
7.11596e-07
1.11226e-09
7.11851e-07
1.18339e-09
7.1212e-07
1.27374e-09
7.12396e-07
1.35174e-09
7.12679e-07
1.44986e-09
7.12968e-07
1.53292e-09
7.13264e-07
1.6391e-09
7.13565e-07
1.73316e-09
7.13872e-07
1.85077e-09
7.14175e-07
1.95823e-09
7.14472e-07
2.0773e-09
7.1476e-07
2.19034e-09
7.15046e-07
2.29974e-09
7.15324e-07
2.42028e-09
7.15598e-07
2.51651e-09
7.15852e-07
2.63444e-09
7.161e-07
2.70673e-09
7.16339e-07
2.80634e-09
7.16574e-07
2.88459e-09
7.16793e-07
2.94862e-09
7.17015e-07
3.06477e-09
7.1722e-07
3.07162e-09
7.17432e-07
3.25299e-09
7.17609e-07
3.20435e-09
7.17801e-07
3.39976e-09
3.32117e-09
7.67909e-07
5.01494e-10
-7.67818e-07
7.6801e-07
5.36316e-10
7.68123e-07
5.72325e-10
7.68247e-07
6.1657e-10
7.6838e-07
6.57975e-10
7.68522e-07
7.08305e-10
7.68672e-07
7.53345e-10
7.68834e-07
8.09699e-10
7.69007e-07
8.59712e-10
7.69194e-07
9.25142e-10
7.69394e-07
9.83183e-10
7.69608e-07
1.06012e-09
7.69832e-07
1.12741e-09
7.70067e-07
1.21541e-09
7.70308e-07
1.29133e-09
7.70559e-07
1.38886e-09
7.70816e-07
1.47573e-09
7.71083e-07
1.58411e-09
7.71354e-07
1.68689e-09
7.71629e-07
1.80194e-09
7.71903e-07
1.91705e-09
7.72177e-07
2.02504e-09
7.7245e-07
2.14748e-09
7.72725e-07
2.24174e-09
7.72993e-07
2.36632e-09
7.73258e-07
2.44194e-09
7.73515e-07
2.54888e-09
7.73774e-07
2.62604e-09
7.74021e-07
2.70141e-09
7.7427e-07
2.81544e-09
7.74504e-07
2.83787e-09
7.74746e-07
3.01094e-09
7.74958e-07
2.99244e-09
7.75179e-07
3.17848e-09
3.14793e-09
8.30403e-07
4.25814e-10
-8.30328e-07
8.30485e-07
4.54459e-10
8.30575e-07
4.82738e-10
8.30673e-07
5.18287e-10
8.3078e-07
5.51369e-10
8.30894e-07
5.93326e-10
8.31017e-07
6.30913e-10
8.31148e-07
6.79023e-10
8.31287e-07
7.20752e-10
8.31436e-07
7.75813e-10
8.31596e-07
8.23484e-10
8.31767e-07
8.88441e-10
8.31949e-07
9.45235e-10
8.32143e-07
1.02183e-09
8.32345e-07
1.0889e-09
8.32558e-07
1.17637e-09
8.32778e-07
1.25524e-09
8.33009e-07
1.35304e-09
8.33249e-07
1.44763e-09
8.33498e-07
1.55316e-09
8.33751e-07
1.66328e-09
8.34011e-07
1.76544e-09
8.34273e-07
1.88511e-09
8.34541e-07
1.97424e-09
8.3481e-07
2.09739e-09
8.3508e-07
2.17162e-09
8.35347e-07
2.28229e-09
8.35616e-07
2.35675e-09
8.35878e-07
2.43885e-09
8.36146e-07
2.54833e-09
8.36399e-07
2.58465e-09
8.36663e-07
2.74682e-09
8.36903e-07
2.75214e-09
8.37158e-07
2.92383e-09
2.92162e-09
8.97874e-07
3.58984e-10
-8.97807e-07
8.97945e-07
3.83509e-10
8.98021e-07
4.06911e-10
8.98102e-07
4.36491e-10
8.9819e-07
4.63439e-10
8.98285e-07
4.98233e-10
8.98387e-07
5.28977e-10
8.98497e-07
5.69351e-10
8.98614e-07
6.04049e-10
8.98739e-07
6.50832e-10
8.98871e-07
6.90822e-10
8.99014e-07
7.46144e-10
8.99165e-07
7.94026e-10
8.99327e-07
8.59767e-10
8.99498e-07
9.17561e-10
8.99681e-07
9.94169e-10
8.99872e-07
1.06418e-09
9.00074e-07
1.15114e-09
9.00285e-07
1.23625e-09
9.00508e-07
1.33056e-09
9.00739e-07
1.43136e-09
9.0098e-07
1.52454e-09
9.01229e-07
1.63681e-09
9.01484e-07
1.71916e-09
9.01745e-07
1.83573e-09
9.02012e-07
1.9054e-09
9.0228e-07
2.01388e-09
9.02552e-07
2.08481e-09
9.02822e-07
2.16893e-09
9.03098e-07
2.27199e-09
9.03365e-07
2.3178e-09
9.03644e-07
2.46766e-09
9.03908e-07
2.48864e-09
9.04187e-07
2.64429e-09
2.6651e-09
9.70815e-07
3.00464e-10
-9.70757e-07
9.70877e-07
3.21499e-10
9.70943e-07
3.41159e-10
9.71014e-07
3.65976e-10
9.71089e-07
3.88118e-10
9.7117e-07
4.16977e-10
9.71257e-07
4.42147e-10
9.71351e-07
4.75905e-10
9.7145e-07
5.04804e-10
9.71556e-07
5.44482e-10
9.71669e-07
5.78165e-10
9.7179e-07
6.25114e-10
9.71919e-07
6.65356e-10
9.72057e-07
7.21178e-10
9.72204e-07
7.70403e-10
9.72362e-07
8.36351e-10
9.72529e-07
8.97324e-10
9.72707e-07
9.73098e-10
9.72895e-07
1.04814e-09
9.73095e-07
1.13073e-09
9.73306e-07
1.22066e-09
9.73527e-07
1.30335e-09
9.73758e-07
1.40528e-09
9.73998e-07
1.4794e-09
9.74247e-07
1.58651e-09
9.74503e-07
1.65013e-09
9.74764e-07
1.75211e-09
9.75031e-07
1.818e-09
9.753e-07
1.89998e-09
9.75578e-07
1.99457e-09
9.75851e-07
2.04447e-09
9.76138e-07
2.18017e-09
9.76417e-07
2.2101e-09
9.76711e-07
2.35025e-09
2.38378e-09
1.04972e-06
2.49493e-10
-1.04967e-06
1.04977e-06
2.67149e-10
1.04983e-06
2.83417e-10
1.04989e-06
3.04094e-10
1.04996e-06
3.22367e-10
1.05003e-06
3.46411e-10
1.0501e-06
3.67199e-10
1.05018e-06
3.95383e-10
1.05027e-06
4.19327e-10
1.05036e-06
4.52545e-10
1.05046e-06
4.80571e-10
1.05056e-06
5.1998e-10
1.05068e-06
5.53662e-10
1.0508e-06
6.00754e-10
1.05092e-06
6.42378e-10
1.05106e-06
6.98363e-10
1.05121e-06
7.50522e-10
1.05137e-06
8.15339e-10
1.05153e-06
8.80296e-10
1.05171e-06
9.51458e-10
1.0519e-06
1.03005e-09
1.05211e-06
1.10177e-09
1.05232e-06
1.19174e-09
1.05254e-06
1.25674e-09
1.05278e-06
1.35239e-09
1.05302e-06
1.40886e-09
1.05327e-06
1.50129e-09
1.05353e-06
1.56045e-09
1.05379e-06
1.63703e-09
1.05406e-06
1.72156e-09
1.05433e-06
1.77179e-09
1.05462e-06
1.89224e-09
1.05491e-06
1.92666e-09
1.05521e-06
2.05048e-09
2.0885e-09
1.13509e-06
2.04877e-10
-1.13505e-06
1.13514e-06
2.19404e-10
1.13519e-06
2.32728e-10
1.13524e-06
2.49811e-10
1.1353e-06
2.64829e-10
1.13536e-06
2.84718e-10
1.13543e-06
3.01787e-10
1.1355e-06
3.25076e-10
1.13557e-06
3.44729e-10
1.13565e-06
3.72211e-10
1.13574e-06
3.95309e-10
1.13583e-06
4.28025e-10
1.13593e-06
4.55937e-10
1.13603e-06
4.95137e-10
1.13615e-06
5.2984e-10
1.13627e-06
5.76651e-10
1.1364e-06
6.20518e-10
1.13654e-06
6.75035e-10
1.13669e-06
7.30151e-10
1.13685e-06
7.90329e-10
1.13702e-06
8.57443e-10
1.13721e-06
9.18394e-10
1.1374e-06
9.95771e-10
1.13761e-06
1.05147e-09
1.13783e-06
1.13445e-09
1.13805e-06
1.18336e-09
1.13829e-06
1.26452e-09
1.13853e-06
1.31626e-09
1.13878e-06
1.38508e-09
1.13905e-06
1.45877e-09
1.13931e-06
1.5062e-09
1.13959e-06
1.61045e-09
1.13988e-06
1.64516e-09
1.14017e-06
1.75176e-09
1.79061e-09
1.22747e-06
1.65706e-10
-1.22743e-06
1.22751e-06
1.77474e-10
1.22756e-06
1.88246e-10
1.2276e-06
2.0213e-10
1.22765e-06
2.14281e-10
1.22771e-06
2.30456e-10
1.22777e-06
2.44271e-10
1.22783e-06
2.63221e-10
1.22789e-06
2.79147e-10
1.22796e-06
3.01541e-10
1.22804e-06
3.20317e-10
1.22812e-06
3.47034e-10
1.22821e-06
3.6982e-10
1.2283e-06
4.01916e-10
1.2284e-06
4.3038e-10
1.22851e-06
4.6881e-10
1.22862e-06
5.04992e-10
1.22875e-06
5.49934e-10
1.22888e-06
5.95651e-10
1.22903e-06
6.45427e-10
1.22918e-06
7.01353e-10
1.22935e-06
7.51965e-10
1.22953e-06
8.1676e-10
1.22972e-06
8.63275e-10
1.22992e-06
9.33205e-10
1.23013e-06
9.74411e-10
1.23035e-06
1.04344e-09
1.23058e-06
1.08732e-09
1.23081e-06
1.14679e-09
1.23106e-06
1.20916e-09
1.23132e-06
1.25152e-09
1.23159e-06
1.33941e-09
1.23186e-06
1.37175e-09
1.23215e-06
1.46159e-09
1.49824e-09
1.32742e-06
1.31173e-10
-1.32739e-06
1.32746e-06
1.40502e-10
1.3275e-06
1.49028e-10
1.32754e-06
1.6006e-10
1.32759e-06
1.69685e-10
1.32763e-06
1.82551e-10
1.32769e-06
1.93506e-10
1.32774e-06
2.08596e-10
1.3278e-06
2.21247e-10
1.32786e-06
2.39101e-10
1.32793e-06
2.54049e-10
1.328e-06
2.75384e-10
1.32807e-06
2.93579e-10
1.32816e-06
3.1925e-10
1.32825e-06
3.42046e-10
1.32834e-06
3.72823e-10
1.32844e-06
4.01868e-10
1.32856e-06
4.379e-10
1.32868e-06
4.74713e-10
1.32881e-06
5.14733e-10
1.32895e-06
5.59957e-10
1.3291e-06
6.00804e-10
1.32926e-06
6.53419e-10
1.32944e-06
6.91137e-10
1.32962e-06
7.48205e-10
1.32981e-06
7.81856e-10
1.33002e-06
8.38585e-10
1.33023e-06
8.74615e-10
1.33045e-06
9.24085e-10
1.33069e-06
9.75227e-10
1.33093e-06
1.01132e-09
1.33118e-06
1.08319e-09
1.33145e-06
1.11149e-09
1.33172e-06
1.18492e-09
1.21713e-09
1.43558e-06
1.00524e-10
-1.43554e-06
1.43561e-06
1.07675e-10
1.43564e-06
1.14211e-10
1.43568e-06
1.22692e-10
1.43572e-06
1.30074e-10
1.43576e-06
1.39971e-10
1.43581e-06
1.4838e-10
1.43586e-06
1.59997e-10
1.43591e-06
1.69718e-10
1.43596e-06
1.83472e-10
1.43602e-06
1.94975e-10
1.43609e-06
2.11426e-10
1.43615e-06
2.25455e-10
1.43623e-06
2.45271e-10
1.43631e-06
2.62885e-10
1.43639e-06
2.86673e-10
1.43649e-06
3.0917e-10
1.43659e-06
3.37063e-10
1.4367e-06
3.65645e-10
1.43681e-06
3.96681e-10
1.43694e-06
4.31876e-10
1.43708e-06
4.63618e-10
1.43723e-06
5.04674e-10
1.43739e-06
5.34091e-10
1.43755e-06
5.78783e-10
1.43773e-06
6.05166e-10
1.43792e-06
6.49828e-10
1.43812e-06
6.78182e-10
1.43832e-06
7.17461e-10
1.43854e-06
7.57672e-10
1.43877e-06
7.868e-10
1.43901e-06
8.4321e-10
1.43925e-06
8.66456e-10
1.43951e-06
9.24134e-10
9.50858e-10
1.55259e-06
7.30054e-11
-1.55256e-06
1.55262e-06
7.81898e-11
1.55265e-06
8.29361e-11
1.55268e-06
8.91083e-11
1.55272e-06
9.44715e-11
1.55276e-06
1.01678e-10
1.5528e-06
1.0779e-10
1.55284e-06
1.16253e-10
1.55289e-06
1.23325e-10
1.55294e-06
1.33351e-10
1.55299e-06
1.4173e-10
1.55305e-06
1.53733e-10
1.55311e-06
1.63968e-10
1.55318e-06
1.7844e-10
1.55325e-06
1.91315e-10
1.55333e-06
2.08707e-10
1.55341e-06
2.25178e-10
1.5535e-06
2.45591e-10
1.5536e-06
2.66548e-10
1.55371e-06
2.89282e-10
1.55383e-06
3.15118e-10
1.55395e-06
3.38395e-10
1.55409e-06
3.68578e-10
1.55423e-06
3.90187e-10
1.55439e-06
4.23112e-10
1.55455e-06
4.42549e-10
1.55472e-06
4.75563e-10
1.55491e-06
4.96521e-10
1.5551e-06
5.25744e-10
1.5553e-06
5.55482e-10
1.55551e-06
5.7741e-10
1.55573e-06
6.19118e-10
1.55596e-06
6.36849e-10
1.55621e-06
6.79555e-10
7.00116e-10
1.67919e-06
4.77984e-11
-1.67917e-06
1.67922e-06
5.11833e-11
1.67925e-06
5.42904e-11
1.67928e-06
5.83361e-11
1.67931e-06
6.18476e-11
1.67935e-06
6.65724e-11
1.67938e-06
7.05763e-11
1.67942e-06
7.61271e-11
1.67947e-06
8.07624e-11
1.67951e-06
8.73424e-11
1.67956e-06
9.28391e-11
1.67961e-06
1.0072e-10
1.67967e-06
1.07441e-10
1.67973e-06
1.1695e-10
1.6798e-06
1.25413e-10
1.67987e-06
1.36847e-10
1.67995e-06
1.47686e-10
1.68003e-06
1.61115e-10
1.68012e-06
1.74919e-10
1.68022e-06
1.89884e-10
1.68033e-06
2.06917e-10
1.68045e-06
2.22251e-10
1.68057e-06
2.42169e-10
1.68071e-06
2.5642e-10
1.68085e-06
2.78176e-10
1.681e-06
2.91016e-10
1.68117e-06
3.12881e-10
1.68134e-06
3.26755e-10
1.68152e-06
3.46185e-10
1.68171e-06
3.65889e-10
1.6819e-06
3.80584e-10
1.68211e-06
4.08232e-10
1.68233e-06
4.20226e-10
1.68256e-06
4.48573e-10
4.62503e-10
1.81617e-06
2.39086e-11
-1.81614e-06
1.81619e-06
2.55886e-11
1.81622e-06
2.71408e-11
1.81625e-06
2.91641e-11
1.81628e-06
3.09191e-11
1.81631e-06
3.32827e-11
1.81635e-06
3.52842e-11
1.81639e-06
3.80613e-11
1.81643e-06
4.03788e-11
1.81647e-06
4.36714e-11
1.81652e-06
4.64207e-11
1.81657e-06
5.03655e-11
1.81662e-06
5.37294e-11
1.81668e-06
5.84909e-11
1.81674e-06
6.27304e-11
1.81681e-06
6.84586e-11
1.81688e-06
7.38924e-11
1.81696e-06
8.06232e-11
1.81705e-06
8.7548e-11
1.81715e-06
9.5052e-11
1.81725e-06
1.03602e-10
1.81736e-06
1.11293e-10
1.81748e-06
1.21296e-10
1.81761e-06
1.28446e-10
1.81775e-06
1.39378e-10
1.81789e-06
1.45823e-10
1.81805e-06
1.5682e-10
1.81821e-06
1.6379e-10
1.81839e-06
1.73577e-10
1.81857e-06
1.83483e-10
1.81876e-06
1.90907e-10
1.81896e-06
2.04817e-10
1.81917e-06
2.10907e-10
1.81939e-06
2.25204e-10
2.3249e-10
1.96437e-06
-1.96434e-06
1.96439e-06
1.96442e-06
1.96445e-06
1.96448e-06
1.96451e-06
1.96455e-06
1.96459e-06
1.96463e-06
1.96467e-06
1.96472e-06
1.96477e-06
1.96482e-06
1.96488e-06
1.96494e-06
1.96501e-06
1.96508e-06
1.96516e-06
1.96525e-06
1.96535e-06
1.96545e-06
1.96556e-06
1.96568e-06
1.96581e-06
1.96595e-06
1.9661e-06
1.96625e-06
1.96642e-06
1.96659e-06
1.96677e-06
1.96697e-06
1.96717e-06
1.96738e-06
1.96761e-06
1.68806e-08
-5.43999e-09
1.67894e-08
3.8415e-09
1.69166e-08
-4.75517e-09
1.68412e-08
1.83725e-09
1.6922e-08
-1.70816e-09
1.6827e-08
1.9966e-09
1.6886e-08
-3.77471e-10
1.67869e-08
1.20067e-09
1.68303e-08
-2.31498e-10
1.67296e-08
4.86917e-10
1.67476e-08
-1.39752e-10
1.66513e-08
1.88296e-10
1.66348e-08
3.42428e-11
1.65492e-08
1.29708e-10
1.64883e-08
2.28273e-10
1.64037e-08
1.52272e-10
1.62737e-08
3.89258e-10
1.61473e-08
2.49e-10
1.56869e-08
7.53911e-10
1.02681e-09
1.82911e-08
-5.52185e-09
1.81845e-08
3.94811e-09
1.83411e-08
-4.91171e-09
1.8248e-08
1.93033e-09
1.83481e-08
-1.80823e-09
1.82391e-08
2.10556e-09
1.83051e-08
-4.43498e-10
1.81976e-08
1.30824e-09
1.82405e-08
-2.7445e-10
1.81367e-08
5.90695e-10
1.81443e-08
-1.47279e-10
1.80545e-08
2.78027e-10
1.80106e-08
7.81593e-11
1.79503e-08
1.90033e-10
1.7827e-08
3.51583e-10
1.78055e-08
1.73716e-10
1.75382e-08
6.56604e-10
1.75196e-08
2.67571e-10
1.69234e-08
1.35008e-09
1.03094e-09
1.97847e-08
-5.59247e-09
1.97432e-08
3.98958e-09
1.98589e-08
-5.0274e-09
1.98258e-08
1.9634e-09
1.98674e-08
-1.84983e-09
1.98283e-08
2.14465e-09
1.98157e-08
-4.30892e-10
1.97896e-08
1.33439e-09
1.97343e-08
-2.19231e-10
1.97278e-08
5.97236e-10
1.96165e-08
-3.60104e-11
1.96408e-08
2.53727e-10
1.94627e-08
2.56291e-10
1.95192e-08
1.33565e-10
1.9272e-08
5.98744e-10
1.93222e-08
1.23555e-10
1.90034e-08
9.75415e-10
1.89216e-08
3.49346e-10
1.85781e-08
1.69361e-09
1.21266e-09
2.13826e-08
-5.6319e-09
2.14347e-08
3.93746e-09
2.14808e-08
-5.07353e-09
2.15366e-08
1.9076e-09
2.14958e-08
-1.80902e-09
2.1548e-08
2.09249e-09
2.14398e-08
-3.22695e-10
2.15012e-08
1.27296e-09
2.13465e-08
-6.44799e-11
2.14189e-08
5.2484e-10
2.12205e-08
1.62343e-10
2.12977e-08
1.76489e-10
2.10744e-08
4.79629e-10
2.11245e-08
8.3437e-11
2.09119e-08
8.11329e-10
2.08624e-08
1.73129e-10
2.06809e-08
1.15685e-09
2.0442e-08
5.88318e-10
2.03836e-08
1.75194e-09
1.49207e-09
2.30929e-08
-5.61791e-09
2.32462e-08
3.78418e-09
2.32028e-08
-5.03022e-09
2.33526e-08
1.75788e-09
2.32302e-08
-1.68664e-09
2.33631e-08
1.95956e-09
2.31809e-08
-1.40487e-10
2.32964e-08
1.15752e-09
2.30881e-08
1.43735e-10
2.31804e-08
4.32537e-10
2.29695e-08
3.73333e-10
2.30197e-08
1.26291e-10
2.28417e-08
6.57547e-10
2.28092e-08
1.15968e-10
2.26948e-08
9.25724e-10
2.25279e-08
3.40052e-10
2.24656e-08
1.21914e-09
2.21723e-08
8.81657e-10
2.22136e-08
1.71063e-09
1.70748e-09
2.49335e-08
-5.53507e-09
2.51683e-08
3.54939e-09
2.50335e-08
-4.89546e-09
2.52531e-08
1.5383e-09
2.50768e-08
-1.51034e-09
2.52557e-08
1.78064e-09
2.50466e-08
6.86331e-11
2.51708e-08
1.03334e-09
2.49645e-08
3.50016e-10
2.50293e-08
3.67747e-10
2.48569e-08
5.45751e-10
2.48452e-08
1.37981e-10
2.4738e-08
7.64793e-10
2.46231e-08
2.30791e-10
2.45825e-08
9.66343e-10
2.43562e-08
5.66401e-10
2.43429e-08
1.23236e-09
2.40826e-08
1.14204e-09
2.41268e-08
1.66634e-09
1.81493e-09
2.69312e-08
-5.38262e-09
2.72078e-08
3.27279e-09
2.69966e-08
-4.68434e-09
2.72452e-08
1.28973e-09
2.70517e-08
-1.31678e-09
2.72416e-08
1.5907e-09
2.70458e-08
2.64395e-10
2.71527e-08
9.26492e-10
2.69777e-08
5.24963e-10
2.70008e-08
3.44713e-10
2.68781e-08
6.68434e-10
2.68076e-08
2.08472e-10
2.67563e-08
8.16083e-10
2.65899e-08
3.97152e-10
2.65811e-08
9.75144e-10
2.63517e-08
7.95862e-10
2.63396e-08
1.24447e-09
2.61503e-08
1.33128e-09
2.61746e-08
1.64212e-09
1.83335e-09
2.91141e-08
-5.17496e-09
2.93919e-08
2.99494e-09
2.91248e-08
-4.41725e-09
2.93663e-08
1.04823e-09
2.91777e-08
-1.12817e-09
2.93614e-08
1.40701e-09
2.91938e-08
4.31987e-10
2.92798e-08
8.40468e-10
2.91411e-08
6.63715e-10
2.91253e-08
3.60464e-10
2.90466e-08
7.47206e-10
2.89316e-08
3.23459e-10
2.89124e-08
8.35276e-10
2.87281e-08
5.81456e-10
2.87163e-08
9.86949e-10
2.85209e-08
9.91199e-10
2.84883e-08
1.27714e-09
2.83753e-08
1.44425e-09
2.83848e-08
1.63258e-09
1.7978e-09
3.15027e-08
-4.93291e-09
3.17603e-08
2.7374e-09
3.14498e-08
-4.10678e-09
3.16677e-08
8.30332e-10
3.1484e-08
-9.4447e-10
3.16599e-08
1.23111e-09
3.15177e-08
5.74144e-10
3.15858e-08
7.72425e-10
3.14815e-08
7.67974e-10
3.14311e-08
4.10878e-10
3.13865e-08
7.91799e-10
3.1245e-08
4.64928e-10
3.1233e-08
8.47324e-10
3.10588e-08
7.55668e-10
3.10227e-08
1.02306e-09
3.0877e-08
1.13686e-09
3.08254e-08
1.32871e-09
3.07715e-08
1.49822e-09
3.07797e-08
1.62432e-09
1.73862e-09
3.4107e-08
-4.67189e-09
3.43484e-08
2.496e-09
3.39965e-08
-3.75484e-09
3.41926e-08
6.34265e-10
3.4003e-08
-7.54945e-10
3.41723e-08
1.06182e-09
3.40515e-08
6.94964e-10
3.40994e-08
7.24572e-10
3.4029e-08
8.38297e-10
3.39486e-08
4.91312e-10
3.39247e-08
8.15665e-10
3.37764e-08
6.13245e-10
3.37506e-08
8.73119e-10
3.36031e-08
9.03226e-10
3.35397e-08
1.08643e-09
3.34387e-08
1.23781e-09
3.33833e-08
1.3842e-09
3.33642e-08
1.51727e-09
3.33812e-08
1.60734e-09
1.67321e-09
3.69322e-08
-4.39598e-09
3.7178e-08
2.25022e-09
3.67829e-08
-3.35973e-09
3.69659e-08
4.512e-10
3.67646e-08
-5.5357e-10
3.69229e-08
9.03531e-10
3.68249e-08
7.92896e-10
3.68465e-08
7.03025e-10
3.68073e-08
8.77441e-10
3.67065e-08
5.92188e-10
3.6687e-08
8.35155e-10
3.65482e-08
7.52015e-10
3.64983e-08
9.23029e-10
3.63806e-08
1.0209e-09
3.63015e-08
1.16553e-09
3.62304e-08
1.30895e-09
3.61857e-08
1.42889e-09
3.61834e-08
1.51952e-09
3.62118e-08
1.57896e-09
1.60789e-09
3.99878e-08
-4.10092e-09
4.0259e-08
1.97901e-09
3.98233e-08
-2.92398e-09
3.99988e-08
2.75655e-10
3.97904e-08
-3.45194e-10
3.9928e-08
7.66005e-10
3.9858e-08
8.62897e-10
3.98492e-08
7.11752e-10
3.98332e-08
8.93509e-10
3.97251e-08
7.00232e-10
3.96959e-08
8.64387e-10
3.95757e-08
8.72254e-10
3.95038e-08
9.94875e-10
3.94092e-08
1.1155e-09
3.93299e-08
1.24482e-09
3.92768e-08
1.36205e-09
3.9249e-08
1.45676e-09
3.92559e-08
1.51255e-09
3.92932e-08
1.54171e-09
1.54375e-09
4.32918e-08
-3.78097e-09
4.35997e-08
1.67113e-09
4.31327e-08
-2.45703e-09
4.32979e-08
1.10454e-10
4.3096e-08
-1.4328e-10
4.32014e-08
6.60606e-10
4.31627e-08
9.01582e-10
4.31267e-08
7.47813e-10
4.31208e-08
8.9941e-10
4.30178e-08
8.03151e-10
4.29716e-08
9.10614e-10
4.28707e-08
9.73164e-10
4.27872e-08
1.07838e-09
4.27069e-08
1.19583e-09
4.26384e-08
1.31329e-09
4.25988e-08
1.40169e-09
4.25862e-08
1.46928e-09
4.26012e-08
1.49761e-09
4.26438e-08
1.49906e-09
1.4808e-09
4.68684e-08
-3.43376e-09
4.72127e-08
1.32692e-09
4.67303e-08
-1.97469e-09
4.68738e-08
-3.30144e-11
4.66947e-08
3.58215e-11
4.67593e-08
5.9603e-10
4.67492e-08
9.11665e-10
4.66956e-08
8.01387e-10
4.66863e-08
9.08664e-10
4.65961e-08
8.93399e-10
4.65336e-08
9.73099e-10
4.64469e-08
1.05988e-09
4.63634e-08
1.16191e-09
4.62926e-08
1.26657e-09
4.62395e-08
1.36646e-09
4.62125e-08
1.42864e-09
4.62119e-08
1.46989e-09
4.62345e-08
1.47497e-09
4.62803e-08
1.45326e-09
1.41922e-09
5.07455e-08
-3.06181e-09
5.11162e-08
9.56137e-10
5.06403e-08
-1.4987e-09
5.0744e-08
-1.36785e-10
5.06016e-08
1.78199e-10
5.06233e-08
5.74386e-10
5.06322e-08
9.02786e-10
5.05732e-08
8.60352e-10
5.05515e-08
9.30416e-10
5.04751e-08
9.69722e-10
5.04026e-08
1.04558e-09
5.03243e-08
1.13824e-09
5.02485e-08
1.23773e-09
5.01872e-08
1.32782e-09
5.01497e-08
1.40393e-09
5.01347e-08
1.44365e-09
5.01436e-08
1.46099e-09
5.01728e-08
1.44584e-09
5.02205e-08
1.40555e-09
1.35928e-09
5.49518e-08
-2.67206e-09
5.53325e-08
5.7547e-10
5.48895e-08
-1.05575e-09
5.49345e-08
-1.81747e-10
5.48343e-08
2.78438e-10
5.48202e-08
5.8842e-10
5.48338e-08
8.89236e-10
5.4779e-08
9.15121e-10
5.47423e-08
9.67075e-10
5.46758e-08
1.03627e-09
5.46016e-08
1.1198e-09
5.45286e-08
1.21125e-09
5.44635e-08
1.30283e-09
5.44137e-08
1.37756e-09
5.43907e-08
1.42694e-09
5.43863e-08
1.4481e-09
5.4403e-08
1.44421e-09
5.44371e-08
1.41176e-09
5.44859e-08
1.35679e-09
1.30111e-09
5.95178e-08
-2.27508e-09
5.9886e-08
2.07281e-10
5.95066e-08
-6.76365e-10
5.94779e-08
-1.53039e-10
5.94132e-08
3.43199e-10
5.9377e-08
6.24641e-10
5.93823e-08
8.83916e-10
5.93359e-08
9.61524e-10
5.92872e-08
1.01578e-09
5.92253e-08
1.09814e-09
5.91553e-08
1.18982e-09
5.90882e-08
1.27833e-09
5.90341e-08
1.35692e-09
5.89986e-08
1.41307e-09
5.8987e-08
1.43858e-09
5.89921e-08
1.44291e-09
5.90155e-08
1.42083e-09
5.90532e-08
1.37406e-09
5.91024e-08
1.30764e-09
1.24473e-09
6.44751e-08
-1.88421e-09
6.48047e-08
-1.22347e-10
6.45126e-08
-3.84267e-10
6.44129e-08
-5.32628e-11
6.43648e-08
3.91292e-10
6.432e-08
6.69377e-10
6.43104e-08
8.93608e-10
6.42699e-08
1.00201e-09
6.4215e-08
1.07063e-09
6.41549e-08
1.15825e-09
6.40915e-08
1.25328e-09
6.40328e-08
1.337e-09
6.39899e-08
1.39978e-09
6.39696e-08
1.43341e-09
6.39666e-08
1.44155e-09
6.39803e-08
1.42925e-09
6.40094e-08
1.39172e-09
6.405e-08
1.33344e-09
6.40993e-08
1.25837e-09
1.19e-09
6.98552e-08
-1.51313e-09
7.01213e-08
-3.88455e-10
6.99236e-08
-1.8657e-10
6.97772e-08
9.31522e-11
6.97228e-08
4.45716e-10
6.96776e-08
7.14571e-10
6.96522e-08
9.19013e-10
6.96114e-08
1.04277e-09
6.95565e-08
1.12558e-09
6.94975e-08
1.2172e-09
6.94414e-08
1.30944e-09
6.93933e-08
1.38507e-09
6.93642e-08
1.42887e-09
6.93547e-08
1.44291e-09
6.93603e-08
1.43598e-09
6.93814e-08
1.40819e-09
6.94156e-08
1.35753e-09
6.94589e-08
1.29014e-09
6.95085e-08
1.20875e-09
1.13666e-09
7.56912e-08
-1.17472e-09
7.58731e-08
-5.70347e-10
7.5763e-08
-7.65041e-11
7.56045e-08
2.51613e-10
7.55272e-08
5.23075e-10
7.54804e-08
7.61311e-10
7.54428e-08
9.56649e-10
7.53968e-08
1.08881e-09
7.53435e-08
1.1788e-09
7.52885e-08
1.27225e-09
7.52398e-08
1.35814e-09
7.52046e-08
1.42029e-09
7.51894e-08
1.44405e-09
7.51871e-08
1.44521e-09
7.52011e-08
1.42199e-09
7.52289e-08
1.38032e-09
7.52679e-08
1.3186e-09
7.53139e-08
1.24411e-09
7.53643e-08
1.15836e-09
1.08434e-09
8.20165e-08
-8.78796e-10
8.21008e-08
-6.54649e-10
8.20612e-08
-3.68916e-11
8.19216e-08
3.91205e-10
8.18238e-08
6.20834e-10
8.17641e-08
8.21013e-10
8.17183e-08
1.00247e-09
8.16656e-08
1.1415e-09
8.16131e-08
1.23127e-09
8.15648e-08
1.32056e-09
8.15256e-08
1.39734e-09
8.15044e-08
1.44155e-09
8.1498e-08
1.45038e-09
8.15046e-08
1.43867e-09
8.15261e-08
1.40043e-09
8.15601e-08
1.34638e-09
8.16034e-08
1.27531e-09
8.16521e-08
1.19534e-09
8.17036e-08
1.10688e-09
1.03262e-09
8.88665e-08
-6.30828e-10
8.88528e-08
-6.40938e-10
8.88565e-08
-4.06598e-11
8.87576e-08
4.90141e-10
8.86516e-08
7.26791e-10
8.85738e-08
8.98877e-10
8.85175e-08
1.05875e-09
8.84603e-08
1.1987e-09
8.84079e-08
1.2837e-09
8.83674e-08
1.36104e-09
8.83408e-08
1.42396e-09
8.83298e-08
1.45256e-09
8.83322e-08
1.44791e-09
8.83479e-08
1.423e-09
8.83767e-08
1.37166e-09
8.8416e-08
1.30703e-09
8.8463e-08
1.2283e-09
8.85141e-08
1.14423e-09
8.85666e-08
1.05442e-09
9.81247e-10
9.62782e-08
-4.30441e-10
9.61909e-08
-5.53629e-10
9.61964e-08
-4.61842e-11
9.61443e-08
5.4227e-10
9.60455e-08
8.2551e-10
9.59583e-08
9.86099e-10
9.58845e-08
1.13261e-09
9.5826e-08
1.25711e-09
9.57747e-08
1.33503e-09
9.57412e-08
1.39453e-09
9.57271e-08
1.43805e-09
9.57243e-08
1.4554e-09
9.57374e-08
1.43484e-09
9.5762e-08
1.39835e-09
9.57975e-08
1.33621e-09
9.58415e-08
1.26298e-09
9.58914e-08
1.17836e-09
9.59441e-08
1.09155e-09
9.5997e-08
1.00157e-09
9.30308e-10
1.04293e-07
-2.72626e-10
1.04162e-07
-4.2268e-10
1.04139e-07
-2.29457e-11
1.04116e-07
5.659e-10
1.04047e-07
8.94606e-10
1.03957e-07
1.07566e-09
1.03877e-07
1.21247e-09
1.03809e-07
1.32525e-09
1.03763e-07
1.3809e-09
1.03735e-07
1.42218e-09
1.03731e-07
1.44233e-09
1.03738e-07
1.44844e-09
1.03761e-07
1.41187e-09
1.03795e-07
1.36491e-09
1.03836e-07
1.29444e-09
1.03884e-07
1.21498e-09
1.03936e-07
1.12643e-09
1.03989e-07
1.0383e-09
1.04042e-07
9.49138e-10
8.80292e-10
1.12962e-07
-1.51423e-10
1.12809e-07
-2.70519e-10
1.12751e-07
3.57708e-11
1.12731e-07
5.85852e-10
1.12688e-07
9.37173e-10
1.12617e-07
1.14689e-09
1.1254e-07
1.28962e-09
1.12471e-07
1.39378e-09
1.12422e-07
1.42981e-09
1.12402e-07
1.44214e-09
1.12406e-07
1.43856e-09
1.12425e-07
1.42988e-09
1.12455e-07
1.3816e-09
1.12496e-07
1.32381e-09
1.12543e-07
1.24702e-09
1.12595e-07
1.16369e-09
1.12648e-07
1.07333e-09
1.12701e-07
9.85396e-10
1.12752e-07
8.98059e-10
8.31859e-10
1.22336e-07
-6.03824e-11
1.22177e-07
-1.1152e-10
1.22091e-07
1.22448e-10
1.22059e-07
6.17317e-10
1.22026e-07
9.70968e-10
1.21982e-07
1.19036e-09
1.21921e-07
1.35023e-09
1.21863e-07
1.45202e-09
1.21818e-07
1.47522e-09
1.21797e-07
1.46254e-09
1.21808e-07
1.42806e-09
1.21839e-07
1.39925e-09
1.21875e-07
1.3451e-09
1.21922e-07
1.27719e-09
1.21973e-07
1.19532e-09
1.22027e-07
1.1101e-09
1.2208e-07
1.02002e-09
1.22132e-07
9.33912e-10
1.2218e-07
8.4934e-10
7.85481e-10
1.32476e-07
8.36108e-12
1.32324e-07
4.05873e-11
1.32218e-07
2.28414e-10
1.3217e-07
6.65189e-10
1.32136e-07
1.0045e-09
1.32105e-07
1.22147e-09
1.32078e-07
1.37711e-09
1.32034e-07
1.49604e-09
1.32005e-07
1.50486e-09
1.31988e-07
1.47916e-09
1.31998e-07
1.41814e-09
1.32035e-07
1.36262e-09
1.32081e-07
1.29883e-09
1.32131e-07
1.22749e-09
1.32184e-07
1.14242e-09
1.32237e-07
1.05659e-09
1.32289e-07
9.67877e-10
1.32339e-07
8.84344e-10
1.32385e-07
8.02951e-10
7.40881e-10
1.43444e-07
6.17406e-11
1.43308e-07
1.76794e-10
1.43192e-07
3.44323e-10
1.43128e-07
7.28792e-10
1.43097e-07
1.0357e-09
1.4307e-07
1.24857e-09
1.43063e-07
1.38463e-09
1.43051e-07
1.50752e-09
1.43035e-07
1.52079e-09
1.43031e-07
1.48309e-09
1.43042e-07
1.40699e-09
1.43077e-07
1.3285e-09
1.43129e-07
1.24602e-09
1.43187e-07
1.16972e-09
1.43243e-07
1.08644e-09
1.43296e-07
1.00402e-09
1.43344e-07
9.19472e-10
1.43388e-07
8.40256e-10
1.43429e-07
7.61757e-10
6.97687e-10
1.55314e-07
1.03891e-10
1.55197e-07
2.93171e-10
1.5508e-07
4.61152e-10
1.5501e-07
7.99395e-10
1.54973e-07
1.07209e-09
1.54957e-07
1.26542e-09
1.54957e-07
1.38424e-09
1.54976e-07
1.488e-09
1.54975e-07
1.52216e-09
1.54983e-07
1.47561e-09
1.54998e-07
1.39114e-09
1.55029e-07
1.29792e-09
1.55077e-07
1.19796e-09
1.55138e-07
1.10836e-09
1.55204e-07
1.02046e-09
1.55266e-07
9.42005e-10
1.55317e-07
8.69227e-10
1.55351e-07
8.05707e-10
1.55383e-07
7.30304e-10
6.55495e-10
1.68156e-07
1.41518e-10
1.68041e-07
4.08244e-10
1.6793e-07
5.72749e-10
1.67863e-07
8.65879e-10
1.67829e-07
1.10617e-09
1.67822e-07
1.27209e-09
1.67827e-07
1.37952e-09
1.67848e-07
1.4675e-09
1.67872e-07
1.49733e-09
1.67882e-07
1.46632e-09
1.6791e-07
1.36293e-09
1.67941e-07
1.26694e-09
1.67977e-07
1.16138e-09
1.68021e-07
1.0649e-09
1.68071e-07
9.7024e-10
1.68127e-07
8.86126e-10
1.6819e-07
8.06335e-10
1.68259e-07
7.36253e-10
1.68321e-07
6.68705e-10
6.15679e-10
6.54456e-07
2.36062e-10
6.54208e-07
6.56809e-10
6.53893e-07
8.86948e-10
6.53662e-07
1.09765e-09
6.53572e-07
1.19632e-09
6.53568e-07
1.27589e-09
6.5366e-07
1.28737e-09
6.53836e-07
1.29185e-09
6.54068e-07
1.26507e-09
6.54304e-07
1.23003e-09
6.54506e-07
1.16086e-09
6.54691e-07
1.08195e-09
6.54865e-07
9.87903e-10
6.5503e-07
8.99519e-10
6.5519e-07
8.10749e-10
6.55343e-07
7.32181e-10
6.55492e-07
6.57537e-10
6.55636e-07
5.92937e-10
6.55771e-07
5.3333e-10
4.96785e-10
7.07966e-07
2.54239e-10
7.07916e-07
7.06334e-10
7.07866e-07
9.37125e-10
7.07887e-07
1.07697e-09
7.0794e-07
1.14263e-09
7.0803e-07
1.18645e-09
7.08149e-07
1.1686e-09
7.08293e-07
1.14737e-09
7.08461e-07
1.09715e-09
7.0864e-07
1.05112e-09
7.08815e-07
9.8617e-10
7.08972e-07
9.24611e-10
7.0911e-07
8.49745e-10
7.09235e-07
7.74422e-10
7.09351e-07
6.95041e-10
7.09458e-07
6.24758e-10
7.09559e-07
5.57374e-10
7.09652e-07
4.99487e-10
7.09739e-07
4.45992e-10
4.12068e-10
7.65802e-07
2.3183e-10
7.65857e-07
6.50692e-10
7.65942e-07
8.52773e-10
7.6602e-07
9.98368e-10
7.66119e-07
1.04361e-09
7.66233e-07
1.07262e-09
7.66358e-07
1.04375e-09
7.66492e-07
1.01339e-09
7.66635e-07
9.53958e-10
7.66785e-07
9.01595e-10
7.66936e-07
8.34859e-10
7.67085e-07
7.75932e-10
7.67224e-07
7.09887e-10
7.67348e-07
6.51127e-10
7.67453e-07
5.89241e-10
7.67544e-07
5.33841e-10
7.67623e-07
4.78308e-10
7.67693e-07
4.29516e-10
7.67757e-07
3.82885e-10
3.50465e-10
8.28326e-07
1.98431e-10
8.28416e-07
5.60823e-10
8.28525e-07
7.43021e-10
8.28647e-07
8.77103e-10
8.28779e-07
9.11399e-10
8.28918e-07
9.33715e-10
8.29058e-07
9.03714e-10
8.29196e-07
8.75572e-10
8.29329e-07
8.20454e-10
8.29458e-07
7.72784e-10
8.29581e-07
7.11892e-10
8.29698e-07
6.59237e-10
8.29807e-07
6.005e-10
8.29908e-07
5.49652e-10
8.30001e-07
4.97e-10
8.30083e-07
4.51468e-10
8.30155e-07
4.05948e-10
8.30219e-07
3.66001e-10
8.30275e-07
3.26772e-10
2.97966e-10
8.95943e-07
1.63705e-10
8.96031e-07
4.73097e-10
8.96146e-07
6.27963e-10
8.96278e-07
7.45264e-10
8.96416e-07
7.73278e-10
8.96555e-07
7.94344e-10
8.9669e-07
7.68845e-10
8.96819e-07
7.46678e-10
8.9694e-07
6.99318e-10
8.97055e-07
6.58618e-10
8.97161e-07
6.05282e-10
8.97261e-07
5.59666e-10
8.97353e-07
5.0856e-10
8.97437e-07
4.6488e-10
8.97515e-07
4.19468e-10
8.97586e-07
3.80505e-10
8.9765e-07
3.4153e-10
8.97708e-07
3.07843e-10
8.9776e-07
2.74967e-10
2.51186e-10
9.69075e-07
1.33837e-10
9.69153e-07
3.94564e-10
9.69259e-07
5.2166e-10
9.69382e-07
6.22169e-10
9.6951e-07
6.45572e-10
9.69639e-07
6.65869e-10
9.69762e-07
6.4512e-10
9.69881e-07
6.28298e-10
9.69991e-07
5.88729e-10
9.70095e-07
5.55194e-10
9.7019e-07
5.09979e-10
9.70278e-07
4.71518e-10
9.70359e-07
4.27833e-10
9.70433e-07
3.90605e-10
9.70501e-07
3.51639e-10
9.70563e-07
3.18397e-10
9.70619e-07
2.8521e-10
9.7067e-07
2.56909e-10
9.70716e-07
2.29477e-10
2.10171e-10
1.04818e-06
1.08561e-10
1.04825e-06
3.25625e-10
1.04834e-06
4.29024e-10
1.04845e-06
5.13733e-10
1.04856e-06
5.32562e-10
1.04867e-06
5.50891e-10
1.04879e-06
5.33925e-10
1.04889e-06
5.21335e-10
1.04899e-06
4.88891e-10
1.04909e-06
4.61855e-10
1.04917e-06
4.24311e-10
1.04925e-06
3.9252e-10
1.04932e-06
3.55935e-10
1.04939e-06
3.24909e-10
1.04945e-06
2.92273e-10
1.0495e-06
2.64597e-10
1.04955e-06
2.36907e-10
1.04959e-06
2.13422e-10
1.04963e-06
1.90612e-10
1.74545e-10
1.13374e-06
8.73243e-11
1.1338e-06
2.6576e-10
1.13388e-06
3.48922e-10
1.13397e-06
4.19165e-10
1.13407e-06
4.34045e-10
1.13417e-06
4.49992e-10
1.13427e-06
4.36133e-10
1.13436e-06
4.26657e-10
1.13445e-06
4.00274e-10
1.13453e-06
3.78704e-10
1.13461e-06
3.4807e-10
1.13468e-06
3.22342e-10
1.13474e-06
2.9239e-10
1.1348e-06
2.67099e-10
1.13485e-06
2.40298e-10
1.1349e-06
2.17625e-10
1.13494e-06
1.94819e-10
1.13498e-06
1.75505e-10
1.13502e-06
1.5668e-10
1.43379e-10
1.22628e-06
6.93869e-11
1.22633e-06
2.13762e-10
1.2264e-06
2.7979e-10
1.22649e-06
3.37001e-10
1.22657e-06
3.48609e-10
1.22666e-06
3.62071e-10
1.22674e-06
3.50885e-10
1.22683e-06
3.43774e-10
1.2269e-06
3.2261e-10
1.22698e-06
3.05603e-10
1.22704e-06
2.80992e-10
1.22711e-06
2.60466e-10
1.22716e-06
2.36325e-10
1.22721e-06
2.16006e-10
1.22726e-06
1.94338e-10
1.2273e-06
1.76045e-10
1.22734e-06
1.57575e-10
1.22737e-06
1.41965e-10
1.2274e-06
1.26714e-10
1.15977e-10
1.32638e-06
5.41386e-11
1.32643e-06
1.68446e-10
1.32649e-06
2.19928e-10
1.32656e-06
2.65449e-10
1.32663e-06
2.74358e-10
1.32671e-06
2.85351e-10
1.32679e-06
2.76499e-10
1.32686e-06
2.71199e-10
1.32693e-06
2.54536e-10
1.32699e-06
2.41322e-10
1.32705e-06
2.21923e-10
1.3271e-06
2.05838e-10
1.32715e-06
1.86784e-10
1.3272e-06
1.70799e-10
1.32724e-06
1.5368e-10
1.32728e-06
1.39259e-10
1.32731e-06
1.24656e-10
1.32734e-06
1.12334e-10
1.32737e-06
1.00268e-10
9.18071e-11
1.43466e-06
4.10179e-11
1.4347e-06
1.28619e-10
1.43475e-06
1.67616e-10
1.43481e-06
2.02628e-10
1.43488e-06
2.09286e-10
1.43494e-06
2.17895e-10
1.43501e-06
2.11106e-10
1.43507e-06
2.07229e-10
1.43513e-06
1.94508e-10
1.43519e-06
1.84525e-10
1.43524e-06
1.69712e-10
1.43529e-06
1.57487e-10
1.43534e-06
1.42926e-10
1.43538e-06
1.30744e-10
1.43541e-06
1.17652e-10
1.43544e-06
1.06643e-10
1.43547e-06
9.54672e-11
1.4355e-06
8.60479e-11
1.43552e-06
7.68078e-11
7.03546e-11
1.55177e-06
2.95235e-11
1.55181e-06
9.31364e-11
1.55185e-06
1.21223e-10
1.55191e-06
1.46716e-10
1.55197e-06
1.51463e-10
1.55203e-06
1.57812e-10
1.55208e-06
1.52879e-10
1.55214e-06
1.50159e-10
1.5522e-06
1.40948e-10
1.55225e-06
1.33774e-10
1.55229e-06
1.23045e-10
1.55234e-06
1.1422e-10
1.55238e-06
1.03667e-10
1.55241e-06
9.48553e-11
1.55244e-06
8.53628e-11
1.55247e-06
7.73898e-11
1.5525e-06
6.9283e-11
1.55252e-06
6.2456e-11
1.55254e-06
5.57504e-11
5.10935e-11
1.67844e-06
1.91918e-11
1.67848e-06
6.0825e-11
1.67852e-06
7.91154e-11
1.67857e-06
9.58348e-11
1.67862e-06
9.8908e-11
1.67868e-06
1.03107e-10
1.67873e-06
9.98794e-11
1.67878e-06
9.81414e-11
1.67883e-06
9.21248e-11
1.67888e-06
8.74624e-11
1.67892e-06
8.04521e-11
1.67896e-06
7.46984e-11
1.679e-06
6.78009e-11
1.67903e-06
6.20483e-11
1.67906e-06
5.58415e-11
1.67908e-06
5.06326e-11
1.67911e-06
4.53304e-11
1.67913e-06
4.08678e-11
1.67915e-06
3.64808e-11
3.34513e-11
1.81546e-06
9.53832e-12
1.81549e-06
3.0346e-11
1.81553e-06
3.9468e-11
1.81558e-06
4.78373e-11
1.81563e-06
4.93659e-11
1.81568e-06
5.14771e-11
1.81573e-06
4.98645e-11
1.81578e-06
4.90077e-11
1.81583e-06
4.60044e-11
1.81587e-06
4.3684e-11
1.81591e-06
4.01849e-11
1.81595e-06
3.7317e-11
1.81598e-06
3.38739e-11
1.81601e-06
3.10044e-11
1.81604e-06
2.79052e-11
1.81606e-06
2.53052e-11
1.81609e-06
2.26563e-11
1.81611e-06
2.0427e-11
1.81613e-06
1.82339e-11
1.67324e-11
1.96366e-06
1.96369e-06
1.96373e-06
1.96378e-06
1.96383e-06
1.96388e-06
1.96393e-06
1.96398e-06
1.96403e-06
1.96407e-06
1.96411e-06
1.96415e-06
1.96418e-06
1.96421e-06
1.96424e-06
1.96426e-06
1.96429e-06
1.96431e-06
1.96433e-06
)
;

boundaryField
{
    top
    {
        type            calculated;
        value           uniform 0;
    }
    inlet
    {
        type            calculated;
        value           nonuniform List<scalar> 
45
(
-6.54551e-07
-7.07984e-07
-7.65779e-07
-8.28292e-07
-8.95909e-07
-9.69045e-07
-1.04815e-06
-1.13372e-06
-1.22626e-06
-1.32637e-06
-1.43464e-06
-1.55176e-06
-1.67843e-06
-1.81545e-06
-1.96365e-06
-1.68194e-08
-1.82093e-08
-1.9714e-08
-2.13431e-08
-2.31069e-08
-2.50163e-08
-2.70836e-08
-2.93217e-08
-3.17448e-08
-3.43681e-08
-3.72081e-08
-4.02829e-08
-4.36117e-08
-4.72157e-08
-5.11174e-08
-5.53416e-08
-5.99148e-08
-6.4866e-08
-7.02263e-08
-7.60296e-08
-8.23124e-08
-8.91144e-08
-9.64786e-08
-1.04451e-07
-1.13083e-07
-1.22428e-07
-1.32545e-07
-1.43498e-07
-1.55356e-07
-1.68194e-07
)
;
    }
    outlet
    {
        type            calculated;
        value           nonuniform List<scalar> 
45
(
6.6462e-07
7.17907e-07
7.75353e-07
8.37384e-07
9.04444e-07
9.76992e-07
1.0555e-06
1.14047e-06
1.23245e-06
1.332e-06
1.43978e-06
1.55646e-06
1.6828e-06
1.81962e-06
1.96784e-06
6.27029e-10
2.10084e-09
3.93635e-09
6.18316e-09
8.88612e-09
1.20772e-08
1.5764e-08
1.99146e-08
2.44421e-08
2.91992e-08
3.3999e-08
3.86701e-08
4.3126e-08
4.74031e-08
5.16384e-08
5.60035e-08
6.0644e-08
6.56562e-08
7.10965e-08
7.70024e-08
8.34075e-08
9.03481e-08
9.78652e-08
1.06003e-07
1.14811e-07
1.24339e-07
1.34645e-07
1.45789e-07
1.57839e-07
1.70868e-07
)
;
    }
    plate
    {
        type            calculated;
        value           uniform 0;
    }
    symmBound
    {
        type            calculated;
        value           nonuniform List<scalar> 
20
(
5.37881e-09
-3.75037e-09
4.62803e-09
-1.76185e-09
1.62739e-09
-1.90163e-09
3.18438e-10
-1.1016e-09
1.88158e-10
-3.86253e-10
1.21772e-10
-9.202e-11
-1.77562e-11
-4.40686e-11
-1.67328e-10
-6.76925e-11
-2.59265e-10
-1.22623e-10
-2.93471e-10
-2.01304e-10
)
;
    }
    frontAndBack
    {
        type            empty;
    }
}


// ************************************************************************* //
