/*--------------------------------*- C++ -*----------------------------------*\
| =========                 |                                                 |
| \\      /  F ield         | OpenFOAM: The Open Source CFD Toolbox           |
|  \\    /   O peration     | Version:  1.4.1-dev                             |
|   \\  /    A nd           | Web:      http://www.openfoam.org               |
|    \\/     M anipulation  |                                                 |
\*---------------------------------------------------------------------------*/

FoamFile
{
    version 2.0;
    format ascii;

    root "/home/mjaworsk/OpenFOAM/mjaworsk-1.4.1-dev/run/FlatPlate-Blasius";
    case "icoHeatFoam-flatPlate2";
    instance "0.3";
    local "";

    class volVectorField;
    object U;
}

// * * * * * * * * * * * * * * * * * * * * * * * * * * * * * * * * * * * * * //

dimensions      [0 1 -1 0 0 0 0];

internalField   nonuniform List<vector> 
2475
(
(0.132363 0.00806837 0)
(0.079727 0.00529554 0)
(0.0536867 0.00187651 0)
(0.039833 0.000634747 0)
(0.0322098 0.000269245 0)
(0.0279407 0.000143934 0)
(0.0251505 0.000104853 0)
(0.0230154 8.64775e-05 0)
(0.021269 7.07247e-05 0)
(0.0198108 5.73283e-05 0)
(0.0185767 4.67758e-05 0)
(0.0175189 3.85131e-05 0)
(0.0165997 3.20378e-05 0)
(0.0157885 2.70346e-05 0)
(0.0150591 2.32394e-05 0)
(0.0143915 2.03528e-05 0)
(0.0137707 1.808e-05 0)
(0.0131897 1.61439e-05 0)
(0.0126452 1.43585e-05 0)
(0.0121384 1.26678e-05 0)
(0.0116684 1.10959e-05 0)
(0.0112353 9.71423e-06 0)
(0.0108344 8.52409e-06 0)
(0.0104654 7.48676e-06 0)
(0.0101254 6.50649e-06 0)
(0.00981723 5.62456e-06 0)
(0.00953864 4.76457e-06 0)
(0.00929427 3.99725e-06 0)
(0.00908102 3.23653e-06 0)
(0.00890748 2.53979e-06 0)
(0.00877144 1.74614e-06 0)
(0.0086864 1.05534e-06 0)
(0.00862856 5.33311e-07 0)
(0.00860931 2.95547e-07 0)
(0.00857223 3.33444e-07 0)
(0.182921 0.0167926 0)
(0.161791 0.0150009 0)
(0.139718 0.00825965 0)
(0.11778 0.00414788 0)
(0.0996434 0.00226835 0)
(0.0868278 0.00134959 0)
(0.0778587 0.000894674 0)
(0.0710825 0.000661245 0)
(0.0656297 0.000516758 0)
(0.0611052 0.000412339 0)
(0.0572853 0.000333555 0)
(0.054015 0.000273533 0)
(0.0511735 0.00022766 0)
(0.0486636 0.000192709 0)
(0.0464037 0.00016611 0)
(0.0443337 0.000145501 0)
(0.0424104 0.00012883 0)
(0.0406137 0.000114461 0)
(0.0389329 0.000101395 0)
(0.0373692 8.93222e-05 0)
(0.035918 7.83028e-05 0)
(0.0345783 6.85781e-05 0)
(0.0333383 6.00433e-05 0)
(0.0321986 5.24699e-05 0)
(0.0311509 4.54246e-05 0)
(0.0302036 3.90231e-05 0)
(0.0293493 3.28964e-05 0)
(0.0286028 2.72964e-05 0)
(0.0279554 2.17727e-05 0)
(0.0274359 1.65884e-05 0)
(0.0270335 1.11892e-05 0)
(0.0267834 6.78966e-06 0)
(0.0266085 3.52995e-06 0)
(0.0265466 2.16784e-06 0)
(0.0264335 1.93426e-06 0)
(0.190198 0.0169244 0)
(0.189848 0.0186219 0)
(0.183722 0.0130772 0)
(0.171273 0.00861296 0)
(0.156069 0.00599417 0)
(0.141853 0.00420569 0)
(0.129831 0.00296787 0)
(0.119784 0.00218339 0)
(0.111292 0.0016818 0)
(0.104046 0.00133231 0)
(0.0978162 0.00107375 0)
(0.0924149 0.000878444 0)
(0.0876814 0.00073032 0)
(0.0834774 0.000618108 0)
(0.0796795 0.000532801 0)
(0.0761935 0.000466508 0)
(0.0729492 0.00041261 0)
(0.0699128 0.000366169 0)
(0.0670638 0.000324245 0)
(0.0644031 0.000285859 0)
(0.0619222 0.000250985 0)
(0.0596228 0.000220051 0)
(0.0574881 0.000192613 0)
(0.055524 0.000168061 0)
(0.0537167 0.000145344 0)
(0.0520816 0.000124621 0)
(0.0506055 0.000104924 0)
(0.0493156 8.67417e-05 0)
(0.0481962 6.8826e-05 0)
(0.0473005 5.18851e-05 0)
(0.0466034 3.48779e-05 0)
(0.0461644 2.14259e-05 0)
(0.045844 1.14592e-05 0)
(0.0457217 7.38474e-06 0)
(0.0455119 5.81506e-06 0)
(0.190711 0.0142952 0)
(0.195604 0.0179386 0)
(0.198406 0.0144843 0)
(0.195547 0.0108411 0)
(0.188264 0.0086192 0)
(0.179209 0.00690934 0)
(0.169878 0.0054261 0)
(0.160775 0.00426531 0)
(0.152113 0.00340704 0)
(0.144052 0.00275798 0)
(0.136673 0.00225285 0)
(0.129987 0.00185776 0)
(0.123944 0.00155138 0)
(0.118463 0.00131624 0)
(0.113442 0.0011362 0)
(0.10879 0.000995945 0)
(0.104427 0.000882008 0)
(0.100312 0.000784209 0)
(0.0964172 0.000696316 0)
(0.0927442 0.00061598 0)
(0.089284 0.000542758 0)
(0.0860477 0.000477222 0)
(0.0830203 0.000418423 0)
(0.0802203 0.000365371 0)
(0.0776317 0.000316257 0)
(0.0752815 0.000271305 0)
(0.0731499 0.000228647 0)
(0.0712802 0.000189068 0)
(0.0696475 0.000150023 0)
(0.0683345 0.000113046 0)
(0.0672942 7.65066e-05 0)
(0.0666225 4.80093e-05 0)
(0.0661051 2.65759e-05 0)
(0.0658921 1.76913e-05 0)
(0.0655448 1.28762e-05 0)
(0.191828 0.0121318 0)
(0.19592 0.0160784 0)
(0.200953 0.0142199 0)
(0.202689 0.0112914 0)
(0.200912 0.00953702 0)
(0.19716 0.0082891 0)
(0.192404 0.00706849 0)
(0.186952 0.00595398 0)
(0.180972 0.00502544 0)
(0.174691 0.00425316 0)
(0.168335 0.00359793 0)
(0.162092 0.00304472 0)
(0.15608 0.0025886 0)
(0.150362 0.00222238 0)
(0.14494 0.00193323 0)
(0.13979 0.00170407 0)
(0.134866 0.00151674 0)
(0.130144 0.001356 0)
(0.125596 0.00121168 0)
(0.12123 0.00107932 0)
(0.117039 0.000957512 0)
(0.113052 0.000846861 0)
(0.109263 0.000745855 0)
(0.105718 0.000653449 0)
(0.102405 0.000567269 0)
(0.0993748 0.000487939 0)
(0.096601 0.000412473 0)
(0.0941499 0.000342172 0)
(0.0919824 0.000272593 0)
(0.0902198 0.000206697 0)
(0.0887818 0.000141841 0)
(0.0878253 9.15854e-05 0)
(0.0870404 5.27323e-05 0)
(0.0866973 3.6189e-05 0)
(0.086149 2.49229e-05 0)
(0.19307 0.0107649 0)
(0.195905 0.0143329 0)
(0.200482 0.0135773 0)
(0.203474 0.0111638 0)
(0.204025 0.0095853 0)
(0.203127 0.00864772 0)
(0.201512 0.00775265 0)
(0.199291 0.00684797 0)
(0.196412 0.00603604 0)
(0.19292 0.00532499 0)
(0.188929 0.00468438 0)
(0.184583 0.00410377 0)
(0.180015 0.00359028 0)
(0.175347 0.00315171 0)
(0.170658 0.0027874 0)
(0.166006 0.00248783 0)
(0.161397 0.00223742 0)
(0.156849 0.00202044 0)
(0.152341 0.00182461 0)
(0.147893 0.00164366 0)
(0.143492 0.0014746 0)
(0.139186 0.00131769 0)
(0.134979 0.00117058 0)
(0.130954 0.00103266 0)
(0.127119 0.000901667 0)
(0.123561 0.000779662 0)
(0.120253 0.000662646 0)
(0.117298 0.000553112 0)
(0.114632 0.000443984 0)
(0.112432 0.000340635 0)
(0.110565 0.000238301 0)
(0.109286 0.000159145 0)
(0.10816 9.54938e-05 0)
(0.107648 6.76377e-05 0)
(0.106818 4.49085e-05 0)
(0.193897 0.00984606 0)
(0.196023 0.0128055 0)
(0.199702 0.0128217 0)
(0.202739 0.0109306 0)
(0.204027 0.00940154 0)
(0.204178 0.00856622 0)
(0.203914 0.00788275 0)
(0.203386 0.00715962 0)
(0.202473 0.00647467 0)
(0.201101 0.00586713 0)
(0.19926 0.00531367 0)
(0.196991 0.00479508 0)
(0.194338 0.00431416 0)
(0.191383 0.00388229 0)
(0.188186 0.00350588 0)
(0.184826 0.00318317 0)
(0.181332 0.00290471 0)
(0.177748 0.00265885 0)
(0.174058 0.00243485 0)
(0.170284 0.0022265 0)
(0.166389 0.00202901 0)
(0.162419 0.00184132 0)
(0.158362 0.00165872 0)
(0.154336 0.00148069 0)
(0.150365 0.00130549 0)
(0.146596 0.00113855 0)
(0.143004 0.000975587 0)
(0.139744 0.000821851 0)
(0.136719 0.000666817 0)
(0.134182 0.000519932 0)
(0.131918 0.000372152 0)
(0.130332 0.000257841 0)
(0.128817 0.000161161 0)
(0.128117 0.000117995 0)
(0.126927 7.6822e-05 0)
(0.19436 0.00914764 0)
(0.196078 0.0114627 0)
(0.198982 0.0119454 0)
(0.201757 0.0106163 0)
(0.203289 0.00918335 0)
(0.203803 0.00835352 0)
(0.203961 0.00778284 0)
(0.204036 0.00719006 0)
(0.203964 0.00659442 0)
(0.203659 0.00605781 0)
(0.203065 0.00557723 0)
(0.202182 0.00513004 0)
(0.200994 0.00470943 0)
(0.19953 0.00432217 0)
(0.197803 0.00397432 0)
(0.195872 0.00366683 0)
(0.193748 0.00339398 0)
(0.191485 0.00314868 0)
(0.189056 0.0029238 0)
(0.186483 0.00271573 0)
(0.18369 0.00251877 0)
(0.180693 0.00232986 0)
(0.177424 0.00213896 0)
(0.173994 0.00194267 0)
(0.170414 0.00173777 0)
(0.166896 0.00153467 0)
(0.163406 0.00132981 0)
(0.160178 0.00113405 0)
(0.157058 0.0009325 0)
(0.154402 0.000741422 0)
(0.151877 0.000544 0)
(0.150087 0.000391501 0)
(0.148206 0.000254403 0)
(0.147347 0.000192752 0)
(0.14576 0.000124924 0)
(0.194617 0.00855202 0)
(0.196047 0.0103206 0)
(0.198336 0.0110059 0)
(0.200761 0.0101976 0)
(0.202369 0.00895443 0)
(0.203082 0.00811749 0)
(0.203384 0.00759839 0)
(0.203625 0.00710503 0)
(0.203819 0.0065817 0)
(0.203911 0.00608877 0)
(0.203842 0.00564916 0)
(0.203618 0.0052488 0)
(0.203209 0.00487529 0)
(0.202634 0.00452959 0)
(0.201875 0.00421468 0)
(0.20098 0.00393143 0)
(0.199937 0.00367512 0)
(0.198805 0.00344172 0)
(0.197545 0.00322757 0)
(0.196197 0.00303381 0)
(0.194651 0.0028563 0)
(0.192913 0.00269192 0)
(0.190824 0.00252373 0)
(0.188457 0.00234126 0)
(0.185744 0.00213376 0)
(0.182943 0.00191547 0)
(0.179984 0.00168307 0)
(0.177191 0.00145687 0)
(0.174323 0.00121626 0)
(0.171866 0.000988303 0)
(0.169321 0.000743543 0)
(0.167532 0.000555701 0)
(0.165411 0.0003744 0)
(0.164484 0.000293647 0)
(0.162553 0.000191885 0)
(0.194802 0.00800811 0)
(0.195999 0.00937242 0)
(0.197811 0.0100856 0)
(0.199857 0.00968806 0)
(0.201431 0.00870288 0)
(0.20228 0.00789041 0)
(0.202676 0.00738608 0)
(0.202966 0.00696608 0)
(0.20323 0.0065135 0)
(0.20345 0.00606016 0)
(0.203564 0.0056456 0)
(0.203591 0.00527187 0)
(0.2035 0.00492732 0)
(0.203328 0.00460886 0)
(0.203041 0.0043159 0)
(0.202696 0.00404882 0)
(0.202264 0.00380293 0)
(0.201818 0.00357619 0)
(0.201311 0.00336702 0)
(0.200818 0.00318228 0)
(0.200222 0.0030217 0)
(0.199557 0.00288691 0)
(0.198601 0.00275672 0)
(0.197395 0.00261319 0)
(0.195745 0.00243071 0)
(0.193928 0.00222311 0)
(0.191789 0.00198352 0)
(0.189751 0.00174527 0)
(0.187448 0.0014799 0)
(0.185506 0.00122998 0)
(0.183228 0.000947632 0)
(0.181692 0.000734299 0)
(0.179554 0.000511288 0)
(0.178701 0.000414793 0)
(0.176596 0.000276091 0)
(0.195013 0.00750341 0)
(0.196012 0.00858322 0)
(0.197455 0.00923998 0)
(0.199142 0.00912188 0)
(0.200594 0.00841228 0)
(0.201515 0.00767333 0)
(0.201991 0.0071715 0)
(0.20231 0.00679699 0)
(0.202588 0.00641094 0)
(0.20285 0.00600351 0)
(0.203031 0.0056133 0)
(0.203152 0.00525821 0)
(0.20318 0.00493271 0)
(0.203166 0.00463238 0)
(0.203068 0.00435301 0)
(0.202958 0.00409427 0)
(0.202788 0.00385105 0)
(0.202654 0.00362301 0)
(0.202491 0.00340877 0)
(0.202415 0.00322022 0)
(0.202311 0.00306116 0)
(0.202282 0.00294216 0)
(0.202081 0.00284307 0)
(0.201773 0.00274406 0)
(0.201038 0.00260101 0)
(0.200161 0.00242319 0)
(0.198873 0.00219363 0)
(0.197683 0.00196098 0)
(0.196091 0.0016863 0)
(0.194843 0.00143204 0)
(0.193054 0.00112664 0)
(0.191971 0.000902307 0)
(0.190067 0.000646841 0)
(0.189422 0.000541528 0)
(0.187394 0.000369877 0)
(0.195297 0.00703971 0)
(0.196127 0.00791487 0)
(0.197286 0.00849129 0)
(0.198662 0.00853891 0)
(0.199945 0.00807681 0)
(0.200876 0.00745451 0)
(0.201414 0.00696586 0)
(0.201759 0.00661409 0)
(0.202036 0.006282 0)
(0.202309 0.00592469 0)
(0.202517 0.00556425 0)
(0.202685 0.00522743 0)
(0.202766 0.00491726 0)
(0.202822 0.0046316 0)
(0.202801 0.00436316 0)
(0.202786 0.00411064 0)
(0.202713 0.00386777 0)
(0.20269 0.00363603 0)
(0.202631 0.00341247 0)
(0.202683 0.00321246 0)
(0.202725 0.00304152 0)
(0.202926 0.00292037 0)
(0.203052 0.00283339 0)
(0.203232 0.00276733 0)
(0.203073 0.00266144 0)
(0.20287 0.00251944 0)
(0.202243 0.00230776 0)
(0.201762 0.00209094 0)
(0.20082 0.00181735 0)
(0.200239 0.00157222 0)
(0.199009 0.00125786 0)
(0.198434 0.00103627 0)
(0.196939 0.000761569 0)
(0.196568 0.000655214 0)
(0.194853 0.000461199 0)
(0.195655 0.00661829 0)
(0.196344 0.00733829 0)
(0.197282 0.0078379 0)
(0.198405 0.00797193 0)
(0.199508 0.00770444 0)
(0.200401 0.00722064 0)
(0.200976 0.00676873 0)
(0.201352 0.00642977 0)
(0.201627 0.00613522 0)
(0.201898 0.00582551 0)
(0.202116 0.00549998 0)
(0.202311 0.00518445 0)
(0.202424 0.00488889 0)
(0.202523 0.00461655 0)
(0.202543 0.00435882 0)
(0.202577 0.00411373 0)
(0.202542 0.00387304 0)
(0.202559 0.00364023 0)
(0.202514 0.00340967 0)
(0.202572 0.00319885 0)
(0.202593 0.0030118 0)
(0.202797 0.00287778 0)
(0.202957 0.00278531 0)
(0.203291 0.00273442 0)
(0.20338 0.002653 0)
(0.203541 0.00254201 0)
(0.203314 0.00234748 0)
(0.203292 0.00214837 0)
(0.202817 0.00187963 0)
(0.20272 0.00164939 0)
(0.201977 0.00133572 0)
(0.201815 0.00112527 0)
(0.200773 0.000844012 0)
(0.200647 0.000742096 0)
(0.199364 0.000538928 0)
(0.196055 0.00623556 0)
(0.19663 0.0068331 0)
(0.197396 0.00726603 0)
(0.198319 0.00743975 0)
(0.199256 0.00731045 0)
(0.200082 0.00696313 0)
(0.20067 0.00657182 0)
(0.201076 0.00624933 0)
(0.201356 0.00597904 0)
(0.201623 0.00570914 0)
(0.201841 0.00542012 0)
(0.202052 0.00512977 0)
(0.202187 0.00485 0)
(0.202317 0.00459047 0)
(0.202365 0.00434343 0)
(0.202432 0.00410748 0)
(0.202421 0.00387189 0)
(0.202459 0.00364235 0)
(0.202411 0.00341006 0)
(0.202449 0.00319394 0)
(0.202411 0.00299397 0)
(0.202542 0.00284542 0)
(0.202618 0.00273789 0)
(0.202922 0.00268698 0)
(0.203052 0.00261499 0)
(0.203349 0.00252486 0)
(0.203315 0.00234252 0)
(0.203525 0.00215822 0)
(0.203325 0.00189411 0)
(0.2035 0.00167841 0)
(0.203098 0.00137021 0)
(0.203191 0.00117336 0)
(0.202526 0.000894617 0)
(0.20256 0.000799224 0)
(0.201685 0.000598015 0)
(0.196465 0.00588568 0)
(0.196947 0.00638448 0)
(0.197578 0.00675995 0)
(0.198343 0.00694823 0)
(0.199138 0.00691037 0)
(0.199884 0.00668104 0)
(0.200461 0.00636523 0)
(0.20089 0.00607066 0)
(0.201183 0.00581886 0)
(0.201449 0.0055796 0)
(0.201664 0.0053248 0)
(0.201885 0.00506247 0)
(0.202035 0.00480102 0)
(0.202187 0.00455482 0)
(0.202257 0.00431847 0)
(0.202349 0.00409282 0)
(0.202356 0.00386471 0)
(0.202412 0.00364221 0)
(0.202367 0.00341331 0)
(0.202393 0.0031982 0)
(0.202313 0.00299145 0)
(0.202376 0.00283216 0)
(0.202358 0.00270763 0)
(0.202573 0.00264731 0)
(0.202659 0.00257218 0)
(0.20297 0.00249187 0)
(0.203011 0.00231592 0)
(0.203309 0.00214232 0)
(0.203251 0.00188182 0)
(0.203539 0.001678 0)
(0.203339 0.0013771 0)
(0.203549 0.001193 0)
(0.203137 0.000921835 0)
(0.203247 0.000832864 0)
(0.202667 0.000640389 0)
(0.196861 0.00556386 0)
(0.197267 0.0059818 0)
(0.197792 0.00630731 0)
(0.198432 0.00649643 0)
(0.199106 0.00651657 0)
(0.19977 0.00638 0)
(0.20032 0.00614257 0)
(0.20076 0.00588801 0)
(0.201066 0.00565596 0)
(0.201337 0.00544049 0)
(0.20155 0.00521529 0)
(0.201775 0.00498163 0)
(0.201934 0.0047414 0)
(0.202103 0.00451025 0)
(0.202189 0.00428501 0)
(0.202299 0.00407038 0)
(0.202323 0.00385125 0)
(0.202394 0.00363819 0)
(0.202359 0.00341632 0)
(0.202387 0.00320714 0)
(0.202291 0.00299939 0)
(0.202317 0.00283466 0)
(0.202237 0.00269555 0)
(0.202375 0.00262186 0)
(0.202405 0.00253518 0)
(0.202684 0.0024553 0)
(0.202745 0.00228054 0)
(0.203062 0.00211408 0)
(0.203068 0.00185657 0)
(0.203388 0.00166234 0)
(0.203289 0.0013694 0)
(0.203536 0.00119665 0)
(0.203263 0.000935484 0)
(0.203399 0.000852361 0)
(0.202988 0.000671721 0)
(0.197234 0.00526635 0)
(0.197579 0.00561744 0)
(0.198017 0.00589937 0)
(0.198555 0.00608155 0)
(0.199129 0.00613739 0)
(0.199716 0.00606928 0)
(0.200227 0.00590354 0)
(0.200664 0.00569675 0)
(0.20098 0.00548932 0)
(0.201257 0.00529455 0)
(0.20147 0.00509412 0)
(0.201696 0.00488753 0)
(0.20186 0.00467044 0)
(0.20204 0.00445674 0)
(0.202139 0.00424356 0)
(0.202263 0.00404064 0)
(0.2023 0.00383144 0)
(0.202385 0.00362904 0)
(0.202364 0.00341621 0)
(0.202402 0.00321596 0)
(0.202311 0.00301125 0)
(0.202328 0.0028455 0)
(0.202224 0.0026955 0)
(0.202316 0.00260816 0)
(0.202305 0.00250569 0)
(0.202549 0.00241981 0)
(0.202608 0.00224225 0)
(0.202917 0.00208029 0)
(0.202946 0.00182553 0)
(0.203263 0.00163962 0)
(0.203207 0.00135502 0)
(0.203456 0.0011928 0)
(0.203248 0.000942761 0)
(0.203388 0.000865255 0)
(0.203058 0.000697597 0)
(0.197584 0.00498868 0)
(0.197876 0.00528471 0)
(0.198245 0.0055287 0)
(0.198701 0.00569978 0)
(0.199191 0.00577653 0)
(0.199707 0.00575728 0)
(0.200173 0.00565168 0)
(0.200594 0.00549467 0)
(0.200912 0.00531717 0)
(0.201194 0.00514333 0)
(0.201408 0.00496419 0)
(0.201635 0.0047819 0)
(0.201802 0.00458812 0)
(0.201989 0.00439415 0)
(0.202097 0.00419436 0)
(0.202232 0.00400373 0)
(0.202281 0.00380526 0)
(0.202378 0.00361414 0)
(0.202372 0.0034111 0)
(0.202424 0.00322127 0)
(0.202347 0.00302187 0)
(0.202372 0.00285793 0)
(0.20227 0.00270026 0)
(0.202346 0.00260077 0)
(0.202315 0.00248149 0)
(0.202532 0.0023863 0)
(0.202579 0.00220347 0)
(0.202872 0.00204434 0)
(0.202903 0.00179224 0)
(0.203206 0.0016141 0)
(0.20316 0.00133809 0)
(0.203401 0.00118608 0)
(0.203218 0.000947753 0)
(0.203354 0.000875973 0)
(0.203058 0.000721708 0)
(0.197913 0.00472701 0)
(0.198161 0.00497825 0)
(0.198471 0.00518935 0)
(0.19886 0.00534715 0)
(0.199281 0.00543452 0)
(0.199735 0.00544918 0)
(0.200154 0.00539119 0)
(0.200549 0.00528123 0)
(0.200861 0.00513743 0)
(0.201144 0.00498663 0)
(0.20136 0.00482724 0)
(0.201587 0.00466663 0)
(0.201756 0.00449493 0)
(0.201947 0.00432221 0)
(0.202062 0.00413757 0)
(0.202206 0.00395962 0)
(0.202265 0.00377243 0)
(0.202374 0.00359319 0)
(0.202381 0.00339999 0)
(0.202448 0.00322099 0)
(0.202389 0.00302802 0)
(0.20243 0.00286752 0)
(0.202342 0.00270442 0)
(0.202419 0.00259489 0)
(0.202382 0.00245972 0)
(0.202581 0.0023544 0)
(0.202616 0.00216524 0)
(0.202889 0.00200809 0)
(0.202912 0.00175867 0)
(0.203196 0.00158811 0)
(0.203147 0.00132079 0)
(0.203374 0.00117882 0)
(0.203199 0.000952478 0)
(0.203328 0.000886637 0)
(0.203047 0.000745927 0)
(0.198224 0.00447918 0)
(0.198432 0.00469475 0)
(0.198694 0.00487803 0)
(0.199028 0.00502172 0)
(0.199392 0.00511238 0)
(0.199792 0.00514918 0)
(0.200166 0.00512703 0)
(0.200531 0.00505821 0)
(0.200828 0.0049491 0)
(0.201107 0.00482371 0)
(0.201323 0.00468374 0)
(0.201551 0.00454272 0)
(0.201722 0.00439113 0)
(0.201914 0.00423994 0)
(0.202034 0.00407255 0)
(0.202185 0.00390805 0)
(0.202253 0.00373223 0)
(0.202372 0.00356571 0)
(0.202393 0.00338251 0)
(0.202474 0.00321417 0)
(0.202433 0.003028 0)
(0.202492 0.00287189 0)
(0.202422 0.00270492 0)
(0.202508 0.00258744 0)
(0.202472 0.00243829 0)
(0.202658 0.00232357 0)
(0.202681 0.00212807 0)
(0.202935 0.00197263 0)
(0.202945 0.00172602 0)
(0.203207 0.00156298 0)
(0.20315 0.00130442 0)
(0.203362 0.00117231 0)
(0.203187 0.000957962 0)
(0.203309 0.000898183 0)
(0.203036 0.000771035 0)
(0.198519 0.00424188 0)
(0.198691 0.00443022 0)
(0.198912 0.00459141 0)
(0.1992 0.00472188 0)
(0.199516 0.00481102 0)
(0.19987 0.00486078 0)
(0.200204 0.00486401 0)
(0.200537 0.00482906 0)
(0.200814 0.00475305 0)
(0.201082 0.00465474 0)
(0.201296 0.00453472 0)
(0.201525 0.00441175 0)
(0.201698 0.00427804 0)
(0.201891 0.00414722 0)
(0.202013 0.00399857 0)
(0.202169 0.00384899 0)
(0.202246 0.00368398 0)
(0.202375 0.00353054 0)
(0.202407 0.00335808 0)
(0.202502 0.00320028 0)
(0.202478 0.00302088 0)
(0.202553 0.00286987 0)
(0.202503 0.00270041 0)
(0.202598 0.00257696 0)
(0.202567 0.00241603 0)
(0.202744 0.00229348 0)
(0.202756 0.00209231 0)
(0.202989 0.00193868 0)
(0.202985 0.00169508 0)
(0.203225 0.0015395 0)
(0.203157 0.00128966 0)
(0.203352 0.00116724 0)
(0.203177 0.000964785 0)
(0.20329 0.000911134 0)
(0.203023 0.000797351 0)
(0.1988 0.00401145 0)
(0.19894 0.00417981 0)
(0.199123 0.00432489 0)
(0.19937 0.00444468 0)
(0.199647 0.00452986 0)
(0.199963 0.0045857 0)
(0.200262 0.00460529 0)
(0.200564 0.00459642 0)
(0.200817 0.0045501 0)
(0.201069 0.00447939 0)
(0.201276 0.00438065 0)
(0.201504 0.0042752 0)
(0.20168 0.00415737 0)
(0.201875 0.00404498 0)
(0.201998 0.00391521 0)
(0.202156 0.00378273 0)
(0.202242 0.00362829 0)
(0.202379 0.00348693 0)
(0.202423 0.00332593 0)
(0.202529 0.00317909 0)
(0.202521 0.00300617 0)
(0.202611 0.0028607 0)
(0.202578 0.00269016 0)
(0.202683 0.00256286 0)
(0.202658 0.00239249 0)
(0.202825 0.00226405 0)
(0.202828 0.00205841 0)
(0.203041 0.00190692 0)
(0.203024 0.00166653 0)
(0.203241 0.00151833 0)
(0.203163 0.00127697 0)
(0.20334 0.00116391 0)
(0.203164 0.000973069 0)
(0.203269 0.000925691 0)
(0.203008 0.000825036 0)
(0.199067 0.00378682 0)
(0.19918 0.00394014 0)
(0.199327 0.00407432 0)
(0.199537 0.00418678 0)
(0.199777 0.00426774 0)
(0.200061 0.00432514 0)
(0.200332 0.00435367 0)
(0.200607 0.00436292 0)
(0.200835 0.00434107 0)
(0.201067 0.00429676 0)
(0.201262 0.00422033 0)
(0.201486 0.00413282 0)
(0.201665 0.00402913 0)
(0.201862 0.00393293 0)
(0.201986 0.00382083 0)
(0.202144 0.00370747 0)
(0.202236 0.00356519 0)
(0.202382 0.00343444 0)
(0.202438 0.00328477 0)
(0.202553 0.00315024 0)
(0.202559 0.00298388 0)
(0.202663 0.00284404 0)
(0.202646 0.00267373 0)
(0.202758 0.00254481 0)
(0.202738 0.00236734 0)
(0.202898 0.00223509 0)
(0.202893 0.00202652 0)
(0.203087 0.00187787 0)
(0.203057 0.001641 0)
(0.203252 0.00150018 0)
(0.203164 0.00126691 0)
(0.203324 0.00116273 0)
(0.203148 0.000982897 0)
(0.203243 0.000941625 0)
(0.20299 0.000854001 0)
(0.199319 0.00357028 0)
(0.199411 0.00371019 0)
(0.199526 0.00383645 0)
(0.199697 0.0039445 0)
(0.199902 0.0040226 0)
(0.200156 0.00407966 0)
(0.200404 0.0041119 0)
(0.200657 0.00413207 0)
(0.200863 0.00412823 0)
(0.201073 0.00410747 0)
(0.201251 0.00405346 0)
(0.201467 0.00398523 0)
(0.201647 0.00389492 0)
(0.201848 0.00381255 0)
(0.201974 0.00371576 0)
(0.20213 0.00362167 0)
(0.202224 0.00349424 0)
(0.202379 0.00337353 0)
(0.202446 0.00323325 0)
(0.20257 0.00311232 0)
(0.202588 0.00295373 0)
(0.202703 0.00281964 0)
(0.202701 0.00265066 0)
(0.202819 0.00252253 0)
(0.202805 0.00234045 0)
(0.202957 0.00220638 0)
(0.202945 0.00199651 0)
(0.203121 0.00185165 0)
(0.20308 0.00161873 0)
(0.203254 0.0014854 0)
(0.203159 0.00126009 0)
(0.203301 0.00116423 0)
(0.203127 0.000994865 0)
(0.203213 0.000959096 0)
(0.202969 0.000884073 0)
(0.199549 0.00336566 0)
(0.199631 0.0034911 0)
(0.199718 0.00360961 0)
(0.199852 0.00371483 0)
(0.20002 0.00379196 0)
(0.200245 0.0038492 0)
(0.200471 0.00388243 0)
(0.200708 0.0039081 0)
(0.200897 0.00391542 0)
(0.201086 0.00391364 0)
(0.201244 0.00388067 0)
(0.201446 0.00383286 0)
(0.201624 0.00375672 0)
(0.201828 0.00368626 0)
(0.201958 0.00360198 0)
(0.202111 0.00352522 0)
(0.202205 0.00341473 0)
(0.202365 0.00330586 0)
(0.202445 0.00317222 0)
(0.202576 0.00306437 0)
(0.202604 0.0029155 0)
(0.202728 0.00278772 0)
(0.20274 0.00262068 0)
(0.202863 0.00249546 0)
(0.202853 0.00231154 0)
(0.202999 0.00217763 0)
(0.202982 0.00196805 0)
(0.203141 0.00182797 0)
(0.203092 0.00159949 0)
(0.203247 0.00147361 0)
(0.203145 0.00125625 0)
(0.203272 0.00116851 0)
(0.2031 0.00100914 0)
(0.203178 0.000978877 0)
(0.202943 0.000915531 0)
(0.19975 0.00317634 0)
(0.199834 0.00328501 0)
(0.199902 0.00339323 0)
(0.200002 0.00349498 0)
(0.200133 0.00357207 0)
(0.200325 0.00363111 0)
(0.200531 0.003665 0)
(0.200753 0.00369299 0)
(0.20093 0.0037055 0)
(0.201102 0.00371648 0)
(0.20124 0.00370118 0)
(0.201424 0.00367339 0)
(0.201594 0.00361319 0)
(0.201799 0.0035541 0)
(0.201934 0.00347976 0)
(0.202086 0.00341736 0)
(0.202177 0.00332364 0)
(0.202337 0.00323047 0)
(0.20243 0.0031028 0)
(0.202569 0.00300557 0)
(0.202604 0.00286844 0)
(0.202734 0.00274903 0)
(0.202759 0.00258455 0)
(0.202886 0.00246382 0)
(0.202881 0.00228077 0)
(0.20302 0.00214908 0)
(0.203001 0.00194099 0)
(0.203146 0.00180671 0)
(0.203091 0.00158301 0)
(0.203228 0.00146444 0)
(0.203123 0.00125436 0)
(0.203235 0.00117471 0)
(0.203068 0.00102469 0)
(0.203138 0.00100029 0)
(0.202914 0.000948419 0)
(0.199918 0.00300523 0)
(0.200013 0.00309523 0)
(0.200073 0.00318917 0)
(0.200146 0.00328428 0)
(0.200241 0.00336028 0)
(0.200399 0.00342214 0)
(0.200581 0.00345808 0)
(0.200789 0.00348772 0)
(0.200957 0.00350197 0)
(0.201117 0.00351969 0)
(0.201238 0.00351735 0)
(0.201402 0.00350751 0)
(0.201558 0.00346463 0)
(0.20176 0.00341844 0)
(0.2019 0.00335216 0)
(0.202052 0.00330107 0)
(0.202141 0.00322103 0)
(0.202296 0.00314603 0)
(0.202397 0.00302658 0)
(0.202546 0.00293618 0)
(0.202588 0.00281022 0)
(0.20272 0.00270221 0)
(0.202756 0.00254145 0)
(0.202886 0.00242635 0)
(0.202887 0.00224681 0)
(0.20302 0.00212011 0)
(0.203001 0.00191496 0)
(0.203132 0.00178755 0)
(0.203074 0.00156938 0)
(0.203196 0.00145795 0)
(0.203091 0.00125445 0)
(0.20319 0.00118186 0)
(0.203029 0.00104075 0)
(0.203091 0.00102115 0)
(0.20288 0.000981473 0)
(0.200052 0.00285251 0)
(0.200162 0.00292405 0)
(0.200223 0.00300044 0)
(0.20028 0.00308443 0)
(0.200346 0.00315623 0)
(0.200471 0.00321997 0)
(0.200625 0.00325924 0)
(0.200816 0.00329139 0)
(0.200975 0.00330641 0)
(0.201128 0.00332661 0)
(0.201236 0.00333174 0)
(0.201381 0.00333626 0)
(0.201521 0.00330986 0)
(0.201713 0.00327912 0)
(0.201855 0.0032209 0)
(0.202008 0.00317927 0)
(0.202096 0.00310971 0)
(0.202244 0.00305239 0)
(0.202347 0.0029463 0)
(0.202504 0.00286178 0)
(0.202554 0.00274389 0)
(0.202685 0.00264982 0)
(0.202731 0.00249505 0)
(0.202863 0.00238571 0)
(0.202869 0.00221128 0)
(0.202997 0.0020917 0)
(0.202979 0.00189123 0)
(0.2031 0.00177104 0)
(0.203042 0.0015597 0)
(0.203151 0.00145532 0)
(0.203048 0.0012584 0)
(0.203136 0.00119158 0)
(0.202983 0.00105875 0)
(0.203039 0.00104226 0)
(0.202841 0.0010138 0)
(0.200155 0.00270982 0)
(0.200276 0.0027665 0)
(0.200344 0.00282569 0)
(0.200396 0.00289592 0)
(0.200444 0.0029602 0)
(0.200541 0.0030233 0)
(0.200667 0.00306551 0)
(0.200836 0.00310104 0)
(0.200984 0.00311706 0)
(0.201131 0.003138 0)
(0.201233 0.0031456 0)
(0.201362 0.00315978 0)
(0.201485 0.00314629 0)
(0.201661 0.00313146 0)
(0.2018 0.00308274 0)
(0.201953 0.00304932 0)
(0.202043 0.00298819 0)
(0.202184 0.00294481 0)
(0.202283 0.00285511 0)
(0.202444 0.00278009 0)
(0.202503 0.00266724 0)
(0.202632 0.00258782 0)
(0.202683 0.00244306 0)
(0.202817 0.00234107 0)
(0.202829 0.0021731 0)
(0.202951 0.00206295 0)
(0.202937 0.00186917 0)
(0.203049 0.00175726 0)
(0.202994 0.00155335 0)
(0.203091 0.00145751 0)
(0.202994 0.00126707 0)
(0.203072 0.00120702 0)
(0.202929 0.00108153 0)
(0.202979 0.00106914 0)
(0.202797 0.0010488 0)
(0.20024 0.00256965 0)
(0.200362 0.00261619 0)
(0.200437 0.00266165 0)
(0.200491 0.00271872 0)
(0.200532 0.00277315 0)
(0.200609 0.00283206 0)
(0.200709 0.002874 0)
(0.200853 0.00291199 0)
(0.200987 0.00292898 0)
(0.201125 0.00295088 0)
(0.201224 0.00295839 0)
(0.201343 0.00297755 0)
(0.20145 0.00297209 0)
(0.201608 0.00297001 0)
(0.201737 0.00293195 0)
(0.201888 0.00290695 0)
(0.201979 0.0028534 0)
(0.202115 0.00282061 0)
(0.202209 0.00274465 0)
(0.202366 0.00268365 0)
(0.202435 0.00257599 0)
(0.202562 0.00250872 0)
(0.202616 0.00237616 0)
(0.202749 0.00228448 0)
(0.202769 0.0021241 0)
(0.202885 0.0020252 0)
(0.202876 0.00184004 0)
(0.20298 0.00173796 0)
(0.202931 0.00154176 0)
(0.203018 0.0014552 0)
(0.202929 0.00127178 0)
(0.202998 0.00121887 0)
(0.202868 0.00110177 0)
(0.202911 0.00109449 0)
(0.202747 0.00108409 0)
(0.200399 0.00228289 0)
(0.200506 0.00231995 0)
(0.200589 0.00235073 0)
(0.200655 0.00239062 0)
(0.200693 0.0024261 0)
(0.200739 0.00247053 0)
(0.20079 0.00250219 0)
(0.200879 0.00253752 0)
(0.200975 0.00255354 0)
(0.201091 0.00257704 0)
(0.201183 0.00258306 0)
(0.201285 0.00260358 0)
(0.201365 0.00260154 0)
(0.201481 0.0026114 0)
(0.201584 0.00258828 0)
(0.201719 0.0025812 0)
(0.201812 0.00254166 0)
(0.201934 0.00252718 0)
(0.202016 0.00246994 0)
(0.202151 0.00243725 0)
(0.202231 0.00235071 0)
(0.202354 0.00230557 0)
(0.202408 0.00219624 0)
(0.20253 0.00213163 0)
(0.202565 0.00199253 0)
(0.202671 0.00191827 0)
(0.202676 0.00175583 0)
(0.202767 0.00167781 0)
(0.202738 0.00150225 0)
(0.20281 0.00143519 0)
(0.202746 0.00127029 0)
(0.2028 0.00123043 0)
(0.202705 0.00113274 0)
(0.202736 0.00113359 0)
(0.202615 0.00114754 0)
(0.20051 0.00188625 0)
(0.200565 0.00191543 0)
(0.200622 0.00193534 0)
(0.200679 0.00196201 0)
(0.20072 0.00198059 0)
(0.20076 0.00201014 0)
(0.200793 0.00202943 0)
(0.200846 0.0020599 0)
(0.200904 0.00207422 0)
(0.200983 0.00210013 0)
(0.201053 0.00210623 0)
(0.201132 0.00212866 0)
(0.201195 0.00212866 0)
(0.201277 0.00214863 0)
(0.201351 0.00213879 0)
(0.201453 0.00215113 0)
(0.201533 0.00212688 0)
(0.201633 0.00213214 0)
(0.201705 0.0020939 0)
(0.20181 0.00209072 0)
(0.201884 0.0020317 0)
(0.20199 0.00201601 0)
(0.202049 0.00193578 0)
(0.202149 0.00190895 0)
(0.202197 0.00180331 0)
(0.202287 0.00176637 0)
(0.202312 0.0016385 0)
(0.202388 0.00159689 0)
(0.20239 0.00145274 0)
(0.202449 0.00141476 0)
(0.202426 0.00127617 0)
(0.202468 0.00125616 0)
(0.202424 0.00118108 0)
(0.202447 0.00119304 0)
(0.202385 0.00122916 0)
(0.200534 0.00157575 0)
(0.200563 0.00159878 0)
(0.200596 0.00161335 0)
(0.200634 0.00163518 0)
(0.200668 0.00164732 0)
(0.200703 0.00167028 0)
(0.200735 0.00168234 0)
(0.200774 0.00170779 0)
(0.200815 0.0017184 0)
(0.200868 0.00174367 0)
(0.200919 0.00174945 0)
(0.200977 0.00177335 0)
(0.201029 0.00177443 0)
(0.201092 0.00179845 0)
(0.20115 0.00179396 0)
(0.201222 0.00181567 0)
(0.201286 0.00180108 0)
(0.201362 0.00181842 0)
(0.201425 0.00179251 0)
(0.201504 0.0018054 0)
(0.201569 0.00176435 0)
(0.20165 0.00176882 0)
(0.20171 0.00170925 0)
(0.201788 0.00170605 0)
(0.201842 0.00162587 0)
(0.201913 0.00161465 0)
(0.201955 0.00151411 0)
(0.202015 0.00149807 0)
(0.202044 0.0013808 0)
(0.20209 0.00136406 0)
(0.202104 0.00124825 0)
(0.202133 0.00124235 0)
(0.202135 0.0011847 0)
(0.202147 0.0012029 0)
(0.202139 0.00125172 0)
(0.200499 0.00132857 0)
(0.200518 0.00134617 0)
(0.200539 0.00135607 0)
(0.200564 0.0013742 0)
(0.20059 0.00138262 0)
(0.200619 0.00140182 0)
(0.200647 0.00140934 0)
(0.200678 0.00143038 0)
(0.200709 0.00143675 0)
(0.200746 0.00145912 0)
(0.200783 0.00146285 0)
(0.200825 0.00148589 0)
(0.200868 0.00148621 0)
(0.200914 0.00151021 0)
(0.20096 0.00150634 0)
(0.201011 0.00153052 0)
(0.201062 0.0015201 0)
(0.201118 0.00154311 0)
(0.201172 0.00152418 0)
(0.20123 0.00154526 0)
(0.201287 0.00151524 0)
(0.201348 0.00153231 0)
(0.201406 0.00148807 0)
(0.201465 0.00150035 0)
(0.201521 0.00143994 0)
(0.201576 0.00144692 0)
(0.201629 0.00136915 0)
(0.201675 0.00137141 0)
(0.201722 0.00127788 0)
(0.201756 0.00127663 0)
(0.201796 0.00118237 0)
(0.201816 0.00118655 0)
(0.201852 0.00114551 0)
(0.201858 0.00116767 0)
(0.201894 0.00122665 0)
(0.200433 0.00111714 0)
(0.200448 0.00113098 0)
(0.200466 0.00113747 0)
(0.200484 0.00115242 0)
(0.200504 0.00115801 0)
(0.200525 0.00117423 0)
(0.200548 0.0011788 0)
(0.200571 0.00119659 0)
(0.200597 0.00120007 0)
(0.200623 0.00121971 0)
(0.200653 0.00122163 0)
(0.200683 0.00124304 0)
(0.200718 0.00124266 0)
(0.200751 0.00126583 0)
(0.200789 0.00126242 0)
(0.200825 0.00128725 0)
(0.200868 0.00127956 0)
(0.200908 0.00130536 0)
(0.200956 0.00129156 0)
(0.200998 0.00131742 0)
(0.201049 0.00129544 0)
(0.201093 0.00132005 0)
(0.201148 0.00128729 0)
(0.201191 0.00130941 0)
(0.201248 0.00126383 0)
(0.201288 0.00128278 0)
(0.201346 0.00122285 0)
(0.20138 0.00123785 0)
(0.201438 0.00116391 0)
(0.201463 0.00117446 0)
(0.20152 0.00109901 0)
(0.201534 0.00111179 0)
(0.201593 0.00108419 0)
(0.201596 0.00110987 0)
(0.20166 0.00117253 0)
(0.200362 0.000935186 0)
(0.200374 0.000946587 0)
(0.200389 0.000950964 0)
(0.200402 0.000963453 0)
(0.200419 0.000967111 0)
(0.200434 0.00098096 0)
(0.200453 0.000983801 0)
(0.20047 0.000999249 0)
(0.200492 0.00100119 0)
(0.200511 0.00101859 0)
(0.200536 0.00101941 0)
(0.200558 0.00103897 0)
(0.200586 0.00103824 0)
(0.20061 0.0010601 0)
(0.200642 0.00105728 0)
(0.200668 0.0010815 0)
(0.200705 0.00107569 0)
(0.200734 0.00110191 0)
(0.200775 0.00109174 0)
(0.200805 0.00111926 0)
(0.200851 0.001103 0)
(0.200883 0.0011308 0)
(0.200933 0.00110639 0)
(0.200965 0.00113333 0)
(0.20102 0.00109896 0)
(0.201049 0.0011242 0)
(0.201108 0.00107829 0)
(0.201133 0.00110037 0)
(0.201196 0.00104244 0)
(0.201213 0.00105969 0)
(0.20128 0.00099993 0)
(0.201287 0.00101712 0)
(0.20136 0.000999202 0)
(0.20136 0.00102523 0)
(0.20144 0.00108668 0)
(0.200297 0.000777547 0)
(0.200306 0.000787146 0)
(0.200318 0.000790242 0)
(0.200328 0.000800837 0)
(0.200342 0.000803318 0)
(0.200354 0.000815247 0)
(0.200369 0.00081708 0)
(0.200382 0.000830579 0)
(0.200401 0.000831687 0)
(0.200415 0.00084709 0)
(0.200436 0.000847356 0)
(0.200451 0.000864981 0)
(0.200475 0.000864168 0)
(0.200493 0.000884266 0)
(0.20052 0.000881968 0)
(0.200539 0.000904642 0)
(0.200571 0.00090018 0)
(0.200592 0.00092527 0)
(0.200628 0.00091761 0)
(0.200649 0.00094461 0)
(0.20069 0.000932362 0)
(0.200713 0.000960447 0)
(0.200759 0.000942006 0)
(0.200781 0.000970241 0)
(0.200833 0.000944081 0)
(0.200853 0.000971531 0)
(0.200911 0.000936155 0)
(0.200927 0.000961071 0)
(0.200991 0.000915661 0)
(0.201002 0.000935793 0)
(0.201073 0.000888723 0)
(0.201076 0.000907532 0)
(0.201154 0.000896775 0)
(0.201152 0.000921685 0)
(0.201241 0.000979823 0)
(0.20024 0.000640666 0)
(0.200248 0.000648786 0)
(0.200258 0.000651084 0)
(0.200266 0.000660104 0)
(0.200277 0.000661873 0)
(0.200286 0.000672117 0)
(0.200299 0.000673357 0)
(0.200309 0.000685059 0)
(0.200324 0.000685726 0)
(0.200335 0.000699205 0)
(0.200353 0.000699228 0)
(0.200364 0.000714807 0)
(0.200385 0.000714029 0)
(0.200397 0.000731972 0)
(0.200421 0.000730095 0)
(0.200435 0.000750548 0)
(0.200462 0.00074706 0)
(0.200477 0.000769962 0)
(0.200508 0.000764078 0)
(0.200524 0.000789084 0)
(0.20056 0.000779736 0)
(0.200575 0.000806217 0)
(0.200617 0.000792157 0)
(0.200632 0.000819343 0)
(0.20068 0.00079934 0)
(0.200694 0.000826341 0)
(0.200748 0.000799083 0)
(0.20076 0.000824132 0)
(0.200821 0.000788709 0)
(0.200828 0.000809406 0)
(0.200897 0.000772636 0)
(0.200897 0.000791459 0)
(0.200975 0.000785603 0)
(0.200972 0.000808573 0)
(0.201061 0.000861142 0)
(0.200194 0.000521315 0)
(0.2002 0.000528109 0)
(0.200208 0.000529852 0)
(0.200214 0.000537437 0)
(0.200224 0.000538735 0)
(0.200231 0.000547397 0)
(0.200242 0.000548263 0)
(0.200249 0.00055822 0)
(0.200262 0.00055863 0)
(0.20027 0.000570168 0)
(0.200285 0.000570079 0)
(0.200294 0.000583493 0)
(0.200311 0.000582796 0)
(0.20032 0.000598344 0)
(0.200341 0.000596831 0)
(0.20035 0.000614679 0)
(0.200374 0.000611971 0)
(0.200385 0.000632119 0)
(0.200412 0.000627624 0)
(0.200423 0.000649834 0)
(0.200455 0.00064273 0)
(0.200466 0.000666513 0)
(0.200503 0.000655825 0)
(0.200514 0.000680543 0)
(0.200557 0.000665292 0)
(0.200566 0.000690142 0)
(0.200616 0.000669217 0)
(0.200623 0.00069254 0)
(0.20068 0.00066505 0)
(0.200684 0.00068453 0)
(0.200748 0.000655963 0)
(0.200747 0.00067338 0)
(0.200821 0.00067058 0)
(0.200817 0.000690789 0)
(0.200902 0.000736541 0)
(0.200157 0.000416757 0)
(0.200161 0.000422328 0)
(0.200168 0.00042366 0)
(0.200173 0.000429906 0)
(0.200181 0.000430877 0)
(0.200186 0.000438038 0)
(0.200196 0.000438664 0)
(0.200201 0.00044693 0)
(0.200212 0.000447199 0)
(0.200218 0.00045682 0)
(0.200231 0.00045671 0)
(0.200237 0.000467943 0)
(0.200252 0.000467381 0)
(0.200259 0.000480458 0)
(0.200276 0.000479295 0)
(0.200284 0.000494375 0)
(0.200304 0.000492327 0)
(0.200312 0.000509432 0)
(0.200335 0.000506044 0)
(0.200343 0.000524998 0)
(0.200371 0.00051963 0)
(0.200379 0.000540047 0)
(0.200411 0.000531945 0)
(0.200419 0.000553308 0)
(0.200457 0.000541711 0)
(0.200464 0.000563333 0)
(0.200507 0.000547336 0)
(0.200512 0.000567767 0)
(0.200563 0.000546585 0)
(0.200565 0.000563763 0)
(0.200624 0.000541762 0)
(0.200622 0.000556983 0)
(0.200689 0.000555986 0)
(0.200686 0.000573103 0)
(0.200763 0.000611538 0)
(0.200128 0.000324635 0)
(0.200131 0.000329071 0)
(0.200137 0.000330085 0)
(0.200141 0.000335072 0)
(0.200147 0.000335803 0)
(0.200151 0.000341538 0)
(0.200159 0.000342001 0)
(0.200164 0.00034864 0)
(0.200173 0.000348831 0)
(0.200178 0.00035658 0)
(0.200188 0.000356486 0)
(0.200193 0.000365557 0)
(0.200206 0.00036513 0)
(0.200211 0.000375716 0)
(0.200226 0.000374845 0)
(0.200231 0.000387082 0)
(0.200249 0.000385556 0)
(0.200254 0.000399473 0)
(0.200275 0.000396949 0)
(0.200281 0.00041242 0)
(0.200304 0.000408415 0)
(0.20031 0.000425143 0)
(0.200338 0.000419085 0)
(0.200344 0.000436666 0)
(0.200377 0.000427974 0)
(0.200382 0.000445846 0)
(0.20042 0.000433809 0)
(0.200424 0.00045077 0)
(0.200468 0.000434735 0)
(0.200469 0.000449058 0)
(0.200521 0.000432414 0)
(0.200519 0.000445033 0)
(0.200579 0.000444978 0)
(0.200576 0.000458883 0)
(0.200645 0.000489879 0)
(0.200105 0.000242692 0)
(0.200108 0.000246064 0)
(0.200113 0.000246812 0)
(0.200116 0.000250611 0)
(0.200121 0.000251147 0)
(0.200125 0.000255524 0)
(0.200131 0.00025586 0)
(0.200135 0.000260936 0)
(0.200143 0.000261072 0)
(0.200146 0.000267008 0)
(0.200155 0.000266936 0)
(0.200159 0.000273895 0)
(0.20017 0.000273583 0)
(0.200174 0.000281717 0)
(0.200187 0.000281086 0)
(0.200191 0.000290505 0)
(0.200206 0.000289403 0)
(0.20021 0.000300133 0)
(0.200228 0.000298311 0)
(0.200232 0.000310266 0)
(0.200253 0.000307371 0)
(0.200257 0.000320332 0)
(0.200281 0.000315945 0)
(0.200286 0.000329605 0)
(0.200314 0.000323296 0)
(0.200318 0.00033722 0)
(0.200351 0.000328451 0)
(0.200354 0.000341696 0)
(0.200393 0.000329956 0)
(0.200393 0.000341167 0)
(0.200439 0.000328982 0)
(0.200437 0.000338822 0)
(0.200489 0.000339159 0)
(0.200486 0.00034986 0)
(0.200547 0.000373589 0)
(0.200088 0.00016863 0)
(0.200091 0.000171001 0)
(0.200095 0.000171517 0)
(0.200097 0.000174191 0)
(0.200102 0.000174559 0)
(0.200105 0.000177644 0)
(0.200111 0.000177874 0)
(0.200114 0.000181457 0)
(0.20012 0.000181549 0)
(0.200123 0.000185742 0)
(0.200131 0.000185694 0)
(0.200134 0.000190615 0)
(0.200143 0.000190404 0)
(0.200147 0.000196163 0)
(0.200158 0.000195736 0)
(0.200161 0.00020241 0)
(0.200174 0.000201665 0)
(0.200178 0.000209278 0)
(0.200193 0.000208043 0)
(0.200196 0.000216535 0)
(0.200214 0.00021457 0)
(0.200218 0.00022379 0)
(0.200239 0.000220806 0)
(0.200242 0.000230541 0)
(0.200267 0.000226243 0)
(0.20027 0.000236182 0)
(0.200299 0.000230195 0)
(0.200301 0.000239664 0)
(0.200335 0.00023162 0)
(0.200335 0.000239646 0)
(0.200375 0.000231298 0)
(0.200373 0.000238326 0)
(0.200419 0.00023874 0)
(0.200417 0.000246323 0)
(0.20047 0.000263079 0)
(0.200077 9.98614e-05 0)
(0.200079 0.000101274 0)
(0.200083 0.000101578 0)
(0.200085 0.000103173 0)
(0.200089 0.00010339 0)
(0.200092 0.000105231 0)
(0.200097 0.000105366 0)
(0.200099 0.000107507 0)
(0.200105 0.000107561 0)
(0.200108 0.000110068 0)
(0.200114 0.000110039 0)
(0.200117 0.000112984 0)
(0.200125 0.000112861 0)
(0.200128 0.000116308 0)
(0.200138 0.00011606 0)
(0.200141 0.000120058 0)
(0.200152 0.000119624 0)
(0.200155 0.000124186 0)
(0.200169 0.000123467 0)
(0.200172 0.000128559 0)
(0.200188 0.000127412 0)
(0.200191 0.000132946 0)
(0.200209 0.000131202 0)
(0.200212 0.000137049 0)
(0.200234 0.000134535 0)
(0.200236 0.00014051 0)
(0.200263 0.000137002 0)
(0.200264 0.000142699 0)
(0.200295 0.000137975 0)
(0.200295 0.000142805 0)
(0.200331 0.0001379 0)
(0.200329 0.000142123 0)
(0.20037 0.00014243 0)
(0.200368 0.000146969 0)
(0.200416 0.000156993 0)
(0.200071 3.32231e-05 0)
(0.200073 3.36941e-05 0)
(0.200076 3.37946e-05 0)
(0.200078 3.43266e-05 0)
(0.200082 3.4398e-05 0)
(0.200084 3.50125e-05 0)
(0.200089 3.50569e-05 0)
(0.200091 3.57714e-05 0)
(0.200097 3.5789e-05 0)
(0.200099 3.66262e-05 0)
(0.200106 3.66166e-05 0)
(0.200108 3.76001e-05 0)
(0.200116 3.75593e-05 0)
(0.200118 3.8711e-05 0)
(0.200127 3.86292e-05 0)
(0.20013 3.99651e-05 0)
(0.20014 3.98221e-05 0)
(0.200143 4.13471e-05 0)
(0.200156 4.11098e-05 0)
(0.200159 4.28125e-05 0)
(0.200173 4.24338e-05 0)
(0.200176 4.42846e-05 0)
(0.200193 4.37084e-05 0)
(0.200196 4.56647e-05 0)
(0.200217 4.48333e-05 0)
(0.200219 4.68328e-05 0)
(0.200243 4.56715e-05 0)
(0.200244 4.7578e-05 0)
(0.200273 4.60116e-05 0)
(0.200273 4.76275e-05 0)
(0.200306 4.59997e-05 0)
(0.200305 4.74107e-05 0)
(0.200343 4.75198e-05 0)
(0.200341 4.90351e-05 0)
(0.200386 5.23835e-05 0)
(0.173645 -0.00164522 0)
(0.224591 0.000876342 0)
(0.176953 -0.00126409 0)
(0.222907 0.00119378 0)
(0.177134 -0.00147892 0)
(0.223563 0.00112938 0)
(0.17666 -0.000757775 0)
(0.222707 0.00058821 0)
(0.177389 -0.000508132 0)
(0.220759 0.000272545 0)
(0.177894 -0.000416037 0)
(0.219025 7.09735e-05 0)
(0.177476 -0.000146052 0)
(0.217685 5.60021e-05 0)
(0.175792 0.000243106 0)
(0.216682 0.000231883 0)
(0.172169 0.000704163 0)
(0.215758 0.000653455 0)
(0.164794 0.00152184 0)
(0.214404 0.00233468 0)
(0.174721 -0.00165954 0)
(0.223559 0.000901758 0)
(0.178251 -0.00132238 0)
(0.221761 0.00127969 0)
(0.178835 -0.00159364 0)
(0.22205 0.00123912 0)
(0.178883 -0.000845566 0)
(0.2207 0.000687916 0)
(0.180126 -0.00056403 0)
(0.218143 0.0003953 0)
(0.181327 -0.000451759 0)
(0.215509 0.000235292 0)
(0.182006 -0.000124696 0)
(0.212688 0.000229578 0)
(0.182233 0.000461662 0)
(0.209065 0.000335699 0)
(0.182133 0.0014107 0)
(0.203367 0.000581669 0)
(0.181613 0.00365874 0)
(0.193375 0.00284546 0)
(0.176924 -0.00167537 0)
(0.221343 0.000924229 0)
(0.180852 -0.00138438 0)
(0.21934 0.00137039 0)
(0.182166 -0.00171473 0)
(0.218946 0.00135667 0)
(0.183135 -0.000920251 0)
(0.216808 0.000775744 0)
(0.185131 -0.000571504 0)
(0.213411 0.00046985 0)
(0.187168 -0.000387714 0)
(0.209748 0.000283151 0)
(0.18886 7.82454e-05 0)
(0.205721 0.000202375 0)
(0.190186 0.000943318 0)
(0.200978 0.0002158 0)
(0.190824 0.00233217 0)
(0.195154 0.000661895 0)
(0.190072 0.00535001 0)
(0.188755 0.004247 0)
(0.180162 -0.00168098 0)
(0.217968 0.000917184 0)
(0.184445 -0.00141641 0)
(0.215758 0.00140659 0)
(0.186551 -0.00176898 0)
(0.214563 0.00139012 0)
(0.188399 -0.000900098 0)
(0.21177 0.000760128 0)
(0.190785 -0.000453217 0)
(0.207994 0.000401685 0)
(0.192923 -0.00015657 0)
(0.204208 0.000145084 0)
(0.194359 0.000472642 0)
(0.200565 2.81883e-05 0)
(0.194886 0.00148611 0)
(0.197 0.000174417 0)
(0.194124 0.00294052 0)
(0.193391 0.00128856 0)
(0.191979 0.00593483 0)
(0.190539 0.00575225 0)
(0.184149 -0.00166929 0)
(0.21375 0.000873555 0)
(0.188455 -0.00141218 0)
(0.211471 0.00137964 0)
(0.191068 -0.00174571 0)
(0.209681 0.0013293 0)
(0.193292 -0.000784463 0)
(0.206813 0.000653738 0)
(0.195321 -0.000242913 0)
(0.203518 0.000259665 0)
(0.196669 0.000141162 0)
(0.20061 -1.65032e-06 0)
(0.197011 0.000836066 0)
(0.198194 -1.37893e-05 0)
(0.196347 0.00180347 0)
(0.195987 0.000483545 0)
(0.194693 0.00315273 0)
(0.193712 0.00224708 0)
(0.192536 0.00595587 0)
(0.192099 0.0067285 0)
(0.188413 -0.00163554 0)
(0.209281 0.000798469 0)
(0.192196 -0.00137335 0)
(0.207189 0.00129909 0)
(0.194801 -0.00165705 0)
(0.205251 0.00120257 0)
(0.196747 -0.000613566 0)
(0.202968 0.000515 0)
(0.197876 -1.55661e-05 0)
(0.200696 0.000138558 0)
(0.198183 0.000400899 0)
(0.198852 -4.60741e-05 0)
(0.197611 0.00105575 0)
(0.197332 0.000143806 0)
(0.196388 0.00189621 0)
(0.195742 0.00101122 0)
(0.19469 0.00318203 0)
(0.193993 0.00314923 0)
(0.193095 0.00585378 0)
(0.192933 0.00720591 0)
(0.192398 -0.00157949 0)
(0.205262 0.000706326 0)
(0.195118 -0.00130737 0)
(0.203607 0.00118403 0)
(0.197235 -0.00152437 0)
(0.201939 0.00104693 0)
(0.19849 -0.000430479 0)
(0.200535 0.000390759 0)
(0.198709 0.000182785 0)
(0.199194 7.60135e-05 0)
(0.198315 0.000582712 0)
(0.198005 1.81422e-05 0)
(0.197356 0.00114252 0)
(0.196844 0.000438464 0)
(0.196074 0.00188831 0)
(0.195469 0.00157528 0)
(0.194623 0.00319977 0)
(0.194068 0.00382214 0)
(0.193535 0.00578051 0)
(0.193465 0.00733989 0)
(0.195631 -0.00150669 0)
(0.202237 0.000615513 0)
(0.197006 -0.00122472 0)
(0.20111 0.00105636 0)
(0.198419 -0.00136862 0)
(0.19987 0.000889704 0)
(0.198954 -0.000258674 0)
(0.199194 0.00029613 0)
(0.198596 0.000341487 0)
(0.198376 7.01856e-05 0)
(0.197918 0.000689016 0)
(0.197441 0.000168237 0)
(0.196893 0.00115758 0)
(0.196386 0.000783912 0)
(0.195706 0.00188415 0)
(0.195149 0.00206178 0)
(0.194511 0.00328182 0)
(0.194075 0.0042459 0)
(0.1938 0.00575153 0)
(0.193828 0.00724351 0)
(0.197879 -0.00142578 0)
(0.200378 0.000539267 0)
(0.198001 -0.00113215 0)
(0.199672 0.000930409 0)
(0.198781 -0.00120138 0)
(0.198768 0.000742174 0)
(0.198792 -0.00010244 0)
(0.198486 0.000229178 0)
(0.198186 0.00046119 0)
(0.197856 0.000116943 0)
(0.197451 0.000739637 0)
(0.196988 0.000373214 0)
(0.196459 0.00116053 0)
(0.195976 0.0011138 0)
(0.195381 0.00194144 0)
(0.194878 0.00243154 0)
(0.194403 0.00342738 0)
(0.194088 0.00447687 0)
(0.19397 0.00572902 0)
(0.194082 0.00701909 0)
(0.199195 -0.00134346 0)
(0.199484 0.000479226 0)
(0.198431 -0.00102957 0)
(0.198999 0.000809479 0)
(0.198788 -0.00102588 0)
(0.198267 0.000607051 0)
(0.198492 3.94278e-05 0)
(0.198116 0.000189722 0)
(0.197815 0.000544134 0)
(0.197511 0.000211031 0)
(0.197095 0.000761281 0)
(0.196657 0.000597093 0)
(0.19615 0.00119524 0)
(0.195687 0.00139199 0)
(0.195169 0.00206537 0)
(0.194729 0.00270084 0)
(0.194374 0.00359289 0)
(0.194167 0.00458816 0)
(0.194141 0.00567564 0)
(0.194304 0.00674445 0)
(0.199826 -0.00126136 0)
(0.199181 0.000426864 0)
(0.198598 -0.000913526 0)
(0.198757 0.000691389 0)
(0.198727 -0.000843824 0)
(0.198094 0.000485637 0)
(0.19827 0.000167698 0)
(0.197945 0.000184749 0)
(0.197593 0.000594382 0)
(0.197316 0.000341334 0)
(0.196902 0.00078353 0)
(0.196476 0.000808374 0)
(0.196001 0.00127851 0)
(0.195563 0.00161949 0)
(0.195115 0.00223007 0)
(0.194743 0.00290408 0)
(0.194477 0.00373697 0)
(0.194354 0.00463153 0)
(0.194383 0.00557944 0)
(0.194566 0.00646006 0)
(0.200062 -0.00117693 0)
(0.19914 0.000370592 0)
(0.198674 -0.000782329 0)
(0.198708 0.000574894 0)
(0.198698 -0.00065995 0)
(0.198086 0.000382827 0)
(0.198165 0.000276491 0)
(0.1979 0.000216149 0)
(0.197513 0.000622603 0)
(0.197244 0.000488206 0)
(0.196854 0.0008277 0)
(0.196439 0.000992735 0)
(0.196002 0.00140297 0)
(0.1956 0.00181436 0)
(0.195217 0.00240368 0)
(0.194913 0.0030663 0)
(0.194718 0.00384175 0)
(0.194657 0.004633 0)
(0.19472 0.00544936 0)
(0.194905 0.00618099 0)
(0.20012 -0.0010865 0)
(0.199177 0.000301851 0)
(0.198727 -0.000637784 0)
(0.198726 0.000462463 0)
(0.198704 -0.000482753 0)
(0.19815 0.000307527 0)
(0.198145 0.000358355 0)
(0.197925 0.000277182 0)
(0.197532 0.000644308 0)
(0.19726 0.000631619 0)
(0.196906 0.000899661 0)
(0.196512 0.00115201 0)
(0.196115 0.00155016 0)
(0.195761 0.00199059 0)
(0.19544 0.00256458 0)
(0.195202 0.00319674 0)
(0.195066 0.00390615 0)
(0.19505 0.004603 0)
(0.195134 0.00529911 0)
(0.195313 0.00591136 0)
(0.200119 -0.000987567 0)
(0.199227 0.000218036 0)
(0.198773 -0.000485554 0)
(0.198761 0.000360506 0)
(0.198727 -0.000321907 0)
(0.198238 0.000264975 0)
(0.198169 0.000415121 0)
(0.19798 0.000358029 0)
(0.197601 0.000673792 0)
(0.197326 0.000761452 0)
(0.197012 0.000995453 0)
(0.196653 0.00129503 0)
(0.196298 0.00170202 0)
(0.195997 0.00215332 0)
(0.195738 0.00270457 0)
(0.195561 0.003297 0)
(0.195474 0.00393542 0)
(0.195492 0.00454653 0)
(0.195588 0.00513764 0)
(0.195758 0.00565168 0)
(0.200104 -0.000880243 0)
(0.199279 0.000123362 0)
(0.198819 -0.00033357 0)
(0.1988 0.000277353 0)
(0.19876 -0.000185643 0)
(0.19833 0.000254015 0)
(0.198216 0.000454671 0)
(0.198047 0.000443712 0)
(0.197693 0.000716024 0)
(0.19742 0.00087723 0)
(0.197144 0.00110733 0)
(0.196832 0.0014286 0)
(0.196522 0.00184592 0)
(0.196272 0.00229968 0)
(0.196072 0.00282137 0)
(0.195949 0.00336768 0)
(0.195902 0.00393522 0)
(0.195945 0.00446814 0)
(0.196048 0.00496949 0)
(0.196206 0.0054017 0)
(0.200088 -0.000766758 0)
(0.199339 2.3769e-05 0)
(0.198867 -0.000189565 0)
(0.198842 0.000226244 0)
(0.198801 -7.35634e-05 0)
(0.198424 0.000268491 0)
(0.198278 0.000490118 0)
(0.198122 0.000526062 0)
(0.197799 0.000770665 0)
(0.197533 0.000982856 0)
(0.197293 0.00122649 0)
(0.197033 0.00155579 0)
(0.196771 0.00197529 0)
(0.196568 0.00242397 0)
(0.196418 0.00291293 0)
(0.196341 0.00341004 0)
(0.196327 0.0039101 0)
(0.196387 0.00437248 0)
(0.19649 0.00479763 0)
(0.196636 0.00516153 0)
(0.200072 -0.000649202 0)
(0.199406 -7.89531e-05 0)
(0.198925 -6.52614e-05 0)
(0.198886 0.000217035 0)
(0.19885 1.19209e-05 0)
(0.198519 0.000295063 0)
(0.198352 0.000528511 0)
(0.198206 0.000605524 0)
(0.197915 0.000836122 0)
(0.197665 0.00108309 0)
(0.197457 0.00134673 0)
(0.197249 0.00167758 0)
(0.197036 0.00208811 0)
(0.196877 0.00252266 0)
(0.196768 0.0029766 0)
(0.196727 0.00342461 0)
(0.196737 0.0038626 0)
(0.196807 0.00426253 0)
(0.196908 0.00462357 0)
(0.19704 0.00493074 0)
(0.200057 -0.000531883 0)
(0.199482 -0.000173732 0)
(0.198995 2.29577e-05 0)
(0.198932 0.000243915 0)
(0.198906 8.23588e-05 0)
(0.198621 0.000324625 0)
(0.19844 0.000568183 0)
(0.198301 0.00068208 0)
(0.198045 0.000907412 0)
(0.197815 0.00117883 0)
(0.197637 0.00146309 0)
(0.197478 0.00179274 0)
(0.197313 0.0021845 0)
(0.197192 0.00259534 0)
(0.197117 0.00301107 0)
(0.197103 0.00341134 0)
(0.197131 0.00379325 0)
(0.197206 0.00413878 0)
(0.197302 0.00444645 0)
(0.197418 0.00470708 0)
(0.200044 -0.000419929 0)
(0.199563 -0.000246431 0)
(0.199081 7.09712e-05 0)
(0.198983 0.000294414 0)
(0.198964 0.000164457 0)
(0.198727 0.000362404 0)
(0.19854 0.000609239 0)
(0.198408 0.000755796 0)
(0.198187 0.000981131 0)
(0.197984 0.00126947 0)
(0.197834 0.00157235 0)
(0.197717 0.00190039 0)
(0.197596 0.00226782 0)
(0.197509 0.00264693 0)
(0.19746 0.00302075 0)
(0.197467 0.00337403 0)
(0.197507 0.0037048 0)
(0.197585 0.00400275 0)
(0.197673 0.00426594 0)
(0.197774 0.00448866 0)
(0.200033 -0.000317232 0)
(0.199644 -0.000289618 0)
(0.199184 8.65984e-05 0)
(0.199043 0.000352302 0)
(0.199022 0.00026157 0)
(0.198833 0.000414725 0)
(0.198651 0.00065447 0)
(0.198526 0.000827761 0)
(0.198341 0.00105609 0)
(0.198171 0.00135331 0)
(0.198047 0.00167032 0)
(0.197964 0.00199724 0)
(0.197879 0.00234046 0)
(0.197822 0.00268371 0)
(0.197792 0.0030131 0)
(0.197814 0.0033195 0)
(0.197864 0.00360265 0)
(0.197943 0.00385795 0)
(0.198024 0.00408347 0)
(0.19811 0.00427509 0)
(0.200023 -0.000229451 0)
(0.199721 -0.000293705 0)
(0.1993 7.71088e-05 0)
(0.199115 0.000395837 0)
(0.199082 0.000364863 0)
(0.198937 0.000484981 0)
(0.19877 0.000709242 0)
(0.198654 0.000899742 0)
(0.198505 0.00112985 0)
(0.198372 0.00142686 0)
(0.198276 0.00175036 0)
(0.198219 0.00207603 0)
(0.19816 0.00239827 0)
(0.198123 0.00270633 0)
(0.198107 0.0029921 0)
(0.19814 0.00325265 0)
(0.198197 0.00349092 0)
(0.19828 0.00370673 0)
(0.198356 0.00389921 0)
(0.198428 0.00406473 0)
(0.200016 -0.000158514 0)
(0.199788 -0.000260088 0)
(0.19942 5.38001e-05 0)
(0.199201 0.000409628 0)
(0.199145 0.000461989 0)
(0.199035 0.000569407 0)
(0.198889 0.000778834 0)
(0.198788 0.000975845 0)
(0.198674 0.00120099 0)
(0.198581 0.00148799 0)
(0.198515 0.00180748 0)
(0.198479 0.00212918 0)
(0.198436 0.00243448 0)
(0.198408 0.00271238 0)
(0.198399 0.00295932 0)
(0.198437 0.00317721 0)
(0.198501 0.00337339 0)
(0.198589 0.00355165 0)
(0.198665 0.00371355 0)
(0.198729 0.00385595 0)
(0.20001 -0.000103212 0)
(0.199843 -0.000200667 0)
(0.199535 3.18297e-05 0)
(0.199301 0.000400833 0)
(0.199215 0.000537336 0)
(0.199129 0.000660898 0)
(0.199007 0.000860103 0)
(0.198921 0.00106011 0)
(0.19884 0.00127145 0)
(0.19879 0.00153683 0)
(0.198758 0.00183894 0)
(0.198743 0.0021494 0)
(0.198707 0.00244166 0)
(0.198678 0.00269789 0)
(0.198665 0.00291484 0)
(0.198701 0.00309658 0)
(0.19877 0.00325484 0)
(0.198865 0.00339752 0)
(0.198947 0.00352987 0)
(0.199009 0.00365025 0)
(0.200006 -5.95581e-05 0)
(0.199883 -0.000132228 0)
(0.199637 3.1312e-05 0)
(0.199408 0.000384229 0)
(0.199297 0.000585065 0)
(0.199222 0.000748552 0)
(0.199121 0.000946695 0)
(0.199048 0.00115155 0)
(0.198995 0.00134888 0)
(0.198988 0.00158063 0)
(0.198994 0.00185036 0)
(0.199004 0.00213686 0)
(0.198975 0.00241482 0)
(0.198937 0.00265744 0)
(0.198908 0.00285572 0)
(0.198932 0.00301158 0)
(0.198998 0.00313897 0)
(0.1991 0.0032499 0)
(0.199192 0.00335387 0)
(0.199262 0.00345233 0)
(0.200003 -2.41274e-05 0)
(0.199913 -6.49228e-05 0)
(0.199725 5.86708e-05 0)
(0.199515 0.00036745 0)
(0.199389 0.000611859 0)
(0.199319 0.00081206 0)
(0.199234 0.00102795 0)
(0.199171 0.00123898 0)
(0.199134 0.00143237 0)
(0.199162 0.00162883 0)
(0.199211 0.00185486 0)
(0.199254 0.00210296 0)
(0.199238 0.00235665 0)
(0.19919 0.00258641 0)
(0.199137 0.0027746 0)
(0.199136 0.00291667 0)
(0.199188 0.00302376 0)
(0.199291 0.00311039 0)
(0.199396 0.00318948 0)
(0.199482 0.00326702 0)
(0.200001 3.86279e-06 0)
(0.199935 -2.21519e-06 0)
(0.199795 0.000102689 0)
(0.199615 0.000367831 0)
(0.199487 0.000625272 0)
(0.199422 0.000853072 0)
(0.19935 0.00108563 0)
(0.199293 0.00131093 0)
(0.199262 0.00150722 0)
(0.19931 0.00168206 0)
(0.199395 0.00186461 0)
(0.199477 0.0020665 0)
(0.199486 0.00228245 0)
(0.199438 0.00249066 0)
(0.199361 0.00266875 0)
(0.199326 0.00280543 0)
(0.199351 0.00290338 0)
(0.199444 0.00297625 0)
(0.199557 0.00303709 0)
(0.199663 0.00309701 0)
(0.2 2.50466e-05 0)
(0.199951 5.49863e-05 0)
(0.199852 0.000151631 0)
(0.199704 0.000394206 0)
(0.199584 0.000640911 0)
(0.199528 0.000882923 0)
(0.199471 0.00112001 0)
(0.199419 0.00135551 0)
(0.199384 0.00156122 0)
(0.199436 0.00172917 0)
(0.199544 0.00188028 0)
(0.19966 0.00203897 0)
(0.199702 0.00221015 0)
(0.199667 0.00238645 0)
(0.199579 0.00254695 0)
(0.199512 0.00267904 0)
(0.199503 0.00277482 0)
(0.199573 0.00284413 0)
(0.199684 0.00289526 0)
(0.199806 0.00294328 0)
(0.199999 4.04462e-05 0)
(0.199963 0.00010764 0)
(0.1999 0.000199886 0)
(0.199783 0.000420817 0)
(0.199675 0.000669164 0)
(0.199631 0.000905322 0)
(0.199589 0.00114045 0)
(0.199548 0.0013706 0)
(0.199509 0.00158301 0)
(0.199551 0.00175623 0)
(0.199664 0.00189148 0)
(0.199803 0.0020175 0)
(0.199877 0.00214652 0)
(0.199866 0.00228676 0)
(0.199782 0.00242199 0)
(0.199696 0.00254487 0)
(0.199655 0.00263945 0)
(0.199695 0.00271138 0)
(0.199792 0.00276077 0)
(0.19992 0.0028036 0)
(0.2 5.30409e-05 0)
(0.199972 0.000151238 0)
(0.199935 0.000251768 0)
(0.199856 0.000445473 0)
(0.199763 0.000693949 0)
(0.199727 0.00092883 0)
(0.199702 0.00114999 0)
(0.199674 0.00136972 0)
(0.199639 0.0015742 0)
(0.199666 0.00175382 0)
(0.199766 0.00188517 0)
(0.199911 0.00199126 0)
(0.200008 0.00208564 0)
(0.200025 0.00219148 0)
(0.199959 0.00229849 0)
(0.199873 0.00240702 0)
(0.199813 0.00249764 0)
(0.199824 0.00257296 0)
(0.199898 0.00262524 0)
(0.200019 0.00266814 0)
(0.2 6.37101e-05 0)
(0.19998 0.000186546 0)
(0.199962 0.000302176 0)
(0.199915 0.000481894 0)
(0.199846 0.000713497 0)
(0.199816 0.000949191 0)
(0.199802 0.00115762 0)
(0.19979 0.00136438 0)
(0.199764 0.00155527 0)
(0.199782 0.00173042 0)
(0.199861 0.00185939 0)
(0.199991 0.0019563 0)
(0.200099 0.00202811 0)
(0.200142 0.00210672 0)
(0.200105 0.00218842 0)
(0.200035 0.00228011 0)
(0.199973 0.00236222 0)
(0.199965 0.00243597 0)
(0.200014 0.00248902 0)
(0.200114 0.00253203 0)
(0.200001 8.24352e-05 0)
(0.199997 0.000236497 0)
(0.200009 0.000374825 0)
(0.200026 0.000551602 0)
(0.200013 0.000752094 0)
(0.200007 0.000963675 0)
(0.200015 0.00114983 0)
(0.200034 0.00132729 0)
(0.200034 0.00148361 0)
(0.200037 0.00162959 0)
(0.200065 0.00174029 0)
(0.200144 0.00182761 0)
(0.200243 0.0018865 0)
(0.200331 0.00194336 0)
(0.200367 0.00199624 0)
(0.200355 0.00205824 0)
(0.20031 0.00211534 0)
(0.200276 0.00217176 0)
(0.200272 0.00221458 0)
(0.200317 0.00225164 0)
(0.2 9.852e-05 0)
(0.200013 0.000269595 0)
(0.20004 0.00042047 0)
(0.200081 0.000589649 0)
(0.200106 0.000753638 0)
(0.20013 0.000927796 0)
(0.200155 0.0010765 0)
(0.200187 0.00121449 0)
(0.200205 0.00132512 0)
(0.200213 0.00143014 0)
(0.20022 0.00151314 0)
(0.200254 0.001587 0)
(0.200311 0.00163805 0)
(0.200385 0.00168254 0)
(0.200446 0.00171421 0)
(0.200485 0.00174855 0)
(0.200492 0.0017776 0)
(0.200486 0.00181056 0)
(0.200476 0.00183685 0)
(0.200483 0.00186348 0)
(0.2 9.66641e-05 0)
(0.200017 0.000257935 0)
(0.200046 0.000394342 0)
(0.200084 0.000548175 0)
(0.200121 0.000689492 0)
(0.200156 0.00083651 0)
(0.200187 0.000957024 0)
(0.200219 0.00106934 0)
(0.200246 0.00115478 0)
(0.20027 0.00123598 0)
(0.200289 0.00129896 0)
(0.200316 0.0013594 0)
(0.20035 0.00140238 0)
(0.200393 0.00144139 0)
(0.200434 0.00146627 0)
(0.200469 0.00149123 0)
(0.200491 0.0015082 0)
(0.200505 0.00152859 0)
(0.200512 0.00154327 0)
(0.200521 0.00156099 0)
(0.2 8.70695e-05 0)
(0.200016 0.000229401 0)
(0.200042 0.000346352 0)
(0.200074 0.000483483 0)
(0.20011 0.000607461 0)
(0.200145 0.000735692 0)
(0.200179 0.000837659 0)
(0.200212 0.000933723 0)
(0.200243 0.00100425 0)
(0.200272 0.00107072 0)
(0.200297 0.00111835 0)
(0.200321 0.00116497 0)
(0.200343 0.0011967 0)
(0.200367 0.00122817 0)
(0.200391 0.00124776 0)
(0.200416 0.0012688 0)
(0.200438 0.00128145 0)
(0.200457 0.00129716 0)
(0.200472 0.00130652 0)
(0.200485 0.00131937 0)
(0.2 7.51026e-05 0)
(0.200013 0.000196516 0)
(0.200035 0.000294591 0)
(0.200061 0.000413818 0)
(0.200092 0.000521049 0)
(0.200124 0.000633138 0)
(0.200156 0.000720069 0)
(0.200186 0.000802338 0)
(0.200215 0.000860322 0)
(0.200241 0.00091507 0)
(0.200264 0.00095168 0)
(0.200285 0.000988413 0)
(0.200304 0.00101207 0)
(0.200323 0.00103758 0)
(0.200342 0.00105302 0)
(0.20036 0.00107105 0)
(0.200378 0.00108111 0)
(0.200394 0.00109427 0)
(0.200408 0.00110095 0)
(0.20042 0.00111114 0)
(0.200001 6.31105e-05 0)
(0.200011 0.000164116 0)
(0.200028 0.000244714 0)
(0.200049 0.0003463 0)
(0.200074 0.000437462 0)
(0.2001 0.00053427 0)
(0.200127 0.000607928 0)
(0.200152 0.000678154 0)
(0.200178 0.00072622 0)
(0.2002 0.000772286 0)
(0.200221 0.000801874 0)
(0.20024 0.000832345 0)
(0.200259 0.000850941 0)
(0.200274 0.000871967 0)
(0.200291 0.000883933 0)
(0.200304 0.000898892 0)
(0.200318 0.00090662 0)
(0.20033 0.000917579 0)
(0.200341 0.000922529 0)
(0.200351 0.000930967 0)
(0.200001 5.21684e-05 0)
(0.200009 0.000134952 0)
(0.200023 0.000200186 0)
(0.200038 0.000285329 0)
(0.200059 0.000361626 0)
(0.200079 0.000444047 0)
(0.200102 0.000506055 0)
(0.200122 0.000565877 0)
(0.200144 0.000606056 0)
(0.200163 0.000645096 0)
(0.200182 0.000669383 0)
(0.200197 0.00069486 0)
(0.200213 0.000709639 0)
(0.200226 0.000726964 0)
(0.20024 0.000736213 0)
(0.200251 0.000748541 0)
(0.200262 0.000754459 0)
(0.200271 0.000763593 0)
(0.20028 0.000767344 0)
(0.200287 0.000774435 0)
(0.200001 4.26022e-05 0)
(0.200007 0.000109701 0)
(0.200018 0.000162024 0)
(0.20003 0.000232447 0)
(0.200047 0.000295471 0)
(0.200062 0.000364603 0)
(0.200081 0.000416175 0)
(0.200098 0.000466461 0)
(0.200116 0.000499711 0)
(0.200131 0.000532405 0)
(0.200147 0.000552234 0)
(0.200159 0.00057343 0)
(0.200173 0.00058528 0)
(0.200183 0.000599629 0)
(0.200195 0.000606932 0)
(0.200203 0.000617162 0)
(0.200212 0.000621794 0)
(0.200219 0.000629424 0)
(0.200227 0.00063233 0)
(0.200233 0.000638296 0)
(0.200001 3.43424e-05 0)
(0.200005 8.80865e-05 0)
(0.200014 0.000129626 0)
(0.200024 0.000187002 0)
(0.200037 0.000238279 0)
(0.200049 0.000295234 0)
(0.200065 0.000337422 0)
(0.200078 0.000378945 0)
(0.200093 0.000406078 0)
(0.200104 0.000433066 0)
(0.200118 0.000449148 0)
(0.200128 0.000466632 0)
(0.200139 0.000476163 0)
(0.200148 0.000487996 0)
(0.200157 0.000493814 0)
(0.200164 0.000502262 0)
(0.200172 0.00050592 0)
(0.200177 0.000512243 0)
(0.200183 0.000514516 0)
(0.200188 0.000519485 0)
(0.2 2.72226e-05 0)
(0.200004 6.95944e-05 0)
(0.200011 0.00010211 0)
(0.200019 0.000147973 0)
(0.200029 0.000188918 0)
(0.200039 0.000234854 0)
(0.200052 0.000268699 0)
(0.200062 0.00030227 0)
(0.200074 0.000324017 0)
(0.200084 0.000345857 0)
(0.200095 0.000358704 0)
(0.200103 0.000372862 0)
(0.200112 0.000380438 0)
(0.200119 0.00039003 0)
(0.200127 0.000394628 0)
(0.200132 0.000401487 0)
(0.200139 0.000404363 0)
(0.200143 0.00040951 0)
(0.200148 0.000411284 0)
(0.200151 0.000415342 0)
(0.2 2.10576e-05 0)
(0.200003 5.36896e-05 0)
(0.200009 7.85938e-05 0)
(0.200015 0.000114294 0)
(0.200024 0.000146145 0)
(0.200031 0.000182152 0)
(0.200042 0.000208576 0)
(0.20005 0.000234945 0)
(0.20006 0.000251916 0)
(0.200068 0.000269087 0)
(0.200077 0.000279094 0)
(0.200083 0.000290238 0)
(0.200091 0.000296125 0)
(0.200096 0.000303686 0)
(0.200103 0.00030725 0)
(0.200107 0.000312668 0)
(0.200113 0.00031489 0)
(0.200116 0.000318965 0)
(0.20012 0.000320331 0)
(0.200123 0.000323552 0)
(0.2 1.56593e-05 0)
(0.200003 3.98415e-05 0)
(0.200007 5.82222e-05 0)
(0.200012 8.48885e-05 0)
(0.200019 0.00010867 0)
(0.200026 0.000135705 0)
(0.200034 0.00015549 0)
(0.200041 0.00017532 0)
(0.200049 0.000188026 0)
(0.200055 0.00020095 0)
(0.200063 0.000208434 0)
(0.200068 0.000216831 0)
(0.200075 0.000221228 0)
(0.200079 0.000226934 0)
(0.200085 0.000229592 0)
(0.200088 0.000233688 0)
(0.200093 0.000235344 0)
(0.200095 0.000238431 0)
(0.200099 0.000239445 0)
(0.200101 0.00024189 0)
(0.2 1.08412e-05 0)
(0.200002 2.75377e-05 0)
(0.200006 4.01922e-05 0)
(0.20001 5.87065e-05 0)
(0.200016 7.52156e-05 0)
(0.200021 9.40557e-05 0)
(0.200029 0.000107819 0)
(0.200034 0.000121654 0)
(0.200041 0.000130492 0)
(0.200046 0.000139515 0)
(0.200053 0.000144717 0)
(0.200057 0.000150585 0)
(0.200063 0.000153639 0)
(0.200066 0.00015763 0)
(0.200071 0.000159475 0)
(0.200074 0.000162344 0)
(0.200078 0.000163492 0)
(0.20008 0.000165657 0)
(0.200083 0.00016636 0)
(0.200085 0.000168076 0)
(0.2 6.40748e-06 0)
(0.200002 1.62543e-05 0)
(0.200005 2.37029e-05 0)
(0.200009 3.46613e-05 0)
(0.200014 4.44338e-05 0)
(0.200019 5.56129e-05 0)
(0.200025 6.37709e-05 0)
(0.20003 7.19858e-05 0)
(0.200036 7.7224e-05 0)
(0.20004 8.25829e-05 0)
(0.200046 8.56644e-05 0)
(0.20005 8.915e-05 0)
(0.200055 9.09579e-05 0)
(0.200058 9.33304e-05 0)
(0.200062 9.44224e-05 0)
(0.200065 9.61286e-05 0)
(0.200068 9.6808e-05 0)
(0.20007 9.80965e-05 0)
(0.200073 9.8512e-05 0)
(0.200074 9.95341e-05 0)
(0.2 2.13057e-06 0)
(0.200002 5.4e-06 0)
(0.200005 7.87058e-06 0)
(0.200008 1.15158e-05 0)
(0.200013 1.47671e-05 0)
(0.200017 1.84906e-05 0)
(0.200023 2.12067e-05 0)
(0.200027 2.39434e-05 0)
(0.200033 2.56869e-05 0)
(0.200037 2.7472e-05 0)
(0.200042 2.84971e-05 0)
(0.200046 2.96581e-05 0)
(0.20005 3.02592e-05 0)
(0.200053 3.10494e-05 0)
(0.200057 3.14123e-05 0)
(0.200059 3.19809e-05 0)
(0.200063 3.22066e-05 0)
(0.200064 3.2636e-05 0)
(0.200067 3.2774e-05 0)
(0.200068 3.31147e-05 0)
)
;

boundaryField
{
    top
    {
        type            fixedValue;
        value           uniform (0.2 0 0);
    }
    inlet
    {
        type            fixedValue;
        value           uniform (0.2 0 0);
    }
    outlet
    {
        type            zeroGradient;
    }
    plate
    {
        type            fixedValue;
        value           uniform (0 0 0);
    }
    symmBound
    {
        type            zeroGradient;
    }
    frontAndBack
    {
        type            empty;
    }
}


// ************************************************************************* //
