# Residuals  
# Time       	p            	Ux           	Uy           
0.001        	1.000000e+00	1.000000e+00	0.000000e+00
0.002        	4.286990e-03	3.825460e-02	1.491760e-01
0.003        	4.196920e-03	1.849070e-02	6.963910e-02
0.004        	5.205230e-03	1.132150e-02	4.141070e-02
0.005        	5.433660e-03	7.874750e-03	2.845490e-02
0.006        	5.825710e-03	5.961360e-03	2.153310e-02
0.007        	6.310520e-03	4.769100e-03	1.728390e-02
0.008        	5.717480e-03	4.008020e-03	1.468720e-02
0.009        	5.986580e-03	3.410620e-03	1.249890e-02
0.01         	6.217570e-03	2.993300e-03	1.104330e-02
0.011        	6.383840e-03	2.594340e-03	9.454220e-03
0.012        	7.096700e-03	2.295270e-03	8.331420e-03
0.013        	6.832000e-03	2.047550e-03	7.460330e-03
0.014        	6.729740e-03	1.882760e-03	6.968600e-03
0.015        	6.691890e-03	1.757410e-03	6.615700e-03
0.016        	7.033020e-03	1.663600e-03	6.376770e-03
0.017        	7.060310e-03	1.536440e-03	5.909720e-03
0.018        	6.740850e-03	1.421010e-03	5.481890e-03
0.019        	6.802710e-03	1.323400e-03	5.128700e-03
0.02         	6.940690e-03	1.241870e-03	4.833660e-03
0.021        	6.951060e-03	1.189100e-03	4.678830e-03
0.022        	6.841090e-03	1.159170e-03	4.635660e-03
0.023        	7.257060e-03	1.081300e-03	4.321030e-03
0.024        	7.171550e-03	1.043420e-03	4.231110e-03
0.025        	6.801940e-03	9.761020e-04	3.969210e-03
0.026        	7.251630e-03	9.123930e-04	3.717360e-03
0.027        	6.805240e-03	8.985760e-04	3.724910e-03
0.028        	6.840730e-03	8.688040e-04	3.638970e-03
0.029        	7.164100e-03	8.373410e-04	3.532850e-03
0.03         	7.047890e-03	8.265760e-04	3.526420e-03
0.031        	7.779960e-03	8.003470e-04	3.441370e-03
0.032        	7.391560e-03	7.694070e-04	3.338010e-03
0.033        	7.180710e-03	7.231490e-04	3.150590e-03
0.034        	7.074050e-03	7.003910e-04	3.078760e-03
0.035        	7.169550e-03	6.775450e-04	3.001340e-03
0.036        	7.142730e-03	6.614500e-04	2.961560e-03
0.037        	7.243230e-03	6.440580e-04	2.920570e-03
0.038        	7.288640e-03	6.257910e-04	2.863610e-03
0.039        	6.987080e-03	6.146070e-04	2.833870e-03
0.04         	6.971790e-03	6.090620e-04	2.825240e-03
0.041        	6.816730e-03	6.170850e-04	2.873110e-03
0.042        	7.002230e-03	5.740220e-04	2.717410e-03
0.043        	7.083340e-03	5.481930e-04	2.631070e-03
0.044        	7.108950e-03	5.344580e-04	2.593320e-03
0.045        	6.987610e-03	5.231430e-04	2.562360e-03
0.046        	6.828560e-03	5.137410e-04	2.533340e-03
0.047        	6.912450e-03	5.061300e-04	2.511750e-03
0.048        	7.486690e-03	4.843060e-04	2.446020e-03
0.049        	6.960520e-03	4.809380e-04	2.448520e-03
0.05         	6.678600e-03	4.713950e-04	2.427180e-03
0.051        	6.675370e-03	4.636720e-04	2.408920e-03
0.052        	6.829680e-03	4.574990e-04	2.395470e-03
0.053        	6.756890e-03	4.573900e-04	2.403710e-03
0.054        	7.032740e-03	4.580800e-04	2.415440e-03
0.055        	6.561130e-03	4.569880e-04	2.413610e-03
0.056        	6.706690e-03	4.225040e-04	2.312170e-03
0.057        	6.655410e-03	4.135160e-04	2.295170e-03
0.058        	6.837720e-03	4.053240e-04	2.276150e-03
0.059        	6.855420e-03	3.998240e-04	2.265090e-03
0.06         	6.631780e-03	3.948420e-04	2.251340e-03
0.061        	6.768780e-03	3.873710e-04	2.222020e-03
0.062        	6.663720e-03	3.834240e-04	2.212720e-03
0.063        	6.932360e-03	3.815380e-04	2.217810e-03
0.064        	7.058430e-03	3.621240e-04	2.154960e-03
0.065        	6.982220e-03	3.583830e-04	2.152520e-03
0.066        	7.208250e-03	3.568960e-04	2.156520e-03
0.067        	6.612400e-03	3.562310e-04	2.161780e-03
0.068        	6.801680e-03	3.532040e-04	2.152290e-03
0.069        	7.149190e-03	3.496550e-04	2.132140e-03
0.07         	6.713460e-03	3.534200e-04	2.132460e-03
0.071        	6.616410e-03	3.409160e-04	2.095960e-03
0.072        	6.804240e-03	3.354950e-04	2.082680e-03
0.073        	6.627650e-03	3.493380e-04	2.110240e-03
0.074        	6.652430e-03	3.259520e-04	2.070780e-03
0.075        	6.237100e-03	3.215130e-04	2.063810e-03
0.076        	6.266250e-03	3.180010e-04	2.054260e-03
0.077        	6.445290e-03	3.148550e-04	2.042170e-03
0.078        	6.489880e-03	3.127510e-04	2.028090e-03
0.079        	6.441280e-03	3.109660e-04	2.008420e-03
0.08         	6.714690e-03	3.043510e-04	1.981750e-03
0.081        	6.994140e-03	2.999370e-04	1.964890e-03
0.082        	7.441450e-03	2.985420e-04	1.957720e-03
0.083        	7.349140e-03	2.910770e-04	1.940910e-03
0.084        	7.215230e-03	2.876250e-04	1.927160e-03
0.085        	6.860290e-03	2.841080e-04	1.919350e-03
0.086        	7.049830e-03	2.784710e-04	1.913630e-03
0.087        	6.698250e-03	2.766590e-04	1.902180e-03
0.088        	6.741150e-03	2.727180e-04	1.889250e-03
0.089        	7.426240e-03	2.710470e-04	1.875130e-03
0.09         	7.271420e-03	2.745890e-04	1.855980e-03
0.091        	6.740470e-03	2.709110e-04	1.833010e-03
0.092        	7.019000e-03	2.686170e-04	1.823700e-03
0.093        	6.599010e-03	2.674070e-04	1.814870e-03
0.094        	6.263580e-03	2.668900e-04	1.809570e-03
0.095        	6.315960e-03	2.690110e-04	1.806430e-03
0.096        	5.987630e-03	2.816060e-04	1.823590e-03
0.097        	5.862470e-03	2.642270e-04	1.772830e-03
0.098        	5.762440e-03	2.616630e-04	1.757270e-03
0.099        	5.781370e-03	2.598520e-04	1.750060e-03
0.1          	5.809900e-03	2.577960e-04	1.741620e-03
0.101        	5.643250e-03	2.587780e-04	1.733980e-03
0.102        	5.783890e-03	2.587850e-04	1.721900e-03
0.103        	6.166090e-03	2.525720e-04	1.695340e-03
0.104        	5.762230e-03	2.515160e-04	1.680760e-03
0.105        	5.757690e-03	2.506130e-04	1.676800e-03
0.106        	5.881190e-03	2.529220e-04	1.689560e-03
0.107        	5.981600e-03	2.429660e-04	1.674230e-03
0.108        	6.024200e-03	2.417890e-04	1.662820e-03
0.109        	5.587980e-03	2.404440e-04	1.651050e-03
0.11         	5.925810e-03	2.358980e-04	1.636200e-03
0.111        	6.372650e-03	2.311840e-04	1.619770e-03
0.112        	6.151170e-03	2.280270e-04	1.602310e-03
0.113        	6.050470e-03	2.253020e-04	1.587860e-03
0.114        	5.782580e-03	2.240610e-04	1.581170e-03
0.115        	5.736760e-03	2.206170e-04	1.572290e-03
0.116        	6.224810e-03	2.171310e-04	1.561790e-03
0.117        	6.421940e-03	2.154550e-04	1.560220e-03
0.118        	6.638210e-03	2.125340e-04	1.556600e-03
0.119        	6.469890e-03	2.113770e-04	1.557420e-03
0.12         	5.539260e-03	2.165320e-04	1.573260e-03
0.121        	5.481510e-03	2.210810e-04	1.585620e-03
0.122        	5.523730e-03	2.160120e-04	1.581960e-03
0.123        	5.992160e-03	2.169640e-04	1.594690e-03
0.124        	5.849420e-03	2.190780e-04	1.607390e-03
0.125        	5.480750e-03	2.199570e-04	1.618580e-03
0.126        	5.820450e-03	2.266180e-04	1.648530e-03
0.127        	5.163010e-03	2.246630e-04	1.648110e-03
0.128        	4.966970e-03	2.228760e-04	1.643990e-03
0.129        	5.103190e-03	2.257920e-04	1.651270e-03
0.13         	5.222480e-03	2.352610e-04	1.678040e-03
0.131        	5.027450e-03	2.483410e-04	1.722450e-03
0.132        	4.757360e-03	2.366890e-04	1.670390e-03
0.133        	4.692100e-03	2.303600e-04	1.631420e-03
0.134        	4.269460e-03	2.371590e-04	1.649250e-03
0.135        	4.488210e-03	2.377300e-04	1.652230e-03
0.136        	4.872970e-03	2.244160e-04	1.602820e-03
0.137        	4.432200e-03	2.158710e-04	1.561010e-03
0.138        	4.384850e-03	2.146580e-04	1.542640e-03
0.139        	5.214990e-03	2.118320e-04	1.516430e-03
0.14         	5.227130e-03	2.048940e-04	1.476490e-03
0.141        	4.933550e-03	2.049270e-04	1.458940e-03
0.142        	5.470560e-03	2.011520e-04	1.427510e-03
0.143        	5.003170e-03	2.000620e-04	1.412930e-03
0.144        	4.832060e-03	2.003320e-04	1.411480e-03
0.145        	4.937750e-03	2.014800e-04	1.417500e-03
0.146        	4.905320e-03	1.880410e-04	1.379430e-03
0.147        	5.012210e-03	1.841690e-04	1.369920e-03
0.148        	4.924970e-03	1.811940e-04	1.361060e-03
0.149        	5.248340e-03	1.798860e-04	1.355030e-03
0.15         	5.369120e-03	1.780220e-04	1.345200e-03
0.151        	5.269750e-03	1.768510e-04	1.335510e-03
0.152        	5.227620e-03	1.747680e-04	1.326660e-03
0.153        	5.007450e-03	1.733970e-04	1.318050e-03
0.154        	5.136530e-03	1.718170e-04	1.310720e-03
0.155        	5.352260e-03	1.723900e-04	1.300180e-03
0.156        	5.142940e-03	1.692690e-04	1.284090e-03
0.157        	5.120310e-03	1.675090e-04	1.268770e-03
0.158        	5.397370e-03	1.662000e-04	1.255030e-03
0.159        	5.112770e-03	1.644790e-04	1.250940e-03
0.16         	4.490150e-03	1.628240e-04	1.247980e-03
0.161        	4.499200e-03	1.614120e-04	1.245670e-03
0.162        	4.748040e-03	1.607690e-04	1.241830e-03
0.163        	4.809160e-03	1.608790e-04	1.240110e-03
0.164        	4.715850e-03	1.605310e-04	1.236730e-03
0.165        	4.456140e-03	1.596990e-04	1.230270e-03
0.166        	4.304820e-03	1.614210e-04	1.231870e-03
0.167        	4.997780e-03	1.620330e-04	1.230330e-03
0.168        	5.314490e-03	1.609920e-04	1.220830e-03
0.169        	4.362580e-03	1.590830e-04	1.209680e-03
0.17         	4.283970e-03	1.591330e-04	1.210380e-03
0.171        	4.253770e-03	1.589120e-04	1.209980e-03
0.172        	4.057910e-03	1.605470e-04	1.216850e-03
0.173        	4.136720e-03	1.567070e-04	1.200790e-03
0.174        	4.097820e-03	1.545800e-04	1.190530e-03
0.175        	4.344830e-03	1.527450e-04	1.179410e-03
0.176        	4.165970e-03	1.508410e-04	1.165990e-03
0.177        	3.987940e-03	1.488360e-04	1.151470e-03
0.178        	3.972340e-03	1.467630e-04	1.135630e-03
0.179        	4.251500e-03	1.446960e-04	1.124720e-03
0.18         	4.727770e-03	1.428690e-04	1.117600e-03
0.181        	4.771770e-03	1.418830e-04	1.111690e-03
0.182        	5.300030e-03	1.413310e-04	1.105340e-03
0.183        	5.264290e-03	1.411230e-04	1.096840e-03
0.184        	5.551630e-03	1.408270e-04	1.072630e-03
0.185        	6.185620e-03	1.436040e-04	1.110250e-03
0.186        	5.529090e-03	1.450230e-04	1.115280e-03
0.187        	5.578940e-03	1.474150e-04	1.131860e-03
0.188        	6.553950e-03	1.496720e-04	1.152990e-03
0.189        	7.010310e-03	1.520510e-04	1.175360e-03
0.19         	6.310310e-03	1.558110e-04	1.207780e-03
0.191        	6.758960e-03	1.588730e-04	1.231430e-03
0.192        	7.581370e-03	1.583990e-04	1.231210e-03
0.193        	7.436400e-03	1.539060e-04	1.202460e-03
0.194        	6.651970e-03	1.658680e-04	1.280820e-03
0.195        	6.643820e-03	1.695230e-04	1.308940e-03
0.196        	6.647320e-03	1.729600e-04	1.336200e-03
0.197        	6.773400e-03	1.701750e-04	1.328450e-03
0.198        	7.116430e-03	1.680170e-04	1.324160e-03
0.199        	6.860370e-03	1.625170e-04	1.297110e-03
0.2          	7.504470e-03	1.591530e-04	1.282180e-03
0.201        	8.148770e-03	1.666240e-04	1.340950e-03
0.202        	7.727770e-03	1.633170e-04	1.332000e-03
0.203        	7.323100e-03	1.594340e-04	1.316190e-03
0.204        	7.182290e-03	1.572280e-04	1.307610e-03
0.205        	6.847630e-03	1.440590e-04	1.224940e-03
0.206        	7.217730e-03	1.322200e-04	1.149610e-03
0.207        	7.243910e-03	1.394250e-04	1.198860e-03
0.208        	6.388390e-03	1.338030e-04	1.164450e-03
0.209        	6.275990e-03	1.270760e-04	1.118700e-03
0.21         	6.229700e-03	1.202970e-04	1.071930e-03
0.211        	5.938500e-03	1.154940e-04	1.027790e-03
0.212        	5.702260e-03	1.146750e-04	1.020090e-03
0.213        	5.015540e-03	1.140930e-04	1.014070e-03
0.214        	4.452590e-03	1.156400e-04	1.008770e-03
0.215        	4.444100e-03	1.196090e-04	1.019690e-03
0.216        	4.685080e-03	1.235380e-04	1.038690e-03
0.217        	4.553590e-03	1.271380e-04	1.058520e-03
0.218        	4.345290e-03	1.349360e-04	1.099350e-03
0.219        	4.931670e-03	1.383550e-04	1.117880e-03
0.22         	4.455790e-03	1.449200e-04	1.158590e-03
0.221        	4.050240e-03	1.553740e-04	1.222050e-03
0.222        	4.240460e-03	1.666260e-04	1.292230e-03
0.223        	4.078740e-03	1.653970e-04	1.282800e-03
0.224        	4.083530e-03	1.749210e-04	1.342680e-03
0.225        	3.871060e-03	1.789270e-04	1.366390e-03
0.226        	3.653460e-03	1.828440e-04	1.387580e-03
0.227        	3.498310e-03	1.914530e-04	1.441550e-03
0.228        	3.323600e-03	2.073040e-04	1.542930e-03
0.229        	3.440840e-03	2.161840e-04	1.598230e-03
0.23         	3.121990e-03	2.230330e-04	1.639860e-03
0.231        	3.295890e-03	2.292250e-04	1.676060e-03
0.232        	3.179170e-03	2.312490e-04	1.684310e-03
0.233        	3.108700e-03	2.376310e-04	1.719400e-03
0.234        	3.327300e-03	2.304110e-04	1.665450e-03
0.235        	3.031190e-03	2.360310e-04	1.694700e-03
0.236        	2.585190e-03	2.370590e-04	1.692620e-03
0.237        	2.651640e-03	2.370570e-04	1.683600e-03
0.238        	2.766330e-03	2.359900e-04	1.667210e-03
0.239        	2.638550e-03	2.321840e-04	1.633620e-03
0.24         	2.813470e-03	2.323310e-04	1.624270e-03
0.241        	2.913210e-03	2.303340e-04	1.600230e-03
0.242        	3.027040e-03	2.278900e-04	1.572700e-03
0.243        	3.192340e-03	2.172690e-04	1.494480e-03
0.244        	2.776300e-03	2.196440e-04	1.495680e-03
0.245        	2.955710e-03	2.171350e-04	1.468100e-03
0.246        	2.953220e-03	2.040090e-04	1.383950e-03
0.247        	3.209280e-03	1.983080e-04	1.340650e-03
0.248        	3.288230e-03	1.886020e-04	1.275050e-03
0.249        	3.221470e-03	1.831410e-04	1.234060e-03
0.25         	3.577970e-03	1.814200e-04	1.214980e-03
0.251        	3.768030e-03	1.652700e-04	1.119440e-03
0.252        	3.633740e-03	1.529230e-04	1.050510e-03
0.253        	3.240530e-03	1.616880e-04	1.088370e-03
0.254        	3.370360e-03	1.392210e-04	9.709580e-04
0.255        	3.362150e-03	1.146100e-04	8.422270e-04
0.256        	3.249550e-03	1.023640e-04	7.810480e-04
0.257        	3.221120e-03	9.298410e-05	7.312540e-04
0.258        	3.251540e-03	8.894200e-05	7.048430e-04
0.259        	3.356870e-03	8.493730e-05	6.760030e-04
0.26         	3.245070e-03	8.261860e-05	6.569310e-04
0.261        	3.289180e-03	7.960640e-05	6.350380e-04
0.262        	3.558800e-03	7.804930e-05	6.188140e-04
0.263        	3.590240e-03	7.704750e-05	6.086150e-04
0.264        	3.379000e-03	7.665350e-05	5.989150e-04
0.265        	3.583150e-03	7.702770e-05	5.935820e-04
0.266        	3.511690e-03	7.656380e-05	5.885580e-04
0.267        	3.738590e-03	7.681080e-05	5.848680e-04
0.268        	3.417120e-03	7.606760e-05	5.811850e-04
0.269        	3.370860e-03	7.588370e-05	5.776330e-04
0.27         	3.390480e-03	7.737560e-05	5.766800e-04
0.271        	3.403910e-03	7.701170e-05	5.744060e-04
0.272        	3.356260e-03	7.638050e-05	5.716430e-04
0.273        	3.461090e-03	7.547670e-05	5.683560e-04
0.274        	3.470190e-03	7.403870e-05	5.646710e-04
0.275        	3.685670e-03	7.467640e-05	5.635730e-04
0.276        	3.477190e-03	7.653230e-05	5.659270e-04
0.277        	3.435330e-03	7.355380e-05	5.594440e-04
0.278        	3.515320e-03	7.213490e-05	5.590240e-04
0.279        	3.291990e-03	7.098850e-05	5.592650e-04
0.28         	3.268010e-03	6.982470e-05	5.597460e-04
0.281        	3.225770e-03	6.902730e-05	5.607800e-04
0.282        	3.073970e-03	6.818340e-05	5.616260e-04
0.283        	2.999270e-03	6.726410e-05	5.624880e-04
0.284        	2.945940e-03	6.639570e-05	5.636820e-04
0.285        	2.941850e-03	6.562290e-05	5.647160e-04
0.286        	2.919760e-03	6.493500e-05	5.658200e-04
0.287        	2.952190e-03	6.435530e-05	5.670180e-04
0.288        	2.840360e-03	6.389760e-05	5.679710e-04
0.289        	2.964210e-03	6.351220e-05	5.702140e-04
0.29         	2.805300e-03	6.337100e-05	5.751960e-04
0.291        	2.783450e-03	6.319890e-05	5.776380e-04
0.292        	2.724860e-03	6.299060e-05	5.791130e-04
0.293        	2.724460e-03	6.309950e-05	5.809790e-04
0.294        	2.657970e-03	6.325100e-05	5.819610e-04
0.295        	2.620480e-03	6.343480e-05	5.825150e-04
0.296        	2.622110e-03	6.361870e-05	5.824490e-04
0.297        	2.639470e-03	6.377020e-05	5.820830e-04
0.298        	2.556280e-03	6.378010e-05	5.809870e-04
0.299        	2.440510e-03	6.390020e-05	5.824330e-04
0.3          	2.333060e-03	6.360540e-05	5.821720e-04
0.301        	2.327000e-03	6.361560e-05	5.834870e-04
0.302        	2.316150e-03	6.355890e-05	5.842470e-04
0.303        	2.439450e-03	6.348710e-05	5.846070e-04
0.304        	2.400030e-03	6.337160e-05	5.848880e-04
0.305        	2.327960e-03	6.321410e-05	5.846800e-04
0.306        	2.246700e-03	6.295870e-05	5.835100e-04
0.307        	2.204010e-03	6.263260e-05	5.817960e-04
0.308        	2.381590e-03	6.224430e-05	5.810890e-04
0.309        	2.345810e-03	6.182420e-05	5.812070e-04
0.31         	2.405660e-03	6.089810e-05	5.782010e-04
0.311        	2.229090e-03	6.049890e-05	5.777650e-04
0.312        	2.204320e-03	6.002980e-05	5.772210e-04
0.313        	2.208340e-03	5.993080e-05	5.785600e-04
0.314        	2.316180e-03	5.887870e-05	5.754130e-04
0.315        	2.356790e-03	5.787350e-05	5.721330e-04
0.316        	2.159180e-03	5.714070e-05	5.701160e-04
0.317        	2.140970e-03	5.648030e-05	5.680440e-04
0.318        	2.310690e-03	5.585810e-05	5.664800e-04
0.319        	2.395240e-03	5.525790e-05	5.649290e-04
0.32         	2.173260e-03	5.469800e-05	5.630260e-04
0.321        	2.131120e-03	5.418440e-05	5.609560e-04
0.322        	2.064140e-03	5.369580e-05	5.589760e-04
0.323        	2.145840e-03	5.321680e-05	5.567410e-04
0.324        	2.212740e-03	5.274310e-05	5.543160e-04
0.325        	2.111480e-03	5.228120e-05	5.517620e-04
0.326        	2.102790e-03	5.190670e-05	5.490330e-04
0.327        	2.122880e-03	5.158010e-05	5.473590e-04
0.328        	2.091030e-03	5.124030e-05	5.466240e-04
0.329        	2.151280e-03	5.088110e-05	5.461010e-04
0.33         	2.108010e-03	5.049110e-05	5.452540e-04
0.331        	2.029270e-03	5.009570e-05	5.437770e-04
0.332        	2.147450e-03	4.967360e-05	5.417330e-04
0.333        	2.141850e-03	4.923130e-05	5.391790e-04
0.334        	2.027540e-03	4.882750e-05	5.370630e-04
0.335        	1.932950e-03	4.841330e-05	5.354150e-04
0.336        	1.885020e-03	4.803780e-05	5.336780e-04
0.337        	1.976380e-03	4.764970e-05	5.315430e-04
0.338        	1.957040e-03	4.727170e-05	5.291890e-04
0.339        	1.924340e-03	4.697810e-05	5.268880e-04
0.34         	1.790220e-03	4.678580e-05	5.239800e-04
0.341        	1.774310e-03	4.664390e-05	5.207600e-04
0.342        	1.752100e-03	4.654780e-05	5.173650e-04
0.343        	1.735350e-03	4.644720e-05	5.138730e-04
0.344        	1.714940e-03	4.635810e-05	5.107610e-04
0.345        	1.709200e-03	4.625720e-05	5.106850e-04
0.346        	1.740830e-03	4.615290e-05	5.121280e-04
0.347        	1.804510e-03	4.599790e-05	5.133010e-04
0.348        	1.954410e-03	4.580550e-05	5.136560e-04
0.349        	2.008370e-03	4.560990e-05	5.133230e-04
0.35         	1.837600e-03	4.538560e-05	5.123600e-04
0.351        	1.751000e-03	4.512410e-05	5.107040e-04
0.352        	1.706620e-03	4.483320e-05	5.084850e-04
0.353        	1.638020e-03	4.456520e-05	5.058010e-04
0.354        	1.564010e-03	4.431540e-05	5.033950e-04
0.355        	1.513340e-03	4.407280e-05	5.010470e-04
0.356        	1.490420e-03	4.389710e-05	4.990810e-04
0.357        	1.552770e-03	4.377010e-05	4.970950e-04
0.358        	1.680550e-03	4.362040e-05	4.944160e-04
0.359        	1.625800e-03	4.341660e-05	4.911870e-04
0.36         	1.431130e-03	4.319080e-05	4.880370e-04
0.361        	1.407830e-03	4.298270e-05	4.845910e-04
0.362        	1.403710e-03	4.273830e-05	4.826620e-04
0.363        	1.400240e-03	4.247380e-05	4.815370e-04
0.364        	1.350920e-03	4.228630e-05	4.826520e-04
0.365        	1.427700e-03	4.224880e-05	4.847380e-04
0.366        	1.352520e-03	4.230660e-05	4.866180e-04
0.367        	1.431150e-03	4.233270e-05	4.878410e-04
0.368        	1.494760e-03	4.236210e-05	4.887610e-04
0.369        	1.580570e-03	4.251120e-05	4.890510e-04
0.37         	1.561700e-03	4.262840e-05	4.887670e-04
0.371        	1.309510e-03	4.264900e-05	4.875680e-04
0.372        	1.340920e-03	4.258720e-05	4.854680e-04
0.373        	1.382920e-03	4.247990e-05	4.831390e-04
0.374        	1.348930e-03	4.231950e-05	4.803060e-04
0.375        	1.290340e-03	4.193130e-05	4.759620e-04
0.376        	1.400740e-03	4.148940e-05	4.721990e-04
0.377        	1.576070e-03	4.095540e-05	4.691000e-04
0.378        	1.343740e-03	4.038970e-05	4.660020e-04
0.379        	1.195620e-03	4.006930e-05	4.635330e-04
0.38         	1.171590e-03	3.974140e-05	4.601480e-04
0.381        	1.178100e-03	3.942640e-05	4.561950e-04
0.382        	1.189280e-03	3.938300e-05	4.514640e-04
0.383        	1.203480e-03	3.947160e-05	4.467480e-04
0.384        	1.127580e-03	3.947170e-05	4.415170e-04
0.385        	1.122450e-03	3.943860e-05	4.368640e-04
0.386        	1.200020e-03	3.935690e-05	4.344220e-04
0.387        	1.208930e-03	3.914600e-05	4.330160e-04
0.388        	1.149950e-03	3.882980e-05	4.313740e-04
0.389        	1.165360e-03	3.850820e-05	4.292530e-04
0.39         	1.269390e-03	3.813530e-05	4.264350e-04
0.391        	1.321370e-03	3.771040e-05	4.230540e-04
0.392        	1.119110e-03	3.722340e-05	4.190970e-04
0.393        	1.138430e-03	3.667530e-05	4.147950e-04
0.394        	1.157420e-03	3.606490e-05	4.113750e-04
0.395        	1.395310e-03	3.542170e-05	4.079170e-04
0.396        	1.392970e-03	3.492880e-05	4.043610e-04
0.397        	1.346920e-03	3.461170e-05	4.006690e-04
0.398        	1.293870e-03	3.412260e-05	3.954470e-04
0.399        	1.298820e-03	3.344870e-05	3.885000e-04
0.4          	1.318350e-03	3.297530e-05	3.826590e-04
0.401        	1.139510e-03	3.250640e-05	3.764570e-04
0.402        	1.087010e-03	3.199860e-05	3.719940e-04
0.403        	1.211540e-03	3.145800e-05	3.694040e-04
0.404        	1.331530e-03	3.088490e-05	3.677900e-04
0.405        	1.186270e-03	3.031580e-05	3.664130e-04
0.406        	1.438280e-03	2.990980e-05	3.645310e-04
0.407        	1.436850e-03	2.990300e-05	3.633350e-04
0.408        	1.409860e-03	2.982280e-05	3.618070e-04
0.409        	1.139310e-03	2.992690e-05	3.610650e-04
0.41         	1.270320e-03	2.971460e-05	3.574590e-04
0.411        	1.258090e-03	2.960560e-05	3.549020e-04
0.412        	1.171360e-03	2.936220e-05	3.519900e-04
0.413        	1.084400e-03	2.933600e-05	3.504190e-04
0.414        	1.255420e-03	2.941680e-05	3.504910e-04
0.415        	1.511660e-03	2.964570e-05	3.510760e-04
0.416        	1.522000e-03	3.018390e-05	3.530690e-04
0.417        	1.225820e-03	3.055010e-05	3.529040e-04
0.418        	1.207840e-03	2.997350e-05	3.463330e-04
0.419        	1.222790e-03	3.026670e-05	3.443950e-04
0.42         	1.078510e-03	3.068210e-05	3.423020e-04
0.421        	1.184970e-03	3.120060e-05	3.400860e-04
0.422        	1.214790e-03	3.183750e-05	3.384430e-04
0.423        	1.216390e-03	3.268360e-05	3.383230e-04
0.424        	1.067080e-03	3.364130e-05	3.394330e-04
0.425        	1.170540e-03	3.468200e-05	3.410650e-04
0.426        	1.299660e-03	3.575280e-05	3.433610e-04
0.427        	1.241860e-03	3.680190e-05	3.455360e-04
0.428        	1.435660e-03	3.780640e-05	3.472380e-04
0.429        	1.665220e-03	3.880180e-05	3.484160e-04
0.43         	1.402120e-03	3.970050e-05	3.490750e-04
0.431        	1.578990e-03	4.047680e-05	3.492120e-04
0.432        	1.509380e-03	4.106300e-05	3.494350e-04
0.433        	1.263730e-03	4.146190e-05	3.494870e-04
0.434        	1.357210e-03	4.164840e-05	3.486560e-04
0.435        	1.352740e-03	4.163920e-05	3.464330e-04
0.436        	1.402580e-03	4.150330e-05	3.430990e-04
0.437        	1.454910e-03	4.068450e-05	3.366160e-04
0.438        	1.429460e-03	3.851880e-05	3.249490e-04
0.439        	1.512660e-03	3.876860e-05	3.243880e-04
0.44         	1.463130e-03	3.835710e-05	3.216750e-04
0.441        	1.374340e-03	3.702740e-05	3.150240e-04
0.442        	1.272160e-03	3.789750e-05	3.178760e-04
0.443        	1.355830e-03	3.733600e-05	3.145890e-04
0.444        	1.382470e-03	3.835320e-05	3.178860e-04
0.445        	1.457020e-03	3.655800e-05	3.099660e-04
0.446        	1.593890e-03	3.399550e-05	2.994840e-04
0.447        	1.403590e-03	3.292550e-05	2.952760e-04
0.448        	1.427870e-03	3.203310e-05	2.916010e-04
0.449        	1.538610e-03	2.974070e-05	2.842280e-04
0.45         	1.407920e-03	3.082460e-05	2.852980e-04
0.451        	1.416040e-03	3.242340e-05	2.872220e-04
0.452        	1.376730e-03	2.936630e-05	2.756070e-04
0.453        	1.367890e-03	2.734950e-05	2.672250e-04
0.454        	1.378910e-03	2.673540e-05	2.631960e-04
0.455        	1.274900e-03	2.573370e-05	2.582390e-04
0.456        	1.321530e-03	2.460910e-05	2.535180e-04
0.457        	1.272000e-03	2.407190e-05	2.500430e-04
0.458        	1.398370e-03	2.380690e-05	2.471750e-04
0.459        	1.449970e-03	2.344010e-05	2.436430e-04
0.46         	1.382320e-03	2.386900e-05	2.416620e-04
0.461        	1.181520e-03	2.441280e-05	2.410610e-04
0.462        	1.220350e-03	2.491920e-05	2.421630e-04
0.463        	1.181460e-03	2.597960e-05	2.459120e-04
0.464        	1.253550e-03	2.762480e-05	2.527200e-04
0.465        	1.278770e-03	3.025900e-05	2.659650e-04
0.466        	1.247020e-03	3.400770e-05	2.857610e-04
0.467        	1.263920e-03	3.383100e-05	2.827050e-04
0.468        	1.186240e-03	2.977140e-05	2.568790e-04
0.469        	1.255020e-03	3.097150e-05	2.628850e-04
0.47         	1.192300e-03	3.259600e-05	2.719210e-04
0.471        	1.225500e-03	3.370680e-05	2.777280e-04
0.472        	1.075860e-03	3.513710e-05	2.858030e-04
0.473        	1.051190e-03	3.674400e-05	2.945780e-04
0.474        	1.020180e-03	3.850130e-05	3.039210e-04
0.475        	1.067460e-03	4.055990e-05	3.151870e-04
0.476        	1.097920e-03	4.311800e-05	3.295720e-04
0.477        	1.110340e-03	4.703830e-05	3.517290e-04
0.478        	1.132950e-03	4.589590e-05	3.449010e-04
0.479        	1.079170e-03	4.233600e-05	3.234980e-04
0.48         	1.129890e-03	4.295910e-05	3.275750e-04
0.481        	1.113440e-03	4.418460e-05	3.351230e-04
0.482        	1.066760e-03	4.601230e-05	3.455990e-04
0.483        	1.123740e-03	4.862120e-05	3.602920e-04
0.484        	9.342520e-04	4.333040e-05	3.284030e-04
0.485        	9.790010e-04	3.966330e-05	3.059300e-04
0.486        	9.461260e-04	3.428490e-05	2.757050e-04
0.487        	9.434420e-04	3.321800e-05	2.678800e-04
0.488        	1.018530e-03	3.112920e-05	2.540020e-04
0.489        	1.035200e-03	2.550410e-05	2.198510e-04
0.49         	9.991170e-04	2.637720e-05	2.241060e-04
0.491        	9.134250e-04	2.307770e-05	2.053340e-04
0.492        	9.053030e-04	2.288390e-05	2.039400e-04
0.493        	8.733530e-04	2.101350e-05	1.927130e-04
0.494        	9.059760e-04	2.051280e-05	1.888790e-04
0.495        	8.832340e-04	1.951830e-05	1.818750e-04
0.496        	9.011900e-04	1.905010e-05	1.780230e-04
0.497        	9.148480e-04	1.853430e-05	1.734300e-04
0.498        	8.438730e-04	1.825940e-05	1.702560e-04
0.499        	8.390790e-04	1.810190e-05	1.676770e-04
0.5          	8.367660e-04	1.812750e-05	1.654170e-04
0.501        	8.330340e-04	1.831590e-05	1.632850e-04
0.502        	8.313410e-04	1.861090e-05	1.610230e-04
0.503        	8.320630e-04	1.895300e-05	1.589660e-04
0.504        	8.378780e-04	1.930440e-05	1.570180e-04
0.505        	8.793040e-04	1.967150e-05	1.550580e-04
0.506        	9.055060e-04	2.003850e-05	1.533110e-04
0.507        	8.732720e-04	2.039780e-05	1.518340e-04
0.508        	8.519850e-04	2.071930e-05	1.509420e-04
0.509        	8.534700e-04	2.099010e-05	1.504820e-04
0.51         	8.310760e-04	2.120500e-05	1.498400e-04
0.511        	8.219830e-04	2.137380e-05	1.489430e-04
0.512        	8.200150e-04	2.149610e-05	1.477230e-04
0.513        	8.170690e-04	2.156200e-05	1.463200e-04
0.514        	8.150810e-04	2.156520e-05	1.449930e-04
0.515        	8.128070e-04	2.151120e-05	1.437220e-04
0.516        	8.117050e-04	2.139640e-05	1.422830e-04
0.517        	8.123080e-04	2.123350e-05	1.405020e-04
0.518        	8.136460e-04	2.101510e-05	1.384460e-04
0.519        	8.185740e-04	2.076210e-05	1.365090e-04
0.52         	8.337510e-04	2.047640e-05	1.351090e-04
0.521        	8.401400e-04	2.015840e-05	1.336920e-04
0.522        	8.874720e-04	1.982660e-05	1.322530e-04
0.523        	8.526410e-04	1.949480e-05	1.307970e-04
0.524        	8.296910e-04	1.916000e-05	1.298080e-04
0.525        	8.230740e-04	1.884060e-05	1.289450e-04
0.526        	8.260330e-04	1.855710e-05	1.279530e-04
0.527        	8.280940e-04	1.831390e-05	1.270620e-04
0.528        	8.343300e-04	1.814590e-05	1.262760e-04
0.529        	8.248760e-04	1.805800e-05	1.254220e-04
0.53         	8.439610e-04	1.801500e-05	1.244990e-04
0.531        	8.264000e-04	1.804270e-05	1.235700e-04
0.532        	8.257060e-04	1.812050e-05	1.227540e-04
0.533        	8.263600e-04	1.822560e-05	1.220210e-04
0.534        	8.269420e-04	1.836010e-05	1.213840e-04
0.535        	8.315610e-04	1.850280e-05	1.209100e-04
0.536        	8.255570e-04	1.868370e-05	1.207760e-04
0.537        	8.309800e-04	1.879550e-05	1.201610e-04
0.538        	8.408560e-04	1.892790e-05	1.197530e-04
0.539        	8.323220e-04	1.904940e-05	1.194910e-04
0.54         	8.629740e-04	1.914490e-05	1.193520e-04
0.541        	8.414750e-04	1.922570e-05	1.199840e-04
0.542        	8.395530e-04	1.927510e-05	1.205840e-04
0.543        	8.440600e-04	1.930110e-05	1.208790e-04
0.544        	8.410990e-04	1.931460e-05	1.209150e-04
0.545        	8.477660e-04	1.932460e-05	1.209040e-04
0.546        	8.653220e-04	1.932840e-05	1.208940e-04
0.547        	8.673830e-04	1.916400e-05	1.199950e-04
0.548        	8.926050e-04	1.889440e-05	1.186080e-04
0.549        	8.602770e-04	1.879190e-05	1.182440e-04
0.55         	8.551310e-04	1.868590e-05	1.178000e-04
0.551        	8.656140e-04	1.855200e-05	1.173460e-04
0.552        	8.691180e-04	1.840810e-05	1.168810e-04
0.553        	8.902210e-04	1.825580e-05	1.164600e-04
0.554        	8.801350e-04	1.809670e-05	1.162440e-04
0.555        	8.680070e-04	1.792440e-05	1.162280e-04
0.556        	8.722510e-04	1.774850e-05	1.164760e-04
0.557        	8.768890e-04	1.758060e-05	1.165570e-04
0.558        	8.816370e-04	1.742090e-05	1.165050e-04
0.559        	8.871750e-04	1.727080e-05	1.163710e-04
0.56         	8.939720e-04	1.712960e-05	1.161010e-04
0.561        	8.977470e-04	1.700230e-05	1.156940e-04
0.562        	9.096470e-04	1.687790e-05	1.151940e-04
0.563        	9.053110e-04	1.674870e-05	1.146300e-04
0.564        	9.116850e-04	1.662130e-05	1.141160e-04
0.565        	9.222020e-04	1.649600e-05	1.137570e-04
0.566        	9.364420e-04	1.638150e-05	1.133100e-04
0.567        	9.539320e-04	1.628500e-05	1.127360e-04
0.568        	9.592410e-04	1.619320e-05	1.120900e-04
0.569        	9.402920e-04	1.610420e-05	1.114590e-04
0.57         	9.330790e-04	1.601910e-05	1.107730e-04
0.571        	9.391760e-04	1.594080e-05	1.100390e-04
0.572        	9.474580e-04	1.588190e-05	1.092660e-04
0.573        	9.504550e-04	1.583540e-05	1.084400e-04
0.574        	9.409060e-04	1.579620e-05	1.075710e-04
0.575        	9.425690e-04	1.577900e-05	1.066070e-04
0.576        	9.452630e-04	1.577770e-05	1.057590e-04
0.577        	9.482060e-04	1.578300e-05	1.052360e-04
0.578        	9.516990e-04	1.580890e-05	1.046870e-04
0.579        	9.548710e-04	1.586180e-05	1.042450e-04
0.58         	9.580040e-04	1.592600e-05	1.038370e-04
0.581        	9.608730e-04	1.599820e-05	1.034850e-04
0.582        	9.651330e-04	1.606860e-05	1.032280e-04
0.583        	9.676480e-04	1.613550e-05	1.031030e-04
0.584        	9.700660e-04	1.618590e-05	1.031210e-04
0.585        	9.730440e-04	1.623820e-05	1.030640e-04
0.586        	9.867700e-04	1.627240e-05	1.029100e-04
0.587        	9.998240e-04	1.630940e-05	1.025320e-04
0.588        	1.009490e-03	1.633740e-05	1.019650e-04
0.589        	9.966830e-04	1.636400e-05	1.013010e-04
0.59         	1.016270e-03	1.637280e-05	1.006340e-04
0.591        	9.848790e-04	1.637540e-05	9.988920e-05
0.592        	9.862440e-04	1.636920e-05	9.914740e-05
0.593        	9.886970e-04	1.636020e-05	9.833180e-05
0.594        	9.914760e-04	1.635750e-05	9.747120e-05
0.595        	9.944270e-04	1.636910e-05	9.651550e-05
0.596        	9.974300e-04	1.639130e-05	9.548930e-05
0.597        	1.000590e-03	1.642370e-05	9.441790e-05
0.598        	1.004140e-03	1.646050e-05	9.335780e-05
0.599        	1.007600e-03	1.649640e-05	9.252930e-05
0.6          	1.010820e-03	1.653100e-05	9.197720e-05
0.601        	1.014310e-03	1.656680e-05	9.193260e-05
0.602        	1.018060e-03	1.660430e-05	9.223550e-05
0.603        	1.022600e-03	1.668780e-05	9.297030e-05
0.604        	1.028500e-03	1.678080e-05	9.374730e-05
0.605        	1.046370e-03	1.687180e-05	9.454150e-05
0.606        	1.048130e-03	1.695770e-05	9.536070e-05
0.607        	1.055000e-03	1.703590e-05	9.604390e-05
0.608        	1.055470e-03	1.712400e-05	9.660950e-05
0.609        	1.048560e-03	1.721290e-05	9.710570e-05
0.61         	1.059140e-03	1.729170e-05	9.755260e-05
0.611        	1.055430e-03	1.736070e-05	9.787480e-05
0.612        	1.087590e-03	1.741760e-05	9.803320e-05
0.613        	1.078030e-03	1.745950e-05	9.804490e-05
0.614        	1.097580e-03	1.749050e-05	9.807020e-05
0.615        	1.104100e-03	1.750500e-05	9.814190e-05
0.616        	1.087900e-03	1.751300e-05	9.823170e-05
0.617        	1.061440e-03	1.751510e-05	9.826710e-05
0.618        	1.063810e-03	1.751120e-05	9.816010e-05
0.619        	1.067920e-03	1.751750e-05	9.789680e-05
0.62         	1.072970e-03	1.754330e-05	9.748910e-05
0.621        	1.080330e-03	1.761340e-05	9.701540e-05
0.622        	1.103490e-03	1.767620e-05	9.645460e-05
0.623        	1.119110e-03	1.773060e-05	9.588900e-05
0.624        	1.112820e-03	1.777970e-05	9.552930e-05
0.625        	1.100770e-03	1.780200e-05	9.562130e-05
0.626        	1.150100e-03	1.782650e-05	9.582390e-05
0.627        	1.132600e-03	1.783730e-05	9.594420e-05
0.628        	1.144020e-03	1.782660e-05	9.613980e-05
0.629        	1.141490e-03	1.780500e-05	9.628990e-05
0.63         	1.118850e-03	1.777280e-05	9.633860e-05
0.631        	1.120320e-03	1.773340e-05	9.627460e-05
0.632        	1.125460e-03	1.769070e-05	9.629380e-05
0.633        	1.135270e-03	1.765420e-05	9.631980e-05
0.634        	1.157000e-03	1.763170e-05	9.630000e-05
0.635        	1.176950e-03	1.760170e-05	9.621770e-05
0.636        	1.232580e-03	1.756150e-05	9.601610e-05
0.637        	1.223430e-03	1.752210e-05	9.566250e-05
0.638        	1.189690e-03	1.747810e-05	9.529990e-05
0.639        	1.153820e-03	1.742870e-05	9.496180e-05
0.64         	1.157850e-03	1.737240e-05	9.463380e-05
0.641        	1.164270e-03	1.731530e-05	9.441650e-05
0.642        	1.172960e-03	1.725970e-05	9.465490e-05
0.643        	1.185610e-03	1.719960e-05	9.488600e-05
0.644        	1.186950e-03	1.715800e-05	9.502890e-05
0.645        	1.195350e-03	1.713370e-05	9.506130e-05
0.646        	1.216020e-03	1.713350e-05	9.504930e-05
0.647        	1.202810e-03	1.715360e-05	9.503180e-05
0.648        	1.225340e-03	1.718750e-05	9.494250e-05
0.649        	1.257800e-03	1.723780e-05	9.479270e-05
0.65         	1.225820e-03	1.731550e-05	9.464760e-05
0.651        	1.243800e-03	1.741290e-05	9.448110e-05
0.652        	1.212910e-03	1.752910e-05	9.426280e-05
0.653        	1.217130e-03	1.765910e-05	9.425590e-05
0.654        	1.222200e-03	1.779620e-05	9.427420e-05
0.655        	1.229410e-03	1.793840e-05	9.425360e-05
0.656        	1.251200e-03	1.808920e-05	9.414380e-05
0.657        	1.265070e-03	1.824650e-05	9.395050e-05
0.658        	1.252060e-03	1.840680e-05	9.363270e-05
0.659        	1.266360e-03	1.857080e-05	9.319820e-05
0.66         	1.271440e-03	1.873480e-05	9.268190e-05
0.661        	1.286150e-03	1.891380e-05	9.221070e-05
0.662        	1.288770e-03	1.910620e-05	9.176000e-05
0.663        	1.283440e-03	1.930720e-05	9.155190e-05
0.664        	1.312720e-03	1.950890e-05	9.155120e-05
0.665        	1.351780e-03	1.971400e-05	9.155920e-05
0.666        	1.280060e-03	1.991110e-05	9.146300e-05
0.667        	1.282110e-03	2.009880e-05	9.134380e-05
0.668        	1.287720e-03	2.027100e-05	9.134820e-05
0.669        	1.298560e-03	2.042890e-05	9.137520e-05
0.67         	1.314380e-03	2.057570e-05	9.131140e-05
0.671        	1.335570e-03	2.070200e-05	9.121380e-05
0.672        	1.315400e-03	2.080910e-05	9.122480e-05
0.673        	1.318680e-03	2.089480e-05	9.109890e-05
0.674        	1.327830e-03	2.095970e-05	9.081850e-05
0.675        	1.342250e-03	2.100960e-05	9.037370e-05
0.676        	1.346750e-03	2.105970e-05	8.989110e-05
0.677        	1.362710e-03	2.106190e-05	8.932590e-05
0.678        	1.359500e-03	2.107950e-05	8.890370e-05
0.679        	1.368370e-03	2.105850e-05	8.850480e-05
0.68         	1.379270e-03	2.103470e-05	8.791590e-05
0.681        	1.371970e-03	2.098600e-05	8.717840e-05
0.682        	1.373430e-03	2.092510e-05	8.630990e-05
0.683        	1.377320e-03	2.086530e-05	8.550010e-05
0.684        	1.371570e-03	2.081430e-05	8.496410e-05
0.685        	1.369550e-03	2.076700e-05	8.442340e-05
0.686        	1.384920e-03	2.072010e-05	8.379820e-05
0.687        	1.381050e-03	2.067500e-05	8.306920e-05
0.688        	1.386530e-03	2.063230e-05	8.226260e-05
0.689        	1.402430e-03	2.058990e-05	8.152030e-05
0.69         	1.412730e-03	2.055510e-05	8.089780e-05
0.691        	1.393950e-03	2.052460e-05	8.027820e-05
0.692        	1.394340e-03	2.049990e-05	7.973390e-05
0.693        	1.398320e-03	2.048860e-05	7.934940e-05
0.694        	1.402660e-03	2.049860e-05	7.897660e-05
0.695        	1.406900e-03	2.052420e-05	7.861680e-05
0.696        	1.411650e-03	2.055920e-05	7.825180e-05
0.697        	1.421280e-03	2.060210e-05	7.794530e-05
0.698        	1.419560e-03	2.064090e-05	7.768700e-05
0.699        	1.424780e-03	2.071750e-05	7.750910e-05
0.7          	1.432890e-03	2.079850e-05	7.740140e-05
0.701        	1.439910e-03	2.089020e-05	7.741110e-05
0.702        	1.447380e-03	2.098870e-05	7.745090e-05
0.703        	1.439090e-03	2.109100e-05	7.744060e-05
0.704        	1.439340e-03	2.119470e-05	7.737400e-05
0.705        	1.447090e-03	2.130460e-05	7.723620e-05
0.706        	1.452070e-03	2.140750e-05	7.701710e-05
0.707        	1.457270e-03	2.150160e-05	7.669640e-05
0.708        	1.461920e-03	2.159260e-05	7.637210e-05
0.709        	1.467080e-03	2.167980e-05	7.616490e-05
0.71         	1.472410e-03	2.176800e-05	7.599130e-05
0.711        	1.476520e-03	2.185380e-05	7.578430e-05
0.712        	1.479630e-03	2.193340e-05	7.553500e-05
0.713        	1.488270e-03	2.202950e-05	7.527120e-05
0.714        	1.495350e-03	2.209980e-05	7.490560e-05
0.715        	1.505620e-03	2.214220e-05	7.452990e-05
0.716        	1.493140e-03	2.219660e-05	7.415840e-05
0.717        	1.509170e-03	2.228090e-05	7.396440e-05
0.718        	1.509130e-03	2.236570e-05	7.374770e-05
0.719        	1.511820e-03	2.245270e-05	7.361890e-05
0.72         	1.526720e-03	2.254470e-05	7.350440e-05
0.721        	1.521280e-03	2.263950e-05	7.342350e-05
0.722        	1.527010e-03	2.273860e-05	7.336930e-05
0.723        	1.534160e-03	2.283940e-05	7.330040e-05
0.724        	1.537580e-03	2.294370e-05	7.317650e-05
0.725        	1.547790e-03	2.305380e-05	7.302790e-05
0.726        	1.555790e-03	2.317100e-05	7.286320e-05
0.727        	1.548740e-03	2.329100e-05	7.274250e-05
0.728        	1.551490e-03	2.341430e-05	7.259730e-05
0.729        	1.556150e-03	2.353900e-05	7.243020e-05
0.73         	1.560890e-03	2.366510e-05	7.224080e-05
0.731        	1.565750e-03	2.379310e-05	7.214450e-05
0.732        	1.570720e-03	2.392180e-05	7.213520e-05
0.733        	1.576070e-03	2.405520e-05	7.217960e-05
0.734        	1.579830e-03	2.419290e-05	7.230240e-05
0.735        	1.587300e-03	2.433190e-05	7.239350e-05
0.736        	1.593460e-03	2.447340e-05	7.242670e-05
0.737        	1.596340e-03	2.461710e-05	7.241760e-05
0.738        	1.601490e-03	2.476300e-05	7.246040e-05
0.739        	1.606160e-03	2.490640e-05	7.251070e-05
0.74         	1.611020e-03	2.504730e-05	7.249770e-05
0.741        	1.610790e-03	2.518790e-05	7.248650e-05
0.742        	1.614800e-03	2.532780e-05	7.243830e-05
0.743        	1.619190e-03	2.546640e-05	7.234630e-05
0.744        	1.623470e-03	2.560470e-05	7.222820e-05
0.745        	1.628520e-03	2.573720e-05	7.209670e-05
0.746        	1.633360e-03	2.587030e-05	7.203090e-05
0.747        	1.637340e-03	2.600170e-05	7.200510e-05
0.748        	1.644640e-03	2.613060e-05	7.199110e-05
0.749        	1.647490e-03	2.625500e-05	7.197950e-05
0.75         	1.651560e-03	2.637700e-05	7.200530e-05
0.751        	1.656130e-03	2.649760e-05	7.203310e-05
0.752        	1.661040e-03	2.661490e-05	7.201810e-05
0.753        	1.667040e-03	2.673060e-05	7.200400e-05
0.754        	1.669310e-03	2.684620e-05	7.191090e-05
0.755        	1.677080e-03	2.695620e-05	7.185150e-05
0.756        	1.680780e-03	2.706270e-05	7.175080e-05
0.757        	1.681020e-03	2.716740e-05	7.157460e-05
0.758        	1.689170e-03	2.726900e-05	7.139910e-05
0.759        	1.690570e-03	2.736870e-05	7.119400e-05
0.76         	1.693620e-03	2.746620e-05	7.098960e-05
0.761        	1.696590e-03	2.756070e-05	7.077050e-05
0.762        	1.703710e-03	2.765430e-05	7.053010e-05
0.763        	1.711820e-03	2.775060e-05	7.027570e-05
0.764        	1.710770e-03	2.784680e-05	7.003870e-05
0.765        	1.712590e-03	2.794170e-05	6.983050e-05
0.766        	1.715980e-03	2.803710e-05	6.965270e-05
0.767        	1.724430e-03	2.813350e-05	6.951450e-05
0.768        	1.723570e-03	2.823020e-05	6.940110e-05
0.769        	1.726770e-03	2.832700e-05	6.931100e-05
0.77         	1.730140e-03	2.842630e-05	6.928810e-05
0.771        	1.733450e-03	2.852930e-05	6.929050e-05
0.772        	1.736750e-03	2.863550e-05	6.931910e-05
0.773        	1.740030e-03	2.874590e-05	6.934180e-05
0.774        	1.743280e-03	2.885780e-05	6.938500e-05
0.775        	1.746530e-03	2.897130e-05	6.943160e-05
0.776        	1.749860e-03	2.908650e-05	6.947940e-05
0.777        	1.752960e-03	2.920480e-05	6.950560e-05
0.778        	1.755940e-03	2.932510e-05	6.951980e-05
0.779        	1.759060e-03	2.944650e-05	6.950110e-05
0.78         	1.762170e-03	2.956890e-05	6.946090e-05
0.781        	1.765370e-03	2.969420e-05	6.941140e-05
0.782        	1.768600e-03	2.982000e-05	6.935720e-05
0.783        	1.772600e-03	2.994710e-05	6.929780e-05
0.784        	1.778910e-03	3.007830e-05	6.925120e-05
0.785        	1.778290e-03	3.021360e-05	6.926130e-05
0.786        	1.781360e-03	3.035230e-05	6.930460e-05
0.787        	1.784940e-03	3.049600e-05	6.935180e-05
0.788        	1.786900e-03	3.063250e-05	6.937250e-05
0.789        	1.790770e-03	3.077250e-05	6.942570e-05
0.79         	1.793330e-03	3.091460e-05	6.951630e-05
0.791        	1.795450e-03	3.105920e-05	6.958450e-05
0.792        	1.798060e-03	3.120770e-05	6.965390e-05
0.793        	1.800600e-03	3.135220e-05	6.973390e-05
0.794        	1.803490e-03	3.149760e-05	6.979470e-05
0.795        	1.806480e-03	3.164310e-05	6.983150e-05
0.796        	1.809370e-03	3.179000e-05	6.986900e-05
0.797        	1.812130e-03	3.193720e-05	6.991910e-05
0.798        	1.815050e-03	3.208650e-05	7.003240e-05
0.799        	1.818320e-03	3.223870e-05	7.015510e-05
0.8          	1.819850e-03	3.239440e-05	7.028070e-05
0.801        	1.820100e-03	3.255190e-05	7.040510e-05
0.802        	1.821890e-03	3.271040e-05	7.058980e-05
0.803        	1.823800e-03	3.287060e-05	7.077330e-05
0.804        	1.825510e-03	3.303120e-05	7.095500e-05
0.805        	1.827340e-03	3.319240e-05	7.110790e-05
0.806        	1.829280e-03	3.335270e-05	7.124350e-05
0.807        	1.831020e-03	3.351440e-05	7.136090e-05
0.808        	1.833380e-03	3.367530e-05	7.145780e-05
0.809        	1.835350e-03	3.383870e-05	7.152470e-05
0.81         	1.833890e-03	3.400350e-05	7.156770e-05
0.811        	1.834630e-03	3.416870e-05	7.160420e-05
0.812        	1.835650e-03	3.433490e-05	7.161020e-05
0.813        	1.836610e-03	3.450250e-05	7.159270e-05
0.814        	1.837500e-03	3.467030e-05	7.159010e-05
0.815        	1.838360e-03	3.484130e-05	7.158840e-05
0.816        	1.839150e-03	3.501400e-05	7.158230e-05
0.817        	1.839910e-03	3.518690e-05	7.157990e-05
0.818        	1.840640e-03	3.536200e-05	7.157030e-05
0.819        	1.841510e-03	3.553840e-05	7.157670e-05
0.82         	1.842010e-03	3.571560e-05	7.158740e-05
0.821        	1.842570e-03	3.588900e-05	7.161960e-05
0.822        	1.843270e-03	3.606930e-05	7.170040e-05
0.823        	1.843630e-03	3.624500e-05	7.171210e-05
0.824        	1.844050e-03	3.641380e-05	7.176170e-05
0.825        	1.844710e-03	3.658930e-05	7.178880e-05
0.826        	1.844910e-03	3.676150e-05	7.181710e-05
0.827        	1.845540e-03	3.692900e-05	7.182880e-05
0.828        	1.845990e-03	3.709810e-05	7.181320e-05
0.829        	1.846080e-03	3.727220e-05	7.179060e-05
0.83         	1.846850e-03	3.742920e-05	7.177830e-05
0.831        	1.846870e-03	3.760150e-05	7.176010e-05
0.832        	1.847440e-03	3.776310e-05	7.174940e-05
0.833        	1.847550e-03	3.793210e-05	7.172570e-05
0.834        	1.848500e-03	3.809340e-05	7.169570e-05
0.835        	1.850230e-03	3.826030e-05	7.165970e-05
0.836        	1.847380e-03	3.842480e-05	7.163880e-05
0.837        	1.845720e-03	3.859180e-05	7.163460e-05
0.838        	1.844640e-03	3.875900e-05	7.165200e-05
0.839        	1.849700e-03	3.892720e-05	7.167660e-05
0.84         	1.843230e-03	3.909650e-05	7.170050e-05
0.841        	1.842530e-03	3.926680e-05	7.171360e-05
0.842        	1.841610e-03	3.943730e-05	7.171930e-05
0.843        	1.840620e-03	3.960690e-05	7.172070e-05
0.844        	1.839680e-03	3.977560e-05	7.171790e-05
0.845        	1.838790e-03	3.994330e-05	7.170680e-05
0.846        	1.838020e-03	4.011220e-05	7.169230e-05
0.847        	1.837430e-03	4.028070e-05	7.166830e-05
0.848        	1.836560e-03	4.044850e-05	7.164110e-05
0.849        	1.834760e-03	4.061510e-05	7.161770e-05
0.85         	1.833450e-03	4.078070e-05	7.159260e-05
0.851        	1.832590e-03	4.094650e-05	7.156420e-05
0.852        	1.829830e-03	4.111200e-05	7.153140e-05
0.853        	1.829890e-03	4.127560e-05	7.149330e-05
0.854        	1.827780e-03	4.143860e-05	7.146550e-05
0.855        	1.824000e-03	4.160220e-05	7.143090e-05
0.856        	1.821690e-03	4.176460e-05	7.139050e-05
0.857        	1.819350e-03	4.192700e-05	7.134110e-05
0.858        	1.816950e-03	4.209040e-05	7.128560e-05
0.859        	1.814470e-03	4.225630e-05	7.123310e-05
0.86         	1.811930e-03	4.242210e-05	7.118690e-05
0.861        	1.809330e-03	4.258670e-05	7.117240e-05
0.862        	1.806730e-03	4.274810e-05	7.117110e-05
0.863        	1.803690e-03	4.291290e-05	7.115980e-05
0.864        	1.801140e-03	4.306960e-05	7.116600e-05
0.865        	1.797900e-03	4.323200e-05	7.113770e-05
0.866        	1.795200e-03	4.338620e-05	7.112820e-05
0.867        	1.791940e-03	4.354690e-05	7.109030e-05
0.868        	1.789220e-03	4.370190e-05	7.109460e-05
0.869        	1.786470e-03	4.385980e-05	7.106830e-05
0.87         	1.783170e-03	4.401810e-05	7.104330e-05
0.871        	1.779510e-03	4.417460e-05	7.105820e-05
0.872        	1.776000e-03	4.433150e-05	7.104320e-05
0.873        	1.772830e-03	4.448560e-05	7.102610e-05
0.874        	1.769090e-03	4.464150e-05	7.101840e-05
0.875        	1.765910e-03	4.479160e-05	7.102000e-05
0.876        	1.762690e-03	4.494120e-05	7.101860e-05
0.877        	1.759000e-03	4.508990e-05	7.103220e-05
0.878        	1.755930e-03	4.523700e-05	7.104390e-05
0.879        	1.752900e-03	4.538300e-05	7.105330e-05
0.88         	1.748370e-03	4.552850e-05	7.108890e-05
0.881        	1.743300e-03	4.567410e-05	7.113510e-05
0.882        	1.739070e-03	4.581950e-05	7.118820e-05
0.883        	1.734890e-03	4.596510e-05	7.124010e-05
0.884        	1.730650e-03	4.611140e-05	7.128790e-05
0.885        	1.728770e-03	4.625830e-05	7.132970e-05
0.886        	1.722200e-03	4.640660e-05	7.133210e-05
0.887        	1.717630e-03	4.655250e-05	7.135200e-05
0.888        	1.713120e-03	4.669570e-05	7.138370e-05
0.889        	1.708450e-03	4.683700e-05	7.140960e-05
0.89         	1.703650e-03	4.697710e-05	7.143620e-05
0.891        	1.698760e-03	4.711570e-05	7.145630e-05
0.892        	1.693910e-03	4.725260e-05	7.148520e-05
0.893        	1.688880e-03	4.738700e-05	7.152210e-05
0.894        	1.683890e-03	4.752030e-05	7.156020e-05
0.895        	1.678870e-03	4.765180e-05	7.159240e-05
0.896        	1.673780e-03	4.778230e-05	7.161570e-05
0.897        	1.669820e-03	4.791230e-05	7.163500e-05
0.898        	1.663980e-03	4.804120e-05	7.164630e-05
0.899        	1.659060e-03	4.817150e-05	7.164870e-05
0.9          	1.653260e-03	4.830130e-05	7.162800e-05
0.901        	1.647160e-03	4.843200e-05	7.161660e-05
0.902        	1.641400e-03	4.855910e-05	7.165960e-05
0.903        	1.635730e-03	4.868340e-05	7.166450e-05
0.904        	1.629990e-03	4.881020e-05	7.167850e-05
0.905        	1.624310e-03	4.892910e-05	7.168210e-05
0.906        	1.618390e-03	4.905200e-05	7.168370e-05
0.907        	1.612730e-03	4.916690e-05	7.166180e-05
0.908        	1.606900e-03	4.928500e-05	7.166290e-05
0.909        	1.600970e-03	4.939530e-05	7.161840e-05
0.91         	1.594920e-03	4.950690e-05	7.162930e-05
0.911        	1.588730e-03	4.961530e-05	7.158820e-05
0.912        	1.582430e-03	4.972010e-05	7.158260e-05
0.913        	1.576370e-03	4.982290e-05	7.155090e-05
0.914        	1.570160e-03	4.992350e-05	7.152270e-05
0.915        	1.564030e-03	5.002240e-05	7.149410e-05
0.916        	1.557600e-03	5.011980e-05	7.147880e-05
0.917        	1.551520e-03	5.021560e-05	7.148190e-05
0.918        	1.544750e-03	5.030950e-05	7.148070e-05
0.919        	1.538220e-03	5.040280e-05	7.147510e-05
0.92         	1.533360e-03	5.049400e-05	7.146270e-05
0.921        	1.525530e-03	5.058430e-05	7.145770e-05
0.922        	1.518730e-03	5.067300e-05	7.147620e-05
0.923        	1.512010e-03	5.076010e-05	7.151500e-05
0.924        	1.505280e-03	5.084570e-05	7.156520e-05
0.925        	1.498500e-03	5.092970e-05	7.161490e-05
0.926        	1.491650e-03	5.101170e-05	7.166550e-05
0.927        	1.484760e-03	5.109090e-05	7.172060e-05
0.928        	1.477820e-03	5.116740e-05	7.178780e-05
0.929        	1.470850e-03	5.124070e-05	7.186530e-05
0.93         	1.463890e-03	5.131170e-05	7.194680e-05
0.931        	1.457410e-03	5.138050e-05	7.203370e-05
0.932        	1.451840e-03	5.144740e-05	7.211310e-05
0.933        	1.443250e-03	5.151220e-05	7.218260e-05
0.934        	1.436440e-03	5.157530e-05	7.224150e-05
0.935        	1.429390e-03	5.163700e-05	7.229430e-05
0.936        	1.422310e-03	5.169800e-05	7.233750e-05
0.937        	1.415120e-03	5.175890e-05	7.237580e-05
0.938        	1.407930e-03	5.181930e-05	7.241240e-05
0.939        	1.400830e-03	5.187910e-05	7.245270e-05
0.94         	1.393670e-03	5.193830e-05	7.249360e-05
0.941        	1.386570e-03	5.199730e-05	7.253370e-05
0.942        	1.379460e-03	5.205550e-05	7.256830e-05
0.943        	1.372430e-03	5.211200e-05	7.259960e-05
0.944        	1.365460e-03	5.216660e-05	7.262230e-05
0.945        	1.358420e-03	5.221900e-05	7.264290e-05
0.946        	1.351330e-03	5.227210e-05	7.266280e-05
0.947        	1.344150e-03	5.232530e-05	7.268490e-05
0.948        	1.336880e-03	5.237690e-05	7.270880e-05
0.949        	1.329540e-03	5.242580e-05	7.273320e-05
0.95         	1.322150e-03	5.247300e-05	7.275470e-05
0.951        	1.314870e-03	5.251810e-05	7.277680e-05
0.952        	1.307550e-03	5.256130e-05	7.280180e-05
0.953        	1.300190e-03	5.260230e-05	7.283890e-05
0.954        	1.291620e-03	5.264180e-05	7.288060e-05
0.955        	1.282800e-03	5.267500e-05	7.289840e-05
0.956        	1.276000e-03	5.270340e-05	7.291160e-05
0.957        	1.268690e-03	5.273520e-05	7.296170e-05
0.958        	1.259320e-03	5.276460e-05	7.302510e-05
0.959        	1.251830e-03	5.278490e-05	7.305520e-05
0.96         	1.244590e-03	5.280810e-05	7.312040e-05
0.961        	1.234660e-03	5.283000e-05	7.318640e-05
0.962        	1.228500e-03	5.284270e-05	7.320040e-05
0.963        	1.221630e-03	5.285890e-05	7.324970e-05
0.964        	1.210090e-03	5.287170e-05	7.331470e-05
0.965        	1.203820e-03	5.287680e-05	7.325230e-05
0.966        	1.197610e-03	5.288890e-05	7.330530e-05
0.967        	1.190010e-03	5.289640e-05	7.342080e-05
0.968        	1.182310e-03	5.291400e-05	7.342080e-05
0.969        	1.170480e-03	5.291650e-05	7.345760e-05
0.97         	1.163610e-03	5.290120e-05	7.340810e-05
0.971        	1.154500e-03	5.290670e-05	7.346680e-05
0.972        	1.151720e-03	5.292140e-05	7.361440e-05
0.973        	1.140190e-03	5.292390e-05	7.367760e-05
0.974        	1.139890e-03	5.293070e-05	7.385550e-05
0.975        	1.125690e-03	5.292960e-05	7.382030e-05
0.976        	1.122900e-03	5.292630e-05	7.388180e-05
0.977        	1.110380e-03	5.291570e-05	7.401490e-05
0.978        	1.106400e-03	5.291140e-05	7.394290e-05
0.979        	1.095790e-03	5.290170e-05	7.402510e-05
0.98         	1.089780e-03	5.288360e-05	7.406480e-05
0.981        	1.083230e-03	5.286700e-05	7.413130e-05
0.982        	1.075860e-03	5.285760e-05	7.413010e-05
0.983        	1.066820e-03	5.283670e-05	7.421840e-05
0.984        	1.056300e-03	5.281230e-05	7.420810e-05
0.985        	1.051940e-03	5.278160e-05	7.417450e-05
0.986        	1.044960e-03	5.275710e-05	7.420380e-05
0.987        	1.037360e-03	5.273110e-05	7.424890e-05
0.988        	1.029570e-03	5.270450e-05	7.428230e-05
0.989        	1.021950e-03	5.267560e-05	7.431990e-05
0.99         	1.014290e-03	5.264560e-05	7.434120e-05
0.991        	1.006760e-03	5.261330e-05	7.435310e-05
0.992        	9.971940e-04	5.257900e-05	7.435390e-05
0.993        	9.873910e-04	5.254600e-05	7.440320e-05
0.994        	9.851510e-04	5.251750e-05	7.451610e-05
0.995        	9.772130e-04	5.248150e-05	7.454830e-05
0.996        	9.701690e-04	5.244460e-05	7.455090e-05
0.997        	9.627410e-04	5.240490e-05	7.456170e-05
0.998        	9.560720e-04	5.236410e-05	7.454790e-05
0.999        	9.484520e-04	5.232190e-05	7.453850e-05
1            	9.422960e-04	5.227800e-05	7.451770e-05
