/*--------------------------------*- C++ -*----------------------------------*\
| =========                 |                                                 |
| \\      /  F ield         | OpenFOAM: The Open Source CFD Toolbox           |
|  \\    /   O peration     | Version:  5.x                                   |
|   \\  /    A nd           | Web:      www.OpenFOAM.org                      |
|    \\/     M anipulation  |                                                 |
\*---------------------------------------------------------------------------*/
FoamFile
{
    version     2.0;
    format      ascii;
    class       labelList;
    note        "nPoints: 5152 nCells: 2475 nFaces: 10000 nInternalFaces: 4850";
    location    "constant/polyMesh";
    object      owner;
}
// * * * * * * * * * * * * * * * * * * * * * * * * * * * * * * * * * * * * * //


10000
(
0
0
0
1
1
2
2
3
3
4
4
5
5
6
6
7
7
8
8
9
9
10
10
11
11
12
12
13
13
14
14
15
15
16
16
17
17
18
18
19
19
20
20
21
21
22
22
23
23
24
24
25
25
26
26
27
27
28
28
29
29
30
30
31
31
32
32
33
33
34
35
35
35
36
36
37
37
38
38
39
39
40
40
41
41
42
42
43
43
44
44
45
45
46
46
47
47
48
48
49
49
50
50
51
51
52
52
53
53
54
54
55
55
56
56
57
57
58
58
59
59
60
60
61
61
62
62
63
63
64
64
65
65
66
66
67
67
68
68
69
70
70
70
71
71
72
72
73
73
74
74
75
75
76
76
77
77
78
78
79
79
80
80
81
81
82
82
83
83
84
84
85
85
86
86
87
87
88
88
89
89
90
90
91
91
92
92
93
93
94
94
95
95
96
96
97
97
98
98
99
99
100
100
101
101
102
102
103
103
104
105
105
105
106
106
107
107
108
108
109
109
110
110
111
111
112
112
113
113
114
114
115
115
116
116
117
117
118
118
119
119
120
120
121
121
122
122
123
123
124
124
125
125
126
126
127
127
128
128
129
129
130
130
131
131
132
132
133
133
134
134
135
135
136
136
137
137
138
138
139
140
140
140
141
141
142
142
143
143
144
144
145
145
146
146
147
147
148
148
149
149
150
150
151
151
152
152
153
153
154
154
155
155
156
156
157
157
158
158
159
159
160
160
161
161
162
162
163
163
164
164
165
165
166
166
167
167
168
168
169
169
170
170
171
171
172
172
173
173
174
175
175
175
176
176
177
177
178
178
179
179
180
180
181
181
182
182
183
183
184
184
185
185
186
186
187
187
188
188
189
189
190
190
191
191
192
192
193
193
194
194
195
195
196
196
197
197
198
198
199
199
200
200
201
201
202
202
203
203
204
204
205
205
206
206
207
207
208
208
209
210
210
210
211
211
212
212
213
213
214
214
215
215
216
216
217
217
218
218
219
219
220
220
221
221
222
222
223
223
224
224
225
225
226
226
227
227
228
228
229
229
230
230
231
231
232
232
233
233
234
234
235
235
236
236
237
237
238
238
239
239
240
240
241
241
242
242
243
243
244
245
245
245
246
246
247
247
248
248
249
249
250
250
251
251
252
252
253
253
254
254
255
255
256
256
257
257
258
258
259
259
260
260
261
261
262
262
263
263
264
264
265
265
266
266
267
267
268
268
269
269
270
270
271
271
272
272
273
273
274
274
275
275
276
276
277
277
278
278
279
280
280
280
281
281
282
282
283
283
284
284
285
285
286
286
287
287
288
288
289
289
290
290
291
291
292
292
293
293
294
294
295
295
296
296
297
297
298
298
299
299
300
300
301
301
302
302
303
303
304
304
305
305
306
306
307
307
308
308
309
309
310
310
311
311
312
312
313
313
314
315
315
315
316
316
317
317
318
318
319
319
320
320
321
321
322
322
323
323
324
324
325
325
326
326
327
327
328
328
329
329
330
330
331
331
332
332
333
333
334
334
335
335
336
336
337
337
338
338
339
339
340
340
341
341
342
342
343
343
344
344
345
345
346
346
347
347
348
348
349
350
350
350
351
351
352
352
353
353
354
354
355
355
356
356
357
357
358
358
359
359
360
360
361
361
362
362
363
363
364
364
365
365
366
366
367
367
368
368
369
369
370
370
371
371
372
372
373
373
374
374
375
375
376
376
377
377
378
378
379
379
380
380
381
381
382
382
383
383
384
385
385
385
386
386
387
387
388
388
389
389
390
390
391
391
392
392
393
393
394
394
395
395
396
396
397
397
398
398
399
399
400
400
401
401
402
402
403
403
404
404
405
405
406
406
407
407
408
408
409
409
410
410
411
411
412
412
413
413
414
414
415
415
416
416
417
417
418
418
419
420
420
420
421
421
422
422
423
423
424
424
425
425
426
426
427
427
428
428
429
429
430
430
431
431
432
432
433
433
434
434
435
435
436
436
437
437
438
438
439
439
440
440
441
441
442
442
443
443
444
444
445
445
446
446
447
447
448
448
449
449
450
450
451
451
452
452
453
453
454
455
455
455
456
456
457
457
458
458
459
459
460
460
461
461
462
462
463
463
464
464
465
465
466
466
467
467
468
468
469
469
470
470
471
471
472
472
473
473
474
474
475
475
476
476
477
477
478
478
479
479
480
480
481
481
482
482
483
483
484
484
485
485
486
486
487
487
488
488
489
490
490
490
491
491
492
492
493
493
494
494
495
495
496
496
497
497
498
498
499
499
500
500
501
501
502
502
503
503
504
504
505
505
506
506
507
507
508
508
509
509
510
510
511
511
512
512
513
513
514
514
515
515
516
516
517
517
518
518
519
519
520
520
521
521
522
522
523
523
524
525
525
525
526
526
527
527
528
528
529
529
530
530
531
531
532
532
533
533
534
534
535
535
536
536
537
537
538
538
539
539
540
540
541
541
542
542
543
543
544
544
545
545
546
546
547
547
548
548
549
549
550
550
551
551
552
552
553
553
554
554
555
555
556
556
557
557
558
558
559
560
560
560
561
561
562
562
563
563
564
564
565
565
566
566
567
567
568
568
569
569
570
570
571
571
572
572
573
573
574
574
575
575
576
576
577
577
578
578
579
579
580
580
581
581
582
582
583
583
584
584
585
585
586
586
587
587
588
588
589
589
590
590
591
591
592
592
593
593
594
595
595
595
596
596
597
597
598
598
599
599
600
600
601
601
602
602
603
603
604
604
605
605
606
606
607
607
608
608
609
609
610
610
611
611
612
612
613
613
614
614
615
615
616
616
617
617
618
618
619
619
620
620
621
621
622
622
623
623
624
624
625
625
626
626
627
627
628
628
629
630
630
630
631
631
632
632
633
633
634
634
635
635
636
636
637
637
638
638
639
639
640
640
641
641
642
642
643
643
644
644
645
645
646
646
647
647
648
648
649
649
650
650
651
651
652
652
653
653
654
654
655
655
656
656
657
657
658
658
659
659
660
660
661
661
662
662
663
663
664
665
665
665
666
666
667
667
668
668
669
669
670
670
671
671
672
672
673
673
674
674
675
675
676
676
677
677
678
678
679
679
680
680
681
681
682
682
683
683
684
684
685
685
686
686
687
687
688
688
689
689
690
690
691
691
692
692
693
693
694
694
695
695
696
696
697
697
698
698
699
700
700
700
701
701
702
702
703
703
704
704
705
705
706
706
707
707
708
708
709
709
710
710
711
711
712
712
713
713
714
714
715
715
716
716
717
717
718
718
719
719
720
720
721
721
722
722
723
723
724
724
725
725
726
726
727
727
728
728
729
729
730
730
731
731
732
732
733
733
734
735
735
735
736
736
737
737
738
738
739
739
740
740
741
741
742
742
743
743
744
744
745
745
746
746
747
747
748
748
749
749
750
750
751
751
752
752
753
753
754
754
755
755
756
756
757
757
758
758
759
759
760
760
761
761
762
762
763
763
764
764
765
765
766
766
767
767
768
768
769
770
770
770
771
771
772
772
773
773
774
774
775
775
776
776
777
777
778
778
779
779
780
780
781
781
782
782
783
783
784
784
785
785
786
786
787
787
788
788
789
789
790
790
791
791
792
792
793
793
794
794
795
795
796
796
797
797
798
798
799
799
800
800
801
801
802
802
803
803
804
805
805
805
806
806
807
807
808
808
809
809
810
810
811
811
812
812
813
813
814
814
815
815
816
816
817
817
818
818
819
819
820
820
821
821
822
822
823
823
824
824
825
825
826
826
827
827
828
828
829
829
830
830
831
831
832
832
833
833
834
834
835
835
836
836
837
837
838
838
839
840
840
840
841
841
842
842
843
843
844
844
845
845
846
846
847
847
848
848
849
849
850
850
851
851
852
852
853
853
854
854
855
855
856
856
857
857
858
858
859
859
860
860
861
861
862
862
863
863
864
864
865
865
866
866
867
867
868
868
869
869
870
870
871
871
872
872
873
873
874
875
875
875
876
876
877
877
878
878
879
879
880
880
881
881
882
882
883
883
884
884
885
885
886
886
887
887
888
888
889
889
890
890
891
891
892
892
893
893
894
894
895
895
896
896
897
897
898
898
899
899
900
900
901
901
902
902
903
903
904
904
905
905
906
906
907
907
908
908
909
910
910
910
911
911
912
912
913
913
914
914
915
915
916
916
917
917
918
918
919
919
920
920
921
921
922
922
923
923
924
924
925
925
926
926
927
927
928
928
929
929
930
930
931
931
932
932
933
933
934
934
935
935
936
936
937
937
938
938
939
939
940
940
941
941
942
942
943
943
944
945
945
945
946
946
947
947
948
948
949
949
950
950
951
951
952
952
953
953
954
954
955
955
956
956
957
957
958
958
959
959
960
960
961
961
962
962
963
963
964
964
965
965
966
966
967
967
968
968
969
969
970
970
971
971
972
972
973
973
974
974
975
975
976
976
977
977
978
978
979
980
980
980
981
981
982
982
983
983
984
984
985
985
986
986
987
987
988
988
989
989
990
990
991
991
992
992
993
993
994
994
995
995
996
996
997
997
998
998
999
999
1000
1000
1001
1001
1002
1002
1003
1003
1004
1004
1005
1005
1006
1006
1007
1007
1008
1008
1009
1009
1010
1010
1011
1011
1012
1012
1013
1013
1014
1015
1015
1015
1016
1016
1017
1017
1018
1018
1019
1019
1020
1020
1021
1021
1022
1022
1023
1023
1024
1024
1025
1025
1026
1026
1027
1027
1028
1028
1029
1029
1030
1030
1031
1031
1032
1032
1033
1033
1034
1034
1035
1035
1036
1036
1037
1037
1038
1038
1039
1039
1040
1040
1041
1041
1042
1042
1043
1043
1044
1044
1045
1045
1046
1046
1047
1047
1048
1048
1049
1050
1050
1050
1051
1051
1052
1052
1053
1053
1054
1054
1055
1055
1056
1056
1057
1057
1058
1058
1059
1059
1060
1060
1061
1061
1062
1062
1063
1063
1064
1064
1065
1065
1066
1066
1067
1067
1068
1068
1069
1069
1070
1070
1071
1071
1072
1072
1073
1073
1074
1074
1075
1075
1076
1076
1077
1077
1078
1078
1079
1079
1080
1080
1081
1081
1082
1082
1083
1083
1084
1085
1085
1085
1086
1086
1087
1087
1088
1088
1089
1089
1090
1090
1091
1091
1092
1092
1093
1093
1094
1094
1095
1095
1096
1096
1097
1097
1098
1098
1099
1099
1100
1100
1101
1101
1102
1102
1103
1103
1104
1104
1105
1105
1106
1106
1107
1107
1108
1108
1109
1109
1110
1110
1111
1111
1112
1112
1113
1113
1114
1114
1115
1115
1116
1116
1117
1117
1118
1118
1119
1120
1120
1120
1121
1121
1122
1122
1123
1123
1124
1124
1125
1125
1126
1126
1127
1127
1128
1128
1129
1129
1130
1130
1131
1131
1132
1132
1133
1133
1134
1134
1135
1135
1136
1136
1137
1137
1138
1138
1139
1139
1140
1140
1141
1141
1142
1142
1143
1143
1144
1144
1145
1145
1146
1146
1147
1147
1148
1148
1149
1149
1150
1150
1151
1151
1152
1152
1153
1153
1154
1155
1155
1155
1156
1156
1157
1157
1158
1158
1159
1159
1160
1160
1161
1161
1162
1162
1163
1163
1164
1164
1165
1165
1166
1166
1167
1167
1168
1168
1169
1169
1170
1170
1171
1171
1172
1172
1173
1173
1174
1174
1175
1175
1176
1176
1177
1177
1178
1178
1179
1179
1180
1180
1181
1181
1182
1182
1183
1183
1184
1184
1185
1185
1186
1186
1187
1187
1188
1188
1189
1190
1190
1190
1191
1191
1192
1192
1193
1193
1194
1194
1195
1195
1196
1196
1197
1197
1198
1198
1199
1199
1200
1200
1201
1201
1202
1202
1203
1203
1204
1204
1205
1205
1206
1206
1207
1207
1208
1208
1209
1209
1210
1210
1211
1211
1212
1212
1213
1213
1214
1214
1215
1215
1216
1216
1217
1217
1218
1218
1219
1219
1220
1220
1221
1221
1222
1222
1223
1223
1224
1225
1225
1225
1226
1226
1227
1227
1228
1228
1229
1229
1230
1230
1231
1231
1232
1232
1233
1233
1234
1234
1235
1235
1236
1236
1237
1237
1238
1238
1239
1239
1240
1240
1241
1241
1242
1242
1243
1243
1244
1244
1245
1245
1246
1246
1247
1247
1248
1248
1249
1249
1250
1250
1251
1251
1252
1252
1253
1253
1254
1254
1255
1255
1256
1256
1257
1257
1258
1258
1259
1260
1260
1260
1261
1261
1262
1262
1263
1263
1264
1264
1265
1265
1266
1266
1267
1267
1268
1268
1269
1269
1270
1270
1271
1271
1272
1272
1273
1273
1274
1274
1275
1275
1276
1276
1277
1277
1278
1278
1279
1279
1280
1280
1281
1281
1282
1282
1283
1283
1284
1284
1285
1285
1286
1286
1287
1287
1288
1288
1289
1289
1290
1290
1291
1291
1292
1292
1293
1293
1294
1295
1295
1295
1296
1296
1297
1297
1298
1298
1299
1299
1300
1300
1301
1301
1302
1302
1303
1303
1304
1304
1305
1305
1306
1306
1307
1307
1308
1308
1309
1309
1310
1310
1311
1311
1312
1312
1313
1313
1314
1314
1315
1315
1316
1316
1317
1317
1318
1318
1319
1319
1320
1320
1321
1321
1322
1322
1323
1323
1324
1324
1325
1325
1326
1326
1327
1327
1328
1328
1329
1330
1330
1330
1331
1331
1332
1332
1333
1333
1334
1334
1335
1335
1336
1336
1337
1337
1338
1338
1339
1339
1340
1340
1341
1341
1342
1342
1343
1343
1344
1344
1345
1345
1346
1346
1347
1347
1348
1348
1349
1349
1350
1350
1351
1351
1352
1352
1353
1353
1354
1354
1355
1355
1356
1356
1357
1357
1358
1358
1359
1359
1360
1360
1361
1361
1362
1362
1363
1363
1364
1365
1365
1365
1366
1366
1367
1367
1368
1368
1369
1369
1370
1370
1371
1371
1372
1372
1373
1373
1374
1374
1375
1375
1376
1376
1377
1377
1378
1378
1379
1379
1380
1380
1381
1381
1382
1382
1383
1383
1384
1384
1385
1385
1386
1386
1387
1387
1388
1388
1389
1389
1390
1390
1391
1391
1392
1392
1393
1393
1394
1394
1395
1395
1396
1396
1397
1397
1398
1398
1399
1400
1400
1400
1401
1401
1402
1402
1403
1403
1404
1404
1405
1405
1406
1406
1407
1407
1408
1408
1409
1409
1410
1410
1411
1411
1412
1412
1413
1413
1414
1414
1415
1415
1416
1416
1417
1417
1418
1418
1419
1419
1420
1420
1421
1421
1422
1422
1423
1423
1424
1424
1425
1425
1426
1426
1427
1427
1428
1428
1429
1429
1430
1430
1431
1431
1432
1432
1433
1433
1434
1435
1435
1435
1436
1436
1437
1437
1438
1438
1439
1439
1440
1440
1441
1441
1442
1442
1443
1443
1444
1444
1445
1445
1446
1446
1447
1447
1448
1448
1449
1449
1450
1450
1451
1451
1452
1452
1453
1453
1454
1454
1455
1455
1456
1456
1457
1457
1458
1458
1459
1459
1460
1460
1461
1461
1462
1462
1463
1463
1464
1464
1465
1465
1466
1466
1467
1467
1468
1468
1469
1470
1470
1470
1471
1471
1472
1472
1473
1473
1474
1474
1475
1475
1476
1476
1477
1477
1478
1478
1479
1479
1480
1480
1481
1481
1482
1482
1483
1483
1484
1484
1485
1485
1486
1486
1487
1487
1488
1488
1489
1489
1490
1490
1491
1491
1492
1492
1493
1493
1494
1494
1495
1495
1496
1496
1497
1497
1498
1498
1499
1499
1500
1500
1501
1501
1502
1502
1503
1503
1504
1505
1505
1505
1506
1506
1507
1507
1508
1508
1509
1509
1510
1510
1511
1511
1512
1512
1513
1513
1514
1514
1515
1515
1516
1516
1517
1517
1518
1518
1519
1519
1520
1520
1521
1521
1522
1522
1523
1523
1524
1524
1525
1525
1526
1526
1527
1527
1528
1528
1529
1529
1530
1530
1531
1531
1532
1532
1533
1533
1534
1534
1535
1535
1536
1536
1537
1537
1538
1538
1539
1540
1540
1541
1542
1543
1544
1545
1546
1547
1548
1549
1550
1551
1552
1553
1554
1555
1556
1557
1558
1559
1560
1561
1562
1563
1564
1565
1566
1567
1568
1569
1570
1571
1572
1573
1575
1575
1576
1576
1577
1577
1578
1578
1579
1579
1580
1580
1581
1581
1582
1582
1583
1583
1584
1584
1585
1585
1586
1586
1587
1587
1588
1588
1589
1589
1590
1590
1591
1591
1592
1592
1593
1593
1594
1595
1595
1596
1596
1597
1597
1598
1598
1599
1599
1600
1600
1601
1601
1602
1602
1603
1603
1604
1604
1605
1605
1606
1606
1607
1607
1608
1608
1609
1609
1610
1610
1611
1611
1612
1612
1613
1613
1614
1615
1615
1616
1616
1617
1617
1618
1618
1619
1619
1620
1620
1621
1621
1622
1622
1623
1623
1624
1624
1625
1625
1626
1626
1627
1627
1628
1628
1629
1629
1630
1630
1631
1631
1632
1632
1633
1633
1634
1635
1635
1636
1636
1637
1637
1638
1638
1639
1639
1640
1640
1641
1641
1642
1642
1643
1643
1644
1644
1645
1645
1646
1646
1647
1647
1648
1648
1649
1649
1650
1650
1651
1651
1652
1652
1653
1653
1654
1655
1655
1656
1656
1657
1657
1658
1658
1659
1659
1660
1660
1661
1661
1662
1662
1663
1663
1664
1664
1665
1665
1666
1666
1667
1667
1668
1668
1669
1669
1670
1670
1671
1671
1672
1672
1673
1673
1674
1675
1675
1676
1676
1677
1677
1678
1678
1679
1679
1680
1680
1681
1681
1682
1682
1683
1683
1684
1684
1685
1685
1686
1686
1687
1687
1688
1688
1689
1689
1690
1690
1691
1691
1692
1692
1693
1693
1694
1695
1695
1696
1696
1697
1697
1698
1698
1699
1699
1700
1700
1701
1701
1702
1702
1703
1703
1704
1704
1705
1705
1706
1706
1707
1707
1708
1708
1709
1709
1710
1710
1711
1711
1712
1712
1713
1713
1714
1715
1715
1716
1716
1717
1717
1718
1718
1719
1719
1720
1720
1721
1721
1722
1722
1723
1723
1724
1724
1725
1725
1726
1726
1727
1727
1728
1728
1729
1729
1730
1730
1731
1731
1732
1732
1733
1733
1734
1735
1735
1736
1736
1737
1737
1738
1738
1739
1739
1740
1740
1741
1741
1742
1742
1743
1743
1744
1744
1745
1745
1746
1746
1747
1747
1748
1748
1749
1749
1750
1750
1751
1751
1752
1752
1753
1753
1754
1755
1755
1756
1756
1757
1757
1758
1758
1759
1759
1760
1760
1761
1761
1762
1762
1763
1763
1764
1764
1765
1765
1766
1766
1767
1767
1768
1768
1769
1769
1770
1770
1771
1771
1772
1772
1773
1773
1774
1775
1775
1776
1776
1777
1777
1778
1778
1779
1779
1780
1780
1781
1781
1782
1782
1783
1783
1784
1784
1785
1785
1786
1786
1787
1787
1788
1788
1789
1789
1790
1790
1791
1791
1792
1792
1793
1793
1794
1795
1795
1796
1796
1797
1797
1798
1798
1799
1799
1800
1800
1801
1801
1802
1802
1803
1803
1804
1804
1805
1805
1806
1806
1807
1807
1808
1808
1809
1809
1810
1810
1811
1811
1812
1812
1813
1813
1814
1815
1815
1816
1816
1817
1817
1818
1818
1819
1819
1820
1820
1821
1821
1822
1822
1823
1823
1824
1824
1825
1825
1826
1826
1827
1827
1828
1828
1829
1829
1830
1830
1831
1831
1832
1832
1833
1833
1834
1835
1835
1836
1836
1837
1837
1838
1838
1839
1839
1840
1840
1841
1841
1842
1842
1843
1843
1844
1844
1845
1845
1846
1846
1847
1847
1848
1848
1849
1849
1850
1850
1851
1851
1852
1852
1853
1853
1854
1855
1855
1856
1856
1857
1857
1858
1858
1859
1859
1860
1860
1861
1861
1862
1862
1863
1863
1864
1864
1865
1865
1866
1866
1867
1867
1868
1868
1869
1869
1870
1870
1871
1871
1872
1872
1873
1873
1874
1875
1875
1876
1876
1877
1877
1878
1878
1879
1879
1880
1880
1881
1881
1882
1882
1883
1883
1884
1884
1885
1885
1886
1886
1887
1887
1888
1888
1889
1889
1890
1890
1891
1891
1892
1892
1893
1893
1894
1895
1895
1896
1896
1897
1897
1898
1898
1899
1899
1900
1900
1901
1901
1902
1902
1903
1903
1904
1904
1905
1905
1906
1906
1907
1907
1908
1908
1909
1909
1910
1910
1911
1911
1912
1912
1913
1913
1914
1915
1915
1916
1916
1917
1917
1918
1918
1919
1919
1920
1920
1921
1921
1922
1922
1923
1923
1924
1924
1925
1925
1926
1926
1927
1927
1928
1928
1929
1929
1930
1930
1931
1931
1932
1932
1933
1933
1934
1935
1935
1936
1936
1937
1937
1938
1938
1939
1939
1940
1940
1941
1941
1942
1942
1943
1943
1944
1944
1945
1945
1946
1946
1947
1947
1948
1948
1949
1949
1950
1950
1951
1951
1952
1952
1953
1953
1954
1955
1955
1956
1956
1957
1957
1958
1958
1959
1959
1960
1960
1961
1961
1962
1962
1963
1963
1964
1964
1965
1965
1966
1966
1967
1967
1968
1968
1969
1969
1970
1970
1971
1971
1972
1972
1973
1973
1974
1975
1975
1976
1976
1977
1977
1978
1978
1979
1979
1980
1980
1981
1981
1982
1982
1983
1983
1984
1984
1985
1985
1986
1986
1987
1987
1988
1988
1989
1989
1990
1990
1991
1991
1992
1992
1993
1993
1994
1995
1995
1996
1996
1997
1997
1998
1998
1999
1999
2000
2000
2001
2001
2002
2002
2003
2003
2004
2004
2005
2005
2006
2006
2007
2007
2008
2008
2009
2009
2010
2010
2011
2011
2012
2012
2013
2013
2014
2015
2015
2016
2016
2017
2017
2018
2018
2019
2019
2020
2020
2021
2021
2022
2022
2023
2023
2024
2024
2025
2025
2026
2026
2027
2027
2028
2028
2029
2029
2030
2030
2031
2031
2032
2032
2033
2033
2034
2035
2035
2036
2036
2037
2037
2038
2038
2039
2039
2040
2040
2041
2041
2042
2042
2043
2043
2044
2044
2045
2045
2046
2046
2047
2047
2048
2048
2049
2049
2050
2050
2051
2051
2052
2052
2053
2053
2054
2055
2055
2056
2056
2057
2057
2058
2058
2059
2059
2060
2060
2061
2061
2062
2062
2063
2063
2064
2064
2065
2065
2066
2066
2067
2067
2068
2068
2069
2069
2070
2070
2071
2071
2072
2072
2073
2073
2074
2075
2075
2076
2076
2077
2077
2078
2078
2079
2079
2080
2080
2081
2081
2082
2082
2083
2083
2084
2084
2085
2085
2086
2086
2087
2087
2088
2088
2089
2089
2090
2090
2091
2091
2092
2092
2093
2093
2094
2095
2095
2096
2096
2097
2097
2098
2098
2099
2099
2100
2100
2101
2101
2102
2102
2103
2103
2104
2104
2105
2105
2106
2106
2107
2107
2108
2108
2109
2109
2110
2110
2111
2111
2112
2112
2113
2113
2114
2115
2115
2116
2116
2117
2117
2118
2118
2119
2119
2120
2120
2121
2121
2122
2122
2123
2123
2124
2124
2125
2125
2126
2126
2127
2127
2128
2128
2129
2129
2130
2130
2131
2131
2132
2132
2133
2133
2134
2135
2135
2136
2136
2137
2137
2138
2138
2139
2139
2140
2140
2141
2141
2142
2142
2143
2143
2144
2144
2145
2145
2146
2146
2147
2147
2148
2148
2149
2149
2150
2150
2151
2151
2152
2152
2153
2153
2154
2155
2155
2156
2156
2157
2157
2158
2158
2159
2159
2160
2160
2161
2161
2162
2162
2163
2163
2164
2164
2165
2165
2166
2166
2167
2167
2168
2168
2169
2169
2170
2170
2171
2171
2172
2172
2173
2173
2174
2175
2175
2176
2176
2177
2177
2178
2178
2179
2179
2180
2180
2181
2181
2182
2182
2183
2183
2184
2184
2185
2185
2186
2186
2187
2187
2188
2188
2189
2189
2190
2190
2191
2191
2192
2192
2193
2193
2194
2195
2195
2196
2196
2197
2197
2198
2198
2199
2199
2200
2200
2201
2201
2202
2202
2203
2203
2204
2204
2205
2205
2206
2206
2207
2207
2208
2208
2209
2209
2210
2210
2211
2211
2212
2212
2213
2213
2214
2215
2215
2216
2216
2217
2217
2218
2218
2219
2219
2220
2220
2221
2221
2222
2222
2223
2223
2224
2224
2225
2225
2226
2226
2227
2227
2228
2228
2229
2229
2230
2230
2231
2231
2232
2232
2233
2233
2234
2235
2235
2236
2236
2237
2237
2238
2238
2239
2239
2240
2240
2241
2241
2242
2242
2243
2243
2244
2244
2245
2245
2246
2246
2247
2247
2248
2248
2249
2249
2250
2250
2251
2251
2252
2252
2253
2253
2254
2255
2255
2256
2256
2257
2257
2258
2258
2259
2259
2260
2260
2261
2261
2262
2262
2263
2263
2264
2264
2265
2265
2266
2266
2267
2267
2268
2268
2269
2269
2270
2270
2271
2271
2272
2272
2273
2273
2274
2275
2275
2276
2276
2277
2277
2278
2278
2279
2279
2280
2280
2281
2281
2282
2282
2283
2283
2284
2284
2285
2285
2286
2286
2287
2287
2288
2288
2289
2289
2290
2290
2291
2291
2292
2292
2293
2293
2294
2295
2295
2296
2296
2297
2297
2298
2298
2299
2299
2300
2300
2301
2301
2302
2302
2303
2303
2304
2304
2305
2305
2306
2306
2307
2307
2308
2308
2309
2309
2310
2310
2311
2311
2312
2312
2313
2313
2314
2315
2315
2316
2316
2317
2317
2318
2318
2319
2319
2320
2320
2321
2321
2322
2322
2323
2323
2324
2324
2325
2325
2326
2326
2327
2327
2328
2328
2329
2329
2330
2330
2331
2331
2332
2332
2333
2333
2334
2335
2335
2336
2336
2337
2337
2338
2338
2339
2339
2340
2340
2341
2341
2342
2342
2343
2343
2344
2344
2345
2345
2346
2346
2347
2347
2348
2348
2349
2349
2350
2350
2351
2351
2352
2352
2353
2353
2354
2355
2355
2356
2356
2357
2357
2358
2358
2359
2359
2360
2360
2361
2361
2362
2362
2363
2363
2364
2364
2365
2365
2366
2366
2367
2367
2368
2368
2369
2369
2370
2370
2371
2371
2372
2372
2373
2373
2374
2375
2375
2376
2376
2377
2377
2378
2378
2379
2379
2380
2380
2381
2381
2382
2382
2383
2383
2384
2384
2385
2385
2386
2386
2387
2387
2388
2388
2389
2389
2390
2390
2391
2391
2392
2392
2393
2393
2394
2395
2395
2396
2396
2397
2397
2398
2398
2399
2399
2400
2400
2401
2401
2402
2402
2403
2403
2404
2404
2405
2405
2406
2406
2407
2407
2408
2408
2409
2409
2410
2410
2411
2411
2412
2412
2413
2413
2414
2415
2415
2416
2416
2417
2417
2418
2418
2419
2419
2420
2420
2421
2421
2422
2422
2423
2423
2424
2424
2425
2425
2426
2426
2427
2427
2428
2428
2429
2429
2430
2430
2431
2431
2432
2432
2433
2433
2434
2435
2435
2436
2436
2437
2437
2438
2438
2439
2439
2440
2440
2441
2441
2442
2442
2443
2443
2444
2444
2445
2445
2446
2446
2447
2447
2448
2448
2449
2449
2450
2450
2451
2451
2452
2452
2453
2453
2454
2455
2456
2457
2458
2459
2460
2461
2462
2463
2464
2465
2466
2467
2468
2469
2470
2471
2472
2473
1540
1541
1542
1543
1544
1545
1546
1547
1548
1549
1550
1551
1552
1553
1554
1555
1556
1557
1558
1559
1560
1561
1562
1563
1564
1565
1566
1567
1568
1569
1570
1571
1572
1573
1574
2455
2456
2457
2458
2459
2460
2461
2462
2463
2464
2465
2466
2467
2468
2469
2470
2471
2472
2473
2474
2175
2195
2215
2235
2255
2275
2295
2315
2335
2355
2375
2395
2415
2435
2455
1575
1595
1615
1635
1655
1675
1695
1715
1735
1755
1775
1795
1815
1835
1855
1875
1895
1915
1935
1955
1975
1995
2015
2035
2055
2075
2095
2115
2135
2155
1084
1119
1154
1189
1224
1259
1294
1329
1364
1399
1434
1469
1504
1539
1574
34
69
104
139
174
209
244
279
314
349
384
419
454
489
524
559
594
629
664
699
734
769
804
839
874
909
944
979
1014
1049
0
1
2
3
4
5
6
7
8
9
10
11
12
13
14
15
16
17
18
19
20
21
22
23
24
25
26
27
28
29
30
31
32
33
34
1575
1576
1577
1578
1579
1580
1581
1582
1583
1584
1585
1586
1587
1588
1589
1590
1591
1592
1593
1594
0
35
70
105
140
175
210
245
280
315
350
385
420
455
490
525
560
595
630
665
700
735
770
805
840
875
910
945
980
1015
1
36
71
106
141
176
211
246
281
316
351
386
421
456
491
526
561
596
631
666
701
736
771
806
841
876
911
946
981
1016
2
37
72
107
142
177
212
247
282
317
352
387
422
457
492
527
562
597
632
667
702
737
772
807
842
877
912
947
982
1017
3
38
73
108
143
178
213
248
283
318
353
388
423
458
493
528
563
598
633
668
703
738
773
808
843
878
913
948
983
1018
4
39
74
109
144
179
214
249
284
319
354
389
424
459
494
529
564
599
634
669
704
739
774
809
844
879
914
949
984
1019
5
40
75
110
145
180
215
250
285
320
355
390
425
460
495
530
565
600
635
670
705
740
775
810
845
880
915
950
985
1020
6
41
76
111
146
181
216
251
286
321
356
391
426
461
496
531
566
601
636
671
706
741
776
811
846
881
916
951
986
1021
7
42
77
112
147
182
217
252
287
322
357
392
427
462
497
532
567
602
637
672
707
742
777
812
847
882
917
952
987
1022
8
43
78
113
148
183
218
253
288
323
358
393
428
463
498
533
568
603
638
673
708
743
778
813
848
883
918
953
988
1023
9
44
79
114
149
184
219
254
289
324
359
394
429
464
499
534
569
604
639
674
709
744
779
814
849
884
919
954
989
1024
10
45
80
115
150
185
220
255
290
325
360
395
430
465
500
535
570
605
640
675
710
745
780
815
850
885
920
955
990
1025
11
46
81
116
151
186
221
256
291
326
361
396
431
466
501
536
571
606
641
676
711
746
781
816
851
886
921
956
991
1026
12
47
82
117
152
187
222
257
292
327
362
397
432
467
502
537
572
607
642
677
712
747
782
817
852
887
922
957
992
1027
13
48
83
118
153
188
223
258
293
328
363
398
433
468
503
538
573
608
643
678
713
748
783
818
853
888
923
958
993
1028
14
49
84
119
154
189
224
259
294
329
364
399
434
469
504
539
574
609
644
679
714
749
784
819
854
889
924
959
994
1029
15
50
85
120
155
190
225
260
295
330
365
400
435
470
505
540
575
610
645
680
715
750
785
820
855
890
925
960
995
1030
16
51
86
121
156
191
226
261
296
331
366
401
436
471
506
541
576
611
646
681
716
751
786
821
856
891
926
961
996
1031
17
52
87
122
157
192
227
262
297
332
367
402
437
472
507
542
577
612
647
682
717
752
787
822
857
892
927
962
997
1032
18
53
88
123
158
193
228
263
298
333
368
403
438
473
508
543
578
613
648
683
718
753
788
823
858
893
928
963
998
1033
19
54
89
124
159
194
229
264
299
334
369
404
439
474
509
544
579
614
649
684
719
754
789
824
859
894
929
964
999
1034
20
55
90
125
160
195
230
265
300
335
370
405
440
475
510
545
580
615
650
685
720
755
790
825
860
895
930
965
1000
1035
21
56
91
126
161
196
231
266
301
336
371
406
441
476
511
546
581
616
651
686
721
756
791
826
861
896
931
966
1001
1036
22
57
92
127
162
197
232
267
302
337
372
407
442
477
512
547
582
617
652
687
722
757
792
827
862
897
932
967
1002
1037
23
58
93
128
163
198
233
268
303
338
373
408
443
478
513
548
583
618
653
688
723
758
793
828
863
898
933
968
1003
1038
24
59
94
129
164
199
234
269
304
339
374
409
444
479
514
549
584
619
654
689
724
759
794
829
864
899
934
969
1004
1039
25
60
95
130
165
200
235
270
305
340
375
410
445
480
515
550
585
620
655
690
725
760
795
830
865
900
935
970
1005
1040
26
61
96
131
166
201
236
271
306
341
376
411
446
481
516
551
586
621
656
691
726
761
796
831
866
901
936
971
1006
1041
27
62
97
132
167
202
237
272
307
342
377
412
447
482
517
552
587
622
657
692
727
762
797
832
867
902
937
972
1007
1042
28
63
98
133
168
203
238
273
308
343
378
413
448
483
518
553
588
623
658
693
728
763
798
833
868
903
938
973
1008
1043
29
64
99
134
169
204
239
274
309
344
379
414
449
484
519
554
589
624
659
694
729
764
799
834
869
904
939
974
1009
1044
30
65
100
135
170
205
240
275
310
345
380
415
450
485
520
555
590
625
660
695
730
765
800
835
870
905
940
975
1010
1045
31
66
101
136
171
206
241
276
311
346
381
416
451
486
521
556
591
626
661
696
731
766
801
836
871
906
941
976
1011
1046
32
67
102
137
172
207
242
277
312
347
382
417
452
487
522
557
592
627
662
697
732
767
802
837
872
907
942
977
1012
1047
33
68
103
138
173
208
243
278
313
348
383
418
453
488
523
558
593
628
663
698
733
768
803
838
873
908
943
978
1013
1048
34
69
104
139
174
209
244
279
314
349
384
419
454
489
524
559
594
629
664
699
734
769
804
839
874
909
944
979
1014
1049
0
35
70
105
140
175
210
245
280
315
350
385
420
455
490
525
560
595
630
665
700
735
770
805
840
875
910
945
980
1015
1
36
71
106
141
176
211
246
281
316
351
386
421
456
491
526
561
596
631
666
701
736
771
806
841
876
911
946
981
1016
2
37
72
107
142
177
212
247
282
317
352
387
422
457
492
527
562
597
632
667
702
737
772
807
842
877
912
947
982
1017
3
38
73
108
143
178
213
248
283
318
353
388
423
458
493
528
563
598
633
668
703
738
773
808
843
878
913
948
983
1018
4
39
74
109
144
179
214
249
284
319
354
389
424
459
494
529
564
599
634
669
704
739
774
809
844
879
914
949
984
1019
5
40
75
110
145
180
215
250
285
320
355
390
425
460
495
530
565
600
635
670
705
740
775
810
845
880
915
950
985
1020
6
41
76
111
146
181
216
251
286
321
356
391
426
461
496
531
566
601
636
671
706
741
776
811
846
881
916
951
986
1021
7
42
77
112
147
182
217
252
287
322
357
392
427
462
497
532
567
602
637
672
707
742
777
812
847
882
917
952
987
1022
8
43
78
113
148
183
218
253
288
323
358
393
428
463
498
533
568
603
638
673
708
743
778
813
848
883
918
953
988
1023
9
44
79
114
149
184
219
254
289
324
359
394
429
464
499
534
569
604
639
674
709
744
779
814
849
884
919
954
989
1024
10
45
80
115
150
185
220
255
290
325
360
395
430
465
500
535
570
605
640
675
710
745
780
815
850
885
920
955
990
1025
11
46
81
116
151
186
221
256
291
326
361
396
431
466
501
536
571
606
641
676
711
746
781
816
851
886
921
956
991
1026
12
47
82
117
152
187
222
257
292
327
362
397
432
467
502
537
572
607
642
677
712
747
782
817
852
887
922
957
992
1027
13
48
83
118
153
188
223
258
293
328
363
398
433
468
503
538
573
608
643
678
713
748
783
818
853
888
923
958
993
1028
14
49
84
119
154
189
224
259
294
329
364
399
434
469
504
539
574
609
644
679
714
749
784
819
854
889
924
959
994
1029
15
50
85
120
155
190
225
260
295
330
365
400
435
470
505
540
575
610
645
680
715
750
785
820
855
890
925
960
995
1030
16
51
86
121
156
191
226
261
296
331
366
401
436
471
506
541
576
611
646
681
716
751
786
821
856
891
926
961
996
1031
17
52
87
122
157
192
227
262
297
332
367
402
437
472
507
542
577
612
647
682
717
752
787
822
857
892
927
962
997
1032
18
53
88
123
158
193
228
263
298
333
368
403
438
473
508
543
578
613
648
683
718
753
788
823
858
893
928
963
998
1033
19
54
89
124
159
194
229
264
299
334
369
404
439
474
509
544
579
614
649
684
719
754
789
824
859
894
929
964
999
1034
20
55
90
125
160
195
230
265
300
335
370
405
440
475
510
545
580
615
650
685
720
755
790
825
860
895
930
965
1000
1035
21
56
91
126
161
196
231
266
301
336
371
406
441
476
511
546
581
616
651
686
721
756
791
826
861
896
931
966
1001
1036
22
57
92
127
162
197
232
267
302
337
372
407
442
477
512
547
582
617
652
687
722
757
792
827
862
897
932
967
1002
1037
23
58
93
128
163
198
233
268
303
338
373
408
443
478
513
548
583
618
653
688
723
758
793
828
863
898
933
968
1003
1038
24
59
94
129
164
199
234
269
304
339
374
409
444
479
514
549
584
619
654
689
724
759
794
829
864
899
934
969
1004
1039
25
60
95
130
165
200
235
270
305
340
375
410
445
480
515
550
585
620
655
690
725
760
795
830
865
900
935
970
1005
1040
26
61
96
131
166
201
236
271
306
341
376
411
446
481
516
551
586
621
656
691
726
761
796
831
866
901
936
971
1006
1041
27
62
97
132
167
202
237
272
307
342
377
412
447
482
517
552
587
622
657
692
727
762
797
832
867
902
937
972
1007
1042
28
63
98
133
168
203
238
273
308
343
378
413
448
483
518
553
588
623
658
693
728
763
798
833
868
903
938
973
1008
1043
29
64
99
134
169
204
239
274
309
344
379
414
449
484
519
554
589
624
659
694
729
764
799
834
869
904
939
974
1009
1044
30
65
100
135
170
205
240
275
310
345
380
415
450
485
520
555
590
625
660
695
730
765
800
835
870
905
940
975
1010
1045
31
66
101
136
171
206
241
276
311
346
381
416
451
486
521
556
591
626
661
696
731
766
801
836
871
906
941
976
1011
1046
32
67
102
137
172
207
242
277
312
347
382
417
452
487
522
557
592
627
662
697
732
767
802
837
872
907
942
977
1012
1047
33
68
103
138
173
208
243
278
313
348
383
418
453
488
523
558
593
628
663
698
733
768
803
838
873
908
943
978
1013
1048
34
69
104
139
174
209
244
279
314
349
384
419
454
489
524
559
594
629
664
699
734
769
804
839
874
909
944
979
1014
1049
1050
1085
1120
1155
1190
1225
1260
1295
1330
1365
1400
1435
1470
1505
1540
1051
1086
1121
1156
1191
1226
1261
1296
1331
1366
1401
1436
1471
1506
1541
1052
1087
1122
1157
1192
1227
1262
1297
1332
1367
1402
1437
1472
1507
1542
1053
1088
1123
1158
1193
1228
1263
1298
1333
1368
1403
1438
1473
1508
1543
1054
1089
1124
1159
1194
1229
1264
1299
1334
1369
1404
1439
1474
1509
1544
1055
1090
1125
1160
1195
1230
1265
1300
1335
1370
1405
1440
1475
1510
1545
1056
1091
1126
1161
1196
1231
1266
1301
1336
1371
1406
1441
1476
1511
1546
1057
1092
1127
1162
1197
1232
1267
1302
1337
1372
1407
1442
1477
1512
1547
1058
1093
1128
1163
1198
1233
1268
1303
1338
1373
1408
1443
1478
1513
1548
1059
1094
1129
1164
1199
1234
1269
1304
1339
1374
1409
1444
1479
1514
1549
1060
1095
1130
1165
1200
1235
1270
1305
1340
1375
1410
1445
1480
1515
1550
1061
1096
1131
1166
1201
1236
1271
1306
1341
1376
1411
1446
1481
1516
1551
1062
1097
1132
1167
1202
1237
1272
1307
1342
1377
1412
1447
1482
1517
1552
1063
1098
1133
1168
1203
1238
1273
1308
1343
1378
1413
1448
1483
1518
1553
1064
1099
1134
1169
1204
1239
1274
1309
1344
1379
1414
1449
1484
1519
1554
1065
1100
1135
1170
1205
1240
1275
1310
1345
1380
1415
1450
1485
1520
1555
1066
1101
1136
1171
1206
1241
1276
1311
1346
1381
1416
1451
1486
1521
1556
1067
1102
1137
1172
1207
1242
1277
1312
1347
1382
1417
1452
1487
1522
1557
1068
1103
1138
1173
1208
1243
1278
1313
1348
1383
1418
1453
1488
1523
1558
1069
1104
1139
1174
1209
1244
1279
1314
1349
1384
1419
1454
1489
1524
1559
1070
1105
1140
1175
1210
1245
1280
1315
1350
1385
1420
1455
1490
1525
1560
1071
1106
1141
1176
1211
1246
1281
1316
1351
1386
1421
1456
1491
1526
1561
1072
1107
1142
1177
1212
1247
1282
1317
1352
1387
1422
1457
1492
1527
1562
1073
1108
1143
1178
1213
1248
1283
1318
1353
1388
1423
1458
1493
1528
1563
1074
1109
1144
1179
1214
1249
1284
1319
1354
1389
1424
1459
1494
1529
1564
1075
1110
1145
1180
1215
1250
1285
1320
1355
1390
1425
1460
1495
1530
1565
1076
1111
1146
1181
1216
1251
1286
1321
1356
1391
1426
1461
1496
1531
1566
1077
1112
1147
1182
1217
1252
1287
1322
1357
1392
1427
1462
1497
1532
1567
1078
1113
1148
1183
1218
1253
1288
1323
1358
1393
1428
1463
1498
1533
1568
1079
1114
1149
1184
1219
1254
1289
1324
1359
1394
1429
1464
1499
1534
1569
1080
1115
1150
1185
1220
1255
1290
1325
1360
1395
1430
1465
1500
1535
1570
1081
1116
1151
1186
1221
1256
1291
1326
1361
1396
1431
1466
1501
1536
1571
1082
1117
1152
1187
1222
1257
1292
1327
1362
1397
1432
1467
1502
1537
1572
1083
1118
1153
1188
1223
1258
1293
1328
1363
1398
1433
1468
1503
1538
1573
1084
1119
1154
1189
1224
1259
1294
1329
1364
1399
1434
1469
1504
1539
1574
1050
1085
1120
1155
1190
1225
1260
1295
1330
1365
1400
1435
1470
1505
1540
1051
1086
1121
1156
1191
1226
1261
1296
1331
1366
1401
1436
1471
1506
1541
1052
1087
1122
1157
1192
1227
1262
1297
1332
1367
1402
1437
1472
1507
1542
1053
1088
1123
1158
1193
1228
1263
1298
1333
1368
1403
1438
1473
1508
1543
1054
1089
1124
1159
1194
1229
1264
1299
1334
1369
1404
1439
1474
1509
1544
1055
1090
1125
1160
1195
1230
1265
1300
1335
1370
1405
1440
1475
1510
1545
1056
1091
1126
1161
1196
1231
1266
1301
1336
1371
1406
1441
1476
1511
1546
1057
1092
1127
1162
1197
1232
1267
1302
1337
1372
1407
1442
1477
1512
1547
1058
1093
1128
1163
1198
1233
1268
1303
1338
1373
1408
1443
1478
1513
1548
1059
1094
1129
1164
1199
1234
1269
1304
1339
1374
1409
1444
1479
1514
1549
1060
1095
1130
1165
1200
1235
1270
1305
1340
1375
1410
1445
1480
1515
1550
1061
1096
1131
1166
1201
1236
1271
1306
1341
1376
1411
1446
1481
1516
1551
1062
1097
1132
1167
1202
1237
1272
1307
1342
1377
1412
1447
1482
1517
1552
1063
1098
1133
1168
1203
1238
1273
1308
1343
1378
1413
1448
1483
1518
1553
1064
1099
1134
1169
1204
1239
1274
1309
1344
1379
1414
1449
1484
1519
1554
1065
1100
1135
1170
1205
1240
1275
1310
1345
1380
1415
1450
1485
1520
1555
1066
1101
1136
1171
1206
1241
1276
1311
1346
1381
1416
1451
1486
1521
1556
1067
1102
1137
1172
1207
1242
1277
1312
1347
1382
1417
1452
1487
1522
1557
1068
1103
1138
1173
1208
1243
1278
1313
1348
1383
1418
1453
1488
1523
1558
1069
1104
1139
1174
1209
1244
1279
1314
1349
1384
1419
1454
1489
1524
1559
1070
1105
1140
1175
1210
1245
1280
1315
1350
1385
1420
1455
1490
1525
1560
1071
1106
1141
1176
1211
1246
1281
1316
1351
1386
1421
1456
1491
1526
1561
1072
1107
1142
1177
1212
1247
1282
1317
1352
1387
1422
1457
1492
1527
1562
1073
1108
1143
1178
1213
1248
1283
1318
1353
1388
1423
1458
1493
1528
1563
1074
1109
1144
1179
1214
1249
1284
1319
1354
1389
1424
1459
1494
1529
1564
1075
1110
1145
1180
1215
1250
1285
1320
1355
1390
1425
1460
1495
1530
1565
1076
1111
1146
1181
1216
1251
1286
1321
1356
1391
1426
1461
1496
1531
1566
1077
1112
1147
1182
1217
1252
1287
1322
1357
1392
1427
1462
1497
1532
1567
1078
1113
1148
1183
1218
1253
1288
1323
1358
1393
1428
1463
1498
1533
1568
1079
1114
1149
1184
1219
1254
1289
1324
1359
1394
1429
1464
1499
1534
1569
1080
1115
1150
1185
1220
1255
1290
1325
1360
1395
1430
1465
1500
1535
1570
1081
1116
1151
1186
1221
1256
1291
1326
1361
1396
1431
1466
1501
1536
1571
1082
1117
1152
1187
1222
1257
1292
1327
1362
1397
1432
1467
1502
1537
1572
1083
1118
1153
1188
1223
1258
1293
1328
1363
1398
1433
1468
1503
1538
1573
1084
1119
1154
1189
1224
1259
1294
1329
1364
1399
1434
1469
1504
1539
1574
1575
1595
1615
1635
1655
1675
1695
1715
1735
1755
1775
1795
1815
1835
1855
1875
1895
1915
1935
1955
1975
1995
2015
2035
2055
2075
2095
2115
2135
2155
1576
1596
1616
1636
1656
1676
1696
1716
1736
1756
1776
1796
1816
1836
1856
1876
1896
1916
1936
1956
1976
1996
2016
2036
2056
2076
2096
2116
2136
2156
1577
1597
1617
1637
1657
1677
1697
1717
1737
1757
1777
1797
1817
1837
1857
1877
1897
1917
1937
1957
1977
1997
2017
2037
2057
2077
2097
2117
2137
2157
1578
1598
1618
1638
1658
1678
1698
1718
1738
1758
1778
1798
1818
1838
1858
1878
1898
1918
1938
1958
1978
1998
2018
2038
2058
2078
2098
2118
2138
2158
1579
1599
1619
1639
1659
1679
1699
1719
1739
1759
1779
1799
1819
1839
1859
1879
1899
1919
1939
1959
1979
1999
2019
2039
2059
2079
2099
2119
2139
2159
1580
1600
1620
1640
1660
1680
1700
1720
1740
1760
1780
1800
1820
1840
1860
1880
1900
1920
1940
1960
1980
2000
2020
2040
2060
2080
2100
2120
2140
2160
1581
1601
1621
1641
1661
1681
1701
1721
1741
1761
1781
1801
1821
1841
1861
1881
1901
1921
1941
1961
1981
2001
2021
2041
2061
2081
2101
2121
2141
2161
1582
1602
1622
1642
1662
1682
1702
1722
1742
1762
1782
1802
1822
1842
1862
1882
1902
1922
1942
1962
1982
2002
2022
2042
2062
2082
2102
2122
2142
2162
1583
1603
1623
1643
1663
1683
1703
1723
1743
1763
1783
1803
1823
1843
1863
1883
1903
1923
1943
1963
1983
2003
2023
2043
2063
2083
2103
2123
2143
2163
1584
1604
1624
1644
1664
1684
1704
1724
1744
1764
1784
1804
1824
1844
1864
1884
1904
1924
1944
1964
1984
2004
2024
2044
2064
2084
2104
2124
2144
2164
1585
1605
1625
1645
1665
1685
1705
1725
1745
1765
1785
1805
1825
1845
1865
1885
1905
1925
1945
1965
1985
2005
2025
2045
2065
2085
2105
2125
2145
2165
1586
1606
1626
1646
1666
1686
1706
1726
1746
1766
1786
1806
1826
1846
1866
1886
1906
1926
1946
1966
1986
2006
2026
2046
2066
2086
2106
2126
2146
2166
1587
1607
1627
1647
1667
1687
1707
1727
1747
1767
1787
1807
1827
1847
1867
1887
1907
1927
1947
1967
1987
2007
2027
2047
2067
2087
2107
2127
2147
2167
1588
1608
1628
1648
1668
1688
1708
1728
1748
1768
1788
1808
1828
1848
1868
1888
1908
1928
1948
1968
1988
2008
2028
2048
2068
2088
2108
2128
2148
2168
1589
1609
1629
1649
1669
1689
1709
1729
1749
1769
1789
1809
1829
1849
1869
1889
1909
1929
1949
1969
1989
2009
2029
2049
2069
2089
2109
2129
2149
2169
1590
1610
1630
1650
1670
1690
1710
1730
1750
1770
1790
1810
1830
1850
1870
1890
1910
1930
1950
1970
1990
2010
2030
2050
2070
2090
2110
2130
2150
2170
1591
1611
1631
1651
1671
1691
1711
1731
1751
1771
1791
1811
1831
1851
1871
1891
1911
1931
1951
1971
1991
2011
2031
2051
2071
2091
2111
2131
2151
2171
1592
1612
1632
1652
1672
1692
1712
1732
1752
1772
1792
1812
1832
1852
1872
1892
1912
1932
1952
1972
1992
2012
2032
2052
2072
2092
2112
2132
2152
2172
1593
1613
1633
1653
1673
1693
1713
1733
1753
1773
1793
1813
1833
1853
1873
1893
1913
1933
1953
1973
1993
2013
2033
2053
2073
2093
2113
2133
2153
2173
1594
1614
1634
1654
1674
1694
1714
1734
1754
1774
1794
1814
1834
1854
1874
1894
1914
1934
1954
1974
1994
2014
2034
2054
2074
2094
2114
2134
2154
2174
1575
1595
1615
1635
1655
1675
1695
1715
1735
1755
1775
1795
1815
1835
1855
1875
1895
1915
1935
1955
1975
1995
2015
2035
2055
2075
2095
2115
2135
2155
1576
1596
1616
1636
1656
1676
1696
1716
1736
1756
1776
1796
1816
1836
1856
1876
1896
1916
1936
1956
1976
1996
2016
2036
2056
2076
2096
2116
2136
2156
1577
1597
1617
1637
1657
1677
1697
1717
1737
1757
1777
1797
1817
1837
1857
1877
1897
1917
1937
1957
1977
1997
2017
2037
2057
2077
2097
2117
2137
2157
1578
1598
1618
1638
1658
1678
1698
1718
1738
1758
1778
1798
1818
1838
1858
1878
1898
1918
1938
1958
1978
1998
2018
2038
2058
2078
2098
2118
2138
2158
1579
1599
1619
1639
1659
1679
1699
1719
1739
1759
1779
1799
1819
1839
1859
1879
1899
1919
1939
1959
1979
1999
2019
2039
2059
2079
2099
2119
2139
2159
1580
1600
1620
1640
1660
1680
1700
1720
1740
1760
1780
1800
1820
1840
1860
1880
1900
1920
1940
1960
1980
2000
2020
2040
2060
2080
2100
2120
2140
2160
1581
1601
1621
1641
1661
1681
1701
1721
1741
1761
1781
1801
1821
1841
1861
1881
1901
1921
1941
1961
1981
2001
2021
2041
2061
2081
2101
2121
2141
2161
1582
1602
1622
1642
1662
1682
1702
1722
1742
1762
1782
1802
1822
1842
1862
1882
1902
1922
1942
1962
1982
2002
2022
2042
2062
2082
2102
2122
2142
2162
1583
1603
1623
1643
1663
1683
1703
1723
1743
1763
1783
1803
1823
1843
1863
1883
1903
1923
1943
1963
1983
2003
2023
2043
2063
2083
2103
2123
2143
2163
1584
1604
1624
1644
1664
1684
1704
1724
1744
1764
1784
1804
1824
1844
1864
1884
1904
1924
1944
1964
1984
2004
2024
2044
2064
2084
2104
2124
2144
2164
1585
1605
1625
1645
1665
1685
1705
1725
1745
1765
1785
1805
1825
1845
1865
1885
1905
1925
1945
1965
1985
2005
2025
2045
2065
2085
2105
2125
2145
2165
1586
1606
1626
1646
1666
1686
1706
1726
1746
1766
1786
1806
1826
1846
1866
1886
1906
1926
1946
1966
1986
2006
2026
2046
2066
2086
2106
2126
2146
2166
1587
1607
1627
1647
1667
1687
1707
1727
1747
1767
1787
1807
1827
1847
1867
1887
1907
1927
1947
1967
1987
2007
2027
2047
2067
2087
2107
2127
2147
2167
1588
1608
1628
1648
1668
1688
1708
1728
1748
1768
1788
1808
1828
1848
1868
1888
1908
1928
1948
1968
1988
2008
2028
2048
2068
2088
2108
2128
2148
2168
1589
1609
1629
1649
1669
1689
1709
1729
1749
1769
1789
1809
1829
1849
1869
1889
1909
1929
1949
1969
1989
2009
2029
2049
2069
2089
2109
2129
2149
2169
1590
1610
1630
1650
1670
1690
1710
1730
1750
1770
1790
1810
1830
1850
1870
1890
1910
1930
1950
1970
1990
2010
2030
2050
2070
2090
2110
2130
2150
2170
1591
1611
1631
1651
1671
1691
1711
1731
1751
1771
1791
1811
1831
1851
1871
1891
1911
1931
1951
1971
1991
2011
2031
2051
2071
2091
2111
2131
2151
2171
1592
1612
1632
1652
1672
1692
1712
1732
1752
1772
1792
1812
1832
1852
1872
1892
1912
1932
1952
1972
1992
2012
2032
2052
2072
2092
2112
2132
2152
2172
1593
1613
1633
1653
1673
1693
1713
1733
1753
1773
1793
1813
1833
1853
1873
1893
1913
1933
1953
1973
1993
2013
2033
2053
2073
2093
2113
2133
2153
2173
1594
1614
1634
1654
1674
1694
1714
1734
1754
1774
1794
1814
1834
1854
1874
1894
1914
1934
1954
1974
1994
2014
2034
2054
2074
2094
2114
2134
2154
2174
2175
2195
2215
2235
2255
2275
2295
2315
2335
2355
2375
2395
2415
2435
2455
2176
2196
2216
2236
2256
2276
2296
2316
2336
2356
2376
2396
2416
2436
2456
2177
2197
2217
2237
2257
2277
2297
2317
2337
2357
2377
2397
2417
2437
2457
2178
2198
2218
2238
2258
2278
2298
2318
2338
2358
2378
2398
2418
2438
2458
2179
2199
2219
2239
2259
2279
2299
2319
2339
2359
2379
2399
2419
2439
2459
2180
2200
2220
2240
2260
2280
2300
2320
2340
2360
2380
2400
2420
2440
2460
2181
2201
2221
2241
2261
2281
2301
2321
2341
2361
2381
2401
2421
2441
2461
2182
2202
2222
2242
2262
2282
2302
2322
2342
2362
2382
2402
2422
2442
2462
2183
2203
2223
2243
2263
2283
2303
2323
2343
2363
2383
2403
2423
2443
2463
2184
2204
2224
2244
2264
2284
2304
2324
2344
2364
2384
2404
2424
2444
2464
2185
2205
2225
2245
2265
2285
2305
2325
2345
2365
2385
2405
2425
2445
2465
2186
2206
2226
2246
2266
2286
2306
2326
2346
2366
2386
2406
2426
2446
2466
2187
2207
2227
2247
2267
2287
2307
2327
2347
2367
2387
2407
2427
2447
2467
2188
2208
2228
2248
2268
2288
2308
2328
2348
2368
2388
2408
2428
2448
2468
2189
2209
2229
2249
2269
2289
2309
2329
2349
2369
2389
2409
2429
2449
2469
2190
2210
2230
2250
2270
2290
2310
2330
2350
2370
2390
2410
2430
2450
2470
2191
2211
2231
2251
2271
2291
2311
2331
2351
2371
2391
2411
2431
2451
2471
2192
2212
2232
2252
2272
2292
2312
2332
2352
2372
2392
2412
2432
2452
2472
2193
2213
2233
2253
2273
2293
2313
2333
2353
2373
2393
2413
2433
2453
2473
2194
2214
2234
2254
2274
2294
2314
2334
2354
2374
2394
2414
2434
2454
2474
2175
2195
2215
2235
2255
2275
2295
2315
2335
2355
2375
2395
2415
2435
2455
2176
2196
2216
2236
2256
2276
2296
2316
2336
2356
2376
2396
2416
2436
2456
2177
2197
2217
2237
2257
2277
2297
2317
2337
2357
2377
2397
2417
2437
2457
2178
2198
2218
2238
2258
2278
2298
2318
2338
2358
2378
2398
2418
2438
2458
2179
2199
2219
2239
2259
2279
2299
2319
2339
2359
2379
2399
2419
2439
2459
2180
2200
2220
2240
2260
2280
2300
2320
2340
2360
2380
2400
2420
2440
2460
2181
2201
2221
2241
2261
2281
2301
2321
2341
2361
2381
2401
2421
2441
2461
2182
2202
2222
2242
2262
2282
2302
2322
2342
2362
2382
2402
2422
2442
2462
2183
2203
2223
2243
2263
2283
2303
2323
2343
2363
2383
2403
2423
2443
2463
2184
2204
2224
2244
2264
2284
2304
2324
2344
2364
2384
2404
2424
2444
2464
2185
2205
2225
2245
2265
2285
2305
2325
2345
2365
2385
2405
2425
2445
2465
2186
2206
2226
2246
2266
2286
2306
2326
2346
2366
2386
2406
2426
2446
2466
2187
2207
2227
2247
2267
2287
2307
2327
2347
2367
2387
2407
2427
2447
2467
2188
2208
2228
2248
2268
2288
2308
2328
2348
2368
2388
2408
2428
2448
2468
2189
2209
2229
2249
2269
2289
2309
2329
2349
2369
2389
2409
2429
2449
2469
2190
2210
2230
2250
2270
2290
2310
2330
2350
2370
2390
2410
2430
2450
2470
2191
2211
2231
2251
2271
2291
2311
2331
2351
2371
2391
2411
2431
2451
2471
2192
2212
2232
2252
2272
2292
2312
2332
2352
2372
2392
2412
2432
2452
2472
2193
2213
2233
2253
2273
2293
2313
2333
2353
2373
2393
2413
2433
2453
2473
2194
2214
2234
2254
2274
2294
2314
2334
2354
2374
2394
2414
2434
2454
2474
)


// ************************************************************************* //
