/*--------------------------------*- C++ -*----------------------------------*\
| =========                 |                                                 |
| \\      /  F ield         | OpenFOAM: The Open Source CFD Toolbox           |
|  \\    /   O peration     | Version:  1.4.1-dev                             |
|   \\  /    A nd           | Web:      http://www.openfoam.org               |
|    \\/     M anipulation  |                                                 |
\*---------------------------------------------------------------------------*/

FoamFile
{
    version 2.0;
    format ascii;

    root "/home/mjaworsk/OpenFOAM/mjaworsk-1.4.1-dev/run/FlatPlate-Blasius";
    case "icoHeatFoam-flatPlate2";
    instance "0.2";
    local "";

    class surfaceScalarField;
    object phi;
}

// * * * * * * * * * * * * * * * * * * * * * * * * * * * * * * * * * * * * * //

dimensions      [0 3 -1 0 0 0 0];

internalField   nonuniform List<scalar> 
4850
(
9.48002e-09
5.51624e-09
-1.49963e-08
5.65383e-09
3.8262e-09
3.83469e-09
1.81913e-09
2.97672e-09
8.57977e-10
2.51735e-09
4.59362e-10
2.23191e-09
2.85444e-10
2.02661e-09
2.05305e-10
1.86433e-09
1.62272e-10
1.73013e-09
1.34206e-10
1.61636e-09
1.13771e-10
1.51823e-09
9.81252e-11
1.43257e-09
8.56641e-11
1.35715e-09
7.54129e-11
1.2903e-09
6.6851e-11
1.23058e-09
5.97274e-11
1.17683e-09
5.37473e-11
1.12831e-09
4.85229e-11
1.08452e-09
4.37864e-11
1.04513e-09
3.93934e-11
1.00986e-09
3.52675e-11
9.78617e-10
3.12405e-11
9.51477e-10
2.71403e-11
9.2853e-10
2.29474e-11
9.1006e-10
1.84694e-11
8.96695e-10
1.33656e-11
8.88745e-10
7.94931e-12
8.85469e-10
3.27651e-12
8.85272e-10
1.9652e-13
8.86552e-10
-1.27981e-12
8.88276e-10
-1.72434e-12
8.89951e-10
-1.6748e-12
8.9142e-10
-1.46923e-12
8.92552e-10
-1.13144e-12
8.93388e-10
-8.36461e-13
-2.67406e-13
1.63299e-08
6.25529e-09
-1.70689e-08
1.38827e-08
6.2733e-09
1.15978e-08
4.10408e-09
9.82193e-09
2.63385e-09
8.48463e-09
1.79667e-09
7.51461e-09
1.25546e-09
6.80171e-09
9.18207e-10
6.24686e-09
7.17121e-10
5.79211e-09
5.8896e-10
5.40767e-09
4.9821e-10
5.07666e-09
4.29138e-10
4.78816e-09
3.74166e-10
4.53445e-09
3.29114e-10
4.30959e-09
2.91713e-10
4.10869e-09
2.60633e-10
3.92799e-09
2.34448e-10
3.76493e-09
2.11576e-10
3.61782e-09
1.90903e-10
3.48548e-09
1.7173e-10
3.36718e-09
1.53568e-10
3.26271e-09
1.35712e-10
3.17227e-09
1.1758e-10
3.09637e-09
9.88486e-11
3.03615e-09
7.86904e-11
2.99312e-09
5.63964e-11
2.96716e-09
3.39093e-11
2.95526e-09
1.51689e-11
2.95252e-09
2.93703e-12
2.95445e-09
-3.20487e-12
2.9581e-09
-5.3795e-12
2.96208e-09
-5.64921e-12
2.96573e-09
-5.11712e-12
2.96863e-09
-4.03406e-12
2.97078e-09
-2.98727e-12
-8.84379e-13
1.92432e-08
5.5568e-09
-1.85447e-08
1.86586e-08
6.85789e-09
1.74055e-08
5.35724e-09
1.60488e-08
3.99052e-09
1.46839e-08
3.16156e-09
1.34254e-08
2.51394e-09
1.23469e-08
1.99675e-09
1.14387e-08
1.62531e-09
1.06643e-08
1.36331e-09
9.99385e-09
1.16871e-09
9.40674e-09
1.01625e-09
8.88864e-09
8.92264e-10
8.42879e-09
7.8897e-10
8.01835e-09
7.02144e-10
7.64979e-09
6.29201e-10
7.31702e-09
5.67211e-10
7.01574e-09
5.12862e-10
6.74295e-09
4.63688e-10
6.49673e-09
4.17956e-10
6.27598e-09
3.74317e-10
6.08054e-09
3.31147e-10
5.91087e-09
2.87248e-10
5.76814e-09
2.41577e-10
5.65454e-09
1.92296e-10
5.5723e-09
1.38639e-10
5.52045e-09
8.57585e-11
5.49347e-09
4.21451e-11
5.48305e-09
1.33631e-11
5.48179e-09
-1.94693e-12
5.48468e-09
-8.27059e-12
5.48918e-09
-1.01499e-11
5.49387e-09
-9.80527e-12
5.49785e-09
-8.01465e-12
5.5009e-09
-6.04252e-12
-1.646e-12
2.10183e-08
4.80123e-09
-2.02628e-08
2.13413e-08
6.53492e-09
2.09866e-08
5.71197e-09
2.03867e-08
4.59044e-09
1.95978e-08
3.95043e-09
1.86641e-08
3.44763e-09
1.76952e-08
2.96568e-09
1.67588e-08
2.56164e-09
1.58761e-08
2.24609e-09
1.50525e-08
1.99229e-09
1.42903e-08
1.77841e-09
1.35895e-08
1.59308e-09
1.2948e-08
1.43043e-09
1.23622e-08
1.28794e-09
1.18272e-08
1.16427e-09
1.13378e-08
1.0566e-09
1.08899e-08
9.60752e-10
1.04804e-08
8.73193e-10
1.01073e-08
7.9103e-10
9.7699e-09
7.11735e-10
9.46863e-09
6.32421e-10
9.20469e-09
5.51188e-10
8.98028e-09
4.65982e-10
8.79888e-09
3.73695e-10
8.66373e-09
2.73794e-10
8.57338e-09
1.76108e-10
8.52034e-09
9.51839e-11
8.49328e-09
4.04267e-11
8.48201e-09
9.31869e-12
8.47922e-09
-5.47564e-12
8.48088e-09
-1.18088e-11
8.48442e-09
-1.3349e-11
8.48813e-09
-1.17237e-11
8.49131e-09
-9.22423e-12
-2.1983e-12
2.27182e-08
4.25486e-09
-2.21718e-08
2.32916e-08
5.96144e-09
2.33608e-08
5.64278e-09
2.32302e-08
4.72103e-09
2.29722e-08
4.20847e-09
2.25356e-08
3.88425e-09
2.19614e-08
3.53987e-09
2.13124e-08
3.21066e-09
2.06207e-08
2.93773e-09
1.99035e-08
2.70945e-09
1.91768e-08
2.50516e-09
1.84559e-08
2.31402e-09
1.77539e-08
2.13243e-09
1.70805e-08
1.96126e-09
1.64417e-08
1.80307e-09
1.58401e-08
1.65828e-09
1.52762e-08
1.52457e-09
1.47502e-08
1.39926e-09
1.4262e-08
1.27925e-09
1.38127e-08
1.16103e-09
1.34048e-08
1.04027e-09
1.30415e-08
9.14495e-10
1.27268e-08
7.80704e-10
1.24659e-08
6.34544e-10
1.22639e-08
4.75797e-10
1.21201e-08
3.19948e-10
1.20265e-08
1.88771e-10
1.19701e-08
9.68334e-11
1.19386e-08
4.08692e-11
1.19223e-08
1.08152e-11
1.19155e-08
-5.00561e-12
1.1914e-08
-1.19344e-11
1.19151e-08
-1.27395e-11
1.19169e-08
-1.10673e-11
-1.87648e-12
2.45823e-08
3.8788e-09
-2.42063e-08
2.51741e-08
5.36971e-09
2.53942e-08
5.42262e-09
2.54307e-08
4.68452e-09
2.54332e-08
4.206e-09
2.53338e-08
3.98368e-09
2.51098e-08
3.76386e-09
2.47951e-08
3.52535e-09
2.44116e-08
3.32126e-09
2.39645e-08
3.15649e-09
2.34594e-08
3.01031e-09
2.29062e-08
2.86721e-09
2.23184e-08
2.72022e-09
2.17108e-08
2.56889e-09
2.10973e-08
2.41655e-09
2.04895e-08
2.26603e-09
1.98961e-08
2.11799e-09
1.93227e-08
1.97267e-09
1.87736e-08
1.82835e-09
1.82533e-08
1.68135e-09
1.77678e-08
1.5257e-09
1.73239e-08
1.35846e-09
1.69286e-08
1.176e-09
1.65899e-08
9.73209e-10
1.63156e-08
7.5007e-10
1.61076e-08
5.27951e-10
1.59601e-08
3.36303e-10
1.58606e-08
1.96297e-10
1.57964e-08
1.05064e-10
1.57564e-08
5.08539e-11
1.57332e-08
1.82085e-11
1.5721e-08
2.23097e-13
1.57155e-08
-7.18941e-12
1.57135e-08
-9.05731e-12
4.99625e-13
2.66175e-08
3.60819e-09
-2.63469e-08
2.71656e-08
4.82166e-09
2.74552e-08
5.13297e-09
2.75356e-08
4.60418e-09
2.76101e-08
4.13144e-09
2.76562e-08
3.9376e-09
2.76232e-08
3.79685e-09
2.7523e-08
3.62554e-09
2.73746e-08
3.46973e-09
2.71771e-08
3.35392e-09
2.69237e-08
3.26374e-09
2.66109e-08
3.18006e-09
2.62404e-08
3.09071e-09
2.58188e-08
2.9905e-09
2.53563e-08
2.87897e-09
2.48652e-08
2.75716e-09
2.43571e-08
2.62612e-09
2.38411e-08
2.48866e-09
2.33242e-08
2.34522e-09
2.28131e-08
2.19253e-09
2.23164e-08
2.02238e-09
2.18443e-08
1.83049e-09
2.14079e-08
1.61246e-09
2.10181e-08
1.36296e-09
2.06863e-08
1.08189e-09
2.04184e-08
7.95829e-10
2.02135e-08
5.412e-10
2.00631e-08
3.46776e-10
1.99565e-08
2.11657e-10
1.9883e-08
1.24364e-10
1.98347e-08
6.64666e-11
1.98048e-08
3.01673e-11
1.97875e-08
1.00676e-11
1.9778e-08
4.88982e-13
6.7725e-12
2.88126e-08
3.39154e-09
-2.85959e-08
2.92925e-08
4.34177e-09
2.96294e-08
4.79603e-09
2.97411e-08
4.49247e-09
2.9821e-08
4.05151e-09
2.99094e-08
3.84919e-09
2.99552e-08
3.75112e-09
2.99521e-08
3.62864e-09
2.99213e-08
3.50049e-09
2.98686e-08
3.40662e-09
2.97858e-08
3.34653e-09
2.96631e-08
3.30276e-09
2.94936e-08
3.26026e-09
2.9274e-08
3.21011e-09
2.90056e-08
3.14737e-09
2.86939e-08
3.06884e-09
2.83472e-08
2.97281e-09
2.79731e-08
2.86278e-09
2.75771e-08
2.74122e-09
2.71635e-08
2.6061e-09
2.67395e-08
2.44634e-09
2.63153e-08
2.25474e-09
2.59031e-08
2.02461e-09
2.55158e-08
1.75029e-09
2.5167e-08
1.43072e-09
2.48667e-08
1.09609e-09
2.46203e-08
7.87646e-10
2.44255e-08
5.41605e-10
2.42769e-08
3.60226e-10
2.41666e-08
2.3468e-10
2.40881e-08
1.44903e-10
2.40348e-08
8.35428e-11
2.40009e-08
4.39614e-11
2.39796e-08
2.17458e-11
1.92725e-11
3.1168e-08
3.19474e-09
-3.09712e-08
3.15731e-08
3.93671e-09
3.19341e-08
4.43494e-09
3.209e-08
4.33663e-09
3.21694e-08
3.9721e-09
3.22641e-08
3.75451e-09
3.23416e-08
3.67354e-09
3.23793e-08
3.59103e-09
3.2394e-08
3.48578e-09
3.24009e-08
3.39969e-09
3.23988e-08
3.34863e-09
3.23794e-08
3.32213e-09
3.23346e-08
3.30504e-09
3.22577e-08
3.28705e-09
3.21444e-08
3.2607e-09
3.19939e-08
3.21935e-09
3.18095e-08
3.15718e-09
3.15955e-08
3.07678e-09
3.13545e-08
2.98223e-09
3.10864e-08
2.8742e-09
3.0793e-08
2.73977e-09
3.04796e-08
2.56814e-09
3.01556e-08
2.3486e-09
2.98315e-08
2.07433e-09
2.95202e-08
1.74203e-09
2.92331e-08
1.38316e-09
2.89803e-08
1.04045e-09
2.87661e-08
7.55888e-10
2.85915e-08
5.34832e-10
2.84531e-08
3.73028e-10
2.8348e-08
2.49968e-10
2.82711e-08
1.60448e-10
2.82188e-08
9.63204e-11
2.8183e-08
5.75172e-11
4.00514e-11
3.36965e-08
3.00251e-09
-3.35043e-08
3.40361e-08
3.59711e-09
3.43952e-08
4.07586e-09
3.4598e-08
4.13382e-09
3.46894e-08
3.88074e-09
3.47815e-08
3.66235e-09
3.48743e-08
3.58078e-09
3.49361e-08
3.52926e-09
3.49713e-08
3.45058e-09
3.49991e-08
3.37188e-09
3.50264e-08
3.32134e-09
3.50495e-08
3.29902e-09
3.50626e-08
3.29193e-09
3.50601e-08
3.28957e-09
3.50371e-08
3.28365e-09
3.49904e-08
3.26607e-09
3.49202e-08
3.2274e-09
3.48287e-08
3.16831e-09
3.47173e-08
3.0936e-09
3.45836e-08
3.00789e-09
3.44247e-08
2.89864e-09
3.424e-08
2.75288e-09
3.40331e-08
2.55544e-09
3.38094e-08
2.29808e-09
3.35771e-08
1.97428e-09
3.33456e-08
1.61474e-09
3.31259e-08
1.26012e-09
3.29262e-08
9.55609e-10
3.27528e-08
7.08256e-10
3.26066e-08
5.19232e-10
3.24886e-08
3.67945e-10
3.23961e-08
2.52882e-10
3.23291e-08
1.63314e-10
3.22797e-08
1.0698e-10
6.96819e-11
3.64251e-08
2.81293e-09
-3.62355e-08
3.67158e-08
3.30639e-09
3.70532e-08
3.73848e-09
3.72915e-08
3.89554e-09
3.74086e-08
3.76359e-09
3.75001e-08
3.57085e-09
3.75995e-08
3.48143e-09
3.76802e-08
3.44857e-09
3.77322e-08
3.39858e-09
3.77706e-08
3.3334e-09
3.78084e-08
3.28357e-09
3.78468e-08
3.26064e-09
3.78825e-08
3.25621e-09
3.79118e-08
3.26026e-09
3.79314e-08
3.26407e-09
3.79379e-08
3.25961e-09
3.79303e-08
3.235e-09
3.79098e-08
3.18881e-09
3.78783e-08
3.12503e-09
3.78342e-08
3.05202e-09
3.77735e-08
2.95939e-09
3.76918e-08
2.8345e-09
3.75884e-08
2.65883e-09
3.74631e-08
2.42342e-09
3.73189e-08
2.11849e-09
3.71605e-08
1.77315e-09
3.69972e-08
1.42341e-09
3.68374e-08
1.1154e-09
3.66898e-08
8.55876e-10
3.65576e-08
6.51433e-10
3.64447e-08
4.80877e-10
3.635e-08
3.47512e-10
3.62771e-08
2.36194e-10
3.6219e-08
1.65128e-10
1.06566e-10
3.93912e-08
2.62916e-09
-3.92074e-08
3.96476e-08
3.04991e-09
3.99544e-08
3.43172e-09
4.02103e-08
3.63966e-09
4.03594e-08
3.61445e-09
4.04572e-08
3.47306e-09
4.05582e-08
3.38048e-09
4.06526e-08
3.35415e-09
4.07217e-08
3.32944e-09
4.0771e-08
3.28414e-09
4.08149e-08
3.23961e-09
4.08597e-08
3.21591e-09
4.09046e-08
3.21133e-09
4.09471e-08
3.2177e-09
4.09853e-08
3.22584e-09
4.10165e-08
3.22844e-09
4.10391e-08
3.21236e-09
4.10534e-08
3.17458e-09
4.10614e-08
3.11696e-09
4.10633e-08
3.05014e-09
4.10567e-08
2.96598e-09
4.1037e-08
2.85422e-09
4.10013e-08
2.69459e-09
4.0946e-08
2.47866e-09
4.08706e-08
2.19394e-09
4.07756e-08
1.86812e-09
4.06676e-08
1.53142e-09
4.05532e-08
1.22977e-09
4.04412e-08
9.67896e-10
4.0335e-08
7.57645e-10
4.02395e-08
5.76318e-10
4.01541e-08
4.32898e-10
4.00844e-08
3.05922e-10
4.00243e-08
2.25282e-10
1.47693e-10
4.26334e-08
2.45422e-09
-4.24585e-08
4.28648e-08
2.8185e-09
4.31406e-08
3.156e-09
4.33975e-08
3.38269e-09
4.35751e-08
3.43692e-09
4.36871e-08
3.36103e-09
4.37889e-08
3.27865e-09
4.38911e-08
3.25194e-09
4.39758e-08
3.24476e-09
4.40379e-08
3.22201e-09
4.40887e-08
3.18881e-09
4.41378e-08
3.16687e-09
4.41875e-08
3.16157e-09
4.42367e-08
3.16854e-09
4.42841e-08
3.1785e-09
4.43275e-08
3.18503e-09
4.43652e-08
3.17457e-09
4.43963e-08
3.1435e-09
4.44223e-08
3.091e-09
4.44441e-08
3.02835e-09
4.44615e-08
2.9486e-09
4.4471e-08
2.84473e-09
4.44696e-08
2.69596e-09
4.44527e-08
2.49554e-09
4.44179e-08
2.22875e-09
4.43636e-08
1.92246e-09
4.42942e-08
1.6008e-09
4.42146e-08
1.30936e-09
4.41327e-08
1.04978e-09
4.40512e-08
8.39151e-10
4.39751e-08
6.52409e-10
4.3903e-08
5.05038e-10
4.38409e-08
3.67958e-10
4.37834e-08
2.82855e-10
1.9043e-10
4.61833e-08
2.28939e-09
-4.60185e-08
4.63944e-08
2.60737e-09
4.66428e-08
2.90766e-09
4.689e-08
3.13551e-09
4.70855e-08
3.24135e-09
4.72168e-08
3.22973e-09
4.73225e-08
3.17296e-09
4.74279e-08
3.14657e-09
4.75242e-08
3.14847e-09
4.76001e-08
3.14611e-09
4.76599e-08
3.12902e-09
4.77138e-08
3.11298e-09
4.77673e-08
3.10799e-09
4.7821e-08
3.11493e-09
4.78739e-08
3.12556e-09
4.79244e-08
3.1345e-09
4.79709e-08
3.12805e-09
4.80115e-08
3.10292e-09
4.80466e-08
3.05587e-09
4.80772e-08
2.9978e-09
4.81042e-08
2.92162e-09
4.81253e-08
2.82357e-09
4.81383e-08
2.68301e-09
4.81382e-08
2.49558e-09
4.81224e-08
2.24461e-09
4.80882e-08
1.95665e-09
4.80392e-08
1.64973e-09
4.79792e-08
1.36936e-09
4.79154e-08
1.11358e-09
4.78498e-08
9.04827e-10
4.77872e-08
7.15007e-10
4.77253e-08
5.66887e-10
4.76701e-08
4.2315e-10
4.76159e-08
3.37088e-10
2.33761e-10
5.0063e-08
2.13467e-09
-4.99083e-08
5.02566e-08
2.41379e-09
5.04818e-08
2.68248e-09
5.07142e-08
2.90311e-09
5.09168e-08
3.03874e-09
5.10668e-08
3.07975e-09
5.11807e-08
3.05905e-09
5.12876e-08
3.03964e-09
5.13909e-08
3.04521e-09
5.14792e-08
3.05781e-09
5.15499e-08
3.05833e-09
5.16103e-08
3.05253e-09
5.16682e-08
3.05015e-09
5.17257e-08
3.05736e-09
5.1783e-08
3.06825e-09
5.18386e-08
3.07897e-09
5.18909e-08
3.07571e-09
5.19378e-08
3.05608e-09
5.19788e-08
3.0148e-09
5.20144e-08
2.96223e-09
5.20458e-08
2.89018e-09
5.20716e-08
2.79775e-09
5.209e-08
2.66463e-09
5.20963e-08
2.48928e-09
5.20878e-08
2.25317e-09
5.20615e-08
1.98287e-09
5.2021e-08
1.6903e-09
5.19691e-08
1.42121e-09
5.1913e-08
1.16967e-09
5.18542e-08
9.63692e-10
5.17976e-08
7.71535e-10
5.17406e-08
6.2395e-10
5.16887e-08
4.75049e-10
5.16359e-08
3.89837e-10
2.7811e-10
5.42902e-08
1.98947e-09
-5.4145e-08
5.44683e-08
2.23574e-09
5.46737e-08
2.47705e-09
5.48901e-08
2.68668e-09
5.50916e-08
2.83728e-09
5.52551e-08
2.91622e-09
5.53805e-08
2.93365e-09
5.54903e-08
2.92984e-09
5.55971e-08
2.93846e-09
5.56948e-08
2.96012e-09
5.57768e-08
2.97628e-09
5.58457e-08
2.98363e-09
5.5909e-08
2.98689e-09
5.59708e-08
2.99555e-09
5.60322e-08
3.00682e-09
5.6092e-08
3.01921e-09
5.61488e-08
3.0189e-09
5.62003e-08
3.00455e-09
5.62459e-08
2.96921e-09
5.62853e-08
2.92282e-09
5.63198e-08
2.8557e-09
5.63481e-08
2.76947e-09
5.63688e-08
2.64393e-09
5.63774e-08
2.48064e-09
5.63714e-08
2.25919e-09
5.63478e-08
2.00649e-09
5.63098e-08
1.72827e-09
5.62602e-08
1.47086e-09
5.62059e-08
1.22396e-09
5.61482e-08
1.02139e-09
5.60926e-08
8.27157e-10
5.60359e-08
6.80636e-10
5.5984e-08
5.2698e-10
5.59304e-08
4.43406e-10
3.24405e-10
5.8884e-08
1.85309e-09
-5.87476e-08
5.90482e-08
2.07152e-09
5.92364e-08
2.28885e-09
5.94374e-08
2.48572e-09
5.96328e-08
2.64185e-09
5.98033e-08
2.74571e-09
5.99406e-08
2.79632e-09
6.00559e-08
2.81455e-09
6.01649e-08
2.82952e-09
6.02687e-08
2.85632e-09
6.03608e-08
2.88411e-09
6.04393e-08
2.90515e-09
6.05093e-08
2.9169e-09
6.0576e-08
2.92889e-09
6.06416e-08
2.94116e-09
6.07054e-08
2.95543e-09
6.07662e-08
2.95813e-09
6.08217e-08
2.94906e-09
6.08711e-08
2.91974e-09
6.0914e-08
2.87997e-09
6.09512e-08
2.8185e-09
6.09814e-08
2.73925e-09
6.10035e-08
2.62179e-09
6.10133e-08
2.47089e-09
6.10082e-08
2.26422e-09
6.09854e-08
2.02936e-09
6.09479e-08
1.76575e-09
6.08981e-08
1.52062e-09
6.08432e-08
1.27887e-09
6.07842e-08
1.08041e-09
6.0727e-08
8.84342e-10
6.06684e-08
7.39285e-10
6.06145e-08
5.80881e-10
6.05585e-08
4.99338e-10
3.73381e-10
6.38685e-08
1.72485e-09
-6.37403e-08
6.40204e-08
1.9197e-09
6.41933e-08
2.11595e-09
6.43796e-08
2.2994e-09
6.45664e-08
2.45502e-09
6.47385e-08
2.57365e-09
6.48851e-08
2.6497e-09
6.5008e-08
2.69166e-09
6.51197e-08
2.71779e-09
6.52271e-08
2.74888e-09
6.53271e-08
2.78416e-09
6.5415e-08
2.81726e-09
6.54927e-08
2.83922e-09
6.55649e-08
2.8567e-09
6.5635e-08
2.87106e-09
6.57027e-08
2.8877e-09
6.57673e-08
2.89359e-09
6.58265e-08
2.88982e-09
6.58796e-08
2.86666e-09
6.59257e-08
2.83386e-09
6.59656e-08
2.77861e-09
6.59977e-08
2.70713e-09
6.60211e-08
2.5984e-09
6.60316e-08
2.46033e-09
6.60272e-08
2.26865e-09
6.60047e-08
2.05191e-09
6.59671e-08
1.80327e-09
6.59167e-08
1.57111e-09
6.58604e-08
1.33511e-09
6.57993e-08
1.14152e-09
6.57397e-08
9.4392e-10
6.56782e-08
8.00777e-10
6.56216e-08
6.37558e-10
6.55625e-08
5.58347e-10
4.25435e-10
6.92732e-08
1.60417e-09
-6.91525e-08
6.94138e-08
1.77907e-09
6.95729e-08
1.95686e-09
6.97454e-08
2.1269e-09
6.99223e-08
2.27812e-09
7.0092e-08
2.40399e-09
7.0244e-08
2.4977e-09
7.03746e-08
2.561e-09
7.04906e-08
2.60182e-09
7.06006e-08
2.63892e-09
7.07058e-08
2.67887e-09
7.08019e-08
2.72119e-09
7.08875e-08
2.75363e-09
7.09657e-08
2.77845e-09
7.10406e-08
2.79622e-09
7.11123e-08
2.81595e-09
7.11805e-08
2.82541e-09
7.12434e-08
2.82696e-09
7.13001e-08
2.80996e-09
7.13494e-08
2.78455e-09
7.1392e-08
2.736e-09
7.14261e-08
2.67302e-09
7.14508e-08
2.57369e-09
7.14622e-08
2.44895e-09
7.14584e-08
2.27243e-09
7.14362e-08
2.07413e-09
7.13987e-08
1.84078e-09
7.13475e-08
1.62232e-09
7.12899e-08
1.39267e-09
7.12266e-08
1.20481e-09
7.11645e-08
1.00601e-09
7.11e-08
8.65314e-10
7.10403e-08
6.97248e-10
7.0978e-08
6.20677e-10
4.80734e-10
7.51314e-08
1.49059e-09
-7.50178e-08
7.52618e-08
1.64861e-09
7.54084e-08
1.81032e-09
7.55678e-08
1.96751e-09
7.5734e-08
2.1119e-09
7.58984e-08
2.23952e-09
7.60521e-08
2.34404e-09
7.61888e-08
2.4243e-09
7.631e-08
2.48062e-09
7.64225e-08
2.52642e-09
7.65311e-08
2.57025e-09
7.66336e-08
2.61877e-09
7.67265e-08
2.66067e-09
7.6811e-08
2.69401e-09
7.68908e-08
2.71641e-09
7.69667e-08
2.74002e-09
7.70385e-08
2.75363e-09
7.71048e-08
2.76063e-09
7.71651e-08
2.74966e-09
7.72177e-08
2.73197e-09
7.7263e-08
2.69066e-09
7.72993e-08
2.63676e-09
7.73255e-08
2.54749e-09
7.73378e-08
2.43663e-09
7.73348e-08
2.27542e-09
7.73131e-08
2.09581e-09
7.72758e-08
1.87805e-09
7.72242e-08
1.67401e-09
7.71655e-08
1.45132e-09
7.71002e-08
1.27006e-09
7.70358e-08
1.07049e-09
7.69683e-08
9.32835e-10
7.69055e-08
7.59961e-10
7.68399e-08
6.86365e-10
5.39337e-10
8.14796e-08
1.3839e-09
-8.13729e-08
8.16007e-08
1.52746e-09
8.17359e-08
1.67517e-09
8.18829e-08
1.82046e-09
8.20381e-08
1.95675e-09
8.21954e-08
2.08226e-09
8.23475e-08
2.19185e-09
8.24877e-08
2.28416e-09
8.26138e-08
2.35451e-09
8.27294e-08
2.41081e-09
8.28402e-08
2.45947e-09
8.2947e-08
2.51193e-09
8.30463e-08
2.56135e-09
8.31367e-08
2.60368e-09
8.32214e-08
2.63165e-09
8.33017e-08
2.65973e-09
8.33772e-08
2.67815e-09
8.34468e-08
2.69105e-09
8.35106e-08
2.68585e-09
8.35665e-08
2.67602e-09
8.36147e-08
2.64255e-09
8.36532e-08
2.59825e-09
8.36811e-08
2.51955e-09
8.36945e-08
2.4232e-09
8.36925e-08
2.27744e-09
8.36717e-08
2.11665e-09
8.3635e-08
1.91474e-09
8.35831e-08
1.72586e-09
8.35237e-08
1.51073e-09
8.34568e-08
1.33699e-09
8.33902e-08
1.13711e-09
8.33198e-08
1.00318e-09
8.32542e-08
8.25617e-10
8.31852e-08
7.55362e-10
6.01241e-10
8.83573e-08
1.28424e-09
-8.82576e-08
8.84698e-08
1.415e-09
8.85946e-08
1.55035e-09
8.87302e-08
1.68489e-09
8.88742e-08
1.81269e-09
8.90229e-08
1.93359e-09
8.91709e-08
2.0438e-09
8.93119e-08
2.14321e-09
8.94415e-08
2.2249e-09
8.95604e-08
2.29188e-09
8.9673e-08
2.34691e-09
8.97824e-08
2.40248e-09
8.98868e-08
2.45694e-09
8.99825e-08
2.508e-09
9.00719e-08
2.54233e-09
9.01565e-08
2.57512e-09
9.02359e-08
2.59872e-09
9.03087e-08
2.61823e-09
9.03758e-08
2.6188e-09
9.04351e-08
2.61665e-09
9.04861e-08
2.59155e-09
9.0527e-08
2.55745e-09
9.05569e-08
2.48958e-09
9.05717e-08
2.40837e-09
9.05709e-08
2.27827e-09
9.05512e-08
2.13638e-09
9.05154e-08
1.95048e-09
9.04638e-08
1.77748e-09
9.0404e-08
1.57052e-09
9.03358e-08
1.40522e-09
9.02673e-08
1.20558e-09
9.01944e-08
1.0761e-09
9.0126e-08
8.94069e-10
9.00538e-08
8.2755e-10
6.6639e-10
9.58069e-08
1.19206e-09
-9.57147e-08
9.59111e-08
1.31081e-09
9.60265e-08
1.43492e-09
9.61516e-08
1.55978e-09
9.62849e-08
1.67942e-09
9.64241e-08
1.79433e-09
9.65659e-08
1.90207e-09
9.6705e-08
2.00406e-09
9.68363e-08
2.09367e-09
9.69579e-08
2.17022e-09
9.70723e-08
2.2325e-09
9.71831e-08
2.2917e-09
9.72911e-08
2.34897e-09
9.73915e-08
2.40754e-09
9.74849e-08
2.44896e-09
9.75734e-08
2.48657e-09
9.7657e-08
2.51519e-09
9.77332e-08
2.54197e-09
9.78032e-08
2.54878e-09
9.78659e-08
2.55399e-09
9.792e-08
2.53747e-09
9.79631e-08
2.5143e-09
9.79953e-08
2.45741e-09
9.80119e-08
2.39176e-09
9.80125e-08
2.27766e-09
9.79942e-08
2.15472e-09
9.79598e-08
1.98483e-09
9.79089e-08
1.82843e-09
9.78491e-08
1.63027e-09
9.778e-08
1.47434e-09
9.77101e-08
1.27553e-09
9.76349e-08
1.15128e-09
9.75639e-08
9.65104e-10
9.74887e-08
9.02742e-10
7.3467e-10
1.03874e-07
1.10786e-09
-1.03789e-07
1.0397e-07
1.21461e-09
1.04077e-07
1.3281e-09
1.04192e-07
1.44402e-09
1.04316e-07
1.55615e-09
1.04445e-07
1.66469e-09
1.04579e-07
1.76811e-09
1.04714e-07
1.86913e-09
1.04845e-07
1.9628e-09
1.04968e-07
2.04702e-09
1.05084e-07
2.11636e-09
1.05196e-07
2.18026e-09
1.05306e-07
2.23913e-09
1.0541e-07
2.3031e-09
1.05507e-07
2.35197e-09
1.05599e-07
2.3948e-09
1.05686e-07
2.42781e-09
1.05766e-07
2.46198e-09
1.05839e-07
2.47581e-09
1.05905e-07
2.48837e-09
1.05962e-07
2.48019e-09
1.06008e-07
2.46869e-09
1.06042e-07
2.42296e-09
1.06061e-07
2.37297e-09
1.06063e-07
2.27523e-09
1.06047e-07
2.1714e-09
1.06014e-07
2.01737e-09
1.05964e-07
1.87817e-09
1.05905e-07
1.68947e-09
1.05836e-07
1.54385e-09
1.05765e-07
1.34653e-09
1.05688e-07
1.22833e-09
1.05614e-07
1.03843e-09
1.05536e-07
9.80676e-10
8.05888e-10
1.12607e-07
1.03173e-09
-1.12531e-07
1.12695e-07
1.1264e-09
1.12794e-07
1.22945e-09
1.12901e-07
1.3367e-09
1.13015e-07
1.44185e-09
1.13136e-07
1.54434e-09
1.13261e-07
1.64258e-09
1.1339e-07
1.74042e-09
1.13518e-07
1.83441e-09
1.13642e-07
1.92375e-09
1.13759e-07
1.99907e-09
1.13871e-07
2.0683e-09
1.13981e-07
2.12888e-09
1.14088e-07
2.19587e-09
1.14189e-07
2.25159e-09
1.14283e-07
2.30043e-09
1.14374e-07
2.33724e-09
1.14457e-07
2.3782e-09
1.14534e-07
2.39968e-09
1.14602e-07
2.42008e-09
1.14662e-07
2.41976e-09
1.14711e-07
2.42037e-09
1.14747e-07
2.38622e-09
1.14769e-07
2.35171e-09
1.14773e-07
2.2705e-09
1.14759e-07
2.18613e-09
1.14728e-07
2.04773e-09
1.1468e-07
1.92614e-09
1.14622e-07
1.74755e-09
1.14553e-07
1.61319e-09
1.14481e-07
1.41806e-09
1.14403e-07
1.30676e-09
1.14328e-07
1.11368e-09
1.14247e-07
1.06101e-09
8.7978e-10
1.2206e-07
9.62969e-10
-1.21991e-07
1.2214e-07
1.04617e-09
1.22231e-07
1.13875e-09
1.2233e-07
1.23724e-09
1.22437e-07
1.33555e-09
1.22548e-07
1.43251e-09
1.22665e-07
1.52549e-09
1.22787e-07
1.61916e-09
1.22911e-07
1.71061e-09
1.23032e-07
1.80203e-09
1.2315e-07
1.88166e-09
1.23262e-07
1.95596e-09
1.23372e-07
2.01908e-09
1.2348e-07
2.08743e-09
1.23584e-07
2.14823e-09
1.2368e-07
2.20377e-09
1.23773e-07
2.24436e-09
1.2386e-07
2.29105e-09
1.2394e-07
2.32008e-09
1.24011e-07
2.3492e-09
1.24074e-07
2.35643e-09
1.24125e-07
2.36906e-09
1.24165e-07
2.34704e-09
1.24188e-07
2.32782e-09
1.24196e-07
2.2629e-09
1.24184e-07
2.19846e-09
1.24156e-07
2.0756e-09
1.2411e-07
1.97178e-09
1.24054e-07
1.80392e-09
1.23985e-07
1.68175e-09
1.23914e-07
1.48949e-09
1.23835e-07
1.38594e-09
1.23758e-07
1.19032e-09
1.23676e-07
1.14324e-09
9.56008e-10
1.3229e-07
9.00249e-10
-1.32227e-07
1.32363e-07
9.73588e-10
1.32445e-07
1.05587e-09
1.32537e-07
1.14538e-09
1.32636e-07
1.23653e-09
1.32741e-07
1.32828e-09
1.3285e-07
1.41632e-09
1.32963e-07
1.50562e-09
1.33081e-07
1.593e-09
1.33199e-07
1.68355e-09
1.33316e-07
1.76545e-09
1.33428e-07
1.84372e-09
1.33537e-07
1.91003e-09
1.33645e-07
1.97933e-09
1.3375e-07
2.04286e-09
1.33849e-07
2.10492e-09
1.33944e-07
2.14981e-09
1.34033e-07
2.20138e-09
1.34116e-07
2.23707e-09
1.3419e-07
2.27556e-09
1.34256e-07
2.29054e-09
1.3431e-07
2.31464e-09
1.34352e-07
2.30512e-09
1.34379e-07
2.30123e-09
1.3439e-07
2.25193e-09
1.34381e-07
2.20773e-09
1.34356e-07
2.10052e-09
1.34313e-07
2.0145e-09
1.34259e-07
1.85785e-09
1.34192e-07
1.74884e-09
1.34121e-07
1.56024e-09
1.34042e-07
1.46521e-09
1.33964e-07
1.26781e-09
1.33881e-07
1.2268e-09
1.03401e-09
1.4336e-07
8.42148e-10
-1.43302e-07
1.43425e-07
9.07842e-10
1.43501e-07
9.80546e-10
1.43585e-07
1.061e-09
1.43677e-07
1.14458e-09
1.43774e-07
1.23097e-09
1.43876e-07
1.31443e-09
1.43982e-07
1.3995e-09
1.44093e-07
1.48239e-09
1.44207e-07
1.56992e-09
1.4432e-07
1.65188e-09
1.44431e-07
1.73257e-09
1.44539e-07
1.80186e-09
1.44646e-07
1.87256e-09
1.44752e-07
1.93691e-09
1.44853e-07
2.00425e-09
1.44949e-07
2.05392e-09
1.4504e-07
2.1101e-09
1.45126e-07
2.15121e-09
1.45202e-07
2.199e-09
1.45271e-07
2.2223e-09
1.45328e-07
2.25729e-09
1.45373e-07
2.26011e-09
1.45402e-07
2.27186e-09
1.45417e-07
2.23736e-09
1.45412e-07
2.21322e-09
1.4539e-07
2.12189e-09
1.45351e-07
2.05364e-09
1.453e-07
1.9085e-09
1.45236e-07
1.81353e-09
1.45166e-07
1.62947e-09
1.45088e-07
1.54376e-09
1.4501e-07
1.34547e-09
1.44926e-07
1.31111e-09
1.11319e-09
1.55334e-07
7.8774e-10
-1.5528e-07
1.55395e-07
8.47422e-10
1.55464e-07
9.11727e-10
1.55541e-07
9.83588e-10
1.55626e-07
1.05951e-09
1.55717e-07
1.14014e-09
1.55812e-07
1.2191e-09
1.55912e-07
1.30009e-09
1.56015e-07
1.37863e-09
1.56123e-07
1.46219e-09
1.56233e-07
1.54233e-09
1.56341e-07
1.62388e-09
1.56448e-07
1.69503e-09
1.56553e-07
1.76752e-09
1.56658e-07
1.83181e-09
1.5676e-07
1.90267e-09
1.56857e-07
1.95691e-09
1.56949e-07
2.01777e-09
1.57037e-07
2.06338e-09
1.57116e-07
2.11968e-09
1.57187e-07
2.15162e-09
1.57247e-07
2.1973e-09
1.57295e-07
2.21182e-09
1.57328e-07
2.23942e-09
1.57346e-07
2.21914e-09
1.57345e-07
2.21444e-09
1.57328e-07
2.13907e-09
1.57293e-07
2.08867e-09
1.57246e-07
1.95507e-09
1.57185e-07
1.87486e-09
1.57118e-07
1.69612e-09
1.57041e-07
1.62061e-09
1.56964e-07
1.42219e-09
1.5688e-07
1.39511e-09
1.19326e-09
1.68286e-07
7.37382e-10
-1.68236e-07
1.68343e-07
7.90304e-10
1.68407e-07
8.4818e-10
1.68478e-07
9.12481e-10
1.68557e-07
9.81019e-10
1.68641e-07
1.05566e-09
1.6873e-07
1.1298e-09
1.68824e-07
1.20667e-09
1.68921e-07
1.28101e-09
1.69023e-07
1.36054e-09
1.69128e-07
1.43773e-09
1.69233e-07
1.5188e-09
1.69337e-07
1.59047e-09
1.6944e-07
1.6643e-09
1.69544e-07
1.72843e-09
1.69645e-07
1.80146e-09
1.69743e-07
1.85937e-09
1.69836e-07
1.92479e-09
1.69925e-07
1.9744e-09
1.70006e-07
2.03829e-09
1.70079e-07
2.07849e-09
1.70142e-07
2.13483e-09
1.70193e-07
2.16032e-09
1.70229e-07
2.2035e-09
1.70251e-07
2.19713e-09
1.70254e-07
2.21112e-09
1.70242e-07
2.15138e-09
1.70212e-07
2.11897e-09
1.7017e-07
1.99693e-09
1.70113e-07
1.93191e-09
1.7005e-07
1.75926e-09
1.69976e-07
1.69474e-09
1.69901e-07
1.49704e-09
1.69818e-07
1.47773e-09
1.27299e-09
6.5571e-07
5.94306e-10
-6.55567e-07
6.55867e-07
6.3349e-10
6.56038e-07
6.77324e-10
6.56225e-07
7.2534e-10
6.5643e-07
7.75431e-10
6.56654e-07
8.31853e-10
6.56895e-07
8.89092e-10
6.5715e-07
9.51528e-10
6.57418e-07
1.01253e-09
6.57699e-07
1.08036e-09
6.57992e-07
1.14436e-09
6.58295e-07
1.21561e-09
6.58606e-07
1.27962e-09
6.58919e-07
1.35117e-09
6.59235e-07
1.41246e-09
6.5955e-07
1.4861e-09
6.59863e-07
1.547e-09
6.60165e-07
1.62301e-09
6.60457e-07
1.6825e-09
6.6073e-07
1.76444e-09
6.60984e-07
1.82479e-09
6.61206e-07
1.91268e-09
6.61398e-07
1.96848e-09
6.61546e-07
2.05599e-09
6.61652e-07
2.09044e-09
6.61705e-07
2.15805e-09
6.61713e-07
2.14391e-09
6.61663e-07
2.16896e-09
6.61574e-07
2.08527e-09
6.61436e-07
2.07066e-09
6.61271e-07
1.92381e-09
6.61066e-07
1.89957e-09
6.60851e-07
1.71209e-09
6.60607e-07
1.72157e-09
1.51441e-09
7.09617e-07
4.85997e-10
-7.09509e-07
7.09732e-07
5.18579e-10
7.09856e-07
5.53545e-10
7.09989e-07
5.92241e-10
7.10133e-07
6.31476e-10
7.10289e-07
6.76161e-10
7.10457e-07
7.21183e-10
7.10636e-07
7.72092e-10
7.10828e-07
8.20862e-10
7.11032e-07
8.76463e-10
7.11248e-07
9.28014e-10
7.11475e-07
9.88399e-10
7.11713e-07
1.04221e-09
7.11957e-07
1.1071e-09
7.12207e-07
1.16228e-09
7.1246e-07
1.2326e-09
7.12717e-07
1.29068e-09
7.1297e-07
1.36954e-09
7.1322e-07
1.43257e-09
7.13461e-07
1.52393e-09
7.13691e-07
1.59447e-09
7.13903e-07
1.70107e-09
7.14095e-07
1.77557e-09
7.1426e-07
1.89143e-09
7.14397e-07
1.9533e-09
7.14497e-07
2.05809e-09
7.14564e-07
2.07689e-09
7.14588e-07
2.14514e-09
7.14579e-07
2.09464e-09
7.14527e-07
2.12185e-09
7.14449e-07
2.0026e-09
7.14334e-07
2.01452e-09
7.14202e-07
1.84382e-09
7.14046e-07
1.87791e-09
1.67311e-09
7.67556e-07
4.02203e-10
-7.67473e-07
7.67646e-07
4.29115e-10
7.67742e-07
4.57422e-10
7.67845e-07
4.89293e-10
7.67955e-07
5.20962e-10
7.68074e-07
5.57229e-10
7.68203e-07
5.92685e-10
7.68341e-07
6.34019e-10
7.68489e-07
6.73006e-10
7.68646e-07
7.19257e-10
7.68813e-07
7.61219e-10
7.68989e-07
8.12725e-10
7.69173e-07
8.57744e-10
7.69365e-07
9.1544e-10
7.69563e-07
9.63847e-10
7.69766e-07
1.02936e-09
7.69974e-07
1.08286e-09
7.70184e-07
1.16003e-09
7.70394e-07
1.22201e-09
7.70602e-07
1.31607e-09
7.70807e-07
1.38993e-09
7.71003e-07
1.50498e-09
7.71189e-07
1.58884e-09
7.71361e-07
1.72033e-09
7.71515e-07
1.79842e-09
7.71647e-07
1.92644e-09
7.71756e-07
1.96756e-09
7.71836e-07
2.06516e-09
7.7189e-07
2.04073e-09
7.71913e-07
2.0992e-09
7.71911e-07
2.00456e-09
7.71882e-07
2.04371e-09
7.71834e-07
1.89177e-09
7.71768e-07
1.94331e-09
1.74509e-09
8.3003e-07
3.34348e-10
-8.29962e-07
8.30102e-07
3.56503e-10
8.3018e-07
3.79514e-10
8.30264e-07
4.05817e-10
8.30353e-07
4.31604e-10
8.30449e-07
4.61596e-10
8.30551e-07
4.9026e-10
8.30661e-07
5.24469e-10
8.30778e-07
5.56117e-10
8.30902e-07
5.95094e-10
8.31033e-07
6.29855e-10
8.31171e-07
6.74372e-10
8.31317e-07
7.12393e-10
8.31469e-07
7.63489e-10
8.31627e-07
8.05519e-10
8.31791e-07
8.65413e-10
8.3196e-07
9.13546e-10
8.32134e-07
9.86405e-10
8.32311e-07
1.04453e-09
8.32491e-07
1.13634e-09
8.32672e-07
1.20864e-09
8.32853e-07
1.32439e-09
8.33032e-07
1.41006e-09
8.33206e-07
1.54645e-09
8.33373e-07
1.63106e-09
8.3353e-07
1.76954e-09
8.33674e-07
1.82313e-09
8.33802e-07
1.93727e-09
8.33912e-07
1.93111e-09
8.34001e-07
2.01033e-09
8.34069e-07
1.93681e-09
8.34116e-07
1.99619e-09
8.34144e-07
1.86413e-09
8.34158e-07
1.92914e-09
1.74606e-09
8.97506e-07
2.77479e-10
-8.9745e-07
8.97567e-07
2.9597e-10
8.97632e-07
3.14921e-10
8.97701e-07
3.36862e-10
8.97774e-07
3.58145e-10
8.97852e-07
3.83318e-10
8.97935e-07
4.07035e-10
8.98024e-07
4.35944e-10
8.98118e-07
4.62245e-10
8.98217e-07
4.95547e-10
8.98323e-07
5.24643e-10
8.98434e-07
5.63085e-10
8.98551e-07
5.95149e-10
8.98675e-07
6.39917e-10
8.98804e-07
6.75891e-10
8.9894e-07
7.29415e-10
8.99082e-07
7.71631e-10
8.9923e-07
8.38281e-10
8.99384e-07
8.90865e-10
8.99544e-07
9.76893e-10
8.99708e-07
1.04439e-09
8.99877e-07
1.15519e-09
9.00049e-07
1.23758e-09
9.00225e-07
1.37099e-09
9.004e-07
1.45561e-09
9.00575e-07
1.59511e-09
9.00744e-07
1.65439e-09
9.00905e-07
1.77531e-09
9.01055e-07
1.78174e-09
9.01192e-07
1.87279e-09
9.01312e-07
1.81712e-09
9.01419e-07
1.88935e-09
9.01506e-07
1.77677e-09
9.01586e-07
1.84985e-09
1.68405e-09
9.70455e-07
2.29556e-10
-9.70407e-07
9.70506e-07
2.45169e-10
9.7056e-07
2.60899e-10
9.70617e-07
2.79296e-10
9.70679e-07
2.96984e-10
9.70744e-07
3.18183e-10
9.70813e-07
3.37923e-10
9.70886e-07
3.62377e-10
9.70964e-07
3.84266e-10
9.71047e-07
4.12527e-10
9.71135e-07
4.36701e-10
9.71229e-07
4.69526e-10
9.71328e-07
4.96336e-10
9.71433e-07
5.35052e-10
9.71543e-07
5.6556e-10
9.7166e-07
6.12648e-10
9.71782e-07
6.4922e-10
9.71911e-07
7.08955e-10
9.72047e-07
7.55599e-10
9.7219e-07
8.34005e-10
9.72339e-07
8.95184e-10
9.72496e-07
9.97641e-10
9.7266e-07
1.07382e-09
9.72832e-07
1.19899e-09
9.73008e-07
1.27925e-09
9.73191e-07
1.41276e-09
9.73373e-07
1.47246e-09
9.73556e-07
1.5921e-09
9.73732e-07
1.60598e-09
9.73904e-07
1.70072e-09
9.74062e-07
1.65907e-09
9.74214e-07
1.73689e-09
9.74349e-07
1.64227e-09
9.74481e-07
1.71786e-09
1.57097e-09
1.04937e-06
1.88822e-10
-1.04933e-06
1.04941e-06
2.01852e-10
1.04946e-06
2.14857e-10
1.04951e-06
2.30194e-10
1.04956e-06
2.44832e-10
1.04962e-06
2.62557e-10
1.04967e-06
2.789e-10
1.04974e-06
2.99413e-10
1.0498e-06
3.17544e-10
1.04988e-06
3.41352e-10
1.04995e-06
3.61424e-10
1.05003e-06
3.89294e-10
1.05012e-06
4.11724e-10
1.05021e-06
4.44959e-10
1.0503e-06
4.70768e-10
1.0504e-06
5.11665e-10
1.05051e-06
5.43022e-10
1.05062e-06
5.95498e-10
1.05074e-06
6.3606e-10
1.05087e-06
7.05646e-10
1.051e-06
7.59567e-10
1.05115e-06
8.51341e-10
1.05131e-06
9.19358e-10
1.05147e-06
1.0326e-09
1.05165e-06
1.10548e-09
1.05183e-06
1.228e-09
1.05202e-06
1.28437e-09
1.05221e-06
1.39683e-09
1.05241e-06
1.41429e-09
1.0526e-06
1.50652e-09
1.05278e-06
1.47564e-09
1.05297e-06
1.5533e-09
1.05313e-06
1.47482e-09
1.0533e-06
1.5486e-09
1.42151e-09
1.13476e-06
1.53895e-10
-1.13472e-06
1.1348e-06
1.64622e-10
1.13484e-06
1.75291e-10
1.13488e-06
1.87955e-10
1.13492e-06
1.99981e-10
1.13497e-06
2.14663e-10
1.13502e-06
2.28114e-10
1.13508e-06
2.45171e-10
1.13513e-06
2.60126e-10
1.13519e-06
2.80017e-10
1.13526e-06
2.96619e-10
1.13533e-06
3.20026e-10
1.1354e-06
3.38644e-10
1.13548e-06
3.6673e-10
1.13556e-06
3.8828e-10
1.13565e-06
4.23096e-10
1.13574e-06
4.49497e-10
1.13585e-06
4.94515e-10
1.13595e-06
5.29005e-10
1.13607e-06
5.89141e-10
1.13619e-06
6.35435e-10
1.13633e-06
7.15282e-10
1.13647e-06
7.74228e-10
1.13663e-06
8.73471e-10
1.1368e-06
9.37418e-10
1.13698e-06
1.04593e-09
1.13717e-06
1.09672e-09
1.13737e-06
1.19807e-09
1.13757e-06
1.2164e-09
1.13777e-06
1.30159e-09
1.13797e-06
1.27883e-09
1.13817e-06
1.35182e-09
1.13836e-06
1.28759e-09
1.13855e-06
1.35606e-09
1.24841e-09
1.22715e-06
1.23756e-10
-1.22712e-06
1.22719e-06
1.32463e-10
1.22722e-06
1.41101e-10
1.22726e-06
1.51405e-10
1.2273e-06
1.61157e-10
1.22734e-06
1.73135e-10
1.22738e-06
1.8406e-10
1.22743e-06
1.98018e-10
1.22748e-06
2.10184e-10
1.22753e-06
2.26515e-10
1.22759e-06
2.40046e-10
1.22765e-06
2.59335e-10
1.22771e-06
2.74547e-10
1.22778e-06
2.97791e-10
1.22786e-06
3.15466e-10
1.22793e-06
3.44437e-10
1.22802e-06
3.66227e-10
1.22811e-06
4.03908e-10
1.2282e-06
4.32579e-10
1.22831e-06
4.83175e-10
1.22842e-06
5.21913e-10
1.22855e-06
5.89403e-10
1.22868e-06
6.39037e-10
1.22884e-06
7.23344e-10
1.22899e-06
7.77638e-10
1.22917e-06
8.70507e-10
1.22935e-06
9.14417e-10
1.22955e-06
1.00224e-09
1.22975e-06
1.01961e-09
1.22995e-06
1.09473e-09
1.23015e-06
1.07799e-09
1.23036e-06
1.14319e-09
1.23056e-06
1.09144e-09
1.23076e-06
1.15215e-09
1.06312e-09
1.32713e-06
9.7541e-11
-1.3271e-06
1.32716e-06
1.04446e-10
1.32719e-06
1.11294e-10
1.32722e-06
1.19493e-10
1.32725e-06
1.27234e-10
1.32729e-06
1.36784e-10
1.32733e-06
1.45468e-10
1.32737e-06
1.56622e-10
1.32741e-06
1.66307e-10
1.32746e-06
1.79393e-10
1.32751e-06
1.90183e-10
1.32756e-06
2.05687e-10
1.32762e-06
2.17844e-10
1.32768e-06
2.36592e-10
1.32775e-06
2.50761e-10
1.32782e-06
2.74213e-10
1.32789e-06
2.91747e-10
1.32797e-06
3.22361e-10
1.32806e-06
3.45532e-10
1.32816e-06
3.86781e-10
1.32826e-06
4.18222e-10
1.32838e-06
4.73417e-10
1.3285e-06
5.13874e-10
1.32864e-06
5.83069e-10
1.32879e-06
6.27578e-10
1.32896e-06
7.04211e-10
1.32913e-06
7.40654e-10
1.32932e-06
8.13778e-10
1.32951e-06
8.29042e-10
1.32971e-06
8.92378e-10
1.32991e-06
8.80154e-10
1.33012e-06
9.35642e-10
1.33032e-06
8.94822e-10
1.33052e-06
9.46295e-10
8.74713e-10
1.4353e-06
7.45145e-11
-1.43528e-06
1.43533e-06
7.98063e-11
1.43535e-06
8.5062e-11
1.43538e-06
9.13702e-11
1.43541e-06
9.73173e-11
1.43544e-06
1.04677e-10
1.43548e-06
1.11355e-10
1.43551e-06
1.19967e-10
1.43555e-06
1.27425e-10
1.4356e-06
1.37547e-10
1.43564e-06
1.45868e-10
1.43569e-06
1.57889e-10
1.43574e-06
1.6728e-10
1.43579e-06
1.8185e-10
1.43585e-06
1.92818e-10
1.43591e-06
2.11092e-10
1.43598e-06
2.24699e-10
1.43605e-06
2.48612e-10
1.43613e-06
2.66642e-10
1.43622e-06
2.98935e-10
1.43632e-06
3.23466e-10
1.43642e-06
3.66768e-10
1.43654e-06
3.98422e-10
1.43667e-06
4.52843e-10
1.43681e-06
4.87804e-10
1.43696e-06
5.48306e-10
1.43713e-06
5.77175e-10
1.43731e-06
6.35275e-10
1.43749e-06
6.47824e-10
1.43768e-06
6.98595e-10
1.43787e-06
6.89809e-10
1.43807e-06
7.34596e-10
1.43826e-06
7.03413e-10
1.43847e-06
7.44876e-10
6.89442e-10
1.55234e-06
5.39982e-11
-1.55232e-06
1.55236e-06
5.7836e-11
1.55238e-06
6.1657e-11
1.55241e-06
6.62512e-11
1.55243e-06
7.05782e-11
1.55246e-06
7.59439e-11
1.55249e-06
8.08072e-11
1.55253e-06
8.7094e-11
1.55256e-06
9.25296e-11
1.5526e-06
9.99298e-11
1.55264e-06
1.06e-10
1.55268e-06
1.14802e-10
1.55273e-06
1.21661e-10
1.55278e-06
1.32349e-10
1.55283e-06
1.40371e-10
1.55289e-06
1.53799e-10
1.55295e-06
1.6377e-10
1.55302e-06
1.81371e-10
1.55309e-06
1.94608e-10
1.55317e-06
2.18413e-10
1.55325e-06
2.36455e-10
1.55335e-06
2.68422e-10
1.55346e-06
2.91746e-10
1.55358e-06
3.31988e-10
1.55371e-06
3.57815e-10
1.55386e-06
4.0267e-10
1.55401e-06
4.24114e-10
1.55418e-06
4.67374e-10
1.55435e-06
4.7692e-10
1.55453e-06
5.14954e-10
1.55471e-06
5.08871e-10
1.5549e-06
5.42585e-10
1.55509e-06
5.19996e-10
1.55528e-06
5.51183e-10
5.10667e-10
1.67896e-06
3.53022e-11
-1.67894e-06
1.67898e-06
3.78084e-11
1.679e-06
4.03112e-11
1.67902e-06
4.3324e-11
1.67904e-06
4.61597e-11
1.67907e-06
4.96811e-11
1.6791e-06
5.28699e-11
1.67913e-06
5.69992e-11
1.67916e-06
6.05654e-11
1.67919e-06
6.54305e-11
1.67923e-06
6.94158e-11
1.67927e-06
7.52081e-11
1.67931e-06
7.97148e-11
1.67936e-06
8.67561e-11
1.67941e-06
9.20322e-11
1.67946e-06
1.00889e-10
1.67952e-06
1.07454e-10
1.67958e-06
1.19078e-10
1.67965e-06
1.27805e-10
1.67972e-06
1.43543e-10
1.6798e-06
1.55453e-10
1.67989e-06
1.76607e-10
1.67999e-06
1.92024e-10
1.68011e-06
2.18684e-10
1.68023e-06
2.35785e-10
1.68036e-06
2.6555e-10
1.68051e-06
2.798e-10
1.68067e-06
3.08584e-10
1.68083e-06
3.15023e-10
1.681e-06
3.40427e-10
1.68118e-06
3.36577e-10
1.68136e-06
3.59168e-10
1.68154e-06
3.44412e-10
1.68172e-06
3.65302e-10
3.38666e-10
1.81594e-06
1.76421e-11
-1.81592e-06
1.81596e-06
1.88862e-11
1.81598e-06
2.01372e-11
1.816e-06
2.16444e-11
1.81602e-06
2.30622e-11
1.81605e-06
2.48245e-11
1.81607e-06
2.64192e-11
1.8161e-06
2.84866e-11
1.81613e-06
3.02704e-11
1.81617e-06
3.27073e-11
1.8162e-06
3.4701e-11
1.81624e-06
3.76038e-11
1.81628e-06
3.98591e-11
1.81632e-06
4.339e-11
1.81637e-06
4.60317e-11
1.81642e-06
5.04763e-11
1.81647e-06
5.37657e-11
1.81653e-06
5.96033e-11
1.81659e-06
6.39803e-11
1.81667e-06
7.18899e-11
1.81674e-06
7.78698e-11
1.81683e-06
8.85098e-11
1.81693e-06
9.62585e-11
1.81704e-06
1.09679e-10
1.81715e-06
1.18283e-10
1.81729e-06
1.3328e-10
1.81743e-06
1.40463e-10
1.81758e-06
1.54986e-10
1.81774e-06
1.58255e-10
1.81791e-06
1.71098e-10
1.81807e-06
1.69207e-10
1.81825e-06
1.8065e-10
1.81842e-06
1.73287e-10
1.8186e-06
1.83887e-10
1.70627e-10
1.96414e-06
-1.96412e-06
1.96416e-06
1.96418e-06
1.9642e-06
1.96422e-06
1.96425e-06
1.96427e-06
1.9643e-06
1.96433e-06
1.96436e-06
1.9644e-06
1.96444e-06
1.96448e-06
1.96452e-06
1.96456e-06
1.96462e-06
1.96467e-06
1.96473e-06
1.96479e-06
1.96486e-06
1.96494e-06
1.96503e-06
1.96513e-06
1.96524e-06
1.96536e-06
1.96549e-06
1.96563e-06
1.96578e-06
1.96594e-06
1.96611e-06
1.96628e-06
1.96646e-06
1.96664e-06
1.96682e-06
1.68944e-08
-6.89878e-09
1.67778e-08
4.9138e-09
1.68902e-08
-1.6462e-09
1.6795e-08
4.07434e-09
1.6937e-08
-2.34169e-09
1.68496e-08
-8.52135e-10
1.69492e-08
-4.08104e-09
1.68472e-08
-2.50482e-09
1.69044e-08
-2.90852e-09
1.67892e-08
-1.43355e-09
1.68195e-08
-9.81018e-10
1.67184e-08
-1.72561e-10
1.6719e-08
2.33868e-10
1.66199e-08
4.25225e-10
1.65817e-08
7.24469e-10
1.64855e-08
6.20671e-10
1.63899e-08
8.62857e-10
1.62516e-08
6.62627e-10
1.58109e-08
1.04423e-09
1.30435e-09
1.83093e-08
-6.99876e-09
1.81744e-08
5.04869e-09
1.83116e-08
-1.78345e-09
1.82147e-08
4.17124e-09
1.83607e-08
-2.48767e-09
1.82653e-08
-7.56718e-10
1.83696e-08
-4.1854e-09
1.82534e-08
-2.38858e-09
1.83146e-08
-2.96973e-09
1.819e-08
-1.30889e-09
1.82183e-08
-1.00933e-09
1.81197e-08
-7.40211e-11
1.80974e-08
2.56155e-10
1.80272e-08
4.95466e-10
1.79233e-08
8.28347e-10
1.79007e-08
6.43299e-10
1.76536e-08
1.10997e-09
1.76427e-08
6.73524e-10
1.70487e-08
1.63823e-09
1.28414e-09
1.98046e-08
-7.08932e-09
1.97436e-08
5.10967e-09
1.98296e-08
-1.86946e-09
1.98086e-08
4.19224e-09
1.98803e-08
-2.55937e-09
1.98492e-08
-7.25566e-10
1.98704e-08
-4.20666e-09
1.98263e-08
-2.34449e-09
1.97948e-08
-2.93815e-09
1.97688e-08
-1.28291e-09
1.96829e-08
-9.23445e-10
1.97064e-08
-9.75194e-11
1.95482e-08
4.14312e-10
1.96074e-08
4.36255e-10
1.93725e-08
1.06328e-09
1.94345e-08
5.81262e-10
1.91258e-08
1.41874e-09
1.90584e-08
7.40877e-10
1.8714e-08
1.98265e-09
1.4534e-09
2.14004e-08
-7.14657e-09
2.14481e-08
5.062e-09
2.14602e-08
-1.88163e-09
2.15363e-08
4.11618e-09
2.15081e-08
-2.53113e-09
2.15534e-08
-7.70858e-10
2.14666e-08
-4.11986e-09
2.15051e-08
-2.38303e-09
2.13718e-08
-2.80484e-09
2.14386e-08
-1.34971e-09
2.12657e-08
-7.50567e-10
2.13588e-08
-1.90577e-10
2.11554e-08
6.17658e-10
2.12195e-08
3.72177e-10
2.10212e-08
1.26158e-09
2.09862e-08
6.16278e-10
2.08175e-08
1.58747e-09
2.05913e-08
9.66993e-10
2.05357e-08
2.03832e-09
1.72632e-09
2.3103e-08
-7.14271e-09
2.32687e-08
4.89631e-09
2.32014e-08
-1.81437e-09
2.3371e-08
3.94662e-09
2.32427e-08
-2.40289e-09
2.33487e-08
-8.76806e-10
2.31631e-08
-3.9343e-09
2.3254e-08
-2.47393e-09
2.30576e-08
-2.60842e-09
2.31623e-08
-1.45444e-09
2.29804e-08
-5.68577e-10
2.30611e-08
-2.71356e-10
2.29134e-08
7.65343e-10
2.29015e-08
3.8417e-10
2.28119e-08
1.35112e-09
2.26609e-08
7.67303e-10
2.26166e-08
1.63173e-09
2.23372e-08
1.24638e-09
2.23824e-08
1.99314e-09
1.93695e-09
2.49298e-08
-7.05615e-09
2.51923e-08
4.6338e-09
2.50607e-08
-1.68278e-09
2.52976e-08
3.7097e-09
2.50965e-08
-2.20179e-09
2.5227e-08
-1.00723e-09
2.49788e-08
-3.68612e-09
2.50725e-08
-2.56768e-09
2.48655e-08
-2.40135e-09
2.49533e-08
-1.5423e-09
2.48205e-08
-4.35764e-10
2.48486e-08
-2.9941e-10
2.47883e-08
8.25592e-10
2.47015e-08
4.70929e-10
2.46969e-08
1.3558e-09
2.44925e-08
9.71676e-10
2.45019e-08
1.62237e-09
2.42592e-08
1.48907e-09
2.43089e-08
1.94343e-09
2.03954e-09
2.69081e-08
-6.88063e-09
2.7225e-08
4.31694e-09
2.70579e-08
-1.51568e-09
2.7328e-08
3.4396e-09
2.70925e-08
-1.96639e-09
2.72133e-08
-1.12798e-09
2.69379e-08
-3.41068e-09
2.69971e-08
-2.6269e-09
2.68069e-08
-2.21123e-09
2.68514e-08
-1.58673e-09
2.67794e-08
-3.63763e-10
2.67547e-08
-2.74714e-10
2.67651e-08
8.15163e-10
2.66375e-08
5.98524e-10
2.66741e-08
1.31917e-09
2.6476e-08
1.16982e-09
2.6492e-08
1.60633e-09
2.63249e-08
1.65623e-09
2.63587e-08
1.90957e-09
2.05138e-09
2.90684e-08
-6.62729e-09
2.93961e-08
3.98919e-09
2.922e-08
-1.33951e-09
2.94996e-08
3.15994e-09
2.9258e-08
-1.72477e-09
2.93536e-08
-1.22361e-09
2.90671e-08
-3.12414e-09
2.90756e-08
-2.63541e-09
2.89028e-08
-2.03841e-09
2.88951e-08
-1.57903e-09
2.88701e-08
-3.388e-10
2.88042e-08
-2.08806e-10
2.88555e-08
7.63899e-10
2.87208e-08
7.33234e-10
2.87628e-08
1.27713e-09
2.86086e-08
1.32406e-09
2.86107e-08
1.60421e-09
2.85249e-08
1.74207e-09
2.85502e-08
1.88418e-09
2.00569e-09
3.14346e-08
-6.31715e-09
3.17487e-08
3.67513e-09
3.15737e-08
-1.16451e-09
3.18582e-08
2.87542e-09
3.16195e-08
-1.48605e-09
3.16908e-08
-1.29493e-09
3.13958e-08
-2.8291e-09
3.13482e-08
-2.58778e-09
3.11845e-08
-1.87477e-09
3.11196e-08
-1.51416e-09
3.11207e-08
-3.3989e-10
3.10266e-08
-1.14641e-10
3.10867e-08
7.03797e-10
3.09699e-08
8.49995e-10
3.09938e-08
1.25321e-09
3.08976e-08
1.42031e-09
3.08873e-08
1.61446e-09
3.08662e-08
1.76325e-09
3.08969e-08
1.85342e-09
1.9314e-09
3.40203e-08
-5.9694e-09
3.43218e-08
3.37367e-09
3.41412e-08
-9.83957e-10
3.44379e-08
2.57869e-09
3.42004e-08
-1.24849e-09
3.42516e-08
-1.34614e-09
3.39512e-08
-2.52872e-09
3.3844e-08
-2.48056e-09
3.36844e-08
-1.71516e-09
3.35617e-08
-1.3915e-09
3.35647e-08
-3.42832e-10
3.34569e-08
-6.88595e-12
3.34973e-08
6.63363e-10
3.34103e-08
9.37037e-10
3.34093e-08
1.25419e-09
3.33634e-08
1.46626e-09
3.33543e-08
1.62354e-09
3.33731e-08
1.74441e-09
3.34185e-08
1.80811e-09
1.84555e-09
3.68327e-08
-5.594e-09
3.71394e-08
3.067e-09
3.69401e-08
-7.8464e-10
3.72553e-08
2.2635e-09
3.70181e-08
-1.01134e-09
3.70483e-08
-1.37629e-09
3.67522e-08
-2.23267e-09
3.65849e-08
-2.31323e-09
3.64264e-08
-1.55667e-09
3.62553e-08
-1.22044e-09
3.62385e-08
-3.25954e-10
3.61273e-08
1.04303e-10
3.61328e-08
6.57871e-10
3.60734e-08
9.96412e-10
3.60551e-08
1.27252e-09
3.60408e-08
1.48051e-09
3.60453e-08
1.61909e-09
3.60843e-08
1.70538e-09
3.61452e-08
1.74722e-09
1.75523e-09
3.98816e-08
-5.19276e-09
4.02129e-08
2.73578e-09
3.99859e-08
-5.57674e-10
4.03166e-08
1.9328e-09
4.00851e-08
-7.79832e-10
4.00876e-08
-1.37877e-09
3.9809e-08
-1.95415e-09
3.95878e-08
-2.09203e-09
3.94269e-08
-1.39571e-09
3.92256e-08
-1.01913e-09
3.9174e-08
-2.74419e-10
3.90666e-08
2.11751e-10
3.90365e-08
6.87972e-10
3.89939e-08
1.03897e-09
3.89706e-08
1.2958e-09
3.89727e-08
1.47849e-09
3.8994e-08
1.59774e-09
3.90434e-08
1.656e-09
3.91153e-08
1.67534e-09
1.6631e-09
4.31837e-08
-4.76475e-09
4.35503e-08
2.36921e-09
4.32961e-08
-3.03428e-10
4.3629e-08
1.59983e-09
4.34133e-08
-5.641e-10
4.33789e-08
-1.34436e-09
4.31283e-08
-1.70361e-09
4.28678e-08
-1.83154e-09
4.2699e-08
-1.22682e-09
4.2487e-08
-8.07221e-10
4.23984e-08
-1.85728e-10
4.22966e-08
3.13536e-10
4.22415e-08
7.43027e-10
4.22051e-08
1.07541e-09
4.21863e-08
1.31458e-09
4.21976e-08
1.46723e-09
4.22322e-08
1.56312e-09
4.22887e-08
1.59945e-09
4.23663e-08
1.59777e-09
1.57091e-09
4.67618e-08
-4.31091e-09
4.71637e-08
1.96729e-09
4.68925e-08
-3.22028e-11
4.72068e-08
1.28556e-09
4.70184e-08
-3.75755e-10
4.69399e-08
-1.26586e-09
4.67198e-08
-1.48352e-09
4.64395e-08
-1.55116e-09
4.62576e-08
-1.04493e-09
4.60502e-08
-5.99902e-10
4.59316e-08
-6.70326e-11
4.58337e-08
4.11389e-10
4.57681e-08
8.0864e-10
4.57333e-08
1.11024e-09
4.57235e-08
1.32438e-09
4.57424e-08
1.44833e-09
4.57856e-08
1.51984e-09
4.58479e-08
1.53715e-09
4.59278e-08
1.51791e-09
1.48023e-09
5.06423e-08
-3.83585e-09
5.10699e-08
1.53975e-09
5.0802e-08
2.35729e-10
5.10719e-08
1.01566e-09
5.09203e-08
-2.24212e-10
5.07968e-08
-1.14231e-09
5.0601e-08
-1.28781e-09
5.03196e-08
-1.26967e-09
5.01222e-08
-8.47611e-10
4.99263e-08
-4.03931e-10
4.97904e-08
6.88029e-11
4.96942e-08
5.07669e-10
4.96293e-08
8.73482e-10
4.95974e-08
1.14213e-09
4.95978e-08
1.32396e-09
4.96239e-08
1.42228e-09
4.96732e-08
1.47054e-09
4.97397e-08
1.47064e-09
4.98202e-08
1.43743e-09
1.39208e-09
5.48539e-08
-3.34814e-09
5.52899e-08
1.10367e-09
5.50525e-08
4.73182e-10
5.52529e-08
8.15243e-10
5.51404e-08
-1.11669e-10
5.49802e-08
-9.82156e-10
5.47965e-08
-1.1041e-09
5.45289e-08
-1.00203e-09
5.43175e-08
-6.36295e-10
5.41324e-08
-2.18748e-10
5.39918e-08
2.09364e-10
5.38972e-08
6.02232e-10
5.3839e-08
9.31704e-10
5.38141e-08
1.16702e-09
5.38239e-08
1.31415e-09
5.38566e-08
1.38965e-09
5.39105e-08
1.41658e-09
5.39797e-08
1.40145e-09
5.40598e-08
1.35735e-09
1.30687e-09
5.94265e-08
-2.85983e-09
5.98476e-08
6.82565e-10
5.96692e-08
6.5163e-10
5.97845e-08
6.99934e-10
5.97016e-08
-2.87484e-11
5.95202e-08
-8.0076e-10
5.93371e-08
-9.21049e-10
5.90906e-08
-7.55471e-10
5.88722e-08
-4.1798e-10
5.86932e-08
-3.97157e-11
5.85566e-08
3.45928e-10
5.84665e-08
6.92416e-10
5.84172e-08
9.81012e-10
5.8403e-08
1.18121e-09
5.84199e-08
1.29717e-09
5.84585e-08
1.35106e-09
5.85161e-08
1.35903e-09
5.85866e-08
1.33089e-09
5.86655e-08
1.27853e-09
1.22473e-09
6.43918e-08
-2.38561e-09
6.47698e-08
3.04576e-10
6.46703e-08
7.51127e-10
6.47052e-08
6.6498e-10
6.46314e-08
4.51109e-11
6.44455e-08
-6.14925e-10
6.42577e-08
-7.33231e-10
6.40317e-08
-5.2947e-10
6.38169e-08
-2.03213e-10
6.36397e-08
1.37478e-10
6.35115e-08
4.74177e-10
6.34293e-08
7.74634e-10
6.33904e-08
1.01984e-09
6.33876e-08
1.18405e-09
6.34102e-08
1.27456e-09
6.34537e-08
1.30762e-09
6.35136e-08
1.29904e-09
6.35845e-08
1.26008e-09
6.36613e-08
1.20167e-09
1.14575e-09
6.97819e-08
-1.94119e-09
7.00872e-08
-7.06242e-13
7.0074e-08
7.64257e-10
7.0054e-08
6.85003e-10
6.99652e-08
1.33876e-10
6.9784e-08
-4.33688e-10
6.95937e-08
-5.42885e-10
6.93854e-08
-3.21181e-10
6.91807e-08
1.42357e-12
6.9009e-08
3.09253e-10
6.88887e-08
5.94416e-10
6.8817e-08
8.46333e-10
6.87905e-08
1.04638e-09
6.87963e-08
1.17827e-09
6.88243e-08
1.24649e-09
6.88713e-08
1.26063e-09
6.89325e-08
1.23791e-09
6.90025e-08
1.19006e-09
6.90768e-08
1.12734e-09
1.07006e-09
7.56301e-08
-1.54176e-09
7.58355e-08
-2.06078e-10
7.59037e-08
6.96047e-10
7.58663e-08
7.22417e-10
7.57463e-08
2.53873e-10
7.55665e-08
-2.53863e-10
7.538e-08
-3.56398e-10
7.51874e-08
-1.28615e-10
7.4999e-08
1.89826e-10
7.48367e-08
4.71598e-10
7.47248e-08
7.06284e-10
7.46648e-08
9.06328e-10
7.46498e-08
1.06138e-09
7.46626e-08
1.16553e-09
7.46957e-08
1.21332e-09
7.47451e-08
1.2113e-09
7.48061e-08
1.17688e-09
7.48743e-08
1.12181e-09
7.49456e-08
1.05607e-09
9.97872e-10
8.19697e-08
-1.19907e-09
8.20585e-08
-2.94813e-10
8.21893e-08
5.65178e-10
8.21714e-08
7.40324e-10
8.20221e-08
4.03183e-10
8.18309e-08
-6.26703e-11
8.16522e-08
-1.77645e-10
8.14772e-08
4.63651e-11
8.13083e-08
3.58736e-10
8.11609e-08
6.18949e-10
8.10586e-08
8.08602e-10
8.10098e-08
9.55096e-10
8.10034e-08
1.06783e-09
8.10233e-08
1.1456e-09
8.10609e-08
1.17575e-09
8.11114e-08
1.16074e-09
8.11713e-08
1.11704e-09
8.12369e-08
1.05621e-09
8.13046e-08
9.88309e-10
9.29612e-10
8.8834e-08
-9.18648e-10
8.88179e-08
-2.78662e-10
8.89697e-08
4.13316e-10
8.8995e-08
7.15091e-10
8.8838e-08
5.60113e-10
8.8625e-08
1.50387e-10
8.8449e-08
-1.6637e-12
8.82939e-08
2.01501e-10
8.81484e-08
5.04222e-10
8.80208e-08
7.46518e-10
8.79303e-08
8.9908e-10
8.78908e-08
9.94597e-10
8.78905e-08
1.06817e-09
8.7917e-08
1.11906e-09
8.79588e-08
1.13396e-09
8.801e-08
1.10955e-09
8.80679e-08
1.05915e-09
8.81301e-08
9.94019e-10
8.81939e-08
9.24498e-10
8.65857e-10
9.62592e-08
-6.9926e-10
9.61689e-08
-1.88416e-10
9.62942e-08
2.88004e-10
9.63636e-08
6.45729e-10
9.62338e-08
6.89931e-10
9.6002e-08
3.82197e-10
9.58141e-08
1.86233e-10
9.56804e-08
3.35212e-10
9.55613e-08
6.23332e-10
9.54578e-08
8.49977e-10
9.53823e-08
9.74608e-10
9.53494e-08
1.02745e-09
9.53534e-08
1.06414e-09
9.53847e-08
1.08781e-09
9.54303e-08
1.08834e-09
9.54823e-08
1.05757e-09
9.55382e-08
1.00329e-09
9.55965e-08
9.35672e-10
9.5656e-08
8.65014e-10
8.07152e-10
1.04283e-07
-5.31278e-10
1.04159e-07
-6.37649e-11
1.04222e-07
2.24495e-10
1.04321e-07
5.46867e-10
1.04237e-07
7.74083e-10
1.04009e-07
6.09831e-10
1.03806e-07
3.88999e-10
1.03682e-07
4.59781e-10
1.03592e-07
7.13416e-10
1.03516e-07
9.25257e-10
1.03459e-07
1.03251e-09
1.03431e-07
1.05511e-09
1.03438e-07
1.05732e-09
1.03471e-07
1.05446e-09
1.03519e-07
1.04027e-09
1.03572e-07
1.00465e-09
1.03626e-07
9.48926e-10
1.03681e-07
8.81064e-10
1.03736e-07
8.10099e-10
7.53752e-10
1.12953e-07
-4.01167e-10
1.12829e-07
5.98081e-11
1.12823e-07
2.30428e-10
1.12917e-07
4.53024e-10
1.12886e-07
8.04688e-10
1.12692e-07
8.03805e-10
1.12481e-07
5.99943e-10
1.12353e-07
5.88229e-10
1.12287e-07
7.7943e-10
1.12241e-07
9.7132e-10
1.12204e-07
1.06899e-09
1.12184e-07
1.07569e-09
1.12192e-07
1.04888e-09
1.12226e-07
1.02122e-09
1.12274e-07
9.91899e-10
1.12327e-07
9.51443e-10
1.1238e-07
8.95629e-10
1.12432e-07
8.29556e-10
1.12482e-07
7.59737e-10
7.0534e-10
1.22323e-07
-2.96278e-10
1.22223e-07
1.58981e-10
1.2216e-07
2.93856e-10
1.22216e-07
3.97523e-10
1.22231e-07
7.89391e-10
1.22093e-07
9.41368e-10
1.21892e-07
8.01459e-10
1.21757e-07
7.22783e-10
1.21703e-07
8.34093e-10
1.21681e-07
9.92706e-10
1.21668e-07
1.08201e-09
1.21659e-07
1.08454e-09
1.21669e-07
1.03909e-09
1.217e-07
9.89868e-10
1.21747e-07
9.45394e-10
1.21799e-07
8.99299e-10
1.21851e-07
8.43575e-10
1.219e-07
7.80414e-10
1.21947e-07
7.13304e-10
6.60979e-10
1.32455e-07
-2.06564e-10
1.32388e-07
2.25837e-10
1.32294e-07
3.88285e-10
1.32292e-07
3.9889e-10
1.32332e-07
7.49573e-10
1.32257e-07
1.01685e-09
1.32088e-07
9.69928e-10
1.31954e-07
8.56954e-10
1.319e-07
8.87911e-10
1.31895e-07
9.9736e-10
1.31904e-07
1.07362e-09
1.31911e-07
1.07732e-09
1.31925e-07
1.02558e-09
1.31953e-07
9.61321e-10
1.31996e-07
9.0263e-10
1.32045e-07
8.49826e-10
1.32095e-07
7.93584e-10
1.32142e-07
7.33353e-10
1.32186e-07
6.69847e-10
6.19563e-10
1.43418e-07
-1.26679e-10
1.43378e-07
2.65375e-10
1.4328e-07
4.86137e-10
1.43227e-07
4.51813e-10
1.43263e-07
7.14117e-10
1.4324e-07
1.03923e-09
1.43124e-07
1.08687e-09
1.42999e-07
9.81777e-10
1.42945e-07
9.4168e-10
1.42948e-07
9.94416e-10
1.42972e-07
1.04943e-09
1.42996e-07
1.05364e-09
1.43017e-07
1.00424e-09
1.43045e-07
9.33703e-10
1.43083e-07
8.64061e-10
1.43129e-07
8.03871e-10
1.43177e-07
7.46289e-10
1.43221e-07
6.88526e-10
1.43262e-07
6.28877e-10
5.80332e-10
1.55285e-07
-5.57074e-11
1.5526e-07
2.90311e-10
1.55178e-07
5.68451e-10
1.55096e-07
5.33784e-10
1.55108e-07
7.01441e-10
1.55123e-07
1.02492e-09
1.55055e-07
1.15463e-09
1.54957e-07
1.07937e-09
1.54904e-07
9.95076e-10
1.5491e-07
9.88617e-10
1.54942e-07
1.01661e-09
1.54977e-07
1.01866e-09
1.55007e-07
9.74423e-10
1.55037e-07
9.04192e-10
1.55072e-07
8.28419e-10
1.55115e-07
7.61186e-10
1.5516e-07
7.01107e-10
1.55204e-07
6.45276e-10
1.55243e-07
5.8966e-10
5.43159e-10
1.68133e-07
5.20568e-12
1.68105e-07
3.18006e-10
1.68046e-07
6.28086e-10
1.6796e-07
6.19676e-10
1.67955e-07
7.06151e-10
1.67978e-07
1.00174e-09
1.67946e-07
1.18692e-09
1.67885e-07
1.14024e-09
1.67847e-07
1.03348e-09
1.67854e-07
9.81574e-10
1.67891e-07
9.78888e-10
1.67932e-07
9.77946e-10
1.67967e-07
9.39447e-10
1.67999e-07
8.72147e-10
1.68033e-07
7.94316e-10
1.68072e-07
7.21999e-10
1.68116e-07
6.57865e-10
1.6816e-07
6.01281e-10
1.68201e-07
5.48031e-10
5.08517e-10
6.54439e-07
1.17112e-10
6.54345e-07
4.11426e-10
6.5429e-07
6.83627e-10
6.54141e-07
7.68873e-10
6.54028e-07
8.18746e-10
6.54093e-07
9.37324e-10
6.54213e-07
1.06604e-09
6.54279e-07
1.07493e-09
6.54306e-07
1.00631e-09
6.54354e-07
9.33212e-10
6.54457e-07
8.75944e-10
6.54602e-07
8.32668e-10
6.54755e-07
7.86984e-10
6.54895e-07
7.31953e-10
6.55022e-07
6.67735e-10
6.5514e-07
6.03781e-10
6.55254e-07
5.43848e-10
6.55364e-07
4.90766e-10
6.5547e-07
4.42859e-10
4.1137e-10
7.07959e-07
1.41932e-10
7.07944e-07
4.2683e-10
7.07977e-07
6.50336e-10
7.07981e-07
7.65142e-10
7.07969e-07
8.30496e-10
7.08027e-07
8.79824e-10
7.08172e-07
9.20529e-10
7.08319e-07
9.28056e-10
7.08432e-07
8.93243e-10
7.08527e-07
8.3783e-10
7.08626e-07
7.76928e-10
7.08739e-07
7.20433e-10
7.0886e-07
6.65489e-10
7.0898e-07
6.12138e-10
7.0909e-07
5.5757e-10
7.09189e-07
5.05017e-10
7.09278e-07
4.54632e-10
7.0936e-07
4.08968e-10
7.09436e-07
3.67106e-10
3.37972e-10
7.6579e-07
1.30965e-10
7.65825e-07
3.9197e-10
7.65894e-07
5.81764e-10
7.65965e-07
6.93762e-10
7.66035e-07
7.60612e-10
7.66123e-07
7.91189e-10
7.66244e-07
8.00239e-10
7.66379e-07
7.92628e-10
7.66508e-07
7.6437e-10
7.66625e-07
7.21362e-10
7.66733e-07
6.68669e-10
7.66837e-07
6.15738e-10
7.6694e-07
5.63112e-10
7.67038e-07
5.14097e-10
7.67129e-07
4.66424e-10
7.67212e-07
4.22179e-10
7.67287e-07
3.79916e-10
7.67354e-07
3.41559e-10
7.67415e-07
3.06001e-10
2.80401e-10
8.28313e-07
1.10098e-10
8.28369e-07
3.36497e-10
8.28457e-07
4.93672e-10
8.2855e-07
6.00145e-10
8.28651e-07
6.60253e-10
8.28756e-07
6.86267e-10
8.28868e-07
6.87851e-10
8.28987e-07
6.7335e-10
8.29107e-07
6.44413e-10
8.29221e-07
6.07202e-10
8.29327e-07
5.63117e-10
8.29424e-07
5.18586e-10
8.29514e-07
4.73305e-10
8.29597e-07
4.3098e-10
8.29674e-07
3.89886e-10
8.29743e-07
3.52322e-10
8.29807e-07
3.16675e-10
8.29864e-07
2.84619e-10
8.29915e-07
2.54832e-10
2.333e-10
8.9593e-07
8.83276e-11
8.95993e-07
2.73518e-10
8.96075e-07
4.12332e-10
8.96171e-07
5.03718e-10
8.96275e-07
5.56306e-10
8.96382e-07
5.79012e-10
8.96491e-07
5.78812e-10
8.96601e-07
5.64043e-10
8.96707e-07
5.37705e-10
8.96809e-07
5.05991e-10
8.96902e-07
4.69217e-10
8.96989e-07
4.32314e-10
8.97068e-07
3.94381e-10
8.9714e-07
3.58878e-10
8.97205e-07
3.2427e-10
8.97265e-07
2.92844e-10
8.97319e-07
2.6304e-10
8.97367e-07
2.36409e-10
8.9741e-07
2.1162e-10
1.93675e-10
9.69064e-07
6.91816e-11
9.69116e-07
2.20988e-10
9.69192e-07
3.36913e-10
9.69282e-07
4.13968e-10
9.69379e-07
4.58921e-10
9.69479e-07
4.78789e-10
9.69579e-07
4.78983e-10
9.69676e-07
4.66668e-10
9.6977e-07
4.44506e-10
9.69857e-07
4.18136e-10
9.69939e-07
3.8766e-10
9.70014e-07
3.5731e-10
9.70082e-07
3.26014e-10
9.70144e-07
2.96799e-10
9.702e-07
2.68193e-10
9.70251e-07
2.42284e-10
9.70296e-07
2.17634e-10
9.70337e-07
1.95674e-10
9.70374e-07
1.75179e-10
1.60214e-10
1.04817e-06
5.38149e-11
1.04821e-06
1.76529e-10
1.04828e-06
2.7153e-10
1.04835e-06
3.35324e-10
1.04844e-06
3.73101e-10
1.04853e-06
3.90348e-10
1.04862e-06
3.91224e-10
1.0487e-06
3.81644e-10
1.04878e-06
3.63741e-10
1.04886e-06
3.4239e-10
1.04893e-06
3.17579e-10
1.04899e-06
2.92944e-10
1.04905e-06
2.67426e-10
1.0491e-06
2.43643e-10
1.04915e-06
2.20246e-10
1.0492e-06
1.99084e-10
1.04923e-06
1.78873e-10
1.04927e-06
1.609e-10
1.0493e-06
1.44074e-10
1.31755e-10
1.13373e-06
4.14954e-11
1.13376e-06
1.39504e-10
1.13382e-06
2.16334e-10
1.13389e-06
2.68393e-10
1.13396e-06
2.99621e-10
1.13404e-06
3.14302e-10
1.13411e-06
3.15642e-10
1.13419e-06
3.08436e-10
1.13425e-06
2.94319e-10
1.13432e-06
2.77355e-10
1.13438e-06
2.57453e-10
1.13443e-06
2.37687e-10
1.13449e-06
2.17108e-10
1.13453e-06
1.97945e-10
1.13457e-06
1.7902e-10
1.13461e-06
1.6192e-10
1.13464e-06
1.45536e-10
1.13467e-06
1.30982e-10
1.1347e-06
1.1732e-10
1.07351e-10
1.22627e-06
3.16999e-11
1.2263e-06
1.08957e-10
1.22635e-06
1.70188e-10
1.22641e-06
2.12013e-10
1.22647e-06
2.37382e-10
1.22653e-06
2.49598e-10
1.2266e-06
2.51122e-10
1.22666e-06
2.45784e-10
1.22672e-06
2.34823e-10
1.22678e-06
2.2155e-10
1.22683e-06
2.05833e-10
1.22688e-06
1.90207e-10
1.22692e-06
1.73856e-10
1.22696e-06
1.58634e-10
1.22699e-06
1.43546e-10
1.22703e-06
1.2992e-10
1.22705e-06
1.16825e-10
1.22708e-06
1.05199e-10
1.2271e-06
9.42581e-11
8.62988e-11
1.32638e-06
2.39012e-11
1.3264e-06
8.37248e-11
1.32644e-06
1.31576e-10
1.32649e-06
1.64483e-10
1.32654e-06
1.84626e-10
1.3266e-06
1.94511e-10
1.32665e-06
1.96005e-10
1.3267e-06
1.92104e-10
1.32676e-06
1.83741e-10
1.3268e-06
1.73542e-10
1.32685e-06
1.61365e-10
1.32689e-06
1.49243e-10
1.32693e-06
1.36501e-10
1.32696e-06
1.24636e-10
1.32699e-06
1.12837e-10
1.32702e-06
1.02184e-10
1.32704e-06
9.19199e-11
1.32707e-06
8.281e-11
1.32709e-06
7.4219e-11
6.79984e-11
1.43465e-06
1.76094e-11
1.43467e-06
6.26495e-11
1.4347e-06
9.89405e-11
1.43474e-06
1.24031e-10
1.43479e-06
1.395e-10
1.43484e-06
1.47203e-10
1.43488e-06
1.4852e-10
1.43493e-06
1.45727e-10
1.43498e-06
1.39509e-10
1.43502e-06
1.31879e-10
1.43506e-06
1.22711e-10
1.43509e-06
1.13571e-10
1.43512e-06
1.03931e-10
1.43515e-06
9.49503e-11
1.43518e-06
8.59979e-11
1.4352e-06
7.79142e-11
1.43523e-06
7.01106e-11
1.43525e-06
6.31851e-11
1.43526e-06
5.66437e-11
5.19333e-11
1.55176e-06
1.24059e-11
1.55178e-06
4.46797e-11
1.55181e-06
7.08293e-11
1.55185e-06
8.89818e-11
1.55188e-06
1.00233e-10
1.55193e-06
1.05896e-10
1.55197e-06
1.06947e-10
1.55201e-06
1.05024e-10
1.55205e-06
1.00612e-10
1.55208e-06
9.51717e-11
1.55212e-06
8.86022e-11
1.55215e-06
8.20469e-11
1.55218e-06
7.51136e-11
1.5522e-06
6.86531e-11
1.55223e-06
6.22005e-11
1.55225e-06
5.63734e-11
1.55227e-06
5.07401e-11
1.55229e-06
4.57404e-11
1.5523e-06
4.10124e-11
3.76273e-11
1.67844e-06
7.94103e-12
1.67845e-06
2.88696e-11
1.67848e-06
4.58959e-11
1.67851e-06
5.77498e-11
1.67855e-06
6.51253e-11
1.67858e-06
6.88653e-11
1.67862e-06
6.95962e-11
1.67866e-06
6.8386e-11
1.67869e-06
6.55452e-11
1.67873e-06
6.20301e-11
1.67876e-06
5.77701e-11
1.67878e-06
5.35161e-11
1.67881e-06
4.90084e-11
1.67883e-06
4.48069e-11
1.67886e-06
4.0605e-11
1.67888e-06
3.68101e-11
1.67889e-06
3.31375e-11
1.67891e-06
2.98779e-11
1.67892e-06
2.67927e-11
2.45963e-11
1.81545e-06
3.90572e-12
1.81547e-06
1.43076e-11
1.81549e-06
2.27939e-11
1.81552e-06
2.87129e-11
1.81555e-06
3.24041e-11
1.81559e-06
3.42841e-11
1.81562e-06
3.46628e-11
1.81566e-06
3.40727e-11
1.81569e-06
3.2667e-11
1.81572e-06
3.0924e-11
1.81575e-06
2.8807e-11
1.81578e-06
2.66922e-11
1.8158e-06
2.44485e-11
1.81583e-06
2.2357e-11
1.81585e-06
2.02636e-11
1.81586e-06
1.83727e-11
1.81588e-06
1.65416e-11
1.8159e-06
1.49161e-11
1.81591e-06
1.33767e-11
1.22911e-11
1.96366e-06
1.96367e-06
1.96369e-06
1.96372e-06
1.96375e-06
1.96379e-06
1.96382e-06
1.96386e-06
1.96389e-06
1.96392e-06
1.96395e-06
1.96398e-06
1.964e-06
1.96402e-06
1.96404e-06
1.96406e-06
1.96408e-06
1.96409e-06
1.96411e-06
)
;

boundaryField
{
    top
    {
        type            calculated;
        value           uniform 0;
    }
    inlet
    {
        type            calculated;
        value           nonuniform List<scalar> 
45
(
-6.54551e-07
-7.07984e-07
-7.65779e-07
-8.28292e-07
-8.95909e-07
-9.69045e-07
-1.04815e-06
-1.13372e-06
-1.22626e-06
-1.32637e-06
-1.43464e-06
-1.55176e-06
-1.67843e-06
-1.81545e-06
-1.96365e-06
-1.68194e-08
-1.82093e-08
-1.9714e-08
-2.13431e-08
-2.31069e-08
-2.50163e-08
-2.70836e-08
-2.93217e-08
-3.17448e-08
-3.43681e-08
-3.72081e-08
-4.02829e-08
-4.36117e-08
-4.72157e-08
-5.11174e-08
-5.53416e-08
-5.99148e-08
-6.4866e-08
-7.02263e-08
-7.60296e-08
-8.23124e-08
-8.91144e-08
-9.64786e-08
-1.04451e-07
-1.13083e-07
-1.22428e-07
-1.32545e-07
-1.43498e-07
-1.55356e-07
-1.68194e-07
)
;
    }
    outlet
    {
        type            calculated;
        value           nonuniform List<scalar> 
45
(
6.60366e-07
7.13887e-07
7.71696e-07
8.34157e-07
9.01648e-07
9.74594e-07
1.05345e-06
1.13872e-06
1.23095e-06
1.33071e-06
1.43865e-06
1.55546e-06
1.68189e-06
1.81877e-06
1.96699e-06
8.93656e-10
2.9714e-09
5.50166e-09
8.49186e-09
1.19166e-08
1.57111e-08
1.97717e-08
2.39671e-08
2.81622e-08
3.22501e-08
3.61821e-08
3.99831e-08
4.37406e-08
4.75726e-08
5.15916e-08
5.58841e-08
6.05096e-08
6.55105e-08
7.09227e-08
7.67812e-08
8.31233e-08
8.99886e-08
9.74204e-08
1.05465e-07
1.14173e-07
1.236e-07
1.33803e-07
1.44847e-07
1.568e-07
1.69738e-07
)
;
    }
    plate
    {
        type            calculated;
        value           uniform 0;
    }
    symmBound
    {
        type            calculated;
        value           nonuniform List<scalar> 
20
(
6.82381e-09
-4.79722e-09
1.53375e-09
-3.9791e-09
2.19963e-09
9.39574e-10
3.98145e-09
2.60681e-09
2.85137e-09
1.54874e-09
9.50681e-10
2.73692e-10
-2.34511e-10
-3.26102e-10
-6.86283e-10
-5.24491e-10
-7.67224e-10
-5.24319e-10
-6.03534e-10
-4.89704e-10
)
;
    }
    frontAndBack
    {
        type            empty;
    }
}


// ************************************************************************* //
