/*--------------------------------*- C++ -*----------------------------------*\
| =========                 |                                                 |
| \\      /  F ield         | OpenFOAM: The Open Source CFD Toolbox           |
|  \\    /   O peration     | Version:  1.4.1-dev                             |
|   \\  /    A nd           | Web:      http://www.openfoam.org               |
|    \\/     M anipulation  |                                                 |
\*---------------------------------------------------------------------------*/

FoamFile
{
    version 2.0;
    format ascii;

    root "/home/mjaworsk/OpenFOAM/mjaworsk-1.4.1-dev/run/FlatPlate-Blasius";
    case "icoHeatFoam-flatPlate2";
    instance "0.2";
    local "";

    class volVectorField;
    object U;
}

// * * * * * * * * * * * * * * * * * * * * * * * * * * * * * * * * * * * * * //

dimensions      [0 1 -1 0 0 0 0];

internalField   nonuniform List<vector> 
2475
(
(0.133398 0.00846804 0)
(0.0797949 0.00539927 0)
(0.0535211 0.00189029 0)
(0.0396801 0.000629979 0)
(0.0320848 0.0002654 0)
(0.0278524 0.000140699 0)
(0.0251029 0.000101994 0)
(0.0230029 8.43091e-05 0)
(0.0212782 6.93627e-05 0)
(0.0198248 5.67965e-05 0)
(0.0185789 4.69869e-05 0)
(0.0174963 3.9244e-05 0)
(0.0165464 3.29555e-05 0)
(0.0157069 2.77967e-05 0)
(0.0149592 2.36093e-05 0)
(0.0142882 2.02019e-05 0)
(0.0136827 1.73378e-05 0)
(0.0131359 1.48655e-05 0)
(0.0126428 1.27099e-05 0)
(0.0121999 1.08341e-05 0)
(0.0118051 9.1563e-06 0)
(0.0114585 7.59704e-06 0)
(0.0111603 6.17e-06 0)
(0.0109134 4.81014e-06 0)
(0.0107241 3.36143e-06 0)
(0.0106006 1.87184e-06 0)
(0.0105382 6.40234e-07 0)
(0.010523 -8.4182e-08 0)
(0.0105319 -4.02018e-07 0)
(0.0105525 -4.49331e-07 0)
(0.0105721 -3.89744e-07 0)
(0.0105928 -3.16084e-07 0)
(0.0106066 -2.26327e-07 0)
(0.0106202 -1.5852e-07 0)
(0.0106259 -5.12354e-08 0)
(0.18417 0.0170567 0)
(0.162286 0.0151338 0)
(0.139749 0.00831506 0)
(0.11768 0.0041484 0)
(0.0995585 0.00225443 0)
(0.0868189 0.00133428 0)
(0.0779425 0.000881897 0)
(0.0712423 0.000653295 0)
(0.0658247 0.000514441 0)
(0.0612834 0.00041519 0)
(0.057398 0.000340188 0)
(0.0540271 0.000281984 0)
(0.0510735 0.000235716 0)
(0.0484647 0.000198447 0)
(0.0461417 0.000168361 0)
(0.0440572 0.000143789 0)
(0.0421776 0.00012315 0)
(0.0404805 0.000105404 0)
(0.0389502 8.99246e-05 0)
(0.0375769 7.62961e-05 0)
(0.0363553 6.39987e-05 0)
(0.0352863 5.26227e-05 0)
(0.0343714 4.20386e-05 0)
(0.0336226 3.18579e-05 0)
(0.0330566 2.16477e-05 0)
(0.0326882 1.20963e-05 0)
(0.032493 4.69531e-06 0)
(0.0324285 3.19995e-07 0)
(0.0324307 -1.64026e-06 0)
(0.0324697 -2.09975e-06 0)
(0.0325098 -1.94519e-06 0)
(0.032558 -1.61804e-06 0)
(0.032589 -1.18527e-06 0)
(0.0326226 -8.24272e-07 0)
(0.032635 -2.42035e-07 0)
(0.191415 0.0173278 0)
(0.190592 0.0188564 0)
(0.184027 0.0132137 0)
(0.171359 0.00864926 0)
(0.156105 0.00597616 0)
(0.141956 0.00417011 0)
(0.130062 0.00293454 0)
(0.12014 0.00216291 0)
(0.111721 0.00167873 0)
(0.104466 0.00134596 0)
(0.0981394 0.00109943 0)
(0.0925738 0.000909339 0)
(0.087646 0.000759122 0)
(0.0832591 0.000638807 0)
(0.0793303 0.000541848 0)
(0.0757904 0.0004626 0)
(0.0725873 0.000396133 0)
(0.0696854 0.000339115 0)
(0.0670596 0.00028937 0)
(0.0646955 0.000245347 0)
(0.062587 0.000205474 0)
(0.0607373 0.000168636 0)
(0.0591499 0.000134132 0)
(0.0578481 0.000100853 0)
(0.0568569 6.82778e-05 0)
(0.0561945 3.8973e-05 0)
(0.0558145 1.68143e-05 0)
(0.0556504 3.55869e-06 0)
(0.0556015 -2.65583e-06 0)
(0.0556246 -4.61269e-06 0)
(0.0556592 -4.70232e-06 0)
(0.0557173 -4.07468e-06 0)
(0.0557531 -3.06568e-06 0)
(0.0557993 -2.14807e-06 0)
(0.0558135 -5.81822e-07 0)
(0.191929 0.0148518 0)
(0.196496 0.0182781 0)
(0.198937 0.014704 0)
(0.195833 0.0109298 0)
(0.188427 0.00861191 0)
(0.179368 0.00685459 0)
(0.170138 0.0053615 0)
(0.161188 0.0042171 0)
(0.152666 0.00339084 0)
(0.144666 0.00277787 0)
(0.13724 0.00230216 0)
(0.130397 0.00192282 0)
(0.124123 0.00161602 0)
(0.118391 0.00136647 0)
(0.113157 0.00116312 0)
(0.108374 0.000995697 0)
(0.103996 0.000854811 0)
(0.0999896 0.000733762 0)
(0.0963299 0.000627856 0)
(0.0930055 0.000533631 0)
(0.0900147 0.000447883 0)
(0.0873686 0.000368519 0)
(0.0850757 0.000293827 0)
(0.0831726 0.000221675 0)
(0.0816919 0.000151776 0)
(0.0806587 8.98003e-05 0)
(0.0800111 4.30093e-05 0)
(0.0796699 1.43388e-05 0)
(0.0795033 1.24776e-08 0)
(0.0794594 -5.62752e-06 0)
(0.0794503 -7.15863e-06 0)
(0.0794929 -6.75897e-06 0)
(0.0795156 -5.31811e-06 0)
(0.0795642 -3.82495e-06 0)
(0.0795733 -9.4258e-07 0)
(0.193101 0.0127808 0)
(0.196936 0.0164885 0)
(0.201666 0.0145013 0)
(0.203167 0.0114347 0)
(0.201222 0.00955732 0)
(0.197382 0.00823115 0)
(0.192641 0.00697787 0)
(0.187297 0.00586961 0)
(0.181476 0.00497773 0)
(0.175338 0.00425897 0)
(0.169048 0.00365662 0)
(0.162752 0.00314017 0)
(0.156572 0.00269559 0)
(0.150607 0.00231552 0)
(0.144923 0.00199389 0)
(0.139556 0.0017219 0)
(0.134516 0.00148909 0)
(0.129804 0.00128682 0)
(0.125417 0.00110819 0)
(0.12136 0.000947645 0)
(0.117648 0.000800095 0)
(0.11431 0.000662569 0)
(0.111367 0.000532246 0)
(0.108874 0.000405887 0)
(0.106871 0.000283675 0)
(0.105399 0.000175435 0)
(0.104395 9.27278e-05 0)
(0.103786 4.02308e-05 0)
(0.103419 1.18881e-05 0)
(0.103242 -1.16541e-06 0)
(0.103137 -6.66737e-06 0)
(0.103128 -8.02006e-06 0)
(0.103112 -6.97049e-06 0)
(0.103148 -5.31449e-06 0)
(0.103142 -1.09714e-06 0)
(0.194395 0.011479 0)
(0.197028 0.0148084 0)
(0.201346 0.0139159 0)
(0.204118 0.0113659 0)
(0.204489 0.00965033 0)
(0.20345 0.00861001 0)
(0.201765 0.00765728 0)
(0.199565 0.00673842 0)
(0.196797 0.00595244 0)
(0.193465 0.00529815 0)
(0.189629 0.00472682 0)
(0.185367 0.00420653 0)
(0.180773 0.00372652 0)
(0.175963 0.00328727 0)
(0.171054 0.00289214 0)
(0.166153 0.00254078 0)
(0.161338 0.00222844 0)
(0.156668 0.00194974 0)
(0.152174 0.00169849 0)
(0.147892 0.00146834 0)
(0.14386 0.00125279 0)
(0.140138 0.00104869 0)
(0.136768 0.000852769 0)
(0.133829 0.000661123 0)
(0.131373 0.000474566 0)
(0.129467 0.000307792 0)
(0.128062 0.000177503 0)
(0.127116 9.11814e-05 0)
(0.126473 4.07495e-05 0)
(0.126094 1.44279e-05 0)
(0.125834 8.07873e-07 0)
(0.125728 -5.15333e-06 0)
(0.125639 -6.39119e-06 0)
(0.125643 -5.66801e-06 0)
(0.125605 -6.3823e-07 0)
(0.195212 0.0106121 0)
(0.197198 0.0133513 0)
(0.200667 0.0132219 0)
(0.203504 0.0111946 0)
(0.204618 0.00952183 0)
(0.204609 0.00856654 0)
(0.204225 0.00780413 0)
(0.203643 0.00704454 0)
(0.202768 0.00636568 0)
(0.201514 0.00580353 0)
(0.199847 0.00532087 0)
(0.197746 0.00487685 0)
(0.195208 0.0044512 0)
(0.192263 0.00404011 0)
(0.188971 0.00364752 0)
(0.185425 0.00327734 0)
(0.181713 0.002931 0)
(0.177918 0.00260958 0)
(0.174091 0.00231084 0)
(0.170284 0.00202963 0)
(0.166542 0.0017585 0)
(0.162952 0.00149477 0)
(0.159574 0.00123581 0)
(0.156515 0.00097822 0)
(0.153835 0.000723702 0)
(0.151637 0.000492103 0)
(0.149893 0.000305759 0)
(0.148618 0.000176389 0)
(0.147672 9.51285e-05 0)
(0.147049 4.80538e-05 0)
(0.146588 2.04776e-05 0)
(0.146344 5.51529e-06 0)
(0.146146 -1.10434e-06 0)
(0.146094 -3.26055e-06 0)
(0.146003 1.14148e-06 0)
(0.195557 0.00994632 0)
(0.197201 0.0120693 0)
(0.199957 0.0124026 0)
(0.202567 0.010938 0)
(0.203942 0.00936075 0)
(0.204304 0.00840059 0)
(0.204325 0.00773465 0)
(0.204304 0.00708601 0)
(0.204211 0.00647491 0)
(0.203965 0.00596438 0)
(0.203514 0.00554346 0)
(0.202817 0.00517172 0)
(0.201822 0.00481908 0)
(0.200492 0.00447265 0)
(0.198815 0.00412965 0)
(0.196821 0.00379062 0)
(0.194555 0.00345737 0)
(0.192085 0.0031354 0)
(0.189446 0.00282688 0)
(0.186678 0.00252876 0)
(0.1838 0.00223188 0)
(0.180894 0.00193299 0)
(0.178011 0.00162991 0)
(0.175276 0.00132073 0)
(0.172742 0.00100814 0)
(0.170537 0.00071679 0)
(0.168656 0.000474314 0)
(0.16718 0.000297868 0)
(0.165997 0.000179527 0)
(0.165159 0.000105095 0)
(0.164495 5.72621e-05 0)
(0.164097 2.80523e-05 0)
(0.163767 1.18155e-05 0)
(0.163642 3.91908e-06 0)
(0.163475 5.28271e-06 0)
(0.195563 0.00935656 0)
(0.196984 0.0109643 0)
(0.199199 0.0115053 0)
(0.201509 0.0105659 0)
(0.202998 0.00918413 0)
(0.203581 0.00821352 0)
(0.203755 0.0075876 0)
(0.203886 0.00702257 0)
(0.204028 0.00646414 0)
(0.204134 0.00597597 0)
(0.204165 0.0055781 0)
(0.204103 0.00524368 0)
(0.203903 0.00493987 0)
(0.203526 0.00464725 0)
(0.202925 0.00435644 0)
(0.20209 0.00406216 0)
(0.201021 0.00376212 0)
(0.199761 0.00346274 0)
(0.198319 0.00316957 0)
(0.196718 0.00288244 0)
(0.194935 0.0025899 0)
(0.193017 0.00228602 0)
(0.190981 0.00196693 0)
(0.188936 0.00163172 0)
(0.186907 0.00128332 0)
(0.185029 0.000949796 0)
(0.183295 0.000662437 0)
(0.181845 0.000443943 0)
(0.180591 0.000288674 0)
(0.179649 0.000184361 0)
(0.178849 0.000112379 0)
(0.178334 6.48055e-05 0)
(0.177881 3.46142e-05 0)
(0.177683 1.79218e-05 0)
(0.177427 1.29641e-05 0)
(0.195376 0.00878856 0)
(0.196625 0.0100235 0)
(0.198433 0.0106061 0)
(0.20043 0.010086 0)
(0.201934 0.00897295 0)
(0.202693 0.00803049 0)
(0.202991 0.00741316 0)
(0.203181 0.00690954 0)
(0.203386 0.00640563 0)
(0.203595 0.00593712 0)
(0.203775 0.0055444 0)
(0.203927 0.00522147 0)
(0.204029 0.0049401 0)
(0.204065 0.00467821 0)
(0.203992 0.00442228 0)
(0.203793 0.00416295 0)
(0.203443 0.00389282 0)
(0.202971 0.00361701 0)
(0.202372 0.00334322 0)
(0.20167 0.00307546 0)
(0.200811 0.00280139 0)
(0.199818 0.0025119 0)
(0.198655 0.0021994 0)
(0.197411 0.00186272 0)
(0.196058 0.00150356 0)
(0.194719 0.00115129 0)
(0.193363 0.000838034 0)
(0.19216 0.000590741 0)
(0.191031 0.000406157 0)
(0.190144 0.000275586 0)
(0.189329 0.000180185 0)
(0.18878 0.000113457 0)
(0.188252 6.69671e-05 0)
(0.188009 3.96149e-05 0)
(0.187673 2.49545e-05 0)
(0.195147 0.0082309 0)
(0.196245 0.00921085 0)
(0.197747 0.00975621 0)
(0.199448 0.00952765 0)
(0.200889 0.00870336 0)
(0.20177 0.00784389 0)
(0.202192 0.00722911 0)
(0.202439 0.00676385 0)
(0.202671 0.00631475 0)
(0.202914 0.00587586 0)
(0.203141 0.00548883 0)
(0.203355 0.00516759 0)
(0.203547 0.00489405 0)
(0.203723 0.00464703 0)
(0.203852 0.00441052 0)
(0.20393 0.00417321 0)
(0.203918 0.00392346 0)
(0.203844 0.00366413 0)
(0.203694 0.0034033 0)
(0.203504 0.00314985 0)
(0.203215 0.00289277 0)
(0.202848 0.00262161 0)
(0.202333 0.00232479 0)
(0.201738 0.0020004 0)
(0.200992 0.00164785 0)
(0.200197 0.0012961 0)
(0.199286 0.000975262 0)
(0.198437 0.000714596 0)
(0.197558 0.000512147 0)
(0.19685 0.00036342 0)
(0.196133 0.000249675 0)
(0.195644 0.000167002 0)
(0.195113 0.000104967 0)
(0.19487 6.72551e-05 0)
(0.194483 4.09744e-05 0)
(0.195003 0.00768974 0)
(0.195962 0.00849066 0)
(0.197225 0.00897667 0)
(0.198668 0.0089281 0)
(0.199993 0.00836528 0)
(0.200933 0.00763554 0)
(0.201464 0.00703993 0)
(0.201777 0.00659562 0)
(0.202033 0.0061939 0)
(0.202294 0.0057939 0)
(0.202542 0.00542153 0)
(0.202777 0.0051025 0)
(0.202993 0.00483127 0)
(0.203209 0.00459135 0)
(0.203403 0.00436566 0)
(0.203583 0.00414219 0)
(0.203709 0.00390633 0)
(0.203805 0.00365859 0)
(0.203846 0.00340557 0)
(0.203883 0.00315989 0)
(0.203863 0.00291309 0)
(0.203817 0.00265586 0)
(0.203663 0.00237379 0)
(0.203464 0.0020648 0)
(0.203121 0.00172579 0)
(0.202724 0.00138464 0)
(0.202174 0.00106772 0)
(0.201645 0.000805101 0)
(0.201026 0.000594723 0)
(0.200532 0.000436247 0)
(0.199966 0.000310677 0)
(0.199591 0.00021742 0)
(0.199113 0.000143067 0)
(0.198908 9.7338e-05 0)
(0.19851 5.97021e-05 0)
(0.195019 0.00717368 0)
(0.195851 0.00783988 0)
(0.196919 0.00826892 0)
(0.198142 0.00832213 0)
(0.199328 0.00796768 0)
(0.200269 0.00739063 0)
(0.200878 0.00684201 0)
(0.201257 0.00641357 0)
(0.201541 0.00604752 0)
(0.201815 0.00568916 0)
(0.202075 0.00534139 0)
(0.202322 0.00503039 0)
(0.202545 0.00476116 0)
(0.202771 0.00452493 0)
(0.202983 0.00430567 0)
(0.203198 0.00409172 0)
(0.203376 0.00386647 0)
(0.203542 0.00362884 0)
(0.203658 0.00338263 0)
(0.203778 0.0031422 0)
(0.203855 0.00290119 0)
(0.203938 0.00265309 0)
(0.20394 0.00238209 0)
(0.203929 0.00208681 0)
(0.203792 0.00176186 0)
(0.203619 0.00143417 0)
(0.203289 0.0011257 0)
(0.202976 0.000866799 0)
(0.202546 0.000654233 0)
(0.202223 0.000491674 0)
(0.201792 0.000359282 0)
(0.201531 0.000260277 0)
(0.201124 0.000177381 0)
(0.200971 0.000126678 0)
(0.200589 7.95856e-05 0)
(0.195202 0.0066878 0)
(0.195921 0.00724672 0)
(0.196826 0.00762584 0)
(0.197864 0.00773396 0)
(0.198907 0.00753102 0)
(0.199805 0.00710388 0)
(0.200455 0.00662787 0)
(0.20089 0.00622232 0)
(0.201205 0.00588225 0)
(0.201491 0.00556211 0)
(0.201758 0.00524535 0)
(0.202014 0.00494995 0)
(0.202242 0.00468581 0)
(0.20247 0.00445253 0)
(0.202685 0.00423737 0)
(0.20291 0.00403048 0)
(0.203107 0.00381404 0)
(0.2033 0.00358625 0)
(0.203447 0.00334785 0)
(0.203597 0.00311333 0)
(0.203703 0.00287697 0)
(0.203826 0.00263568 0)
(0.203881 0.00237329 0)
(0.20394 0.00208981 0)
(0.203887 0.00177774 0)
(0.203814 0.00146342 0)
(0.203592 0.00116425 0)
(0.203393 0.000910906 0)
(0.20307 0.000698435 0)
(0.202851 0.000534488 0)
(0.202507 0.000397865 0)
(0.202327 0.000296034 0)
(0.201977 0.000207326 0)
(0.201867 0.000154061 0)
(0.20151 9.9746e-05 0)
(0.195511 0.00623343 0)
(0.19613 0.00670463 0)
(0.196898 0.00703943 0)
(0.197782 0.00717596 0)
(0.19869 0.00707732 0)
(0.199519 0.00678028 0)
(0.200173 0.00639146 0)
(0.200647 0.00602185 0)
(0.200992 0.00570405 0)
(0.20129 0.00541585 0)
(0.201563 0.00513166 0)
(0.201825 0.00485812 0)
(0.202058 0.00460397 0)
(0.202289 0.0043752 0)
(0.202504 0.00416342 0)
(0.20273 0.00396222 0)
(0.20293 0.00375349 0)
(0.203133 0.0035354 0)
(0.203292 0.00330582 0)
(0.203453 0.00307873 0)
(0.203568 0.0028477 0)
(0.203701 0.00261285 0)
(0.203769 0.00235819 0)
(0.203849 0.00208568 0)
(0.203824 0.00178574 0)
(0.20379 0.00148437 0)
(0.203614 0.00119443 0)
(0.203466 0.000947115 0)
(0.203195 0.000735431 0)
(0.203026 0.000571115 0)
(0.202727 0.000431191 0)
(0.202589 0.000327786 0)
(0.202274 0.000234603 0)
(0.202191 0.000180118 0)
(0.201853 0.000120177 0)
(0.195888 0.005809 0)
(0.196421 0.00620802 0)
(0.197075 0.00650296 0)
(0.19783 0.00665207 0)
(0.198618 0.00662368 0)
(0.199366 0.00643075 0)
(0.199997 0.00613096 0)
(0.200488 0.00580978 0)
(0.200858 0.00551642 0)
(0.201169 0.00525448 0)
(0.201447 0.00500084 0)
(0.201712 0.00475243 0)
(0.201949 0.00451304 0)
(0.202183 0.00429194 0)
(0.202399 0.00408447 0)
(0.202623 0.0038886 0)
(0.202821 0.00368702 0)
(0.203026 0.00347855 0)
(0.203189 0.00325834 0)
(0.203354 0.0030399 0)
(0.203471 0.00281536 0)
(0.203605 0.00258747 0)
(0.203675 0.00234059 0)
(0.203759 0.002079 0)
(0.203742 0.00179102 0)
(0.203723 0.00150256 0)
(0.203566 0.00122186 0)
(0.203442 0.00098087 0)
(0.203194 0.000770285 0)
(0.203049 0.000606066 0)
(0.20277 0.000463089 0)
(0.202652 0.000358531 0)
(0.202353 0.000261276 0)
(0.202284 0.000206124 0)
(0.201959 0.00014132 0)
(0.19629 0.00541114 0)
(0.196747 0.00575116 0)
(0.197307 0.00601055 0)
(0.197953 0.00616201 0)
(0.198636 0.00618018 0)
(0.199303 0.00606673 0)
(0.199892 0.00584878 0)
(0.20038 0.00558381 0)
(0.200766 0.00532029 0)
(0.20109 0.00508153 0)
(0.201372 0.00485496 0)
(0.201639 0.00463243 0)
(0.201878 0.004411 0)
(0.202115 0.00420101 0)
(0.202332 0.00400002 0)
(0.202554 0.00381016 0)
(0.202749 0.00361562 0)
(0.202951 0.00341683 0)
(0.203114 0.00320634 0)
(0.20328 0.00299729 0)
(0.203397 0.0027803 0)
(0.20353 0.00256031 0)
(0.203598 0.00232159 0)
(0.203682 0.0020712 0)
(0.203667 0.00179532 0)
(0.203654 0.00151995 0)
(0.203509 0.00124868 0)
(0.203399 0.00101441 0)
(0.203164 0.000805238 0)
(0.20303 0.000641502 0)
(0.202762 0.000495563 0)
(0.202653 0.000390028 0)
(0.202364 0.000288697 0)
(0.202301 0.000233067 0)
(0.201984 0.000163602 0)
(0.196693 0.00503704 0)
(0.197083 0.0053297 0)
(0.197561 0.00555793 0)
(0.198118 0.00570507 0)
(0.198712 0.00575243 0)
(0.199301 0.00569766 0)
(0.199839 0.00554975 0)
(0.200308 0.00534292 0)
(0.200697 0.00511505 0)
(0.201031 0.00489928 0)
(0.201317 0.0046963 0)
(0.201584 0.00449907 0)
(0.201823 0.00429737 0)
(0.20206 0.0041011 0)
(0.202278 0.00390915 0)
(0.202499 0.00372694 0)
(0.202689 0.0035398 0)
(0.202887 0.00335073 0)
(0.203048 0.00315031 0)
(0.203214 0.00295115 0)
(0.20333 0.00274252 0)
(0.20346 0.00253146 0)
(0.203527 0.00230153 0)
(0.203609 0.00206266 0)
(0.203595 0.00179909 0)
(0.203587 0.0015371 0)
(0.20345 0.00127551 0)
(0.203351 0.00104843 0)
(0.203127 0.000841007 0)
(0.203002 0.000678168 0)
(0.202742 0.000529356 0)
(0.202639 0.000422999 0)
(0.202356 0.000317476 0)
(0.202297 0.000261446 0)
(0.201986 0.000187273 0)
(0.197088 0.00468464 0)
(0.197417 0.00494016 0)
(0.197825 0.00514227 0)
(0.198306 0.00528135 0)
(0.198823 0.00534488 0)
(0.199343 0.00533131 0)
(0.199826 0.00524009 0)
(0.200263 0.00508846 0)
(0.200644 0.00490031 0)
(0.200983 0.00470935 0)
(0.201273 0.00452703 0)
(0.201538 0.0043536 0)
(0.201773 0.00417279 0)
(0.202009 0.00399182 0)
(0.202227 0.00381085 0)
(0.202445 0.00363843 0)
(0.202632 0.00345977 0)
(0.202825 0.00328045 0)
(0.202983 0.00309035 0)
(0.203147 0.00290166 0)
(0.203262 0.00270196 0)
(0.20339 0.00250081 0)
(0.203455 0.00228046 0)
(0.203535 0.00205348 0)
(0.203521 0.00180239 0)
(0.203518 0.00155405 0)
(0.203389 0.0013024 0)
(0.203299 0.00108298 0)
(0.203086 0.00087769 0)
(0.20297 0.000716203 0)
(0.202718 0.000564635 0)
(0.20262 0.000457649 0)
(0.202343 0.000347812 0)
(0.202287 0.000291445 0)
(0.201982 0.000212446 0)
(0.197474 0.0043518 0)
(0.197747 0.00457828 0)
(0.19809 0.00475991 0)
(0.198505 0.00488984 0)
(0.198958 0.00496052 0)
(0.199417 0.00497365 0)
(0.199847 0.00492567 0)
(0.200245 0.00482324 0)
(0.200605 0.00467614 0)
(0.200941 0.00451291 0)
(0.201234 0.00434959 0)
(0.201497 0.00419732 0)
(0.201727 0.00403823 0)
(0.201958 0.00387395 0)
(0.202174 0.00370482 0)
(0.202389 0.00354388 0)
(0.202572 0.00337541 0)
(0.202761 0.00320621 0)
(0.202915 0.00302641 0)
(0.203076 0.00284885 0)
(0.203189 0.00265861 0)
(0.203315 0.00246808 0)
(0.203378 0.00225822 0)
(0.203456 0.00204367 0)
(0.203444 0.00180512 0)
(0.203444 0.0015707 0)
(0.203324 0.00132925 0)
(0.203244 0.00111796 0)
(0.203041 0.000915156 0)
(0.202934 0.000755513 0)
(0.20269 0.000601351 0)
(0.202598 0.000493978 0)
(0.202328 0.000379742 0)
(0.202274 0.000323112 0)
(0.201976 0.000239162 0)
(0.197848 0.00403792 0)
(0.198071 0.00424055 0)
(0.198356 0.00440667 0)
(0.19871 0.00452871 0)
(0.199106 0.00460116 0)
(0.199514 0.00462987 0)
(0.199895 0.00461211 0)
(0.200251 0.00455075 0)
(0.200583 0.00444331 0)
(0.200906 0.00431037 0)
(0.201198 0.00416641 0)
(0.20146 0.00403198 0)
(0.201682 0.00389424 0)
(0.201906 0.00374864 0)
(0.202118 0.00359181 0)
(0.202331 0.00344289 0)
(0.202508 0.00328635 0)
(0.202691 0.00312832 0)
(0.202842 0.00295862 0)
(0.203 0.00279268 0)
(0.203111 0.0026126 0)
(0.203234 0.00243313 0)
(0.203296 0.00223447 0)
(0.203372 0.00203307 0)
(0.203362 0.00180715 0)
(0.203366 0.00158682 0)
(0.203255 0.00135586 0)
(0.203184 0.00115322 0)
(0.202992 0.000953248 0)
(0.202894 0.000795944 0)
(0.202659 0.000639376 0)
(0.202573 0.000531901 0)
(0.202311 0.000413231 0)
(0.20226 0.000356435 0)
(0.201969 0.000267433 0)
(0.198208 0.00374406 0)
(0.19839 0.00392506 0)
(0.19862 0.00407879 0)
(0.198916 0.00419554 0)
(0.199261 0.00426777 0)
(0.199624 0.00430474 0)
(0.199964 0.00430587 0)
(0.200279 0.00427574 0)
(0.200577 0.00420417 0)
(0.200879 0.00410236 0)
(0.201165 0.00397966 0)
(0.201425 0.00386046 0)
(0.20164 0.00374145 0)
(0.201853 0.00361639 0)
(0.20206 0.00347304 0)
(0.202268 0.00333566 0)
(0.20244 0.00319189 0)
(0.202617 0.00304667 0)
(0.202765 0.00288722 0)
(0.20292 0.00273295 0)
(0.203027 0.00256394 0)
(0.203148 0.00239598 0)
(0.203208 0.00220888 0)
(0.203284 0.0020214 0)
(0.203275 0.00180827 0)
(0.203284 0.00160205 0)
(0.203181 0.00138184 0)
(0.203119 0.00118848 0)
(0.202939 0.000991768 0)
(0.20285 0.000837351 0)
(0.202625 0.000678607 0)
(0.202545 0.000571328 0)
(0.202291 0.000448217 0)
(0.202244 0.000391357 0)
(0.201961 0.000297237 0)
(0.198547 0.00347228 0)
(0.1987 0.00363113 0)
(0.198882 0.00377281 0)
(0.199124 0.00388598 0)
(0.199418 0.00395837 0)
(0.199739 0.00399966 0)
(0.200045 0.00401155 0)
(0.200325 0.00400241 0)
(0.200588 0.00396088 0)
(0.200862 0.00388914 0)
(0.201133 0.00378979 0)
(0.20139 0.00368562 0)
(0.201601 0.00358129 0)
(0.201801 0.003477 0)
(0.201998 0.00334942 0)
(0.202203 0.00322321 0)
(0.202369 0.0030917 0)
(0.202539 0.00296079 0)
(0.202682 0.00281249 0)
(0.202834 0.00266972 0)
(0.202939 0.0025125 0)
(0.203057 0.00235687 0)
(0.203116 0.00218141 0)
(0.20319 0.00200851 0)
(0.203184 0.00180854 0)
(0.203197 0.00161631 0)
(0.203103 0.0014068 0)
(0.203051 0.00122326 0)
(0.202882 0.00103027 0)
(0.202802 0.000879388 0)
(0.202588 0.000718841 0)
(0.202514 0.000612158 0)
(0.20227 0.00048467 0)
(0.202225 0.00042785 0)
(0.201951 0.000328543 0)
(0.198857 0.00322567 0)
(0.198994 0.00336082 0)
(0.199139 0.00348863 0)
(0.19933 0.0035976 0)
(0.199575 0.00367114 0)
(0.199856 0.00371533 0)
(0.20013 0.00373328 0)
(0.200382 0.00373632 0)
(0.200612 0.00371699 0)
(0.200856 0.00367227 0)
(0.201106 0.00359676 0)
(0.201354 0.00350948 0)
(0.201561 0.00341656 0)
(0.20175 0.00333052 0)
(0.201933 0.00322108 0)
(0.202133 0.00310686 0)
(0.202295 0.00298629 0)
(0.202458 0.00287006 0)
(0.202595 0.00273436 0)
(0.202744 0.00260309 0)
(0.202846 0.00245779 0)
(0.202961 0.00231561 0)
(0.203019 0.00215191 0)
(0.203093 0.00199396 0)
(0.203088 0.00180787 0)
(0.203106 0.00162982 0)
(0.203021 0.00143084 0)
(0.202978 0.00125746 0)
(0.202821 0.00106849 0)
(0.20275 0.000921603 0)
(0.202547 0.000759597 0)
(0.20248 0.000654003 0)
(0.202245 0.000522359 0)
(0.202204 0.000465802 0)
(0.201941 0.000361316 0)
(0.199132 0.00300399 0)
(0.199263 0.00311524 0)
(0.199385 0.00322676 0)
(0.199533 0.00332901 0)
(0.199729 0.00340364 0)
(0.199969 0.00345108 0)
(0.200215 0.00347326 0)
(0.200444 0.00348304 0)
(0.200647 0.00347757 0)
(0.200859 0.00345499 0)
(0.201084 0.00340173 0)
(0.201317 0.00333326 0)
(0.20152 0.00325093 0)
(0.2017 0.00317871 0)
(0.201869 0.0030878 0)
(0.202059 0.00298753 0)
(0.202218 0.00287683 0)
(0.202374 0.00277428 0)
(0.202504 0.00265234 0)
(0.202649 0.00253323 0)
(0.202748 0.00239945 0)
(0.20286 0.00227161 0)
(0.202918 0.00212004 0)
(0.202991 0.00197691 0)
(0.202988 0.00180533 0)
(0.20301 0.00164216 0)
(0.202934 0.00145383 0)
(0.2029 0.00129118 0)
(0.202755 0.00110672 0)
(0.202694 0.000964262 0)
(0.202503 0.000800918 0)
(0.202442 0.000696635 0)
(0.202219 0.000560964 0)
(0.202181 0.000504814 0)
(0.201928 0.000395332 0)
(0.199371 0.00280421 0)
(0.199502 0.00289387 0)
(0.199611 0.00298736 0)
(0.199728 0.00307945 0)
(0.199881 0.00315291 0)
(0.20008 0.00320384 0)
(0.200295 0.00322994 0)
(0.200503 0.00324435 0)
(0.200687 0.00324619 0)
(0.200871 0.00323971 0)
(0.201068 0.00320565 0)
(0.201281 0.00315644 0)
(0.201476 0.0030864 0)
(0.20165 0.00302438 0)
(0.201805 0.00294984 0)
(0.201982 0.00286562 0)
(0.202137 0.002765 0)
(0.202287 0.00267454 0)
(0.20241 0.00256643 0)
(0.202549 0.00246066 0)
(0.202647 0.00233794 0)
(0.202755 0.00222461 0)
(0.202812 0.00208574 0)
(0.202885 0.00195688 0)
(0.202885 0.00179963 0)
(0.202911 0.00165191 0)
(0.202844 0.00147437 0)
(0.202818 0.00132303 0)
(0.202685 0.0011441 0)
(0.202633 0.00100711 0)
(0.202455 0.000843092 0)
(0.202401 0.000740525 0)
(0.202189 0.000600929 0)
(0.202155 0.000545136 0)
(0.201914 0.000430484 0)
(0.199577 0.00262042 0)
(0.199707 0.00269355 0)
(0.19981 0.00276967 0)
(0.199908 0.00284926 0)
(0.200027 0.00291802 0)
(0.200187 0.00297142 0)
(0.200371 0.00300146 0)
(0.200558 0.00302042 0)
(0.200725 0.00302612 0)
(0.200888 0.00302964 0)
(0.201058 0.00301071 0)
(0.201248 0.00297913 0)
(0.20143 0.00292344 0)
(0.201599 0.0028705 0)
(0.201741 0.00280858 0)
(0.201904 0.00274109 0)
(0.202052 0.00265196 0)
(0.202197 0.00257251 0)
(0.202313 0.00247725 0)
(0.202446 0.00238596 0)
(0.202541 0.0022745 0)
(0.202646 0.00217532 0)
(0.202702 0.00204987 0)
(0.202775 0.00193505 0)
(0.202778 0.00179119 0)
(0.202807 0.00165895 0)
(0.202749 0.00149185 0)
(0.202732 0.00135151 0)
(0.202611 0.00117839 0)
(0.202568 0.0010478 0)
(0.202403 0.000884021 0)
(0.202356 0.000784333 0)
(0.202157 0.00064157 0)
(0.202126 0.000586857 0)
(0.201898 0.000467072 0)
(0.199758 0.00244924 0)
(0.199881 0.00251124 0)
(0.19998 0.00257264 0)
(0.200068 0.00263912 0)
(0.200163 0.00269984 0)
(0.20029 0.00275301 0)
(0.200443 0.00278626 0)
(0.200607 0.00280986 0)
(0.200759 0.00281863 0)
(0.200905 0.0028276 0)
(0.201052 0.00281937 0)
(0.201218 0.00280235 0)
(0.201383 0.00276158 0)
(0.201544 0.00271881 0)
(0.201678 0.00266612 0)
(0.201826 0.00261398 0)
(0.201964 0.00253786 0)
(0.202104 0.00246953 0)
(0.202214 0.00238574 0)
(0.202339 0.00230935 0)
(0.202431 0.00221012 0)
(0.202533 0.00212478 0)
(0.202588 0.00201335 0)
(0.202661 0.00191329 0)
(0.202667 0.00178219 0)
(0.202699 0.00166546 0)
(0.20265 0.00150884 0)
(0.202641 0.00137888 0)
(0.202533 0.00121098 0)
(0.202498 0.00108654 0)
(0.202347 0.000922809 0)
(0.202307 0.000825985 0)
(0.202121 0.00068065 0)
(0.202094 0.000627297 0)
(0.20188 0.000503726 0)
(0.199918 0.002287 0)
(0.200027 0.00234172 0)
(0.20012 0.00239213 0)
(0.200201 0.00244682 0)
(0.200282 0.00249789 0)
(0.200384 0.0025475 0)
(0.20051 0.00258195 0)
(0.200651 0.00260924 0)
(0.200787 0.00262118 0)
(0.200918 0.00263315 0)
(0.201047 0.00263152 0)
(0.201192 0.00262549 0)
(0.201338 0.00259804 0)
(0.201487 0.00256721 0)
(0.201613 0.0025224 0)
(0.201748 0.00248315 0)
(0.201874 0.00242069 0)
(0.202008 0.00236464 0)
(0.202112 0.00229159 0)
(0.20223 0.00222969 0)
(0.202317 0.00214392 0)
(0.202417 0.00207256 0)
(0.20247 0.00197528 0)
(0.202543 0.00189131 0)
(0.202552 0.00177321 0)
(0.202587 0.00167236 0)
(0.202546 0.0015274 0)
(0.202545 0.00140852 0)
(0.20245 0.00124616 0)
(0.202424 0.00112809 0)
(0.202287 0.000964397 0)
(0.202254 0.000869769 0)
(0.202082 0.000721277 0)
(0.202059 0.000668434 0)
(0.20186 0.000540378 0)
(0.20006 0.00213617 0)
(0.20015 0.00218434 0)
(0.200234 0.00222641 0)
(0.200308 0.00227139 0)
(0.20038 0.002313 0)
(0.200466 0.00235638 0)
(0.20057 0.00238875 0)
(0.200689 0.00241697 0)
(0.200808 0.00243067 0)
(0.200926 0.00244413 0)
(0.20104 0.00244519 0)
(0.201167 0.00244577 0)
(0.201295 0.00242727 0)
(0.201429 0.00240751 0)
(0.201547 0.00237026 0)
(0.20167 0.00234088 0)
(0.201785 0.00229052 0)
(0.20191 0.00224723 0)
(0.202009 0.00218487 0)
(0.202119 0.00213647 0)
(0.202202 0.00206446 0)
(0.202298 0.00200785 0)
(0.20235 0.00192442 0)
(0.202421 0.00185744 0)
(0.202435 0.00175323 0)
(0.202473 0.00166874 0)
(0.20244 0.00153693 0)
(0.202446 0.00143147 0)
(0.202363 0.0012766 0)
(0.202345 0.00116736 0)
(0.202222 0.00100564 0)
(0.202196 0.000915247 0)
(0.20204 0.000764244 0)
(0.20202 0.000713057 0)
(0.201837 0.0005797 0)
(0.20032 0.00185856 0)
(0.200372 0.00189405 0)
(0.20043 0.00192415 0)
(0.200489 0.00195673 0)
(0.200546 0.00198494 0)
(0.200607 0.00201648 0)
(0.200672 0.00203983 0)
(0.200749 0.00206385 0)
(0.200831 0.0020757 0)
(0.200919 0.00208984 0)
(0.201004 0.00209136 0)
(0.201096 0.00209696 0)
(0.201187 0.00208574 0)
(0.201288 0.00207914 0)
(0.201382 0.00205424 0)
(0.201483 0.00203986 0)
(0.201574 0.00200601 0)
(0.201676 0.00198467 0)
(0.201761 0.00194261 0)
(0.201857 0.0019192 0)
(0.201928 0.00187185 0)
(0.202014 0.00184565 0)
(0.202065 0.00178954 0)
(0.202133 0.00175647 0)
(0.202155 0.00168145 0)
(0.202199 0.00163076 0)
(0.202185 0.00152561 0)
(0.202205 0.00145058 0)
(0.202152 0.00131419 0)
(0.202151 0.00122716 0)
(0.202062 0.00107447 0)
(0.202051 0.00099783 0)
(0.201932 0.000846886 0)
(0.201921 0.000801961 0)
(0.201777 0.000662865 0)
(0.200442 0.00149881 0)
(0.200473 0.00152223 0)
(0.200509 0.00154145 0)
(0.200548 0.00156383 0)
(0.200588 0.00158081 0)
(0.20063 0.0016022 0)
(0.200673 0.00161658 0)
(0.200722 0.00163606 0)
(0.200774 0.0016455 0)
(0.200832 0.00166101 0)
(0.20089 0.00166404 0)
(0.200953 0.00167552 0)
(0.201016 0.00167196 0)
(0.201086 0.0016792 0)
(0.201155 0.00166867 0)
(0.20123 0.0016728 0)
(0.201299 0.00165762 0)
(0.201376 0.00166167 0)
(0.201443 0.00164399 0)
(0.201519 0.00165084 0)
(0.201579 0.00163253 0)
(0.20165 0.00164281 0)
(0.2017 0.00161997 0)
(0.201761 0.00162726 0)
(0.201793 0.00158758 0)
(0.20184 0.0015775 0)
(0.201848 0.00150429 0)
(0.201879 0.00146564 0)
(0.20186 0.00135258 0)
(0.201874 0.00129246 0)
(0.201829 0.00115212 0)
(0.201831 0.00109266 0)
(0.201761 0.0009433 0)
(0.201757 0.000906421 0)
(0.201668 0.000760466 0)
(0.200453 0.00123323 0)
(0.200475 0.00125075 0)
(0.200499 0.00126445 0)
(0.200526 0.00128216 0)
(0.200554 0.00129447 0)
(0.200584 0.00131196 0)
(0.200616 0.00132246 0)
(0.20065 0.00133967 0)
(0.200687 0.00134747 0)
(0.200727 0.00136357 0)
(0.200769 0.0013676 0)
(0.200814 0.00138242 0)
(0.20086 0.00138257 0)
(0.20091 0.00139656 0)
(0.20096 0.00139307 0)
(0.201015 0.00140739 0)
(0.201067 0.00140209 0)
(0.201124 0.00141981 0)
(0.201177 0.00141546 0)
(0.201235 0.00143977 0)
(0.201286 0.00143808 0)
(0.201343 0.00146965 0)
(0.201389 0.00146663 0)
(0.201441 0.00149824 0)
(0.201478 0.00148025 0)
(0.201523 0.00149588 0)
(0.201547 0.0014439 0)
(0.201581 0.00142978 0)
(0.201588 0.00133505 0)
(0.20161 0.00129547 0)
(0.201599 0.00116839 0)
(0.20161 0.00112385 0)
(0.201582 0.000982221 0)
(0.201585 0.000953593 0)
(0.201546 0.00080986 0)
(0.200411 0.00102498 0)
(0.200428 0.00103902 0)
(0.200446 0.00104933 0)
(0.200466 0.00106404 0)
(0.200487 0.0010735 0)
(0.200509 0.00108853 0)
(0.200533 0.00109657 0)
(0.200558 0.00111184 0)
(0.200585 0.00111787 0)
(0.200614 0.00113313 0)
(0.200645 0.00113656 0)
(0.200678 0.00115183 0)
(0.200712 0.00115258 0)
(0.200748 0.00116858 0)
(0.200785 0.00116743 0)
(0.200825 0.0011859 0)
(0.200865 0.00118492 0)
(0.200906 0.00120908 0)
(0.200948 0.00121138 0)
(0.200992 0.00124481 0)
(0.201035 0.00125228 0)
(0.20108 0.00129574 0)
(0.201123 0.00130457 0)
(0.201167 0.001351 0)
(0.201208 0.00134756 0)
(0.201249 0.00138078 0)
(0.201284 0.00134556 0)
(0.201319 0.00135067 0)
(0.201346 0.00127346 0)
(0.201373 0.00125255 0)
(0.201389 0.00114133 0)
(0.201405 0.00111205 0)
(0.201411 0.000982427 0)
(0.201419 0.000962712 0)
(0.201417 0.000825595 0)
(0.20035 0.000851465 0)
(0.200363 0.000863179 0)
(0.200377 0.000871282 0)
(0.200392 0.000883776 0)
(0.200408 0.000891239 0)
(0.200425 0.000904303 0)
(0.200443 0.000910622 0)
(0.200462 0.000924221 0)
(0.200483 0.000928949 0)
(0.200504 0.000943086 0)
(0.200527 0.000945894 0)
(0.200551 0.000960831 0)
(0.200577 0.000961844 0)
(0.200603 0.000978515 0)
(0.200632 0.000978763 0)
(0.200661 0.000999181 0)
(0.200692 0.0010009 0)
(0.200724 0.00102836 0)
(0.200759 0.0010347 0)
(0.200793 0.00107281 0)
(0.20083 0.00108574 0)
(0.200866 0.00113541 0)
(0.200906 0.00115147 0)
(0.200943 0.00120611 0)
(0.200985 0.00121234 0)
(0.201022 0.00125637 0)
(0.201063 0.00123373 0)
(0.201097 0.00125211 0)
(0.201136 0.00118967 0)
(0.201164 0.00118273 0)
(0.201198 0.00108627 0)
(0.201217 0.00106867 0)
(0.201246 0.000951388 0)
(0.201256 0.000938402 0)
(0.201282 0.000809876 0)
(0.200286 0.000705413 0)
(0.200296 0.000715444 0)
(0.200307 0.000722106 0)
(0.200318 0.000732941 0)
(0.200331 0.000739098 0)
(0.200344 0.000750622 0)
(0.200358 0.000755876 0)
(0.200372 0.00076814 0)
(0.200388 0.000772158 0)
(0.200404 0.000785287 0)
(0.200423 0.000787892 0)
(0.200441 0.00080229 0)
(0.200461 0.000803732 0)
(0.200481 0.000820408 0)
(0.200504 0.000821735 0)
(0.200527 0.000842667 0)
(0.200553 0.000846028 0)
(0.200577 0.000874337 0)
(0.200606 0.000882694 0)
(0.200633 0.000921828 0)
(0.200665 0.0009371 0)
(0.200694 0.000988028 0)
(0.200731 0.00100718 0)
(0.200762 0.001064 0)
(0.200802 0.0010752 0)
(0.200834 0.00112358 0)
(0.200878 0.00110916 0)
(0.200909 0.00113488 0)
(0.200955 0.00108417 0)
(0.200982 0.00108654 0)
(0.201026 0.00100374 0)
(0.201046 0.000994825 0)
(0.20109 0.000890939 0)
(0.201101 0.000883332 0)
(0.201146 0.000766394 0)
(0.200229 0.000581789 0)
(0.200237 0.000590481 0)
(0.200245 0.000596141 0)
(0.200254 0.00060563 0)
(0.200264 0.000610908 0)
(0.200274 0.000621134 0)
(0.200285 0.000625712 0)
(0.200296 0.000636769 0)
(0.200309 0.000640384 0)
(0.200322 0.00065244 0)
(0.200337 0.000654975 0)
(0.200351 0.000668454 0)
(0.200367 0.000670164 0)
(0.200383 0.00068602 0)
(0.200402 0.00068787 0)
(0.200419 0.000707934 0)
(0.20044 0.000711892 0)
(0.200459 0.000739044 0)
(0.200484 0.000747839 0)
(0.200505 0.000785283 0)
(0.200533 0.00080075 0)
(0.200556 0.000849512 0)
(0.200589 0.000869094 0)
(0.200615 0.00092408 0)
(0.200653 0.00093734 0)
(0.200681 0.000985845 0)
(0.200724 0.000976988 0)
(0.200752 0.0010061 0)
(0.2008 0.000965168 0)
(0.200825 0.000973574 0)
(0.200875 0.000903512 0)
(0.200894 0.00090092 0)
(0.200946 0.000810628 0)
(0.200957 0.000807096 0)
(0.201012 0.000703072 0)
(0.200181 0.000476508 0)
(0.200187 0.000483986 0)
(0.200194 0.000488814 0)
(0.200201 0.000497038 0)
(0.200209 0.00050158 0)
(0.200217 0.000510519 0)
(0.200226 0.000514511 0)
(0.200235 0.000524272 0)
(0.200245 0.000527498 0)
(0.200255 0.000538254 0)
(0.200267 0.000540627 0)
(0.200278 0.000552782 0)
(0.200291 0.000554545 0)
(0.200304 0.000568976 0)
(0.200319 0.000571 0)
(0.200333 0.00058936 0)
(0.200351 0.0005934 0)
(0.200365 0.000618267 0)
(0.200386 0.000626751 0)
(0.200403 0.000660994 0)
(0.200428 0.000675587 0)
(0.200446 0.000720197 0)
(0.200476 0.000738766 0)
(0.200497 0.000789421 0)
(0.200533 0.000802975 0)
(0.200556 0.000848688 0)
(0.200598 0.000843466 0)
(0.200622 0.000872877 0)
(0.200668 0.000839961 0)
(0.200691 0.000851493 0)
(0.200742 0.000792908 0)
(0.20076 0.000794286 0)
(0.200814 0.000717171 0)
(0.200824 0.000716324 0)
(0.200884 0.000625853 0)
(0.200143 0.000385882 0)
(0.200148 0.000392203 0)
(0.200153 0.000396275 0)
(0.200159 0.000403265 0)
(0.200165 0.000407127 0)
(0.200171 0.000414772 0)
(0.200179 0.000418208 0)
(0.200186 0.000426616 0)
(0.200194 0.000429452 0)
(0.200202 0.00043879 0)
(0.200212 0.000440965 0)
(0.20022 0.000451599 0)
(0.200232 0.000453332 0)
(0.200241 0.000466037 0)
(0.200254 0.000468078 0)
(0.200265 0.000484286 0)
(0.20028 0.000488136 0)
(0.200292 0.000510064 0)
(0.20031 0.000517797 0)
(0.200323 0.000547915 0)
(0.200345 0.000560975 0)
(0.20036 0.000600181 0)
(0.200386 0.000616814 0)
(0.200404 0.000661522 0)
(0.200435 0.000674172 0)
(0.200455 0.000715128 0)
(0.200493 0.000712142 0)
(0.200514 0.000739668 0)
(0.200558 0.000713349 0)
(0.200578 0.000725847 0)
(0.200626 0.000677588 0)
(0.200642 0.000681143 0)
(0.200696 0.000616598 0)
(0.200705 0.000617367 0)
(0.200764 0.000540591 0)
(0.200113 0.000307378 0)
(0.200117 0.000312598 0)
(0.200121 0.000315969 0)
(0.200126 0.000321765 0)
(0.200131 0.000324984 0)
(0.200136 0.000331354 0)
(0.200142 0.000334249 0)
(0.200148 0.000341289 0)
(0.200155 0.000343724 0)
(0.200161 0.000351583 0)
(0.200169 0.00035351 0)
(0.200176 0.000362506 0)
(0.200185 0.000364109 0)
(0.200193 0.000374891 0)
(0.200204 0.000376793 0)
(0.200212 0.000390559 0)
(0.200225 0.000393999 0)
(0.200235 0.000412594 0)
(0.20025 0.000419289 0)
(0.200261 0.000444776 0)
(0.200279 0.000455936 0)
(0.200292 0.00048909 0)
(0.200314 0.000503306 0)
(0.200329 0.000541224 0)
(0.200357 0.00055231 0)
(0.200374 0.000587409 0)
(0.200408 0.000585774 0)
(0.200426 0.000610054 0)
(0.200465 0.000589275 0)
(0.200483 0.000601262 0)
(0.200527 0.000562292 0)
(0.200541 0.000566715 0)
(0.200591 0.000513966 0)
(0.200599 0.000515537 0)
(0.200655 0.000452139 0)
(0.20009 0.000238799 0)
(0.200093 0.00024297 0)
(0.200097 0.000245673 0)
(0.200101 0.000250318 0)
(0.200105 0.000252914 0)
(0.200109 0.000258034 0)
(0.200114 0.000260389 0)
(0.200119 0.000266068 0)
(0.200124 0.000268074 0)
(0.200129 0.000274436 0)
(0.200136 0.000276059 0)
(0.200142 0.000283363 0)
(0.200149 0.00028475 0)
(0.200156 0.000293524 0)
(0.200165 0.000295172 0)
(0.200172 0.000306377 0)
(0.200182 0.000309276 0)
(0.20019 0.000324394 0)
(0.200203 0.000329916 0)
(0.200212 0.000350603 0)
(0.200228 0.00035972 0)
(0.200238 0.000386616 0)
(0.200258 0.000398224 0)
(0.20027 0.000429046 0)
(0.200295 0.000438241 0)
(0.200309 0.000466973 0)
(0.200338 0.000466125 0)
(0.200354 0.000486384 0)
(0.200389 0.000470335 0)
(0.200404 0.000480862 0)
(0.200444 0.00045026 0)
(0.200456 0.000454653 0)
(0.200501 0.000412872 0)
(0.200508 0.000414672 0)
(0.200558 0.000364079 0)
(0.200073 0.000178172 0)
(0.200076 0.00018135 0)
(0.200079 0.000183415 0)
(0.200082 0.000186961 0)
(0.200085 0.000188952 0)
(0.200089 0.000192869 0)
(0.200093 0.000194687 0)
(0.200097 0.00019904 0)
(0.200101 0.000200604 0)
(0.200106 0.000205493 0)
(0.200111 0.000206777 0)
(0.200116 0.000212401 0)
(0.200122 0.000213518 0)
(0.200128 0.000220282 0)
(0.200135 0.00022161 0)
(0.200141 0.00023025 0)
(0.20015 0.00023254 0)
(0.200157 0.000244186 0)
(0.200167 0.000248482 0)
(0.200175 0.0002644 0)
(0.200188 0.000271445 0)
(0.200197 0.000292133 0)
(0.200214 0.000301098 0)
(0.200224 0.000324835 0)
(0.200245 0.000332009 0)
(0.200258 0.000354242 0)
(0.200283 0.000353834 0)
(0.200297 0.00036971 0)
(0.200327 0.00035778 0)
(0.20034 0.000366298 0)
(0.200375 0.000343281 0)
(0.200386 0.000347086 0)
(0.200426 0.00031547 0)
(0.200432 0.000317133 0)
(0.200477 0.000278647 0)
(0.200061 0.000123627 0)
(0.200063 0.000125863 0)
(0.200066 0.000127321 0)
(0.200068 0.000129819 0)
(0.200071 0.000131229 0)
(0.200074 0.000133993 0)
(0.200078 0.000135284 0)
(0.200081 0.000138361 0)
(0.200085 0.000139479 0)
(0.200088 0.000142939 0)
(0.200093 0.000143866 0)
(0.200097 0.000147852 0)
(0.200102 0.000148667 0)
(0.200107 0.000153464 0)
(0.200113 0.000154433 0)
(0.200118 0.00016056 0)
(0.200126 0.00016221 0)
(0.200132 0.000170465 0)
(0.200141 0.00017353 0)
(0.200147 0.000184805 0)
(0.200159 0.000189809 0)
(0.200167 0.00020446 0)
(0.200181 0.000210826 0)
(0.20019 0.000227652 0)
(0.200208 0.00023278 0)
(0.200219 0.000248588 0)
(0.200242 0.000248411 0)
(0.200253 0.000259792 0)
(0.20028 0.000251534 0)
(0.200291 0.000257763 0)
(0.200322 0.000241703 0)
(0.200331 0.000244597 0)
(0.200367 0.000222446 0)
(0.200372 0.000223756 0)
(0.200412 0.000196697 0)
(0.200053 7.31345e-05 0)
(0.200055 7.44691e-05 0)
(0.200057 7.53397e-05 0)
(0.200059 7.68317e-05 0)
(0.200062 7.76751e-05 0)
(0.200064 7.93268e-05 0)
(0.200067 8.01012e-05 0)
(0.20007 8.19415e-05 0)
(0.200074 8.2614e-05 0)
(0.200077 8.4685e-05 0)
(0.200081 8.52452e-05 0)
(0.200084 8.76325e-05 0)
(0.200089 8.81278e-05 0)
(0.200093 9.10023e-05 0)
(0.200099 9.15907e-05 0)
(0.200103 9.52627e-05 0)
(0.20011 9.62593e-05 0)
(0.200115 0.000101205 0)
(0.200123 0.000103048 0)
(0.200129 0.000109802 0)
(0.200139 0.000112805 0)
(0.200146 0.000121581 0)
(0.200159 0.000125402 0)
(0.200167 0.000135487 0)
(0.200183 0.000138577 0)
(0.200192 0.000148069 0)
(0.200213 0.000148005 0)
(0.200223 0.00015487 0)
(0.200247 0.000149991 0)
(0.200257 0.000153789 0)
(0.200285 0.000144256 0)
(0.200293 0.000146056 0)
(0.200325 0.000132876 0)
(0.20033 0.000133705 0)
(0.200366 0.000117573 0)
(0.200048 2.43149e-05 0)
(0.20005 2.47603e-05 0)
(0.200052 2.50508e-05 0)
(0.200054 2.55488e-05 0)
(0.200057 2.58304e-05 0)
(0.200059 2.6382e-05 0)
(0.200062 2.66407e-05 0)
(0.200064 2.72554e-05 0)
(0.200068 2.74803e-05 0)
(0.200071 2.81723e-05 0)
(0.200074 2.83599e-05 0)
(0.200078 2.91577e-05 0)
(0.200082 2.93238e-05 0)
(0.200086 3.02847e-05 0)
(0.200091 3.04819e-05 0)
(0.200095 3.17095e-05 0)
(0.200101 3.20433e-05 0)
(0.200106 3.36969e-05 0)
(0.200114 3.43136e-05 0)
(0.200119 3.65717e-05 0)
(0.200128 3.75767e-05 0)
(0.200134 4.05113e-05 0)
(0.200147 4.17907e-05 0)
(0.200154 4.5164e-05 0)
(0.200169 4.6201e-05 0)
(0.200178 4.93783e-05 0)
(0.200197 4.93635e-05 0)
(0.200206 5.16651e-05 0)
(0.200229 5.00441e-05 0)
(0.200238 5.13224e-05 0)
(0.200264 4.81475e-05 0)
(0.200272 4.87577e-05 0)
(0.200301 4.43645e-05 0)
(0.200306 4.46465e-05 0)
(0.20034 3.92663e-05 0)
(0.171817 -0.00273445 0)
(0.227659 0.00218743 0)
(0.173456 -0.000804127 0)
(0.225938 0.00231006 0)
(0.175656 -0.00146551 0)
(0.225062 -0.000658897 0)
(0.177464 -0.0033229 0)
(0.223931 -0.0023872 0)
(0.178278 -0.00302767 0)
(0.222383 -0.00178182 0)
(0.178037 -0.00129553 0)
(0.220982 -0.000365985 0)
(0.177291 0.000371079 0)
(0.219699 0.000760594 0)
(0.175617 0.00145531 0)
(0.218545 0.0015225 0)
(0.1723 0.00211946 0)
(0.217457 0.00211332 0)
(0.165434 0.00274331 0)
(0.215965 0.00357866 0)
(0.172974 -0.00277204 0)
(0.226614 0.0022397 0)
(0.175089 -0.000868109 0)
(0.224638 0.00236367 0)
(0.177842 -0.0015602 0)
(0.223258 -0.000592009 0)
(0.17996 -0.00341571 0)
(0.221698 -0.00228441 0)
(0.181023 -0.00310399 0)
(0.219703 -0.00162982 0)
(0.181345 -0.00135449 0)
(0.217522 -0.00017476 0)
(0.18168 0.000387679 0)
(0.214791 0.000902521 0)
(0.181994 0.00165536 0)
(0.210983 0.00153236 0)
(0.182319 0.00278543 0)
(0.205033 0.00186945 0)
(0.182409 0.00474779 0)
(0.194722 0.00379375 0)
(0.175312 -0.00281692 0)
(0.224292 0.00229678 0)
(0.178343 -0.000936066 0)
(0.221912 0.00241186 0)
(0.181889 -0.00164878 0)
(0.219788 -0.000530945 0)
(0.184376 -0.00348655 0)
(0.217534 -0.00218997 0)
(0.185879 -0.00313567 0)
(0.214815 -0.00151146 0)
(0.18709 -0.00132679 0)
(0.211636 -9.53065e-05 0)
(0.188655 0.0005567 0)
(0.207621 0.000891412 0)
(0.190299 0.00210503 0)
(0.202608 0.00139764 0)
(0.191457 0.00365954 0)
(0.196528 0.00190614 0)
(0.191173 0.00637293 0)
(0.189942 0.00518587 0)
(0.178719 -0.00284969 0)
(0.220649 0.00230759 0)
(0.182755 -0.000965044 0)
(0.217937 0.00240263 0)
(0.186939 -0.00166796 0)
(0.215124 -0.000531108 0)
(0.18955 -0.00346168 0)
(0.212213 -0.0021857 0)
(0.191254 -0.00304231 0)
(0.209036 -0.00154418 0)
(0.192859 -0.00113116 0)
(0.205671 -0.000217549 0)
(0.194508 0.000910311 0)
(0.202027 0.00072406 0)
(0.195494 0.00261762 0)
(0.198306 0.00136579 0)
(0.195148 0.00424158 0)
(0.194639 0.00253317 0)
(0.193242 0.00698225 0)
(0.191771 0.00671563 0)
(0.182896 -0.00286081 0)
(0.21598 0.00225878 0)
(0.187561 -0.000948782 0)
(0.213241 0.00232972 0)
(0.19191 -0.00161234 0)
(0.210107 -0.000592899 0)
(0.19414 -0.00333887 0)
(0.206946 -0.00226151 0)
(0.195436 -0.00284952 0)
(0.204002 -0.00167422 0)
(0.196604 -0.000861742 0)
(0.2015 -0.000381817 0)
(0.197417 0.00124028 0)
(0.199259 0.000666836 0)
(0.197234 0.00290569 0)
(0.197153 0.00166654 0)
(0.195887 0.00442354 0)
(0.194996 0.00347999 0)
(0.193877 0.00702289 0)
(0.193423 0.00769847 0)
(0.187352 -0.00284147 0)
(0.210905 0.00215709 0)
(0.191938 -0.000894366 0)
(0.208589 0.00220686 0)
(0.195863 -0.00149842 0)
(0.20568 -0.000689571 0)
(0.197214 -0.00314908 0)
(0.202776 -0.00236342 0)
(0.197591 -0.00262369 0)
(0.200544 -0.00180585 0)
(0.197948 -0.000639392 0)
(0.199185 -0.000467411 0)
(0.197991 0.00140596 0)
(0.198098 0.000803399 0)
(0.197284 0.00294849 0)
(0.196832 0.00217053 0)
(0.1959 0.00441019 0)
(0.195301 0.00435534 0)
(0.194464 0.00692419 0)
(0.194306 0.00816972 0)
(0.191519 -0.00278652 0)
(0.206196 0.00201981 0)
(0.19528 -0.000815129 0)
(0.204709 0.00205466 0)
(0.198357 -0.00135163 0)
(0.202461 -0.000788932 0)
(0.198642 -0.00292707 0)
(0.20005 -0.00244216 0)
(0.198022 -0.00241071 0)
(0.198444 -0.00188693 0)
(0.197723 -0.000508395 0)
(0.197819 -0.000454663 0)
(0.197459 0.00141254 0)
(0.197293 0.00105626 0)
(0.196779 0.00286325 0)
(0.196399 0.00268781 0)
(0.195721 0.00437465 0)
(0.195297 0.004987 0)
(0.194845 0.00684018 0)
(0.194802 0.00829614 0)
(0.194916 -0.00269798 0)
(0.202499 0.00186899 0)
(0.19739 -0.00072626 0)
(0.202004 0.00189234 0)
(0.199534 -0.00119435 0)
(0.200531 -0.000870926 0)
(0.198938 -0.00269221 0)
(0.198499 -0.00247505 0)
(0.197559 -0.00222112 0)
(0.197124 -0.00190274 0)
(0.196867 -0.000459393 0)
(0.196743 -0.000366191 0)
(0.196562 0.00132486 0)
(0.196425 0.00133143 0)
(0.196067 0.00276011 0)
(0.19578 0.00310084 0)
(0.195356 0.00438923 0)
(0.195086 0.0053543 0)
(0.194923 0.00678399 0)
(0.195009 0.00818707 0)
(0.197307 -0.00258362 0)
(0.200083 0.00172218 0)
(0.19846 -0.000636989 0)
(0.200444 0.00172894 0)
(0.199882 -0.00103697 0)
(0.199577 -0.000932445 0)
(0.19876 -0.00244916 0)
(0.197691 -0.0024556 0)
(0.196899 -0.00204897 0)
(0.19622 -0.00184892 0)
(0.195939 -0.000461218 0)
(0.195786 -0.000239213 0)
(0.195622 0.00120996 0)
(0.19552 0.00156537 0)
(0.195278 0.00270162 0)
(0.19508 0.00337147 0)
(0.194855 0.00444755 0)
(0.19474 0.00551088 0)
(0.194766 0.00671345 0)
(0.194969 0.00793417 0)
(0.198743 -0.00245198 0)
(0.198806 0.00158486 0)
(0.198877 -0.000546773 0)
(0.199713 0.0015621 0)
(0.19988 -0.000879999 0)
(0.199205 -0.000978098 0)
(0.198537 -0.0022004 0)
(0.19732 -0.00237861 0)
(0.196389 -0.00188757 0)
(0.195615 -0.00172675 0)
(0.195194 -0.000475718 0)
(0.194999 -7.87662e-05 0)
(0.194812 0.00112704 0)
(0.194705 0.0017339 0)
(0.194542 0.00269987 0)
(0.19442 0.00352107 0)
(0.194335 0.00450482 0)
(0.19435 0.00552801 0)
(0.194496 0.00658848 0)
(0.194778 0.00760768 0)
(0.199468 -0.00230828 0)
(0.198294 0.00145072 0)
(0.198993 -0.000449062 0)
(0.199445 0.00138531 0)
(0.199797 -0.00072236 0)
(0.199114 -0.00100961 0)
(0.198418 -0.00195348 0)
(0.197206 -0.00224192 0)
(0.196121 -0.00172799 0)
(0.195279 -0.00154459 0)
(0.194729 -0.000470619 0)
(0.194458 8.99354e-05 0)
(0.194234 0.00110373 0)
(0.194101 0.00184881 0)
(0.19398 0.00273638 0)
(0.193917 0.0035924 0)
(0.193924 0.00452379 0)
(0.19403 0.00545874 0)
(0.194247 0.00639821 0)
(0.194569 0.00724692 0)
(0.199773 -0.00215391 0)
(0.198178 0.00130875 0)
(0.199012 -0.000338128 0)
(0.199377 0.00119672 0)
(0.199715 -0.000566847 0)
(0.199124 -0.00102211 0)
(0.198393 -0.00171953 0)
(0.197235 -0.00205042 0)
(0.196063 -0.00156393 0)
(0.195169 -0.00131764 0)
(0.194543 -0.000422403 0)
(0.194197 0.00023936 0)
(0.19394 0.00113769 0)
(0.193778 0.00193581 0)
(0.193676 0.00278601 0)
(0.193654 0.00362025 0)
(0.193717 0.00449475 0)
(0.193878 0.0053346 0)
(0.19413 0.00615667 0)
(0.194461 0.00687108 0)
(0.199881 -0.00198832 0)
(0.198221 0.00115037 0)
(0.199014 -0.000213189 0)
(0.199369 0.00100219 0)
(0.199634 -0.000420509 0)
(0.199143 -0.00100695 0)
(0.198412 -0.00150829 0)
(0.197325 -0.00181563 0)
(0.196143 -0.00139153 0)
(0.195227 -0.00107193 0)
(0.19458 -0.000320767 0)
(0.19419 0.000383612 0)
(0.193917 0.00121376 0)
(0.19374 0.00201278 0)
(0.193648 0.00283109 0)
(0.193652 0.00362204 0)
(0.19375 0.00442609 0)
(0.193939 0.00517472 0)
(0.194203 0.00588594 0)
(0.194524 0.00649192 0)
(0.199916 -0.00181137 0)
(0.198318 0.000973641 0)
(0.19902 -8.10989e-05 0)
(0.199369 0.000812418 0)
(0.199546 -0.000294089 0)
(0.199141 -0.000957411 0)
(0.198442 -0.00132243 0)
(0.197433 -0.00155786 0)
(0.196296 -0.00120439 0)
(0.195393 -0.000828508 0)
(0.194767 -0.000173186 0)
(0.194375 0.000529272 0)
(0.194107 0.00131169 0)
(0.193932 0.00208544 0)
(0.193852 0.00286347 0)
(0.193877 0.00360252 0)
(0.193996 0.00432919 0)
(0.194197 0.00499176 0)
(0.194458 0.00560333 0)
(0.194758 0.00611843 0)
(0.199929 -0.00162428 0)
(0.198434 0.000781339 0)
(0.199033 5.82186e-05 0)
(0.199367 0.000643455 0)
(0.199457 -0.000193332 0)
(0.199118 -0.000874479 0)
(0.198476 -0.00115499 0)
(0.197543 -0.00129901 0)
(0.196479 -0.000999239 0)
(0.195619 -0.000594175 0)
(0.195039 1.92146e-06 0)
(0.194677 0.000677776 0)
(0.194434 0.00141741 0)
(0.194279 0.00215219 0)
(0.194216 0.00287959 0)
(0.194258 0.00356091 0)
(0.19439 0.00421026 0)
(0.194593 0.00479309 0)
(0.194843 0.00531802 0)
(0.195118 0.0057563 0)
(0.199938 -0.0014298 0)
(0.198563 0.000580579 0)
(0.199057 0.000194581 0)
(0.199365 0.000511368 0)
(0.199376 -0.000115301 0)
(0.199087 -0.000765563 0)
(0.198515 -0.000996081 0)
(0.197658 -0.00104993 0)
(0.196676 -0.000780231 0)
(0.195876 -0.000370564 0)
(0.195355 0.00018686 0)
(0.195043 0.000827204 0)
(0.194838 0.00152229 0)
(0.19471 0.00220939 0)
(0.194667 0.0028777 0)
(0.194723 0.00349622 0)
(0.194862 0.00407132 0)
(0.195061 0.00458169 0)
(0.195295 0.00503288 0)
(0.195543 0.00540701 0)
(0.199945 -0.0012325 0)
(0.198705 0.000382945 0)
(0.199093 0.000303577 0)
(0.199364 0.000426083 0)
(0.199309 -5.5769e-05 0)
(0.19906 -0.000641106 0)
(0.198567 -0.000837817 0)
(0.197785 -0.000813947 0)
(0.196883 -0.00055287 0)
(0.196151 -0.00015226 0)
(0.195694 0.000368234 0)
(0.195439 0.000972117 0)
(0.195277 0.00162109 0)
(0.195178 0.00225583 0)
(0.195153 0.00285983 0)
(0.195219 0.00341155 0)
(0.195361 0.00391538 0)
(0.195554 0.00435973 0)
(0.19577 0.00474844 0)
(0.19599 0.00506952 0)
(0.199952 -0.00103787 0)
(0.198857 0.000202076 0)
(0.199145 0.000368963 0)
(0.199367 0.000390043 0)
(0.19926 -5.12632e-06 0)
(0.199043 -0.000514977 0)
(0.198633 -0.000677887 0)
(0.197929 -0.00059262 0)
(0.1971 -0.000323863 0)
(0.196436 5.55843e-05 0)
(0.196046 0.000539467 0)
(0.195851 0.00110572 0)
(0.195731 0.00170874 0)
(0.195656 0.00229143 0)
(0.195644 0.00283095 0)
(0.195717 0.00331459 0)
(0.195859 0.00374956 0)
(0.196044 0.00413236 0)
(0.196242 0.00446687 0)
(0.196436 0.00474368 0)
(0.199959 -0.000851927 0)
(0.199013 4.98438e-05 0)
(0.199216 0.000388464 0)
(0.199377 0.000392476 0)
(0.199224 5.11496e-05 0)
(0.19904 -0.000390991 0)
(0.198717 -0.000521854 0)
(0.198093 -0.000387351 0)
(0.197329 -0.000102848 0)
(0.196727 0.000253825 0)
(0.196406 0.000698438 0)
(0.196271 0.00121997 0)
(0.196192 0.00177693 0)
(0.196136 0.00231086 0)
(0.196128 0.00279161 0)
(0.196199 0.00321099 0)
(0.196339 0.00358094 0)
(0.196518 0.00390564 0)
(0.196701 0.00419142 0)
(0.196871 0.00443018 0)
(0.199967 -0.000681901 0)
(0.19917 -6.33456e-05 0)
(0.199309 0.000368528 0)
(0.199396 0.000413227 0)
(0.1992 0.000124287 0)
(0.199048 -0.000260502 0)
(0.198817 -0.00037247 0)
(0.198276 -0.000201144 0)
(0.197571 0.000109423 0)
(0.197023 0.000453745 0)
(0.196765 0.000849602 0)
(0.196693 0.00131363 0)
(0.196655 0.00181946 0)
(0.196612 0.00230689 0)
(0.196598 0.00273801 0)
(0.196659 0.00310194 0)
(0.196793 0.00341398 0)
(0.196967 0.00368467 0)
(0.19714 0.00392546 0)
(0.197291 0.00412985 0)
(0.199974 -0.000533098 0)
(0.199318 -0.000126465 0)
(0.19942 0.000310719 0)
(0.199431 0.000429478 0)
(0.199186 0.000217455 0)
(0.199064 -0.000121204 0)
(0.198927 -0.000226723 0)
(0.19848 -3.31808e-05 0)
(0.197829 0.000308026 0)
(0.197319 0.000651346 0)
(0.197113 0.000998318 0)
(0.197104 0.00139333 0)
(0.197112 0.00183704 0)
(0.197082 0.00227618 0)
(0.197056 0.00266609 0)
(0.197097 0.0029862 0)
(0.197216 0.00325083 0)
(0.197384 0.00347384 0)
(0.197553 0.0036731 0)
(0.197693 0.00384517 0)
(0.199982 -0.000412038 0)
(0.199451 -0.000134752 0)
(0.19954 0.000234103 0)
(0.199486 0.000423665 0)
(0.199186 0.00032385 0)
(0.199081 2.99717e-05 0)
(0.199042 -7.87233e-05 0)
(0.1987 0.000114626 0)
(0.198106 0.000475126 0)
(0.197616 0.000831667 0)
(0.197443 0.00114461 0)
(0.197489 0.00146836 0)
(0.19755 0.00183905 0)
(0.197542 0.00222268 0)
(0.197503 0.00257472 0)
(0.197516 0.00286176 0)
(0.197611 0.00309107 0)
(0.197767 0.00327554 0)
(0.197932 0.00343782 0)
(0.198069 0.00357952 0)
(0.199991 -0.000316108 0)
(0.199563 -0.000105652 0)
(0.199657 0.00016294 0)
(0.199564 0.000385326 0)
(0.199202 0.000423073 0)
(0.199096 0.000203403 0)
(0.199151 7.14636e-05 0)
(0.198925 0.000236262 0)
(0.198399 0.000600453 0)
(0.197922 0.000977021 0)
(0.197754 0.0012782 0)
(0.197838 0.00154297 0)
(0.197953 0.00183789 0)
(0.197978 0.0021579 0)
(0.197937 0.00246893 0)
(0.19792 0.00272904 0)
(0.197981 0.00293339 0)
(0.198116 0.00308994 0)
(0.198276 0.00322146 0)
(0.198413 0.00333585 0)
(0.199998 -0.000241573 0)
(0.199652 -5.5731e-05 0)
(0.199759 0.000116388 0)
(0.19966 0.000325257 0)
(0.199247 0.000490492 0)
(0.199107 0.000388906 0)
(0.199237 0.000239091 0)
(0.199143 0.000349233 0)
(0.198703 0.000691792 0)
(0.198239 0.00108026 0)
(0.198053 0.0013845 0)
(0.198148 0.00161034 0)
(0.198308 0.00183756 0)
(0.198378 0.00209142 0)
(0.198349 0.00235565 0)
(0.198309 0.00258966 0)
(0.198333 0.00277569 0)
(0.198436 0.00291459 0)
(0.198582 0.00302353 0)
(0.198721 0.00311573 0)
(0.200005 -0.000185775 0)
(0.199722 5.716e-06 0)
(0.199836 0.000109363 0)
(0.199761 0.000268632 0)
(0.199323 0.000512317 0)
(0.19913 0.000549163 0)
(0.199296 0.000427531 0)
(0.199331 0.000471608 0)
(0.199002 0.000761136 0)
(0.198564 0.00114036 0)
(0.198346 0.00145373 0)
(0.198424 0.00166265 0)
(0.198612 0.00183811 0)
(0.198729 0.00203026 0)
(0.198728 0.0022429 0)
(0.19868 0.00244704 0)
(0.19867 0.00261628 0)
(0.198735 0.00274456 0)
(0.198857 0.00283949 0)
(0.198992 0.0029162 0)
(0.200011 -0.000140245 0)
(0.199776 5.87926e-05 0)
(0.199887 0.000135396 0)
(0.199854 0.000228102 0)
(0.199426 0.00050052 0)
(0.199175 0.000664086 0)
(0.199336 0.00061106 0)
(0.199478 0.000606051 0)
(0.199276 0.000820132 0)
(0.198889 0.00116148 0)
(0.198642 0.00147862 0)
(0.198677 0.00169073 0)
(0.198866 0.00183652 0)
(0.199021 0.00197873 0)
(0.199061 0.0021398 0)
(0.199023 0.0023088 0)
(0.198991 0.00245828 0)
(0.199019 0.0025778 0)
(0.19911 0.0026649 0)
(0.199231 0.00273247 0)
(0.200014 -0.000101799 0)
(0.199819 9.493e-05 0)
(0.199914 0.000180014 0)
(0.199928 0.000216044 0)
(0.199547 0.000475626 0)
(0.199251 0.000731419 0)
(0.199369 0.000770711 0)
(0.199578 0.000753332 0)
(0.199503 0.000886943 0)
(0.199195 0.00116251 0)
(0.19894 0.00146074 0)
(0.198921 0.00168138 0)
(0.199082 0.00181946 0)
(0.199257 0.00193014 0)
(0.199336 0.00204746 0)
(0.199324 0.00217947 0)
(0.199287 0.0023052 0)
(0.199288 0.0024138 0)
(0.199347 0.00249558 0)
(0.199447 0.00255839 0)
(0.200015 -6.71776e-05 0)
(0.199855 0.000115974 0)
(0.199926 0.000232447 0)
(0.199978 0.000236706 0)
(0.199671 0.00044843 0)
(0.199358 0.000747665 0)
(0.199414 0.000886698 0)
(0.199642 0.000896512 0)
(0.199669 0.000972641 0)
(0.199458 0.001173 0)
(0.199226 0.00142656 0)
(0.199164 0.00164282 0)
(0.199279 0.00178385 0)
(0.199447 0.00188117 0)
(0.199554 0.00196811 0)
(0.199573 0.00206636 0)
(0.199549 0.00216586 0)
(0.199538 0.00225918 0)
(0.199571 0.00233403 0)
(0.199647 0.00239297 0)
(0.200015 -3.69436e-05 0)
(0.199888 0.000124582 0)
(0.199931 0.000282798 0)
(0.200003 0.000290746 0)
(0.199782 0.000436604 0)
(0.199491 0.000725946 0)
(0.199488 0.000936949 0)
(0.19969 0.00100186 0)
(0.199783 0.00105361 0)
(0.199663 0.00119033 0)
(0.199478 0.00138873 0)
(0.199399 0.00158346 0)
(0.199468 0.00172515 0)
(0.199608 0.00182084 0)
(0.199722 0.00189255 0)
(0.199768 0.00196598 0)
(0.199765 0.00204144 0)
(0.199756 0.00211698 0)
(0.199775 0.00218192 0)
(0.199829 0.00223544 0)
(0.200012 -6.63776e-06 0)
(0.199921 0.000129655 0)
(0.199941 0.000307357 0)
(0.200006 0.000354216 0)
(0.199861 0.000460618 0)
(0.199624 0.000710593 0)
(0.199589 0.000946466 0)
(0.199744 0.00106349 0)
(0.199857 0.00112052 0)
(0.199811 0.00121702 0)
(0.199684 0.0013654 0)
(0.199613 0.00152805 0)
(0.19965 0.00165943 0)
(0.199757 0.00175301 0)
(0.19986 0.00181817 0)
(0.199917 0.00187664 0)
(0.199934 0.00193377 0)
(0.199936 0.00199243 0)
(0.199952 0.00204532 0)
(0.199991 0.00209098 0)
(0.200006 3.07549e-05 0)
(0.199973 0.000160386 0)
(0.199973 0.000323762 0)
(0.200021 0.000427726 0)
(0.200006 0.000539154 0)
(0.199907 0.000724912 0)
(0.199847 0.000920084 0)
(0.199894 0.0010525 0)
(0.19999 0.00113301 0)
(0.200049 0.00121199 0)
(0.200044 0.00130923 0)
(0.200017 0.00141713 0)
(0.200014 0.00151102 0)
(0.200052 0.00158502 0)
(0.200113 0.00163853 0)
(0.200173 0.00168352 0)
(0.200217 0.00172284 0)
(0.200244 0.00176167 0)
(0.200264 0.00179616 0)
(0.200286 0.00182723 0)
(0.200002 5.30127e-05 0)
(0.200002 0.000187871 0)
(0.200015 0.000336147 0)
(0.20005 0.000466575 0)
(0.200075 0.000579705 0)
(0.200059 0.000701334 0)
(0.200033 0.000829502 0)
(0.200051 0.000943874 0)
(0.200111 0.00103105 0)
(0.200173 0.0011002 0)
(0.20021 0.00115992 0)
(0.200224 0.00121923 0)
(0.200233 0.00127321 0)
(0.200253 0.0013222 0)
(0.200285 0.00136089 0)
(0.200322 0.00139389 0)
(0.200356 0.00141954 0)
(0.200384 0.00144315 0)
(0.200405 0.00146233 0)
(0.200422 0.00148056 0)
(0.2 5.38097e-05 0)
(0.200011 0.000182582 0)
(0.20003 0.000312215 0)
(0.200057 0.00043075 0)
(0.200085 0.000535057 0)
(0.200103 0.000632486 0)
(0.200117 0.000727898 0)
(0.20014 0.000816657 0)
(0.200175 0.000889105 0)
(0.200213 0.000947571 0)
(0.200246 0.000993853 0)
(0.200272 0.00103605 0)
(0.200294 0.00107223 0)
(0.200315 0.00110623 0)
(0.200338 0.00113349 0)
(0.200361 0.00115814 0)
(0.200383 0.00117681 0)
(0.200403 0.00119432 0)
(0.20042 0.0012076 0)
(0.200435 0.00122077 0)
(0.2 4.77233e-05 0)
(0.200011 0.000162722 0)
(0.20003 0.000274889 0)
(0.200055 0.000378159 0)
(0.200083 0.000471046 0)
(0.20011 0.000554814 0)
(0.200134 0.000629769 0)
(0.200158 0.00069676 0)
(0.200184 0.000752788 0)
(0.200211 0.00080078 0)
(0.200238 0.0008392 0)
(0.200263 0.000873506 0)
(0.200285 0.000901144 0)
(0.200305 0.000926939 0)
(0.200323 0.000947124 0)
(0.20034 0.00096629 0)
(0.200357 0.00098065 0)
(0.200372 0.000994769 0)
(0.200385 0.00100503 0)
(0.200398 0.00101561 0)
(0.2 3.98132e-05 0)
(0.20001 0.000138206 0)
(0.200026 0.000233865 0)
(0.200048 0.000321944 0)
(0.200073 0.000401145 0)
(0.200097 0.000471331 0)
(0.200121 0.000532119 0)
(0.200144 0.000585542 0)
(0.200167 0.000630284 0)
(0.200189 0.000669535 0)
(0.200211 0.000701089 0)
(0.200231 0.000729424 0)
(0.200249 0.000751675 0)
(0.200266 0.000772545 0)
(0.200281 0.00078849 0)
(0.200295 0.000804049 0)
(0.200308 0.000815464 0)
(0.20032 0.0008271 0)
(0.20033 0.000835282 0)
(0.20034 0.000844059 0)
(0.2 3.19976e-05 0)
(0.200008 0.000113566 0)
(0.200021 0.000193411 0)
(0.200039 0.000266949 0)
(0.200059 0.000333148 0)
(0.20008 0.000391753 0)
(0.2001 0.000442112 0)
(0.20012 0.000486062 0)
(0.20014 0.000522579 0)
(0.200158 0.000554825 0)
(0.200175 0.00058073 0)
(0.200191 0.000604283 0)
(0.200206 0.000622622 0)
(0.20022 0.000640007 0)
(0.200232 0.000653073 0)
(0.200243 0.000666047 0)
(0.200253 0.000675387 0)
(0.200262 0.000685162 0)
(0.200271 0.000691883 0)
(0.200278 0.000699325 0)
(0.2 2.51246e-05 0)
(0.200006 9.13854e-05 0)
(0.200016 0.000156886 0)
(0.20003 0.00021748 0)
(0.200046 0.000272236 0)
(0.200063 0.000320827 0)
(0.20008 0.000362523 0)
(0.200096 0.000398882 0)
(0.200112 0.00042898 0)
(0.200127 0.000455673 0)
(0.200141 0.000477082 0)
(0.200154 0.000496729 0)
(0.200166 0.000511968 0)
(0.200176 0.000526574 0)
(0.200186 0.000537469 0)
(0.200195 0.00054844 0)
(0.200203 0.000556262 0)
(0.20021 0.000564594 0)
(0.200216 0.000570252 0)
(0.200222 0.000576646 0)
(0.2 1.95095e-05 0)
(0.200004 7.26807e-05 0)
(0.200013 0.000125759 0)
(0.200023 0.000175102 0)
(0.200036 0.000219872 0)
(0.200049 0.000259739 0)
(0.200062 0.000294003 0)
(0.200075 0.000323957 0)
(0.200088 0.000348748 0)
(0.2001 0.000370826 0)
(0.200111 0.000388525 0)
(0.200121 0.000404883 0)
(0.200131 0.000417558 0)
(0.200139 0.000429816 0)
(0.200147 0.000438938 0)
(0.200154 0.000448214 0)
(0.20016 0.0004548 0)
(0.200166 0.00046189 0)
(0.200171 0.000466677 0)
(0.200176 0.000472146 0)
(0.2 1.50074e-05 0)
(0.200003 5.71612e-05 0)
(0.20001 9.96268e-05 0)
(0.200018 0.000139291 0)
(0.200028 0.000175422 0)
(0.200038 0.00020771 0)
(0.200048 0.000235529 0)
(0.200059 0.000259932 0)
(0.200069 0.00028016 0)
(0.200078 0.000298252 0)
(0.200087 0.000312768 0)
(0.200095 0.000326257 0)
(0.200103 0.00033671 0)
(0.20011 0.00034688 0)
(0.200116 0.000354443 0)
(0.200121 0.000362184 0)
(0.200126 0.00036767 0)
(0.200131 0.000373615 0)
(0.200135 0.000377619 0)
(0.200138 0.000382222 0)
(0.2 1.14157e-05 0)
(0.200002 4.43424e-05 0)
(0.200007 7.77773e-05 0)
(0.200014 0.00010914 0)
(0.200021 0.000137809 0)
(0.200029 0.000163514 0)
(0.200038 0.000185718 0)
(0.200046 0.000205258 0)
(0.200054 0.000221489 0)
(0.200061 0.000236058 0)
(0.200068 0.000247766 0)
(0.200075 0.000258688 0)
(0.200081 0.000267159 0)
(0.200086 0.000275436 0)
(0.200091 0.000281594 0)
(0.200096 0.000287922 0)
(0.2001 0.000292409 0)
(0.200103 0.000297288 0)
(0.200107 0.000300575 0)
(0.20011 0.000304364 0)
(0.2 8.53344e-06 0)
(0.200002 3.36949e-05 0)
(0.200006 5.94115e-05 0)
(0.200011 8.36195e-05 0)
(0.200017 0.000105816 0)
(0.200023 0.000125771 0)
(0.20003 0.000143046 0)
(0.200036 0.00015829 0)
(0.200043 0.000170976 0)
(0.200049 0.000182397 0)
(0.200054 0.00019159 0)
(0.200059 0.00020019 0)
(0.200064 0.00020687 0)
(0.200069 0.000213413 0)
(0.200073 0.000218287 0)
(0.200076 0.000223307 0)
(0.20008 0.00022687 0)
(0.200082 0.000230752 0)
(0.200085 0.000233371 0)
(0.200087 0.000236392 0)
(0.2 6.17796e-06 0)
(0.200001 2.47116e-05 0)
(0.200004 4.37495e-05 0)
(0.200009 6.17201e-05 0)
(0.200013 7.82359e-05 0)
(0.200018 9.3115e-05 0)
(0.200024 0.000106018 0)
(0.200029 0.000117428 0)
(0.200034 0.000126938 0)
(0.200039 0.000135518 0)
(0.200044 0.000142433 0)
(0.200048 0.000148916 0)
(0.200052 0.000153958 0)
(0.200056 0.000158905 0)
(0.200059 0.000162594 0)
(0.200062 0.000166398 0)
(0.200064 0.000169102 0)
(0.200067 0.000172049 0)
(0.200069 0.000174041 0)
(0.200071 0.000176339 0)
(0.2 4.19327e-06 0)
(0.200001 1.69344e-05 0)
(0.200004 3.007e-05 0)
(0.200007 4.24939e-05 0)
(0.200011 5.39312e-05 0)
(0.200015 6.42506e-05 0)
(0.20002 7.3211e-05 0)
(0.200024 8.11454e-05 0)
(0.200028 8.77659e-05 0)
(0.200032 9.37483e-05 0)
(0.200036 9.85744e-05 0)
(0.20004 0.000103106 0)
(0.200043 0.000106632 0)
(0.200046 0.000110096 0)
(0.200049 0.000112682 0)
(0.200051 0.000115351 0)
(0.200054 0.000117249 0)
(0.200056 0.00011932 0)
(0.200057 0.00012072 0)
(0.200059 0.000122336 0)
(0.2 2.44469e-06 0)
(0.200001 9.93827e-06 0)
(0.200003 1.76826e-05 0)
(0.200006 2.50166e-05 0)
(0.200009 3.17755e-05 0)
(0.200013 3.78791e-05 0)
(0.200017 4.31829e-05 0)
(0.200021 4.78833e-05 0)
(0.200024 5.18078e-05 0)
(0.200028 5.53574e-05 0)
(0.200031 5.82224e-05 0)
(0.200034 6.09147e-05 0)
(0.200037 6.3011e-05 0)
(0.20004 6.50722e-05 0)
(0.200042 6.66112e-05 0)
(0.200044 6.82005e-05 0)
(0.200046 6.93315e-05 0)
(0.200048 7.05655e-05 0)
(0.20005 7.14006e-05 0)
(0.200051 7.2364e-05 0)
(0.2 8.06797e-07 0)
(0.200001 3.29169e-06 0)
(0.200003 5.86293e-06 0)
(0.200005 8.29939e-06 0)
(0.200009 1.05458e-05 0)
(0.200012 1.25752e-05 0)
(0.200015 1.43392e-05 0)
(0.200019 1.59029e-05 0)
(0.200022 1.72088e-05 0)
(0.200026 1.83904e-05 0)
(0.200029 1.93443e-05 0)
(0.200031 2.02411e-05 0)
(0.200034 2.09395e-05 0)
(0.200037 2.16264e-05 0)
(0.200039 2.21393e-05 0)
(0.200041 2.26692e-05 0)
(0.200043 2.30464e-05 0)
(0.200044 2.3458e-05 0)
(0.200046 2.37365e-05 0)
(0.200047 2.40579e-05 0)
)
;

boundaryField
{
    top
    {
        type            fixedValue;
        value           uniform (0.2 0 0);
    }
    inlet
    {
        type            fixedValue;
        value           uniform (0.2 0 0);
    }
    outlet
    {
        type            zeroGradient;
    }
    plate
    {
        type            fixedValue;
        value           uniform (0 0 0);
    }
    symmBound
    {
        type            zeroGradient;
    }
    frontAndBack
    {
        type            empty;
    }
}


// ************************************************************************* //
