/*--------------------------------*- C++ -*----------------------------------*\
| =========                 |                                                 |
| \\      /  F ield         | OpenFOAM: The Open Source CFD Toolbox           |
|  \\    /   O peration     | Version:  1.4.1-dev                             |
|   \\  /    A nd           | Web:      http://www.openfoam.org               |
|    \\/     M anipulation  |                                                 |
\*---------------------------------------------------------------------------*/

FoamFile
{
    version 2.0;
    format ascii;

    root "/home/mjaworsk/OpenFOAM/mjaworsk-1.4.1-dev/run/FlatPlate-Blasius";
    case "icoHeatFoam-flatPlate2";
    instance "0.7";
    local "";

    class surfaceScalarField;
    object phi;
}

// * * * * * * * * * * * * * * * * * * * * * * * * * * * * * * * * * * * * * //

dimensions      [0 3 -1 0 0 0 0];

internalField   nonuniform List<scalar> 
4850
(
9.46194e-09
5.44579e-09
-1.49077e-08
5.66378e-09
3.79816e-09
3.85225e-09
1.81153e-09
2.99238e-09
8.59867e-10
2.52991e-09
4.6247e-10
2.24114e-09
2.88775e-10
2.03264e-09
2.08497e-10
1.86775e-09
1.64887e-10
1.73171e-09
1.36047e-10
1.61679e-09
1.14916e-10
1.51795e-09
9.88366e-11
1.43159e-09
8.63619e-11
1.35518e-09
7.64089e-11
1.28679e-09
6.83907e-11
1.22509e-09
6.17028e-11
1.16889e-09
5.62004e-11
1.11747e-09
5.1418e-11
1.06999e-09
4.74788e-11
1.02612e-09
4.38775e-11
9.85147e-10
4.09677e-11
9.47042e-10
3.81055e-11
9.11124e-10
3.59181e-11
8.77584e-10
3.35397e-11
8.45647e-10
3.19369e-11
8.15758e-10
2.98896e-11
7.8699e-10
2.87673e-11
7.60133e-10
2.68574e-11
7.33972e-10
2.61612e-11
7.09634e-10
2.43375e-11
6.85471e-10
2.41638e-11
6.63114e-10
2.23564e-11
6.40426e-10
2.26882e-11
6.1957e-10
2.08558e-11
5.98022e-10
2.1548e-11
2.17036e-11
1.62874e-08
6.12777e-09
-1.69694e-08
1.38761e-08
6.20947e-09
1.16157e-08
4.07193e-09
9.84696e-09
2.62858e-09
8.50616e-09
1.80328e-09
7.52889e-09
1.26604e-09
6.80855e-09
9.28836e-10
6.24787e-09
7.25565e-10
5.78953e-09
5.94386e-10
5.40337e-09
5.01083e-10
5.07152e-09
4.30687e-10
4.78175e-09
3.76128e-10
4.52551e-09
3.32647e-10
4.2963e-09
2.97598e-10
4.08958e-09
2.6843e-10
3.90141e-09
2.44366e-10
3.72928e-09
2.23546e-10
3.57048e-09
2.06279e-10
3.42372e-09
1.90635e-10
3.28686e-09
1.77834e-10
3.1595e-09
1.65459e-10
3.03961e-09
1.55812e-10
2.92755e-09
1.45597e-10
2.82101e-09
1.38475e-10
2.72125e-09
1.29658e-10
2.62542e-09
1.24593e-10
2.53591e-09
1.16371e-10
2.44877e-09
1.133e-10
2.36774e-09
1.0536e-10
2.28721e-09
1.04696e-10
2.21315e-09
9.64194e-11
2.13746e-09
9.83784e-11
2.06922e-09
8.90907e-11
1.9968e-09
9.39698e-11
8.98079e-11
1.91852e-08
5.39232e-09
-1.84498e-08
1.86306e-08
6.76404e-09
1.74054e-08
5.2972e-09
1.60654e-08
3.96856e-09
1.47031e-08
3.16554e-09
1.34384e-08
2.53079e-09
1.23503e-08
2.01694e-09
1.14334e-08
1.64245e-09
1.06535e-08
1.37426e-09
9.98074e-09
1.17385e-09
9.39328e-09
1.01815e-09
8.87442e-09
8.94981e-10
8.41174e-09
7.95327e-10
7.99525e-09
7.14094e-10
7.61775e-09
6.45933e-10
7.27283e-09
5.89285e-10
6.95631e-09
5.40062e-10
6.66362e-09
4.98974e-10
6.39254e-09
4.61714e-10
6.13937e-09
4.31006e-10
5.9034e-09
4.01421e-10
5.68107e-09
3.78151e-10
5.47297e-09
3.53694e-10
5.27505e-09
3.36394e-10
5.08954e-09
3.15166e-10
4.91139e-09
3.02747e-10
4.74484e-09
2.82914e-10
4.58268e-09
2.75464e-10
4.43187e-09
2.56171e-10
4.2819e-09
2.54663e-10
4.14428e-09
2.34044e-10
4.00336e-09
2.39295e-10
3.87723e-09
2.15221e-10
3.74238e-09
2.28815e-10
2.12936e-10
2.09463e-08
4.60706e-09
-2.0161e-08
2.12942e-08
6.41613e-09
2.09641e-08
5.62728e-09
2.03855e-08
4.54719e-09
1.96068e-08
3.94421e-09
1.86724e-08
3.46517e-09
1.76956e-08
2.99373e-09
1.67489e-08
2.58922e-09
1.58574e-08
2.26573e-09
1.50291e-08
2.00218e-09
1.42659e-08
1.7813e-09
1.35653e-08
1.59564e-09
1.29224e-08
1.43817e-09
1.23311e-08
1.30541e-09
1.17861e-08
1.19091e-09
1.12815e-08
1.09388e-09
1.08135e-08
1.00804e-09
1.0377e-08
9.3552e-10
9.96981e-09
8.68896e-10
9.58723e-09
8.13586e-10
9.22888e-09
7.59778e-10
8.88975e-09
7.17282e-10
8.57119e-09
6.72251e-10
8.26727e-09
6.40312e-10
7.98169e-09
6.00743e-10
7.70685e-09
5.77595e-10
7.44943e-09
5.4033e-10
7.19836e-09
5.26536e-10
6.96455e-09
4.89978e-10
6.73181e-09
4.874e-10
6.51816e-09
4.47703e-10
6.29934e-09
4.58107e-10
6.10367e-09
4.10895e-10
5.89467e-09
4.37813e-10
4.0146e-10
2.26276e-08
4.03622e-09
-2.20568e-08
2.3225e-08
5.8187e-09
2.33156e-08
5.53676e-09
2.32069e-08
4.65584e-09
2.29647e-08
4.1864e-09
2.25346e-08
3.89525e-09
2.19583e-08
3.57011e-09
2.13007e-08
3.24682e-09
2.05983e-08
2.96808e-09
1.98723e-08
2.72821e-09
1.91412e-08
2.51237e-09
1.84195e-08
2.3173e-09
1.7718e-08
2.13968e-09
1.70421e-08
1.98134e-09
1.63958e-08
1.8372e-09
1.57792e-08
1.71049e-09
1.51935e-08
1.59376e-09
1.4636e-08
1.49299e-09
1.41075e-08
1.39737e-09
1.3604e-08
1.31717e-09
1.31269e-08
1.23686e-09
1.26708e-08
1.17341e-09
1.22388e-08
1.10419e-09
1.18236e-08
1.05555e-09
1.14311e-08
9.93204e-10
1.10512e-08
9.57481e-10
1.06939e-08
8.97637e-10
1.0344e-08
8.7652e-10
1.0017e-08
8.16944e-10
9.69057e-09
8.13817e-10
9.39011e-09
7.48163e-10
9.08212e-09
7.66097e-10
8.80597e-09
6.87045e-10
8.5118e-09
7.31981e-10
6.65525e-10
2.44709e-08
3.64278e-09
-2.40774e-08
2.50856e-08
5.20394e-09
2.53255e-08
5.29692e-09
2.53829e-08
4.59844e-09
2.54042e-08
4.16511e-09
2.53173e-08
3.98216e-09
2.50981e-08
3.7893e-09
2.47801e-08
3.56476e-09
2.43876e-08
3.36065e-09
2.39292e-08
3.18655e-09
2.34153e-08
3.02626e-09
2.28578e-08
2.8748e-09
2.22703e-08
2.72716e-09
2.16633e-08
2.58843e-09
2.10475e-08
2.45294e-09
2.04294e-08
2.32862e-09
1.98169e-08
2.20621e-09
1.92123e-08
2.09762e-09
1.86217e-08
1.98794e-09
1.80439e-08
1.89504e-09
1.74846e-08
1.79615e-09
1.69393e-08
1.71872e-09
1.64149e-08
1.6286e-09
1.59032e-08
1.5672e-09
1.54141e-08
1.4823e-09
1.49353e-08
1.43633e-09
1.44811e-08
1.35177e-09
1.40325e-08
1.32514e-09
1.36108e-08
1.23868e-09
1.31871e-08
1.23744e-09
1.2795e-08
1.14034e-09
1.23917e-08
1.16938e-09
1.20279e-08
1.05088e-09
1.16411e-08
1.11871e-09
1.01298e-09
2.64898e-08
3.36334e-09
-2.62104e-08
2.7057e-08
4.6368e-09
2.73643e-08
4.9896e-09
2.74635e-08
4.49918e-09
2.75576e-08
4.07106e-09
2.76196e-08
3.92012e-09
2.7597e-08
3.8119e-09
2.74997e-08
3.6621e-09
2.73468e-08
3.51354e-09
2.71391e-08
3.39426e-09
2.68745e-08
3.29089e-09
2.65529e-08
3.19638e-09
2.61798e-08
3.10023e-09
2.57593e-08
3.00894e-09
2.52996e-08
2.91265e-09
2.48052e-08
2.82303e-09
2.42856e-08
2.72577e-09
2.37441e-08
2.63914e-09
2.31906e-08
2.54139e-09
2.26257e-08
2.45991e-09
2.206e-08
2.36188e-09
2.14901e-08
2.28859e-09
2.09279e-08
2.19081e-09
2.03653e-08
2.12979e-09
1.98172e-08
2.03048e-09
1.92697e-08
1.98381e-09
1.8743e-08
1.87848e-09
1.82148e-08
1.85332e-09
1.77129e-08
1.74057e-09
1.72031e-08
1.74723e-09
1.67265e-08
1.61699e-09
1.62328e-08
1.663e-09
1.57827e-08
1.50105e-09
1.53044e-08
1.59701e-09
1.44583e-09
2.86831e-08
3.14723e-09
-2.8467e-08
2.91745e-08
4.1454e-09
2.95247e-08
4.63941e-09
2.96515e-08
4.37239e-09
2.97492e-08
3.97335e-09
2.98542e-08
3.81508e-09
2.99133e-08
3.75286e-09
2.99174e-08
3.65798e-09
2.98871e-08
3.54382e-09
2.98272e-08
3.45411e-09
2.97336e-08
3.38457e-09
2.95991e-08
3.33089e-09
2.94229e-08
3.27643e-09
2.92015e-08
3.23033e-09
2.89373e-08
3.17685e-09
2.86279e-08
3.13242e-09
2.8279e-08
3.07471e-09
2.78888e-08
3.02932e-09
2.74663e-08
2.96388e-09
2.70093e-08
2.91695e-09
2.65297e-08
2.84144e-09
2.60231e-08
2.79521e-09
2.55046e-08
2.7093e-09
2.49653e-08
2.66907e-09
2.44245e-08
2.57127e-09
2.38672e-08
2.5411e-09
2.3319e-08
2.42671e-09
2.27557e-08
2.41662e-09
2.22112e-08
2.28503e-09
2.16481e-08
2.31034e-09
2.11133e-08
2.15182e-09
2.05524e-08
2.22385e-09
2.0032e-08
2.02149e-09
1.94778e-08
2.1512e-09
1.95526e-09
3.10605e-08
2.96083e-09
-3.08741e-08
3.14668e-08
3.73911e-09
3.18337e-08
4.27252e-09
3.19981e-08
4.20793e-09
3.20906e-08
3.88085e-09
3.21995e-08
3.70619e-09
3.22903e-08
3.66212e-09
3.23366e-08
3.61169e-09
3.23548e-08
3.52561e-09
3.23574e-08
3.45147e-09
3.23461e-08
3.3959e-09
3.23135e-08
3.36348e-09
3.22583e-08
3.33158e-09
3.21745e-08
3.31419e-09
3.20624e-08
3.2889e-09
3.1915e-08
3.27985e-09
3.17346e-08
3.25511e-09
3.15137e-08
3.25024e-09
3.1258e-08
3.21955e-09
3.09596e-08
3.21534e-09
3.06286e-08
3.1724e-09
3.02559e-08
3.16797e-09
2.98564e-08
3.10874e-09
2.9418e-08
3.10752e-09
2.89613e-08
3.02794e-09
2.84689e-08
3.03349e-09
2.79692e-08
2.92645e-09
2.74368e-08
2.94899e-09
2.69093e-08
2.81256e-09
2.63489e-08
2.87073e-09
2.58042e-08
2.69657e-09
2.52219e-08
2.80607e-09
2.46668e-08
2.57662e-09
2.40725e-08
2.74552e-09
2.51649e-09
3.36396e-08
2.78879e-09
-3.34676e-08
3.3969e-08
3.40973e-09
3.43242e-08
3.91731e-09
3.45267e-08
4.00543e-09
3.46234e-08
3.78414e-09
3.47241e-08
3.60556e-09
3.48265e-08
3.55965e-09
3.48952e-08
3.54306e-09
3.4934e-08
3.48673e-09
3.49585e-08
3.42702e-09
3.49777e-08
3.37669e-09
3.49868e-08
3.3544e-09
3.49865e-08
3.3318e-09
3.49713e-08
3.32948e-09
3.49434e-08
3.31671e-09
3.48951e-08
3.32817e-09
3.48292e-08
3.32103e-09
3.47353e-08
3.34411e-09
3.46183e-08
3.33659e-09
3.44659e-08
3.36777e-09
3.42862e-08
3.35204e-09
3.40653e-08
3.3889e-09
3.38161e-08
3.35795e-09
3.35218e-08
3.40178e-09
3.32014e-08
3.34839e-09
3.28339e-08
3.40099e-09
3.24459e-08
3.31449e-09
3.20114e-08
3.38344e-09
3.1566e-08
3.258e-09
3.10756e-08
3.36113e-09
3.05828e-08
3.1893e-09
3.0043e-08
3.34587e-09
2.95067e-08
3.11295e-09
2.89277e-08
3.3245e-09
3.08674e-09
3.64439e-08
2.62813e-09
-3.62832e-08
3.67134e-08
3.14017e-09
3.70366e-08
3.59416e-09
3.72645e-08
3.77752e-09
3.73773e-08
3.67134e-09
3.74687e-08
3.51412e-09
3.75714e-08
3.457e-09
3.76541e-08
3.46034e-09
3.7707e-08
3.43385e-09
3.77406e-08
3.39336e-09
3.77699e-08
3.3474e-09
3.77931e-08
3.33119e-09
3.78129e-08
3.31201e-09
3.7824e-08
3.31843e-09
3.78313e-08
3.30942e-09
3.78279e-08
3.33154e-09
3.7819e-08
3.32989e-09
3.77947e-08
3.36845e-09
3.77609e-08
3.37041e-09
3.77046e-08
3.42399e-09
3.7634e-08
3.42274e-09
3.75331e-08
3.48978e-09
3.74131e-08
3.47792e-09
3.72554e-08
3.55949e-09
3.70751e-08
3.52871e-09
3.68501e-08
3.62595e-09
3.66008e-08
3.56381e-09
3.63031e-08
3.68112e-09
3.59834e-08
3.57773e-09
3.56162e-08
3.7283e-09
3.52295e-08
3.57599e-09
3.4795e-08
3.7804e-09
3.43356e-08
3.5723e-09
3.38352e-08
3.82494e-09
3.61133e-09
3.94983e-08
2.48002e-09
-3.93502e-08
3.97247e-08
2.91375e-09
4.00079e-08
3.31104e-09
4.02439e-08
3.54152e-09
4.03788e-08
3.53641e-09
4.04669e-08
3.42598e-09
4.0563e-08
3.36095e-09
4.06526e-08
3.37072e-09
4.07176e-08
3.36888e-09
4.07586e-08
3.35235e-09
4.0792e-08
3.31395e-09
4.08199e-08
3.30334e-09
4.08463e-08
3.28557e-09
4.08661e-08
3.29868e-09
4.08849e-08
3.29062e-09
4.08971e-08
3.31927e-09
4.09094e-08
3.31763e-09
4.09135e-08
3.36433e-09
4.09165e-08
3.36745e-09
4.09075e-08
3.43297e-09
4.08945e-08
3.43574e-09
4.0864e-08
3.52025e-09
4.08255e-08
3.51649e-09
4.07628e-08
3.62217e-09
4.06867e-08
3.60475e-09
4.05791e-08
3.73355e-09
4.04514e-08
3.69156e-09
4.02864e-08
3.84608e-09
4.0096e-08
3.76821e-09
3.98685e-08
3.95577e-09
3.96105e-08
3.83395e-09
3.93171e-08
4.07379e-09
3.89759e-08
3.91349e-09
3.86025e-08
4.19839e-09
4.03965e-09
4.28252e-08
2.34507e-09
-4.26903e-08
4.30204e-08
2.71856e-09
4.32653e-08
3.06616e-09
4.34949e-08
3.31194e-09
4.365e-08
3.38133e-09
4.37436e-08
3.33229e-09
4.38324e-08
3.27221e-09
4.39226e-08
3.28049e-09
4.39971e-08
3.29442e-09
4.40466e-08
3.30287e-09
4.40837e-08
3.27684e-09
4.41137e-08
3.27326e-09
4.41426e-08
3.25675e-09
4.41656e-08
3.2756e-09
4.41877e-08
3.2686e-09
4.42045e-08
3.30242e-09
4.42221e-08
3.3e-09
4.4235e-08
3.35144e-09
4.42492e-08
3.35327e-09
4.42576e-08
3.42462e-09
4.42664e-08
3.42696e-09
4.4267e-08
3.51965e-09
4.42658e-08
3.51767e-09
4.42531e-08
3.63481e-09
4.42344e-08
3.62352e-09
4.42e-08
3.76795e-09
4.41513e-08
3.74021e-09
4.40834e-08
3.91401e-09
4.39914e-08
3.86017e-09
4.38813e-08
4.0659e-09
4.37371e-08
3.97809e-09
4.35793e-08
4.2316e-09
4.33641e-08
4.12873e-09
4.31312e-08
4.43125e-09
4.34443e-09
4.64432e-08
2.22255e-09
-4.63207e-08
4.66145e-08
2.54726e-09
4.68272e-08
2.85345e-09
4.7042e-08
3.09715e-09
4.72094e-08
3.21398e-09
4.7316e-08
3.22571e-09
4.74018e-08
3.18638e-09
4.74891e-08
3.19315e-09
4.75694e-08
3.2141e-09
4.76284e-08
3.24392e-09
4.76709e-08
3.23435e-09
4.77038e-08
3.24038e-09
4.7734e-08
3.22647e-09
4.77596e-08
3.25008e-09
4.77829e-08
3.24529e-09
4.78018e-08
3.28353e-09
4.78199e-08
3.28182e-09
4.78351e-08
3.33624e-09
4.78507e-08
3.33776e-09
4.78637e-08
3.41157e-09
4.7877e-08
3.41364e-09
4.78878e-08
3.50889e-09
4.78978e-08
3.50769e-09
4.7905e-08
3.62758e-09
4.79083e-08
3.62021e-09
4.79088e-08
3.7675e-09
4.78979e-08
3.75102e-09
4.78844e-08
3.92756e-09
4.78494e-08
3.89522e-09
4.78144e-08
4.1008e-09
4.7747e-08
4.04553e-09
4.7687e-08
4.29157e-09
4.75739e-08
4.24189e-09
4.74586e-08
4.54654e-09
4.53106e-09
5.03701e-08
2.11126e-09
-5.02588e-08
5.0522e-08
2.39539e-09
5.07088e-08
2.66664e-09
5.09059e-08
2.90001e-09
5.10769e-08
3.04305e-09
5.11982e-08
3.10432e-09
5.12876e-08
3.09707e-09
5.13722e-08
3.10852e-09
5.14549e-08
3.13142e-09
5.15227e-08
3.17608e-09
5.15727e-08
3.18432e-09
5.16104e-08
3.20272e-09
5.16428e-08
3.19408e-09
5.16713e-08
3.2216e-09
5.16962e-08
3.22036e-09
5.17175e-08
3.26221e-09
5.17359e-08
3.2634e-09
5.17526e-08
3.31962e-09
5.17673e-08
3.32302e-09
5.17816e-08
3.39725e-09
5.17942e-08
3.4011e-09
5.18073e-08
3.49571e-09
5.1818e-08
3.49705e-09
5.18309e-08
3.61464e-09
5.18387e-08
3.61241e-09
5.18514e-08
3.7548e-09
5.1853e-08
3.74947e-09
5.18622e-08
3.9183e-09
5.1852e-08
3.90549e-09
5.18533e-08
4.09944e-09
5.18257e-08
4.07316e-09
5.1818e-08
4.2993e-09
5.17688e-08
4.2911e-09
5.17292e-08
4.5861e-09
4.62939e-09
5.46264e-08
2.01011e-09
-5.45252e-08
5.47618e-08
2.25992e-09
5.49275e-08
2.50096e-09
5.51073e-08
2.7202e-09
5.52753e-08
2.87513e-09
5.54082e-08
2.9714e-09
5.5506e-08
2.99923e-09
5.55908e-08
3.0237e-09
5.56738e-08
3.0485e-09
5.57484e-08
3.10148e-09
5.58069e-08
3.12572e-09
5.58517e-08
3.15801e-09
5.58877e-08
3.15805e-09
5.59199e-08
3.18938e-09
5.59474e-08
3.19286e-09
5.59722e-08
3.23745e-09
5.59921e-08
3.24348e-09
5.60109e-08
3.3008e-09
5.60258e-08
3.30817e-09
5.60413e-08
3.3817e-09
5.6053e-08
3.38939e-09
5.6067e-08
3.4817e-09
5.60764e-08
3.48771e-09
5.60905e-08
3.60053e-09
5.60975e-08
3.60539e-09
5.61129e-08
3.73938e-09
5.61165e-08
3.74586e-09
5.61321e-08
3.90272e-09
5.61299e-08
3.90771e-09
5.61433e-08
4.08602e-09
5.61317e-08
4.08476e-09
5.61427e-08
4.28826e-09
5.61238e-08
4.31003e-09
5.61212e-08
4.5887e-09
4.67533e-09
5.92365e-08
1.91828e-09
-5.91447e-08
5.93579e-08
2.13853e-09
5.95059e-08
2.35292e-09
5.96699e-08
2.55625e-09
5.98309e-08
2.7141e-09
5.99699e-08
2.83241e-09
6.0078e-08
2.8912e-09
6.01667e-08
2.93498e-09
6.02497e-08
2.96547e-09
6.03285e-08
3.02264e-09
6.0395e-08
3.05929e-09
6.04481e-08
3.10484e-09
6.04896e-08
3.11656e-09
6.05265e-08
3.15255e-09
6.05575e-08
3.16183e-09
6.05864e-08
3.20855e-09
6.06092e-08
3.22065e-09
6.06312e-08
3.27885e-09
6.06477e-08
3.29168e-09
6.06653e-08
3.36411e-09
6.06775e-08
3.3771e-09
6.06928e-08
3.46641e-09
6.07019e-08
3.47866e-09
6.07167e-08
3.58573e-09
6.0723e-08
3.59906e-09
6.07387e-08
3.72375e-09
6.07423e-08
3.74221e-09
6.07583e-08
3.88668e-09
6.07584e-08
3.90766e-09
6.07736e-08
4.07083e-09
6.07673e-08
4.09108e-09
6.07808e-08
4.27468e-09
6.07718e-08
4.31906e-09
6.07819e-08
4.57866e-09
4.69618e-09
6.42288e-08
1.83499e-09
-6.41456e-08
6.43381e-08
2.02924e-09
6.44713e-08
2.21976e-09
6.4621e-08
2.40651e-09
6.47733e-08
2.56179e-09
6.49135e-08
2.69221e-09
6.503e-08
2.77478e-09
6.51253e-08
2.83958e-09
6.521e-08
2.88082e-09
6.52913e-08
2.9413e-09
6.53638e-08
2.98679e-09
6.54255e-08
3.04319e-09
6.5474e-08
3.06806e-09
6.55163e-08
3.11019e-09
6.55517e-08
3.12649e-09
6.55851e-08
3.17513e-09
6.56119e-08
3.19388e-09
6.56377e-08
3.25302e-09
6.56571e-08
3.2723e-09
6.56775e-08
3.34365e-09
6.56917e-08
3.36294e-09
6.57091e-08
3.44901e-09
6.57192e-08
3.46853e-09
6.57354e-08
3.56958e-09
6.57423e-08
3.59211e-09
6.57583e-08
3.70775e-09
6.57627e-08
3.73788e-09
6.57783e-08
3.871e-09
6.57797e-08
3.90631e-09
6.57941e-08
4.05639e-09
6.57899e-08
4.09527e-09
6.58016e-08
4.26303e-09
6.57942e-08
4.32643e-09
6.58061e-08
4.56683e-09
4.70674e-09
6.96346e-08
1.75914e-09
-6.95588e-08
6.97337e-08
1.93014e-09
6.98543e-08
2.09918e-09
6.99914e-08
2.26935e-09
7.01345e-08
2.41876e-09
7.02725e-08
2.55423e-09
7.03939e-08
2.65333e-09
7.04967e-08
2.73679e-09
7.05851e-08
2.79241e-09
7.06686e-08
2.85777e-09
7.07454e-08
2.91002e-09
7.08144e-08
2.9742e-09
7.08706e-08
3.01183e-09
7.09195e-08
3.06135e-09
7.09599e-08
3.08607e-09
7.09981e-08
3.1369e-09
7.10294e-08
3.16262e-09
7.10596e-08
3.22277e-09
7.10827e-08
3.24919e-09
7.11067e-08
3.31964e-09
7.11236e-08
3.34604e-09
7.11439e-08
3.42877e-09
7.11561e-08
3.45633e-09
7.11743e-08
3.55137e-09
7.1183e-08
3.58344e-09
7.12e-08
3.69067e-09
7.1206e-08
3.73197e-09
7.12218e-08
3.85512e-09
7.12249e-08
3.90327e-09
7.12388e-08
4.0425e-09
7.12365e-08
4.09755e-09
7.12463e-08
4.25318e-09
7.12393e-08
4.33348e-09
7.12496e-08
4.55648e-09
4.71291e-09
7.54875e-08
1.68904e-09
-7.54174e-08
7.55784e-08
1.83929e-09
7.56884e-08
1.98913e-09
7.58146e-08
2.14316e-09
7.59485e-08
2.28486e-09
7.60822e-08
2.42053e-09
7.62055e-08
2.53005e-09
7.63145e-08
2.62782e-09
7.64082e-08
2.69865e-09
7.64948e-08
2.77126e-09
7.65748e-08
2.82997e-09
7.66496e-08
2.89941e-09
7.67133e-08
2.94814e-09
7.67693e-08
3.0053e-09
7.68157e-08
3.03973e-09
7.68591e-08
3.09347e-09
7.68952e-08
3.12649e-09
7.69303e-08
3.18772e-09
7.69577e-08
3.22177e-09
7.69858e-08
3.29153e-09
7.70062e-08
3.32572e-09
7.70297e-08
3.40523e-09
7.70447e-08
3.44129e-09
7.70655e-08
3.53065e-09
7.70767e-08
3.57224e-09
7.70953e-08
3.67198e-09
7.71036e-08
3.7237e-09
7.71202e-08
3.8385e-09
7.71256e-08
3.89796e-09
7.71394e-08
4.02866e-09
7.71395e-08
4.09742e-09
7.71484e-08
4.24427e-09
7.71427e-08
4.3392e-09
7.71513e-08
4.54793e-09
4.71645e-09
8.1824e-08
1.62233e-09
-8.17573e-08
8.19086e-08
1.75469e-09
8.201e-08
1.88772e-09
8.21267e-08
2.02647e-09
8.2252e-08
2.15955e-09
8.23803e-08
2.29216e-09
8.25031e-08
2.40733e-09
8.26161e-08
2.51479e-09
8.27155e-08
2.59922e-09
8.28062e-08
2.68053e-09
8.28896e-08
2.74666e-09
8.29689e-08
2.82003e-09
8.30392e-08
2.87788e-09
8.31026e-08
2.9419e-09
8.31556e-08
2.98669e-09
8.32048e-08
3.04431e-09
8.32462e-08
3.08507e-09
8.32863e-08
3.1476e-09
8.33186e-08
3.18949e-09
8.33512e-08
3.25893e-09
8.33757e-08
3.30126e-09
8.34028e-08
3.37809e-09
8.34214e-08
3.42265e-09
8.34449e-08
3.50716e-09
8.34594e-08
3.55779e-09
8.34799e-08
3.65144e-09
8.34912e-08
3.71239e-09
8.35089e-08
3.82084e-09
8.3517e-08
3.88982e-09
8.35312e-08
4.01452e-09
8.35343e-08
4.09435e-09
8.35428e-08
4.23568e-09
8.35396e-08
4.34249e-09
8.35469e-08
4.54063e-09
4.71775e-09
8.86828e-08
1.55647e-09
-8.86169e-08
8.87631e-08
1.67432e-09
8.88578e-08
1.79309e-09
8.89662e-08
1.91804e-09
8.90837e-08
2.04203e-09
8.92064e-08
2.16954e-09
8.9327e-08
2.28673e-09
8.9442e-08
2.39975e-09
8.95463e-08
2.49493e-09
8.9642e-08
2.58482e-09
8.97293e-08
2.65938e-09
8.98126e-08
2.73665e-09
8.98885e-08
2.80198e-09
8.99588e-08
2.87167e-09
9.0019e-08
2.92644e-09
9.00745e-08
2.98887e-09
9.01217e-08
3.03779e-09
9.01671e-08
3.1022e-09
9.02048e-08
3.15182e-09
9.02422e-08
3.22157e-09
9.02715e-08
3.2719e-09
9.03026e-08
3.34705e-09
9.03255e-08
3.39967e-09
9.0352e-08
3.48067e-09
9.03705e-08
3.53935e-09
9.0393e-08
3.62886e-09
9.0408e-08
3.69742e-09
9.0427e-08
3.80184e-09
9.04384e-08
3.87842e-09
9.04531e-08
3.9998e-09
9.04595e-08
4.08797e-09
9.04683e-08
4.2269e-09
9.0468e-08
4.34274e-09
9.04749e-08
4.53376e-09
4.71681e-09
9.61059e-08
1.48957e-09
-9.6039e-08
9.6184e-08
1.5962e-09
9.62736e-08
1.70347e-09
9.63751e-08
1.81652e-09
9.64857e-08
1.93149e-09
9.66026e-08
2.05265e-09
9.67202e-08
2.16912e-09
9.68355e-08
2.2844e-09
9.69434e-08
2.38707e-09
9.7044e-08
2.48425e-09
9.7136e-08
2.56739e-09
9.72234e-08
2.64921e-09
9.73043e-08
2.72107e-09
9.73806e-08
2.7954e-09
9.7448e-08
2.85898e-09
9.75102e-08
2.92676e-09
9.7564e-08
2.984e-09
9.76149e-08
3.05123e-09
9.76585e-08
3.10823e-09
9.77009e-08
3.17921e-09
9.77358e-08
3.23694e-09
9.77711e-08
3.31176e-09
9.77992e-08
3.37162e-09
9.78289e-08
3.45089e-09
9.7852e-08
3.51627e-09
9.7877e-08
3.60388e-09
9.7896e-08
3.6784e-09
9.79169e-08
3.78101e-09
9.79318e-08
3.86343e-09
9.79476e-08
3.98405e-09
9.79575e-08
4.07812e-09
9.79671e-08
4.21722e-09
9.79701e-08
4.3398e-09
9.79774e-08
4.52639e-09
4.71348e-09
1.04139e-07
1.42064e-09
-1.0407e-07
1.04216e-07
1.51893e-09
1.04303e-07
1.61728e-09
1.04399e-07
1.72049e-09
1.04503e-07
1.82703e-09
1.04615e-07
1.94117e-09
1.04729e-07
2.05493e-09
1.04843e-07
2.16992e-09
1.04953e-07
2.277e-09
1.05058e-07
2.37956e-09
1.05155e-07
2.47038e-09
1.05247e-07
2.55736e-09
1.05333e-07
2.63533e-09
1.05414e-07
2.71378e-09
1.05488e-07
2.78471e-09
1.05557e-07
2.8579e-09
1.05618e-07
2.92317e-09
1.05675e-07
2.99434e-09
1.05725e-07
3.05824e-09
1.05773e-07
3.13154e-09
1.05814e-07
3.19581e-09
1.05854e-07
3.27177e-09
1.05888e-07
3.33789e-09
1.05921e-07
3.41736e-09
1.05949e-07
3.48812e-09
1.05977e-07
3.57582e-09
1.06001e-07
3.65508e-09
1.06024e-07
3.75776e-09
1.06043e-07
3.84455e-09
1.0606e-07
3.96659e-09
1.06073e-07
4.06481e-09
1.06085e-07
4.20581e-09
1.06091e-07
4.33361e-09
1.061e-07
4.51757e-09
4.70744e-09
1.12832e-07
1.34959e-09
-1.12761e-07
1.12909e-07
1.44187e-09
1.12994e-07
1.53324e-09
1.13086e-07
1.62848e-09
1.13185e-07
1.7276e-09
1.13292e-07
1.83461e-09
1.13402e-07
1.94426e-09
1.13515e-07
2.05712e-09
1.13626e-07
2.16596e-09
1.13734e-07
2.27185e-09
1.13835e-07
2.36871e-09
1.13932e-07
2.46082e-09
1.14023e-07
2.54464e-09
1.14109e-07
2.62723e-09
1.1419e-07
2.70417e-09
1.14265e-07
2.78254e-09
1.14333e-07
2.85506e-09
1.14396e-07
2.93111e-09
1.14453e-07
3.00144e-09
1.14507e-07
3.07817e-09
1.14554e-07
3.14819e-09
1.14599e-07
3.22649e-09
1.14639e-07
3.29804e-09
1.14677e-07
3.37939e-09
1.14711e-07
3.4547e-09
1.14743e-07
3.54389e-09
1.14771e-07
3.62714e-09
1.14797e-07
3.73146e-09
1.1482e-07
3.82163e-09
1.1484e-07
3.9465e-09
1.14857e-07
4.0481e-09
1.14871e-07
4.19184e-09
1.1488e-07
4.324e-09
1.14891e-07
4.50645e-09
4.69822e-09
1.2224e-07
1.27725e-09
-1.22168e-07
1.22317e-07
1.36476e-09
1.224e-07
1.45041e-09
1.2249e-07
1.53918e-09
1.22585e-07
1.63194e-09
1.22688e-07
1.73228e-09
1.22795e-07
1.83704e-09
1.22905e-07
1.94651e-09
1.23016e-07
2.05498e-09
1.23126e-07
2.16229e-09
1.23231e-07
2.2632e-09
1.23332e-07
2.3598e-09
1.23428e-07
2.44892e-09
1.2352e-07
2.53585e-09
1.23606e-07
2.61786e-09
1.23687e-07
2.70108e-09
1.23763e-07
2.77986e-09
1.23832e-07
2.86124e-09
1.23896e-07
2.93761e-09
1.23956e-07
3.01857e-09
1.2401e-07
3.09389e-09
1.24061e-07
3.17538e-09
1.24108e-07
3.25177e-09
1.24151e-07
3.33622e-09
1.2419e-07
3.41582e-09
1.24226e-07
3.50745e-09
1.24259e-07
3.59422e-09
1.24289e-07
3.7014e-09
1.24316e-07
3.79467e-09
1.2434e-07
3.92278e-09
1.2436e-07
4.02781e-09
1.24377e-07
4.17471e-09
1.2439e-07
4.3106e-09
1.24405e-07
4.49227e-09
4.68524e-09
1.32421e-07
1.20517e-09
-1.32349e-07
1.32499e-07
1.28715e-09
1.32581e-07
1.368e-09
1.32669e-07
1.45141e-09
1.32762e-07
1.53869e-09
1.32861e-07
1.63316e-09
1.32965e-07
1.73292e-09
1.33074e-07
1.83834e-09
1.33184e-07
1.94487e-09
1.33294e-07
2.05197e-09
1.33402e-07
2.15496e-09
1.33507e-07
2.25487e-09
1.33608e-07
2.34843e-09
1.33704e-07
2.43964e-09
1.33795e-07
2.52624e-09
1.33883e-07
2.61389e-09
1.33964e-07
2.69805e-09
1.34041e-07
2.78465e-09
1.34112e-07
2.8667e-09
1.34178e-07
2.95236e-09
1.34239e-07
3.03268e-09
1.34297e-07
3.11809e-09
1.3435e-07
3.19886e-09
1.34399e-07
3.28723e-09
1.34443e-07
3.37117e-09
1.34485e-07
3.466e-09
1.34523e-07
3.55598e-09
1.34558e-07
3.66672e-09
1.34589e-07
3.76359e-09
1.34617e-07
3.89482e-09
1.34641e-07
4.00333e-09
1.34662e-07
4.15402e-09
1.34679e-07
4.293e-09
1.34698e-07
4.47417e-09
4.668e-09
1.43437e-07
1.1345e-09
-1.43366e-07
1.43515e-07
1.20901e-09
1.43598e-07
1.2851e-09
1.43685e-07
1.3638e-09
1.43778e-07
1.44641e-09
1.43875e-07
1.53594e-09
1.43977e-07
1.63108e-09
1.44083e-07
1.73233e-09
1.44192e-07
1.83603e-09
1.44302e-07
1.94164e-09
1.44412e-07
2.04507e-09
1.4452e-07
2.14685e-09
1.44625e-07
2.24377e-09
1.44725e-07
2.33879e-09
1.44822e-07
2.4296e-09
1.44915e-07
2.52138e-09
1.45002e-07
2.61012e-09
1.45085e-07
2.70162e-09
1.45163e-07
2.78872e-09
1.45236e-07
2.87941e-09
1.45305e-07
2.96437e-09
1.45369e-07
3.05431e-09
1.45428e-07
3.1392e-09
1.45483e-07
3.23194e-09
1.45534e-07
3.32036e-09
1.45581e-07
3.41907e-09
1.45625e-07
3.51222e-09
1.45665e-07
3.62675e-09
1.45701e-07
3.72786e-09
1.45733e-07
3.86237e-09
1.45762e-07
3.97399e-09
1.45787e-07
4.12912e-09
1.45809e-07
4.27088e-09
1.45832e-07
4.45133e-09
4.64594e-09
1.55356e-07
1.06478e-09
-1.55287e-07
1.55434e-07
1.13128e-09
1.55518e-07
1.20142e-09
1.55606e-07
1.27541e-09
1.55699e-07
1.35396e-09
1.55795e-07
1.43926e-09
1.55896e-07
1.53038e-09
1.56001e-07
1.62773e-09
1.56108e-07
1.72835e-09
1.56218e-07
1.83163e-09
1.56329e-07
1.93431e-09
1.56439e-07
2.03661e-09
1.56548e-07
2.1357e-09
1.56653e-07
2.23375e-09
1.56754e-07
2.32824e-09
1.56851e-07
2.42384e-09
1.56945e-07
2.51651e-09
1.57034e-07
2.61248e-09
1.57119e-07
2.70399e-09
1.57199e-07
2.79965e-09
1.57274e-07
2.88901e-09
1.57345e-07
2.98373e-09
1.57411e-07
3.07279e-09
1.57473e-07
3.17007e-09
1.5753e-07
3.26301e-09
1.57583e-07
3.36613e-09
1.57633e-07
3.46274e-09
1.57678e-07
3.58104e-09
1.57719e-07
3.68688e-09
1.57757e-07
3.82494e-09
1.57791e-07
3.93968e-09
1.57821e-07
4.09903e-09
1.57848e-07
4.24378e-09
1.57876e-07
4.42338e-09
4.61804e-09
1.68259e-07
9.9314e-10
-1.68187e-07
1.68334e-07
1.05605e-09
1.68417e-07
1.11884e-09
1.68505e-07
1.18685e-09
1.68599e-07
1.2607e-09
1.68696e-07
1.34175e-09
1.68797e-07
1.42927e-09
1.68902e-07
1.52318e-09
1.69009e-07
1.62136e-09
1.69118e-07
1.72219e-09
1.69229e-07
1.8235e-09
1.6934e-07
1.92522e-09
1.69451e-07
2.02533e-09
1.69559e-07
2.12525e-09
1.69665e-07
2.22263e-09
1.69767e-07
2.32145e-09
1.69866e-07
2.4176e-09
1.69961e-07
2.51749e-09
1.70052e-07
2.61297e-09
1.70139e-07
2.7132e-09
1.70221e-07
2.80676e-09
1.70298e-07
2.90625e-09
1.70372e-07
2.9995e-09
1.7044e-07
3.10145e-09
1.70504e-07
3.1989e-09
1.70564e-07
3.30655e-09
1.70619e-07
3.40736e-09
1.70671e-07
3.52908e-09
1.70718e-07
3.64027e-09
1.70761e-07
3.78152e-09
1.70801e-07
3.90032e-09
1.70837e-07
4.06285e-09
1.7087e-07
4.21062e-09
1.70902e-07
4.39093e-09
4.5825e-09
6.55335e-07
7.15986e-10
-6.55058e-07
6.55607e-07
7.84112e-10
6.55874e-07
8.51813e-10
6.56142e-07
9.19244e-10
6.56415e-07
9.87954e-10
6.56699e-07
1.05757e-09
6.56999e-07
1.12946e-09
6.57318e-07
1.20344e-09
6.57657e-07
1.28267e-09
6.58012e-07
1.36714e-09
6.58377e-07
1.45809e-09
6.5875e-07
1.55303e-09
6.59123e-07
1.65196e-09
6.59495e-07
1.75344e-09
6.59861e-07
1.85599e-09
6.60222e-07
1.96091e-09
6.60576e-07
2.06392e-09
6.60922e-07
2.17144e-09
6.6126e-07
2.27439e-09
6.61588e-07
2.38517e-09
6.61907e-07
2.48851e-09
6.62211e-07
2.60235e-09
6.62502e-07
2.70777e-09
6.62778e-07
2.82532e-09
6.6304e-07
2.93719e-09
6.63287e-07
3.05932e-09
6.63516e-07
3.17871e-09
6.63735e-07
3.30961e-09
6.63935e-07
3.44027e-09
6.64127e-07
3.58973e-09
6.64301e-07
3.72694e-09
6.64469e-07
3.89445e-09
6.6463e-07
4.04986e-09
6.64789e-07
4.2321e-09
4.40559e-09
7.09083e-07
5.19845e-10
-7.08887e-07
7.0929e-07
5.76683e-10
7.09508e-07
6.34295e-10
7.09733e-07
6.93919e-10
7.09966e-07
7.55381e-10
7.10207e-07
8.16317e-10
7.10458e-07
8.78883e-10
7.10719e-07
9.42333e-10
7.1099e-07
1.0111e-09
7.11273e-07
1.08408e-09
7.11567e-07
1.16431e-09
7.11871e-07
1.24908e-09
7.12183e-07
1.33989e-09
7.12502e-07
1.43483e-09
7.12825e-07
1.5329e-09
7.1315e-07
1.63548e-09
7.13477e-07
1.73739e-09
7.13802e-07
1.84637e-09
7.14125e-07
1.95086e-09
7.14444e-07
2.06651e-09
7.14759e-07
2.1739e-09
7.15066e-07
2.29538e-09
7.15366e-07
2.40706e-09
7.15659e-07
2.53296e-09
7.15942e-07
2.65355e-09
7.16217e-07
2.78458e-09
7.16478e-07
2.91763e-09
7.16731e-07
3.05661e-09
7.16972e-07
3.19955e-09
7.17206e-07
3.3556e-09
7.1743e-07
3.5033e-09
7.17649e-07
3.67482e-09
7.17869e-07
3.82962e-09
7.18091e-07
4.01063e-09
4.18749e-09
7.67299e-07
3.96518e-10
-7.67175e-07
7.67437e-07
4.38352e-10
7.67587e-07
4.84045e-10
7.67749e-07
5.32035e-10
7.67922e-07
5.82607e-10
7.68105e-07
6.33701e-10
7.68295e-07
6.88308e-10
7.68493e-07
7.44971e-10
7.68697e-07
8.06845e-10
7.6891e-07
8.71025e-10
7.69133e-07
9.41204e-10
7.69367e-07
1.01496e-09
7.69612e-07
1.09472e-09
7.69868e-07
1.17911e-09
7.70133e-07
1.26781e-09
7.70406e-07
1.36268e-09
7.70685e-07
1.45834e-09
7.70968e-07
1.56281e-09
7.71256e-07
1.66366e-09
7.71545e-07
1.7771e-09
7.71836e-07
1.88294e-09
7.72127e-07
2.00415e-09
7.72418e-07
2.11642e-09
7.72708e-07
2.24334e-09
7.72995e-07
2.36617e-09
7.7328e-07
2.49943e-09
7.73561e-07
2.63717e-09
7.73837e-07
2.78029e-09
7.74108e-07
2.92829e-09
7.74377e-07
3.08706e-09
7.74642e-07
3.23782e-09
7.74908e-07
3.40893e-09
7.75176e-07
3.56199e-09
7.75449e-07
3.73776e-09
3.90734e-09
8.3022e-07
3.31907e-10
-8.30155e-07
8.30299e-07
3.59476e-10
8.30389e-07
3.9423e-10
8.30489e-07
4.31969e-10
8.30598e-07
4.73379e-10
8.30716e-07
5.16106e-10
8.30841e-07
5.62733e-10
8.30975e-07
6.11032e-10
8.31118e-07
6.64192e-10
8.3127e-07
7.18901e-10
8.31433e-07
7.78529e-10
8.31607e-07
8.40817e-10
8.31792e-07
9.09004e-10
8.3199e-07
9.81992e-10
8.32197e-07
1.06012e-09
8.32415e-07
1.14456e-09
8.32643e-07
1.23063e-09
8.3288e-07
1.3256e-09
8.33126e-07
1.41812e-09
8.3338e-07
1.52333e-09
8.3364e-07
1.6224e-09
8.33907e-07
1.73707e-09
8.34179e-07
1.84427e-09
8.34456e-07
1.96642e-09
8.34737e-07
2.08526e-09
8.35022e-07
2.21493e-09
8.35309e-07
2.34963e-09
8.35599e-07
2.49053e-09
8.3589e-07
2.63725e-09
8.36184e-07
2.79267e-09
8.3648e-07
2.94191e-09
8.36782e-07
3.10691e-09
8.37088e-07
3.25687e-09
8.37403e-07
3.42196e-09
3.57596e-09
8.98065e-07
2.98844e-10
-8.98032e-07
8.98105e-07
3.19488e-10
8.98152e-07
3.46877e-10
8.98207e-07
3.76865e-10
8.9827e-07
4.10368e-10
8.98341e-07
4.45103e-10
8.98421e-07
4.83309e-10
8.98509e-07
5.22481e-10
8.98608e-07
5.65732e-10
8.98716e-07
6.10384e-10
8.98835e-07
6.60144e-10
8.98963e-07
7.12468e-10
8.99102e-07
7.70384e-10
8.99251e-07
8.32295e-10
8.99412e-07
8.99031e-10
8.99585e-07
9.71701e-10
8.9977e-07
1.04621e-09
8.99966e-07
1.12908e-09
9.00174e-07
1.21039e-09
9.00393e-07
1.30407e-09
9.00623e-07
1.39279e-09
9.00863e-07
1.49696e-09
9.01112e-07
1.59472e-09
9.01371e-07
1.7078e-09
9.01638e-07
1.81793e-09
9.01914e-07
1.93955e-09
9.02198e-07
2.06587e-09
9.02489e-07
2.19892e-09
9.02788e-07
2.33864e-09
9.03095e-07
2.48539e-09
9.03409e-07
2.62831e-09
9.03733e-07
2.78284e-09
9.04064e-07
2.92529e-09
9.04409e-07
3.07698e-09
3.22019e-09
9.71148e-07
2.73511e-10
-9.71123e-07
9.71176e-07
2.9117e-10
9.7121e-07
3.13612e-10
9.71249e-07
3.37738e-10
9.71294e-07
3.64741e-10
9.71347e-07
3.92561e-10
9.71407e-07
4.23287e-10
9.71475e-07
4.54729e-10
9.7155e-07
4.90022e-10
9.71634e-07
5.26749e-10
9.71726e-07
5.68309e-10
9.71826e-07
6.12058e-10
9.71936e-07
6.60735e-10
9.72056e-07
7.12527e-10
9.72186e-07
7.68348e-10
9.72329e-07
8.29095e-10
9.72483e-07
8.91933e-10
9.7265e-07
9.62607e-10
9.72828e-07
1.03235e-09
9.73018e-07
1.11365e-09
9.7322e-07
1.19083e-09
9.73435e-07
1.28261e-09
9.7366e-07
1.36889e-09
9.73898e-07
1.47004e-09
9.74147e-07
1.56883e-09
9.74408e-07
1.67891e-09
9.7468e-07
1.79363e-09
9.74964e-07
1.91462e-09
9.7526e-07
2.04296e-09
9.75569e-07
2.17678e-09
9.75888e-07
2.30896e-09
9.76221e-07
2.44982e-09
9.76565e-07
2.58106e-09
9.76924e-07
2.71852e-09
2.84831e-09
1.05002e-06
2.44061e-10
-1.04999e-06
1.05005e-06
2.59934e-10
1.05009e-06
2.78657e-10
1.05013e-06
2.98251e-10
1.05017e-06
3.20086e-10
1.05022e-06
3.42621e-10
1.05028e-06
3.67924e-10
1.05034e-06
3.94045e-10
1.0504e-06
4.23641e-10
1.05048e-06
4.54335e-10
1.05056e-06
4.89046e-10
1.05064e-06
5.25322e-10
1.05074e-06
5.65699e-10
1.05084e-06
6.0854e-10
1.05096e-06
6.5485e-10
1.05108e-06
7.05358e-10
1.05121e-06
7.57794e-10
1.05136e-06
8.17207e-10
1.05151e-06
8.76024e-10
1.05168e-06
9.45178e-10
1.05186e-06
1.01088e-09
1.05206e-06
1.08977e-09
1.05226e-06
1.16406e-09
1.05248e-06
1.25195e-09
1.05271e-06
1.33814e-09
1.05295e-06
1.43465e-09
1.05321e-06
1.53586e-09
1.05348e-06
1.64262e-09
1.05377e-06
1.7569e-09
1.05407e-06
1.87554e-09
1.05439e-06
1.99379e-09
1.05472e-06
2.11906e-09
1.05506e-06
2.23644e-09
1.05542e-06
2.35859e-09
2.47334e-09
1.13529e-06
2.10263e-10
-1.13526e-06
1.13533e-06
2.23698e-10
1.13537e-06
2.38955e-10
1.13541e-06
2.55016e-10
1.13546e-06
2.73146e-10
1.13551e-06
2.92005e-10
1.13556e-06
3.13284e-10
1.13562e-06
3.35197e-10
1.13569e-06
3.59948e-10
1.13575e-06
3.85439e-10
1.13583e-06
4.14187e-10
1.13591e-06
4.44084e-10
1.136e-06
4.77389e-10
1.13609e-06
5.12702e-10
1.1362e-06
5.50982e-10
1.13631e-06
5.92815e-10
1.13643e-06
6.36329e-10
1.13656e-06
6.85796e-10
1.13671e-06
7.34804e-10
1.13686e-06
7.92732e-10
1.13702e-06
8.47793e-10
1.1372e-06
9.14279e-10
1.13738e-06
9.76947e-10
1.13758e-06
1.05153e-09
1.1378e-06
1.12491e-09
1.13802e-06
1.20748e-09
1.13827e-06
1.29451e-09
1.13852e-06
1.38634e-09
1.13879e-06
1.48512e-09
1.13908e-06
1.58744e-09
1.13939e-06
1.69004e-09
1.13971e-06
1.79858e-09
1.14004e-06
1.90047e-09
1.14039e-06
2.00616e-09
2.10582e-09
1.22758e-06
1.74623e-10
-1.22754e-06
1.22761e-06
1.85788e-10
1.22765e-06
1.98335e-10
1.2277e-06
2.11497e-10
1.22775e-06
2.26373e-10
1.2278e-06
2.41877e-10
1.22785e-06
2.59419e-10
1.22791e-06
2.77494e-10
1.22797e-06
2.97914e-10
1.22804e-06
3.18898e-10
1.22811e-06
3.42539e-10
1.22818e-06
3.67064e-10
1.22827e-06
3.94381e-10
1.22836e-06
4.23314e-10
1.22845e-06
4.54707e-10
1.22856e-06
4.89017e-10
1.22867e-06
5.24724e-10
1.22879e-06
5.65339e-10
1.22892e-06
6.05557e-10
1.22906e-06
6.53185e-10
1.22921e-06
6.98452e-10
1.22937e-06
7.53338e-10
1.22954e-06
8.05124e-10
1.22972e-06
8.67043e-10
1.22992e-06
9.28068e-10
1.23013e-06
9.96966e-10
1.23036e-06
1.0697e-09
1.2306e-06
1.14657e-09
1.23085e-06
1.2295e-09
1.23112e-06
1.31548e-09
1.23141e-06
1.40196e-09
1.23172e-06
1.49333e-09
1.23204e-06
1.57918e-09
1.23238e-06
1.66828e-09
1.75274e-09
1.32747e-06
1.40088e-10
-1.32743e-06
1.3275e-06
1.49191e-10
1.32754e-06
1.59306e-10
1.32758e-06
1.69847e-10
1.32763e-06
1.81738e-10
1.32768e-06
1.94143e-10
1.32773e-06
2.0822e-10
1.32778e-06
2.22762e-10
1.32784e-06
2.39219e-10
1.3279e-06
2.56137e-10
1.32797e-06
2.75189e-10
1.32804e-06
2.94925e-10
1.32812e-06
3.16891e-10
1.3282e-06
3.40125e-10
1.32829e-06
3.6533e-10
1.32839e-06
3.92862e-10
1.32849e-06
4.21521e-10
1.3286e-06
4.54125e-10
1.32872e-06
4.86412e-10
1.32885e-06
5.24688e-10
1.32899e-06
5.61067e-10
1.32914e-06
6.05275e-10
1.32929e-06
6.46996e-10
1.32946e-06
6.97016e-10
1.32965e-06
7.46326e-10
1.32984e-06
8.02147e-10
1.33005e-06
8.61143e-10
1.33027e-06
9.23664e-10
1.33051e-06
9.91197e-10
1.33077e-06
1.06126e-09
1.33104e-06
1.13179e-09
1.33132e-06
1.20635e-09
1.33163e-06
1.27654e-09
1.33194e-06
1.34938e-09
1.41869e-09
1.43558e-06
1.07849e-10
-1.43554e-06
1.43561e-06
1.14944e-10
1.43565e-06
1.22805e-10
1.43569e-06
1.30963e-10
1.43573e-06
1.40152e-10
1.43577e-06
1.49738e-10
1.43582e-06
1.60631e-10
1.43587e-06
1.71902e-10
1.43592e-06
1.84675e-10
1.43598e-06
1.97816e-10
1.43605e-06
2.12618e-10
1.43611e-06
2.27948e-10
1.43618e-06
2.45006e-10
1.43626e-06
2.63042e-10
1.43634e-06
2.82608e-10
1.43643e-06
3.03977e-10
1.43653e-06
3.2623e-10
1.43663e-06
3.51552e-10
1.43674e-06
3.76633e-10
1.43686e-06
4.06379e-10
1.43699e-06
4.34639e-10
1.43712e-06
4.69012e-10
1.43727e-06
5.01431e-10
1.43742e-06
5.40374e-10
1.43759e-06
5.78758e-10
1.43777e-06
6.22327e-10
1.43796e-06
6.68378e-10
1.43817e-06
7.17263e-10
1.43839e-06
7.70072e-10
1.43863e-06
8.24922e-10
1.43888e-06
8.80193e-10
1.43915e-06
9.3869e-10
1.43943e-06
9.93746e-10
1.43973e-06
1.05093e-09
1.10567e-09
1.55257e-06
7.83315e-11
-1.55254e-06
1.5526e-06
8.35128e-11
1.55264e-06
8.92735e-11
1.55267e-06
9.52427e-11
1.55271e-06
1.01958e-10
1.55275e-06
1.08963e-10
1.5528e-06
1.16926e-10
1.55284e-06
1.25174e-10
1.55289e-06
1.34528e-10
1.55295e-06
1.44159e-10
1.553e-06
1.55012e-10
1.55306e-06
1.66258e-10
1.55313e-06
1.78774e-10
1.5532e-06
1.92007e-10
1.55328e-06
2.06366e-10
1.55336e-06
2.22048e-10
1.55345e-06
2.38381e-10
1.55354e-06
2.56967e-10
1.55364e-06
2.75379e-10
1.55375e-06
2.9722e-10
1.55387e-06
3.17968e-10
1.554e-06
3.43223e-10
1.55413e-06
3.6703e-10
1.55427e-06
3.95666e-10
1.55443e-06
4.23871e-10
1.5546e-06
4.55936e-10
1.55477e-06
4.89806e-10
1.55497e-06
5.25819e-10
1.55517e-06
5.64725e-10
1.55539e-06
6.05185e-10
1.55563e-06
6.45965e-10
1.55587e-06
6.89167e-10
1.55614e-06
7.29826e-10
1.55642e-06
7.72159e-10
8.12853e-10
1.67917e-06
5.12383e-11
-1.67914e-06
1.6792e-06
5.46317e-11
1.67923e-06
5.8424e-11
1.67926e-06
6.23483e-11
1.6793e-06
6.6759e-11
1.67933e-06
7.13596e-11
1.67937e-06
7.65921e-11
1.67942e-06
8.2014e-11
1.67946e-06
8.81673e-11
1.67951e-06
9.45066e-11
1.67957e-06
1.01654e-10
1.67962e-06
1.09061e-10
1.67968e-06
1.17308e-10
1.67975e-06
1.26028e-10
1.67982e-06
1.35492e-10
1.6799e-06
1.45829e-10
1.67998e-06
1.56597e-10
1.68007e-06
1.68852e-10
1.68016e-06
1.80995e-10
1.68026e-06
1.95404e-10
1.68037e-06
2.09093e-10
1.68049e-06
2.25763e-10
1.68062e-06
2.41474e-10
1.68075e-06
2.60387e-10
1.6809e-06
2.79006e-10
1.68105e-06
3.00196e-10
1.68122e-06
3.22569e-10
1.6814e-06
3.4638e-10
1.68159e-06
3.72098e-10
1.6818e-06
3.98862e-10
1.68202e-06
4.2584e-10
1.68225e-06
4.54454e-10
1.6825e-06
4.8139e-10
1.68276e-06
5.09484e-10
5.36476e-10
1.81614e-06
2.56293e-11
-1.81612e-06
1.81617e-06
2.729e-11
1.8162e-06
2.91772e-11
1.81623e-06
3.11424e-11
1.81626e-06
3.33587e-11
1.8163e-06
3.56727e-11
1.81634e-06
3.83018e-11
1.81638e-06
4.10225e-11
1.81642e-06
4.41064e-11
1.81647e-06
4.72814e-11
1.81652e-06
5.0861e-11
1.81657e-06
5.4572e-11
1.81663e-06
5.87053e-11
1.8167e-06
6.30784e-11
1.81676e-06
6.78259e-11
1.81684e-06
7.30132e-11
1.81691e-06
7.84172e-11
1.817e-06
8.45693e-11
1.81709e-06
9.06637e-11
1.81719e-06
9.7899e-11
1.81729e-06
1.0477e-10
1.8174e-06
1.13143e-10
1.81752e-06
1.21029e-10
1.81765e-06
1.3053e-10
1.81779e-06
1.39877e-10
1.81794e-06
1.50522e-10
1.8181e-06
1.61755e-10
1.81828e-06
1.73716e-10
1.81846e-06
1.8663e-10
1.81866e-06
2.00076e-10
1.81887e-06
2.13628e-10
1.8191e-06
2.28014e-10
1.81934e-06
2.41554e-10
1.81959e-06
2.5571e-10
2.69539e-10
1.96434e-06
-1.96431e-06
1.96437e-06
1.9644e-06
1.96443e-06
1.96446e-06
1.9645e-06
1.96453e-06
1.96458e-06
1.96462e-06
1.96467e-06
1.96472e-06
1.96477e-06
1.96483e-06
1.96489e-06
1.96496e-06
1.96503e-06
1.96511e-06
1.9652e-06
1.96529e-06
1.96539e-06
1.96549e-06
1.9656e-06
1.96573e-06
1.96586e-06
1.966e-06
1.96615e-06
1.96631e-06
1.96648e-06
1.96667e-06
1.96687e-06
1.96708e-06
1.96731e-06
1.96755e-06
1.96781e-06
1.68953e-08
-6.07051e-09
1.67917e-08
4.37575e-09
1.69021e-08
-3.56433e-09
1.68186e-08
2.37581e-09
1.69148e-08
-1.98273e-09
1.68266e-08
1.22526e-09
1.6901e-08
-1.14368e-09
1.68088e-08
5.52986e-10
1.68585e-08
-6.44253e-10
1.67651e-08
2.3321e-10
1.67859e-08
-2.767e-10
1.66958e-08
1.25268e-10
1.66809e-08
8.43551e-12
1.65969e-08
1.19366e-10
1.65371e-08
2.28238e-10
1.64521e-08
1.54093e-10
1.63229e-08
3.94859e-10
1.61954e-08
2.54044e-10
1.57342e-08
7.60164e-10
1.03257e-09
1.83087e-08
-6.16994e-09
1.81881e-08
4.49641e-09
1.83256e-08
-3.70182e-09
1.82284e-08
2.47292e-09
1.83401e-08
-2.09435e-09
1.82389e-08
1.32642e-09
1.83211e-08
-1.22583e-09
1.82202e-08
6.53824e-10
1.82701e-08
-6.94103e-10
1.81736e-08
3.29657e-10
1.81849e-08
-2.87955e-10
1.81015e-08
2.08646e-10
1.80593e-08
5.05917e-11
1.80017e-08
1.77054e-10
1.78786e-08
3.51333e-10
1.7858e-08
1.74653e-10
1.75902e-08
6.62698e-10
1.75716e-08
2.72554e-10
1.69743e-08
1.35752e-09
1.03749e-09
1.98036e-08
-6.25945e-09
1.9752e-08
4.54795e-09
1.98451e-08
-3.79487e-09
1.98104e-08
2.50759e-09
1.98597e-08
-2.1437e-09
1.98274e-08
1.35873e-09
1.98305e-08
-1.22893e-09
1.98109e-08
6.73477e-10
1.97632e-08
-6.46435e-10
1.97648e-08
3.28061e-10
1.96579e-08
-1.81098e-10
1.96892e-08
1.77346e-10
1.95135e-08
2.26358e-10
1.95728e-08
1.17696e-10
1.93265e-08
5.97674e-10
1.93773e-08
1.23832e-10
1.90588e-08
9.81183e-10
1.89762e-08
3.55139e-10
1.86329e-08
1.70085e-09
1.22064e-09
2.14009e-08
-6.31725e-09
2.14499e-08
4.49896e-09
2.14725e-08
-3.81743e-09
2.15267e-08
2.45335e-09
2.14887e-08
-2.1057e-09
2.15445e-08
1.30294e-09
2.14504e-08
-1.13475e-09
2.15183e-08
6.05487e-10
2.13718e-08
-4.99852e-10
2.14535e-08
2.46336e-10
2.1261e-08
1.14201e-11
2.13456e-08
9.26855e-11
2.11262e-08
4.45778e-10
2.1179e-08
6.4929e-11
2.09686e-08
8.08081e-10
2.09192e-08
1.73206e-10
2.07389e-08
1.16147e-09
2.04991e-08
5.94984e-10
2.04411e-08
1.75877e-09
1.50077e-09
2.31079e-08
-6.31831e-09
2.32664e-08
4.3405e-09
2.32044e-08
-3.75547e-09
2.33501e-08
2.30767e-09
2.32248e-08
-1.98039e-09
2.33564e-08
1.17139e-09
2.31846e-08
-9.62947e-10
2.33066e-08
4.83461e-10
2.31072e-08
-3.00424e-10
2.32099e-08
1.43612e-10
2.3007e-08
2.14277e-10
2.30648e-08
3.4887e-11
2.28928e-08
6.17799e-10
2.28629e-08
9.48129e-11
2.27517e-08
9.19325e-10
2.25853e-08
3.39621e-10
2.25242e-08
1.22251e-09
2.22307e-08
8.88464e-10
2.22722e-08
1.7173e-09
1.71623e-09
2.4942e-08
-6.24394e-09
2.51901e-08
4.09236e-09
2.50491e-08
-3.61447e-09
2.52618e-08
2.09501e-09
2.50764e-08
-1.79498e-09
2.52477e-08
1.00008e-09
2.5043e-08
-7.58305e-10
2.51729e-08
3.53594e-10
2.49756e-08
-1.03126e-10
2.50514e-08
6.78434e-11
2.48894e-08
3.76223e-10
2.48854e-08
3.88717e-11
2.47857e-08
7.17514e-10
2.46741e-08
2.06404e-10
2.4637e-08
9.56421e-10
2.44119e-08
5.6471e-10
2.43999e-08
1.23452e-09
2.41402e-08
1.14822e-09
2.41846e-08
1.67291e-09
1.82334e-09
2.69301e-08
-6.09039e-09
2.7227e-08
3.7954e-09
2.70288e-08
-3.41624e-09
2.72704e-08
1.85338e-09
2.70619e-08
-1.58644e-09
2.72375e-08
8.24486e-10
2.70382e-08
-5.59039e-10
2.71479e-08
2.43965e-10
2.6981e-08
6.37291e-11
2.70143e-08
3.45501e-11
2.69035e-08
4.86969e-10
2.68409e-08
1.01519e-10
2.67979e-08
7.60504e-10
2.66356e-08
3.68744e-10
2.66303e-08
9.61659e-10
2.64028e-08
7.92225e-10
2.6392e-08
1.24538e-09
2.62038e-08
1.33634e-09
2.62283e-08
1.64844e-09
1.84126e-09
2.91016e-08
-5.87027e-09
2.94054e-08
3.49164e-09
2.9174e-08
-3.18486e-09
2.94139e-08
1.61343e-09
2.92061e-08
-1.37861e-09
2.93688e-08
6.61823e-10
2.91886e-08
-3.78855e-10
2.92717e-08
1.60798e-10
2.91387e-08
1.96748e-10
2.91306e-08
4.26805e-11
2.90638e-08
5.53736e-10
2.89565e-08
2.0887e-10
2.89453e-08
7.71655e-10
2.87656e-08
5.48522e-10
2.87571e-08
9.70093e-10
2.85641e-08
9.85281e-10
2.85327e-08
1.27673e-09
2.84209e-08
1.44811e-09
2.84309e-08
1.63846e-09
1.80523e-09
3.1479e-08
-5.60445e-09
3.17664e-08
3.20419e-09
3.15142e-08
-2.93262e-09
3.17414e-08
1.38618e-09
3.15374e-08
-1.17463e-09
3.16861e-08
5.13141e-10
3.15225e-08
-2.15204e-10
3.15797e-08
1.03579e-10
3.14769e-08
2.99561e-10
3.14301e-08
8.94714e-11
3.13956e-08
5.88166e-10
3.12609e-08
3.43576e-10
3.12557e-08
7.76861e-10
3.10859e-08
7.18335e-10
3.10527e-08
1.00326e-09
3.09092e-08
1.12885e-09
3.08589e-08
1.32706e-09
3.08058e-08
1.50113e-09
3.08146e-08
1.6297e-09
1.74573e-09
3.40739e-08
-5.31028e-09
3.43477e-08
2.93037e-09
3.40728e-08
-2.65773e-09
3.42923e-08
1.1667e-09
3.40851e-08
-9.6746e-10
3.42221e-08
3.76126e-10
3.40723e-08
-6.53616e-11
3.41003e-08
7.55606e-11
3.40259e-08
3.73959e-10
3.39443e-08
1.71103e-10
3.39271e-08
6.05348e-10
3.37839e-08
4.86781e-10
3.37631e-08
7.97677e-10
3.3619e-08
8.62397e-10
3.35579e-08
1.06438e-09
3.34583e-08
1.22841e-09
3.34037e-08
1.38169e-09
3.3385e-08
1.51981e-09
3.34022e-08
1.61249e-09
1.68037e-09
3.68928e-08
-4.99494e-09
3.71723e-08
2.6509e-09
3.68676e-08
-2.35305e-09
3.70878e-08
9.46483e-10
3.68741e-08
-7.53722e-10
3.69967e-08
2.53529e-10
3.68645e-08
6.68159e-11
3.6858e-08
8.20862e-11
3.6809e-08
4.22966e-10
3.67022e-08
2.77888e-10
3.66851e-08
6.22436e-10
3.65492e-08
6.22697e-10
3.65021e-08
8.44723e-10
3.63864e-08
9.78122e-10
3.63085e-08
1.14224e-09
3.62378e-08
1.2992e-09
3.61932e-08
1.42625e-09
3.61905e-08
1.5225e-09
3.62185e-08
1.58448e-09
1.61567e-09
3.99454e-08
-4.65743e-09
4.02507e-08
2.34555e-09
3.99131e-08
-2.01548e-09
4.01366e-08
7.23015e-10
3.99221e-08
-5.39228e-10
4.00221e-08
1.53563e-10
3.99154e-08
1.73538e-10
3.98728e-08
1.24634e-10
3.98418e-08
4.54009e-10
3.9724e-08
3.95659e-10
3.96931e-08
6.53321e-10
3.95733e-08
7.4255e-10
3.95023e-08
9.15731e-10
3.94078e-08
1.07259e-09
3.93285e-08
1.22153e-09
3.92746e-08
1.3531e-09
3.92458e-08
1.45503e-09
3.92514e-08
1.51695e-09
3.92874e-08
1.54843e-09
1.55288e-09
4.32489e-08
-4.2946e-09
4.35911e-08
2.00336e-09
4.32254e-08
-1.64978e-09
4.34455e-08
5.02942e-10
4.32431e-08
-3.36902e-10
4.33103e-08
8.6391e-11
4.32348e-08
2.49076e-10
4.31625e-08
1.9695e-10
4.31377e-08
4.78775e-10
4.30226e-08
5.10749e-10
4.29716e-08
7.04319e-10
4.28688e-08
8.45302e-10
4.27844e-08
1.00015e-09
4.27025e-08
1.15448e-09
4.26328e-08
1.29131e-09
4.25911e-08
1.39475e-09
4.25765e-08
1.46963e-09
4.2589e-08
1.50443e-09
4.26295e-08
1.50796e-09
1.49211e-09
4.68268e-08
-3.90579e-09
4.72057e-08
1.62454e-09
4.68243e-08
-1.26845e-09
4.70264e-08
3.00879e-10
4.68515e-08
-1.62024e-10
4.6878e-08
5.98913e-11
4.68324e-08
2.94649e-10
4.67432e-08
2.8621e-10
4.67127e-08
5.09241e-10
4.66092e-08
6.14273e-10
4.65399e-08
7.73576e-10
4.64497e-08
9.35539e-10
4.63638e-08
1.08603e-09
4.62902e-08
1.22812e-09
4.62345e-08
1.34699e-09
4.62043e-08
1.42497e-09
4.62004e-08
1.47346e-09
4.62196e-08
1.48525e-09
4.62622e-08
1.46537e-09
1.43361e-09
5.0706e-08
-3.49442e-09
5.11121e-08
1.21845e-09
5.07346e-08
-8.90935e-10
5.08989e-08
1.36607e-10
5.07643e-08
-2.74551e-11
5.07489e-08
7.52934e-11
5.07241e-08
3.19481e-10
5.06323e-08
3.77985e-10
5.05886e-08
5.52982e-10
5.04988e-08
7.04e-10
5.04184e-08
8.53963e-10
5.03355e-08
1.01846e-09
5.02563e-08
1.16528e-09
5.01911e-08
1.29329e-09
5.015e-08
1.38809e-09
5.01305e-08
1.44452e-09
5.01349e-08
1.46899e-09
5.01596e-08
1.46061e-09
5.0203e-08
1.42198e-09
1.37776e-09
5.4915e-08
-3.06788e-09
5.53318e-08
8.01646e-10
5.49841e-08
-5.43184e-10
5.50898e-08
3.09396e-11
5.50002e-08
6.20745e-11
5.49519e-08
1.23585e-10
5.49329e-08
3.38481e-10
5.48498e-08
4.61088e-10
5.47919e-08
6.10891e-10
5.47124e-08
7.83496e-10
5.46298e-08
9.36569e-10
5.45518e-08
1.09645e-09
5.44824e-08
1.23467e-09
5.44283e-08
1.34746e-09
5.44001e-08
1.41623e-09
5.43899e-08
1.45471e-09
5.44009e-08
1.45802e-09
5.44292e-08
1.43226e-09
5.44724e-08
1.37883e-09
1.32493e-09
5.94839e-08
-2.63698e-09
5.98891e-08
3.9648e-10
5.96021e-08
-2.56197e-10
5.96333e-08
-2.68717e-13
5.95803e-08
1.15047e-10
5.95148e-08
1.89108e-10
5.94886e-08
3.64664e-10
5.9419e-08
5.30683e-10
5.93511e-08
6.7881e-10
5.92773e-08
8.57357e-10
5.91992e-08
1.01464e-09
5.91271e-08
1.16854e-09
5.90681e-08
1.29367e-09
5.90279e-08
1.38761e-09
5.90092e-08
1.43493e-09
5.90073e-08
1.4567e-09
5.90231e-08
1.44219e-09
5.90534e-08
1.40195e-09
5.90953e-08
1.33695e-09
1.27551e-09
6.44441e-08
-2.21508e-09
6.48117e-08
2.89032e-11
6.46106e-08
-5.50989e-11
6.4569e-08
4.12867e-11
6.45315e-08
1.52548e-10
6.44636e-08
2.57063e-10
6.44249e-08
4.03274e-10
6.43658e-08
5.89818e-10
6.42954e-08
7.49174e-10
6.42246e-08
9.28203e-10
6.41541e-08
1.08513e-09
6.40908e-08
1.23189e-09
6.40426e-08
1.34179e-09
6.40171e-08
1.4132e-09
6.40056e-08
1.4464e-09
6.401e-08
1.45225e-09
6.40292e-08
1.42307e-09
6.406e-08
1.37115e-09
6.40998e-08
1.29714e-09
1.22973e-09
6.98282e-08
-1.817e-09
7.01307e-08
-2.73531e-10
7.00223e-08
5.32373e-11
6.99346e-08
1.28983e-10
6.9889e-08
1.98151e-10
6.9826e-08
3.20106e-10
6.97758e-08
4.5348e-10
6.97202e-08
6.4535e-10
6.96538e-08
8.15626e-10
6.95865e-08
9.95456e-10
6.95242e-08
1.14746e-09
6.94716e-08
1.28453e-09
6.94376e-08
1.37578e-09
6.94216e-08
1.42916e-09
6.94179e-08
1.45013e-09
6.94274e-08
1.44277e-09
6.94485e-08
1.40189e-09
6.94789e-08
1.34075e-09
6.95164e-08
1.25967e-09
1.18739e-09
7.56679e-08
-1.45528e-09
7.5886e-08
-4.91715e-10
7.58612e-08
7.80294e-11
7.57635e-08
2.26753e-10
7.56947e-08
2.66885e-10
7.56336e-08
3.81283e-10
7.55749e-08
5.12179e-10
7.55172e-08
7.02975e-10
7.54553e-08
8.7752e-10
7.53941e-08
1.0567e-09
7.53403e-08
1.20126e-09
7.52984e-08
1.32641e-09
7.52792e-08
1.39495e-09
7.527e-08
1.4384e-09
7.52735e-08
1.44664e-09
7.52879e-08
1.42836e-09
7.53112e-08
1.37855e-09
7.53417e-08
1.31033e-09
7.53775e-08
1.2238e-09
1.14748e-09
8.19969e-08
-1.13978e-09
8.21194e-08
-6.14183e-10
8.21582e-08
3.92358e-11
8.20817e-08
3.03172e-10
8.19963e-08
3.52308e-10
8.19217e-08
4.55912e-10
8.18568e-08
5.77066e-10
8.17938e-08
7.65992e-10
8.17334e-08
9.379e-10
8.16787e-08
1.11141e-09
8.16341e-08
1.24591e-09
8.16036e-08
1.35683e-09
8.15924e-08
1.4062e-09
8.15918e-08
1.43899e-09
8.16025e-08
1.43598e-09
8.16225e-08
1.40832e-09
8.16495e-08
1.35153e-09
8.16819e-08
1.27798e-09
8.1718e-08
1.18767e-09
1.10822e-09
8.88504e-08
-8.75745e-10
8.88739e-08
-6.37652e-10
8.89517e-08
-3.8625e-11
8.89165e-08
3.38416e-10
8.88307e-08
4.38098e-10
8.87387e-08
5.47959e-10
8.86574e-08
6.58353e-10
8.85901e-08
8.33309e-10
8.85278e-08
1.0002e-09
8.84777e-08
1.16152e-09
8.84412e-08
1.28238e-09
8.84203e-08
1.37775e-09
8.84153e-08
1.41114e-09
8.84229e-08
1.43143e-09
8.84412e-08
1.41768e-09
8.84682e-08
1.38129e-09
8.8501e-08
1.31871e-09
8.85378e-08
1.24124e-09
8.85764e-08
1.149e-09
1.06775e-09
9.62648e-08
-6.62026e-10
9.62171e-08
-5.8994e-10
9.62887e-08
-1.10208e-10
9.63027e-08
3.24384e-10
9.62263e-08
5.14583e-10
9.61279e-08
6.46322e-10
9.60262e-08
7.60017e-10
9.59473e-08
9.12202e-10
9.5884e-08
1.06357e-09
9.58363e-08
1.20919e-09
9.58053e-08
1.31337e-09
9.57933e-08
1.38981e-09
9.57955e-08
1.4089e-09
9.58104e-08
1.41651e-09
9.58363e-08
1.39177e-09
9.5871e-08
1.34665e-09
9.59107e-08
1.27895e-09
9.59533e-08
1.19865e-09
9.59962e-08
1.10612e-09
1.02495e-09
1.04281e-07
-4.92101e-10
1.04192e-07
-5.00797e-10
1.04226e-07
-1.4383e-10
1.04264e-07
2.86388e-10
1.04226e-07
5.52491e-10
1.04123e-07
7.49615e-10
1.04014e-07
8.69025e-10
1.03918e-07
1.00827e-09
1.0385e-07
1.13099e-09
1.03807e-07
1.25235e-09
1.0378e-07
1.34057e-09
1.03778e-07
1.39133e-09
1.03786e-07
1.40158e-09
1.03808e-07
1.39408e-09
1.03841e-07
1.35832e-09
1.03883e-07
1.3049e-09
1.03929e-07
1.23274e-09
1.03978e-07
1.15053e-09
1.04025e-07
1.05889e-09
9.79536e-10
1.12948e-07
-3.57851e-10
1.12841e-07
-3.93193e-10
1.12824e-07
-1.26531e-10
1.12851e-07
2.59039e-10
1.12839e-07
5.64846e-10
1.12769e-07
8.19051e-10
1.12655e-07
9.83626e-10
1.12559e-07
1.10402e-09
1.12486e-07
1.20395e-09
1.12442e-07
1.29603e-09
1.12426e-07
1.35636e-09
1.12428e-07
1.38926e-09
1.12443e-07
1.38731e-09
1.12472e-07
1.36459e-09
1.12512e-07
1.31814e-09
1.1256e-07
1.25724e-09
1.12611e-07
1.18153e-09
1.12663e-07
1.09837e-09
1.12714e-07
1.00865e-09
9.3181e-10
1.22322e-07
-2.52236e-10
1.22207e-07
-2.78378e-10
1.2215e-07
-6.9193e-11
1.2214e-07
2.68561e-10
1.22122e-07
5.83411e-10
1.2208e-07
8.61032e-10
1.22006e-07
1.05683e-09
1.21915e-07
1.1959e-09
1.21851e-07
1.2679e-09
1.21812e-07
1.33484e-09
1.21798e-07
1.36993e-09
1.21805e-07
1.3829e-09
1.21826e-07
1.366e-09
1.21861e-07
1.32937e-09
1.21907e-07
1.27276e-09
1.21959e-07
1.20515e-09
1.22013e-07
1.12694e-09
1.22068e-07
1.04407e-09
1.22119e-07
9.57141e-10
8.82874e-10
1.32461e-07
-1.68191e-10
1.32346e-07
-1.63432e-10
1.32265e-07
1.1051e-11
1.32223e-07
3.10591e-10
1.32186e-07
6.2038e-10
1.32149e-07
8.97869e-10
1.32105e-07
1.10129e-09
1.32048e-07
1.25285e-09
1.31997e-07
1.31929e-09
1.3197e-07
1.3611e-09
1.31963e-07
1.37686e-09
1.31975e-07
1.37181e-09
1.32e-07
1.34092e-09
1.32036e-07
1.29308e-09
1.32081e-07
1.22763e-09
1.32133e-07
1.15308e-09
1.32189e-07
1.07117e-09
1.32245e-07
9.87512e-10
1.323e-07
9.02572e-10
8.33857e-10
1.43429e-07
-9.94812e-11
1.43321e-07
-5.56136e-11
1.43231e-07
1.01259e-10
1.43162e-07
3.79152e-10
1.43112e-07
6.70469e-10
1.43073e-07
9.37257e-10
1.43041e-07
1.13309e-09
1.43018e-07
1.27611e-09
1.42984e-07
1.35339e-09
1.42974e-07
1.37081e-09
1.42982e-07
1.3692e-09
1.43004e-07
1.34934e-09
1.43037e-07
1.30761e-09
1.43077e-07
1.25323e-09
1.4312e-07
1.18516e-09
1.43165e-07
1.10821e-09
1.43213e-07
1.02245e-09
1.43265e-07
9.35378e-10
1.43318e-07
8.49915e-10
7.85834e-10
1.55298e-07
-4.12485e-11
1.55208e-07
3.35302e-11
1.55112e-07
1.97997e-10
1.55026e-07
4.64401e-10
1.54966e-07
7.30951e-10
1.54927e-07
9.76175e-10
1.54904e-07
1.1566e-09
1.54894e-07
1.28602e-09
1.54892e-07
1.35542e-09
1.54885e-07
1.37706e-09
1.54905e-07
1.34964e-09
1.54941e-07
1.31364e-09
1.54988e-07
1.26007e-09
1.55044e-07
1.19705e-09
1.55104e-07
1.12508e-09
1.55163e-07
1.04975e-09
1.55213e-07
9.72454e-10
1.55227e-07
9.21083e-10
1.55241e-07
8.36227e-10
7.39862e-10
1.68135e-07
1.76063e-11
1.68024e-07
1.44868e-10
1.67905e-07
3.17144e-10
1.67807e-07
5.61908e-10
1.67743e-07
7.94647e-10
1.67711e-07
1.00825e-09
1.67689e-07
1.17849e-09
1.67688e-07
1.28695e-09
1.67706e-07
1.33833e-09
1.67727e-07
1.35592e-09
1.6775e-07
1.32657e-09
1.67796e-07
1.26758e-09
1.67846e-07
1.20969e-09
1.67897e-07
1.14589e-09
1.67941e-07
1.08148e-09
1.67979e-07
1.01194e-09
1.68015e-07
9.35748e-10
1.68079e-07
8.57159e-10
1.68138e-07
7.77613e-10
6.90519e-10
6.54343e-07
2.25754e-10
6.53866e-07
6.2201e-10
6.53315e-07
8.67498e-10
6.5283e-07
1.04712e-09
6.52501e-07
1.12349e-09
6.52303e-07
1.20601e-09
6.52235e-07
1.24711e-09
6.52263e-07
1.25849e-09
6.52368e-07
1.23367e-09
6.52536e-07
1.18726e-09
6.52741e-07
1.1216e-09
6.52963e-07
1.04632e-09
6.53208e-07
9.64558e-10
6.53472e-07
8.81507e-10
6.53754e-07
7.99535e-10
6.54045e-07
7.21395e-10
6.54332e-07
6.48818e-10
6.54606e-07
5.8312e-10
6.54858e-07
5.25145e-10
4.90551e-10
7.07892e-07
3.17771e-10
7.07684e-07
8.30218e-10
7.0744e-07
1.11163e-09
7.07257e-07
1.22927e-09
7.07102e-07
1.27905e-09
7.07018e-07
1.29021e-09
7.07004e-07
1.26128e-09
7.07049e-07
1.21301e-09
7.07138e-07
1.1443e-09
7.07261e-07
1.06451e-09
7.07407e-07
9.7574e-10
7.0757e-07
8.83155e-10
7.07744e-07
7.90737e-10
7.07924e-07
7.01698e-10
7.08104e-07
6.19566e-10
7.0828e-07
5.45349e-10
7.08448e-07
4.80902e-10
7.08605e-07
4.2567e-10
7.0875e-07
3.80336e-10
3.5386e-10
7.65773e-07
3.24188e-10
7.65763e-07
8.39844e-10
7.65747e-07
1.12771e-09
7.65688e-07
1.28831e-09
7.65645e-07
1.3217e-09
7.6565e-07
1.28522e-09
7.65695e-07
1.21619e-09
7.65777e-07
1.13124e-09
7.65889e-07
1.03291e-09
7.66022e-07
9.3152e-10
7.66166e-07
8.30838e-10
7.66315e-07
7.34249e-10
7.66461e-07
6.44962e-10
7.666e-07
5.63217e-10
7.66727e-07
4.92055e-10
7.6684e-07
4.32288e-10
7.66937e-07
3.83862e-10
7.6702e-07
3.42738e-10
7.67093e-07
3.07718e-10
2.71196e-10
8.28327e-07
2.89329e-10
8.28419e-07
7.47807e-10
8.28545e-07
1.00219e-09
8.28688e-07
1.1452e-09
8.28834e-07
1.17596e-09
8.28963e-07
1.15527e-09
8.29088e-07
1.09121e-09
8.29211e-07
1.0092e-09
8.2933e-07
9.13414e-10
8.29446e-07
8.15324e-10
8.29558e-07
7.19214e-10
8.29663e-07
6.2887e-10
8.29761e-07
5.47592e-10
8.29844e-07
4.80283e-10
8.29909e-07
4.26118e-10
8.29967e-07
3.75002e-10
8.30019e-07
3.31661e-10
8.30068e-07
2.94121e-10
8.30113e-07
2.62287e-10
2.28715e-10
8.95966e-07
2.32064e-10
8.96121e-07
5.92638e-10
8.96328e-07
7.95302e-10
8.96557e-07
9.15744e-10
8.96783e-07
9.50835e-10
8.96991e-07
9.46887e-10
8.97179e-07
9.02929e-10
8.97345e-07
8.42938e-10
8.9749e-07
7.69075e-10
8.97612e-07
6.93378e-10
8.97709e-07
6.21892e-10
8.97778e-07
5.59638e-10
8.97829e-07
4.97172e-10
8.97869e-07
4.39688e-10
8.97906e-07
3.89242e-10
8.97937e-07
3.44437e-10
8.97963e-07
3.05547e-10
8.97986e-07
2.70604e-10
8.98011e-07
2.37635e-10
2.07986e-10
9.69104e-07
1.72386e-10
9.69249e-07
4.48184e-10
9.6944e-07
6.03937e-10
9.69654e-07
7.01932e-10
9.69871e-07
7.34231e-10
9.70078e-07
7.3969e-10
9.70266e-07
7.15086e-10
9.70423e-07
6.86067e-10
9.70549e-07
6.42816e-10
9.70651e-07
5.91493e-10
9.70735e-07
5.37378e-10
9.7081e-07
4.8471e-10
9.70872e-07
4.34864e-10
9.70924e-07
3.8837e-10
9.70967e-07
3.45768e-10
9.71006e-07
3.05765e-10
9.71043e-07
2.68821e-10
9.71077e-07
2.36292e-10
9.71105e-07
2.09348e-10
1.90376e-10
1.0482e-06
1.27583e-10
1.04831e-06
3.36215e-10
1.04846e-06
4.55218e-10
1.04862e-06
5.34536e-10
1.04879e-06
5.63901e-10
1.04896e-06
5.74976e-10
1.04911e-06
5.62625e-10
1.04925e-06
5.45215e-10
1.04938e-06
5.16181e-10
1.04949e-06
4.81827e-10
1.04958e-06
4.43791e-10
1.04966e-06
4.05417e-10
1.04973e-06
3.67307e-10
1.04979e-06
3.29798e-10
1.04984e-06
2.9401e-10
1.04988e-06
2.61444e-10
1.04992e-06
2.33123e-10
1.04995e-06
2.07896e-10
1.04997e-06
1.85805e-10
1.69781e-10
1.13375e-06
9.51512e-11
1.13383e-06
2.53357e-10
1.13394e-06
3.44576e-10
1.13407e-06
4.08421e-10
1.1342e-06
4.34019e-10
1.13433e-06
4.46453e-10
1.13445e-06
4.39469e-10
1.13457e-06
4.26465e-10
1.13468e-06
4.05012e-10
1.13478e-06
3.81274e-10
1.13487e-06
3.54866e-10
1.13495e-06
3.2793e-10
1.13501e-06
3.0081e-10
1.13507e-06
2.74079e-10
1.13511e-06
2.48455e-10
1.13515e-06
2.23989e-10
1.13518e-06
2.01412e-10
1.13521e-06
1.80442e-10
1.13523e-06
1.61481e-10
1.46468e-10
1.22629e-06
7.15724e-11
1.22635e-06
1.92068e-10
1.22643e-06
2.62072e-10
1.22653e-06
3.1278e-10
1.22663e-06
3.3403e-10
1.22673e-06
3.45669e-10
1.22683e-06
3.41902e-10
1.22692e-06
3.33524e-10
1.22701e-06
3.183e-10
1.22709e-06
3.01247e-10
1.22716e-06
2.81886e-10
1.22722e-06
2.62061e-10
1.22728e-06
2.41953e-10
1.22734e-06
2.21967e-10
1.22738e-06
2.02544e-10
1.22742e-06
1.83687e-10
1.22746e-06
1.65943e-10
1.22749e-06
1.49188e-10
1.22752e-06
1.33835e-10
1.2159e-10
1.32639e-06
5.40799e-11
1.32643e-06
1.45801e-10
1.32649e-06
1.99378e-10
1.32657e-06
2.39098e-10
1.32665e-06
2.5625e-10
1.32673e-06
2.66325e-10
1.3268e-06
2.64341e-10
1.32688e-06
2.58767e-10
1.32695e-06
2.47634e-10
1.32701e-06
2.34923e-10
1.32708e-06
2.20209e-10
1.32713e-06
2.05027e-10
1.32719e-06
1.89563e-10
1.32723e-06
1.74229e-10
1.32728e-06
1.59383e-10
1.32732e-06
1.45013e-10
1.32735e-06
1.31478e-10
1.32738e-06
1.18636e-10
1.32741e-06
1.06784e-10
9.74318e-11
1.43466e-06
4.0416e-11
1.43469e-06
1.09173e-10
1.43474e-06
1.49464e-10
1.4348e-06
1.7971e-10
1.43487e-06
1.92961e-10
1.43493e-06
2.00982e-10
1.435e-06
1.99799e-10
1.43506e-06
1.95884e-10
1.43512e-06
1.87668e-10
1.43518e-06
1.78224e-10
1.43523e-06
1.67212e-10
1.43528e-06
1.55833e-10
1.43532e-06
1.44222e-10
1.43537e-06
1.32705e-10
1.4354e-06
1.21548e-10
1.43544e-06
1.1074e-10
1.43547e-06
1.00549e-10
1.4355e-06
9.0866e-11
1.43552e-06
8.1915e-11
7.49442e-11
1.55177e-06
2.901e-11
1.5518e-06
7.84145e-11
1.55184e-06
1.07412e-10
1.55189e-06
1.29309e-10
1.55195e-06
1.38963e-10
1.552e-06
1.44883e-10
1.55206e-06
1.44129e-10
1.55211e-06
1.41395e-10
1.55217e-06
1.35523e-10
1.55222e-06
1.28749e-10
1.55226e-06
1.20824e-10
1.55231e-06
1.12625e-10
1.55235e-06
1.04252e-10
1.55238e-06
9.59454e-11
1.55242e-06
8.79008e-11
1.55245e-06
8.01108e-11
1.55247e-06
7.27695e-11
1.5525e-06
6.57962e-11
1.55252e-06
5.93528e-11
5.44001e-11
1.67844e-06
1.88826e-11
1.67847e-06
5.10696e-11
1.67851e-06
6.99856e-11
1.67855e-06
8.43106e-11
1.6786e-06
9.06474e-11
1.67865e-06
9.45552e-11
1.6787e-06
9.40895e-11
1.67875e-06
9.23231e-11
1.6788e-06
8.84906e-11
1.67884e-06
8.40616e-11
1.67889e-06
7.88728e-11
1.67893e-06
7.35041e-11
1.67896e-06
6.80238e-11
1.67899e-06
6.25925e-11
1.67903e-06
5.73383e-11
1.67905e-06
5.22569e-11
1.67908e-06
4.74741e-11
1.6791e-06
4.29356e-11
1.67912e-06
3.8746e-11
3.55684e-11
1.81546e-06
9.34628e-12
1.81549e-06
2.53564e-11
1.81552e-06
3.47749e-11
1.81556e-06
4.19187e-11
1.81561e-06
4.50843e-11
1.81566e-06
4.70492e-11
1.8157e-06
4.68379e-11
1.81575e-06
4.59871e-11
1.81579e-06
4.41104e-11
1.81584e-06
4.1941e-11
1.81588e-06
3.93926e-11
1.81591e-06
3.67523e-11
1.81595e-06
3.40496e-11
1.81598e-06
3.13622e-11
1.81601e-06
2.87521e-11
1.81603e-06
2.62164e-11
1.81606e-06
2.38189e-11
1.81608e-06
2.1534e-11
1.8161e-06
1.94168e-11
1.78023e-11
1.96366e-06
1.96369e-06
1.96372e-06
1.96376e-06
1.96381e-06
1.96386e-06
1.9639e-06
1.96395e-06
1.96399e-06
1.96403e-06
1.96407e-06
1.96411e-06
1.96414e-06
1.96418e-06
1.96421e-06
1.96423e-06
1.96426e-06
1.96428e-06
1.9643e-06
)
;

boundaryField
{
    top
    {
        type            calculated;
        value           uniform 0;
    }
    inlet
    {
        type            calculated;
        value           nonuniform List<scalar> 
45
(
-6.54551e-07
-7.07984e-07
-7.65779e-07
-8.28292e-07
-8.95909e-07
-9.69045e-07
-1.04815e-06
-1.13372e-06
-1.22626e-06
-1.32637e-06
-1.43464e-06
-1.55176e-06
-1.67843e-06
-1.81545e-06
-1.96365e-06
-1.68194e-08
-1.82093e-08
-1.9714e-08
-2.13431e-08
-2.31069e-08
-2.50163e-08
-2.70836e-08
-2.93217e-08
-3.17448e-08
-3.43681e-08
-3.72081e-08
-4.02829e-08
-4.36117e-08
-4.72157e-08
-5.11174e-08
-5.53416e-08
-5.99148e-08
-6.4866e-08
-7.02263e-08
-7.60296e-08
-8.23124e-08
-8.91144e-08
-9.64786e-08
-1.04451e-07
-1.13083e-07
-1.22428e-07
-1.32545e-07
-1.43498e-07
-1.55356e-07
-1.68194e-07
)
;
    }
    outlet
    {
        type            calculated;
        value           nonuniform List<scalar> 
45
(
6.64966e-07
7.18309e-07
7.75729e-07
8.37735e-07
9.04765e-07
9.77296e-07
1.0558e-06
1.14076e-06
1.23273e-06
1.33228e-06
1.44004e-06
1.55671e-06
1.68304e-06
1.81986e-06
1.96808e-06
5.76318e-10
1.9287e-09
3.61926e-09
5.70615e-09
8.24773e-09
1.12937e-08
1.48715e-08
1.89684e-08
2.35113e-08
2.83575e-08
3.33106e-08
3.81742e-08
4.28264e-08
4.7272e-08
5.16309e-08
5.60753e-08
6.0761e-08
6.57955e-08
7.12435e-08
7.71477e-08
8.35456e-08
9.04758e-08
9.79808e-08
1.06106e-07
1.14901e-07
1.24418e-07
1.34715e-07
1.45854e-07
1.57904e-07
1.70938e-07
)
;
    }
    plate
    {
        type            calculated;
        value           uniform 0;
    }
    symmBound
    {
        type            calculated;
        value           nonuniform List<scalar> 
20
(
5.99456e-09
-4.27208e-09
3.45391e-09
-2.29229e-09
1.88646e-09
-1.13703e-09
1.0693e-09
-4.60816e-10
5.94549e-10
-1.39772e-10
2.5582e-10
-3.50737e-11
6.39205e-12
-3.5343e-11
-1.68396e-10
-6.91029e-11
-2.65671e-10
-1.26588e-10
-2.9895e-10
-2.06079e-10
)
;
    }
    frontAndBack
    {
        type            empty;
    }
}


// ************************************************************************* //
