/*--------------------------------*- C++ -*----------------------------------*\
| =========                 |                                                 |
| \\      /  F ield         | OpenFOAM: The Open Source CFD Toolbox           |
|  \\    /   O peration     | Version:  1.4.1-dev                             |
|   \\  /    A nd           | Web:      http://www.openfoam.org               |
|    \\/     M anipulation  |                                                 |
\*---------------------------------------------------------------------------*/

FoamFile
{
    version 2.0;
    format ascii;

    root "/home/mjaworsk/OpenFOAM/mjaworsk-1.4.1-dev/run/FlatPlate-Blasius";
    case "icoHeatFoam-flatPlate2";
    instance "0.7";
    local "";

    class volScalarField;
    object T;
}

// * * * * * * * * * * * * * * * * * * * * * * * * * * * * * * * * * * * * * //

dimensions      [0 0 0 1 0 0 0];

internalField   nonuniform List<scalar> 
2475
(
344.475
336.716
326.389
315.718
306.985
300.822
296.761
294.085
292.227
290.832
289.705
288.747
287.908
287.165
286.5
285.902
285.362
284.87
284.42
284.006
283.623
283.268
282.937
282.626
282.336
282.062
281.805
281.563
281.336
281.123
280.927
280.746
280.586
280.447
280.335
348.572
346.115
343.304
340.365
337.275
334.023
330.678
327.365
324.19
321.219
318.479
315.974
313.696
311.627
309.748
308.037
306.474
305.039
303.717
302.493
301.356
300.295
299.302
298.37
297.494
296.666
295.888
295.15
294.459
293.805
293.201
292.637
292.137
291.692
291.326
349.625
348.726
347.676
346.583
345.437
344.225
342.921
341.496
339.942
338.274
336.512
334.682
332.808
330.914
329.024
327.155
325.325
323.544
321.822
320.163
318.571
317.043
315.582
314.182
312.847
311.565
310.344
309.171
308.06
306.995
306.001
305.056
304.204
303.419
302.752
349.916
349.614
349.206
348.755
348.262
347.736
347.178
346.576
345.916
345.186
344.381
343.494
342.524
341.472
340.342
339.139
337.872
336.549
335.182
333.779
332.354
330.913
329.469
328.026
326.598
325.18
323.791
322.416
321.083
319.771
318.522
317.302
316.176
315.097
314.142
349.984
349.899
349.757
349.582
349.376
349.14
348.884
348.608
348.306
347.975
347.611
347.206
346.758
346.26
345.708
345.098
344.427
343.692
342.895
342.035
341.114
340.134
339.101
338.015
336.89
335.721
334.528
333.297
332.059
330.792
329.547
328.285
327.083
325.879
324.769
349.998
349.978
349.936
349.877
349.801
349.706
349.595
349.47
349.331
349.177
349.006
348.816
348.606
348.372
348.111
347.82
347.495
347.133
346.73
346.282
345.788
345.243
344.648
343.996
343.294
342.533
341.725
340.855
339.946
338.972
337.98
336.928
335.89
334.797
333.749
350
349.996
349.985
349.969
349.945
349.913
349.871
349.821
349.762
349.695
349.617
349.53
349.432
349.321
349.198
349.059
348.904
348.73
348.535
348.315
348.07
347.795
347.488
347.144
346.764
346.34
345.878
345.361
344.805
344.185
343.532
342.808
342.07
341.255
340.441
350
349.999
349.997
349.993
349.987
349.978
349.965
349.947
349.926
349.9
349.869
349.832
349.79
349.741
349.685
349.621
349.548
349.466
349.373
349.268
349.15
349.016
348.865
348.694
348.503
348.286
348.045
347.771
347.469
347.123
346.749
346.32
345.87
345.352
344.819
350
350
350
349.999
349.997
349.995
349.992
349.987
349.98
349.972
349.961
349.948
349.932
349.912
349.889
349.862
349.831
349.794
349.752
349.704
349.649
349.586
349.514
349.432
349.34
349.233
349.115
348.977
348.825
348.646
348.451
348.22
347.975
347.683
347.375
350
350
350
350
350
349.999
349.998
349.997
349.995
349.993
349.99
349.986
349.981
349.974
349.966
349.956
349.944
349.929
349.912
349.892
349.868
349.84
349.808
349.771
349.728
349.678
349.622
349.556
349.483
349.396
349.299
349.183
349.058
348.907
348.744
350
350
350
350
350
350
350
349.999
349.999
349.999
349.998
349.997
349.995
349.993
349.991
349.988
349.984
349.979
349.973
349.965
349.956
349.945
349.932
349.916
349.898
349.876
349.851
349.822
349.788
349.748
349.702
349.647
349.587
349.513
349.432
350
350
350
350
350
350
350
350
350
350
350
349.999
349.999
349.999
349.998
349.997
349.996
349.994
349.993
349.99
349.987
349.983
349.979
349.973
349.966
349.957
349.947
349.935
349.921
349.904
349.884
349.859
349.832
349.798
349.76
350
350
350
350
350
350
350
350
350
350
350
350
350
350
350
349.999
349.999
349.999
349.998
349.998
349.997
349.996
349.994
349.992
349.99
349.987
349.983
349.979
349.974
349.967
349.959
349.949
349.937
349.923
349.906
350
350
350
350
350
350
350
350
350
350
350
350
350
350
350
350
350
350
350
349.999
349.999
349.999
349.999
349.998
349.997
349.997
349.995
349.994
349.992
349.99
349.987
349.984
349.979
349.974
349.967
350
350
350
350
350
350
350
350
350
350
350
350
350
350
350
350
350
350
350
350
350
350
350
350
349.999
349.999
349.999
349.999
349.998
349.997
349.996
349.995
349.994
349.992
349.99
350
350
350
350
350
350
350
350
350
350
350
350
350
350
350
350
350
350
350
350
350
350
350
350
350
350
350
350
350
349.999
349.999
349.999
349.998
349.998
349.997
350
350
350
350
350
350
350
350
350
350
350
350
350
350
350
350
350
350
350
350
350
350
350
350
350
350
350
350
350
350
350
350
350
350
349.999
350
350
350
350
350
350
350
350
350
350
350
350
350
350
350
350
350
350
350
350
350
350
350
350
350
350
350
350
350
350
350
350
350
350
350
350
350
350
350
350
350
350
350
350
350
350
350
350
350
350
350
350
350
350
350
350
350
350
350
350
350
350
350
350
350
350
350
350
350
350
350
350
350
350
350
350
350
350
350
350
350
350
350
350
350
350
350
350
350
350
350
350
350
350
350
350
350
350
350
350
350
350
350
350
350
350
350
350
350
350
350
350
350
350
350
350
350
350
350
350
350
350
350
350
350
350
350
350
350
350
350
350
350
350
350
350
350
350
350
350
350
350
350
350
350
350
350
350
350
350
350
350
350
350
350
350
350
350
350
350
350
350
350
350
350
350
350
350
350
350
350
350
350
350
350
350
350
350
350
350
350
350
350
350
350
350
350
350
350
350
350
350
350
350
350
350
350
350
350
350
350
350
350
350
350
350
350
350
350
350
350
350
350
350
350
350
350
350
350
350
350
350
350
350
350
350
350
350
350
350
350
350
350
350
350
350
350
350
350
350
350
350
350
350
350
350
350
350
350
350
350
350
350
350
350
350
350
350
350
350
350
350
350
350
350
350
350
350
350
350
350
350
350
350
350
350
350
350
350
350
350
350
350
350
350
350
350
350
350
350
350
350
350
350
350
350
350
350
350
350
350
350
350
350
350
350
350
350
350
350
350
350
350
350
350
350
350
350
350
350
350
350
350
350
350
350
350
350
350
350
350
350
350
350
350
350
350
350
350
350
350
350
350
350
350
350
350
350
350
350
350
350
350
350
350
350
350
350
350
350
350
350
350
350
350
350
350
350
350
350
350
350
350
350
350
350
350
350
350
350
350
350
350
350
350
350
350
350
350
350
350
350
350
350
350
350
350
350
350
350
350
350
350
350
350
350
350
350
350
350
350
350
350
350
350
350
350
350
350
350
350
350
350
350
350
350
350
350
350
350
350
350
350
350
350
350
350
350
350
350
350
350
350
350
350
350
350
350
350
350
350
350
350
350
350
350
350
350
350
350
350
350
350
350
350
350
350
350
350
350
350
350
350
350
350
350
350
350
350
350
350
350
350
350
350
350
350
350
350
350
350
350
350
350
350
350
350
350
350
350
350
350
350
350
350
350
350
350
350
350
350
350
350
350
350
350
350
350
350
350
350
350
350
350
350
350
350
350
350
350
350
350
350
350
350
350
350
350
350
350
350
350
350
350
350
350
350
350
350
350
350
350
350
350
350
350
350
350
350
350
350
350
350
350
350
350
350
350
350
350
350
350
350
350
350
350
350
350
350
350
350
350
350
350
350
350
350
350
350
350
350
350
350
350
350
350
350
350
350
350
350
350
350
350
350
350
350
350
350
350
350
350
350
350
350
350
350
350
350
350
350
350
350
350
350
350
350
350
350
350
350
350
350
350
350
350
350
350
350
350
350
350
350
350
350
350
350
350
350
350
350
350
350
350
350
350
350
350
350
350
350
350
350
350
350
350
350
350
350
350
350
350
350
350
350
350
350
350
350
350
350
350
350
350
350
350
350
350
350
350
350
350
350
350
350
350
350
350
350
350
350
350
350
350
350
350
350
350
350
350
350
350
350
350
350
350
350
350
350
350
350
350
350
350
350
350
350
350
350
350
350
350
350
350
350
350
350
350
350
350
350
350
350
350
350
350
350
350
350
350
350
350
350
350
350
350
350
350
350
350
350
350
350
350
350
350
350
350
350
350
350
350
350
350
350
350
350
350
350
350
350
350
350
350
350
350
350
350
350
350
350
350
350
350
350
350
350
350
350
350
350
350
350
350
350
350
350
350
350
350
350
350
350
350
350
350
350
350
350
350
350
350
350
350
350
350
350
350
350
350
350
350
350
350
350
350
350
350
350
350
350
350
350
350
350
350
350
350
350
350
350
350
350
350
350
350
350
350
350
350
350
350
350
350
350
350
350
350
350
350
350
350
350
350
350
350
350
350
350
350
350
350
350
350
350
350
350
350
350
350
350
350
350
350
350
350
350
350
350
350
350
350
350
350
350
350
350
350
350
350
350
350
350
350
350
350
350
350
350
350
350
350
350
350
350
350
350
350
350
350
350
350
350
350
350
350
350
350
350
350
350
350
350
350
350
350
350
350
350
350
350
350
350
350
350
350
350
350
350
350
350
350
350
350
350
350
350
350
350
350
350
350
350
350
350
350
350
350
350
350
350
350
350
350
350
350
350
350
350
350
350
350
350
350
350
350
350
350
350
349.986
350
350
350
350
350
350
350
350
350
350
350
350
350
350
350
350
350
350
350
349.996
350
350
350
350
350
350
350
350
350
350
350
350
350
350
350
350
350
350
350
349.999
350
350
350
350
350
350
350
350
350
350
350
350
350
350
350
350
350
350
350
350
350
350
350
350
350
350
350
350
350
350
350
350
350
350
350
350
350
350
350
350
350
350
350
350
350
350
350
350
350
350
350
350
350
350
350
350
350
350
350
350
350
350
350
350
350
350
350
350
350
350
350
350
350
350
350
350
350
350
350
350
350
350
350
350
350
350
350
350
350
350
350
350
350
350
350
350
350
350
350
350
350
350
350
350
350
350
350
350
350
350
350
350
350
350
350
350
350
350
350
350
350
350
350
350
350
350
350
350
350
350
350
350
350
350
350
350
350
350
350
350
350
350
350
350
350
350
350
350
350
350
350
350
350
350
350
350
350
350
350
350
350
350
350
350
350
350
350
350
350
350
350
350
350
350
350
350
350
350
350
350
350
350
350
350
350
350
350
350
350
350
350
350
350
350
350
350
350
350
350
350
350
350
350
350
350
350
350
350
350
350
350
350
350
350
350
350
350
350
350
350
350
350
350
350
350
350
350
350
350
350
350
350
350
350
350
350
350
350
350
350
350
350
350
350
350
350
350
350
350
350
350
350
350
350
350
350
350
350
350
350
350
350
350
350
350
350
350
350
350
350
350
350
350
350
350
350
350
350
350
350
350
350
350
350
350
350
350
350
350
350
350
350
350
350
350
350
350
350
350
350
350
350
350
350
350
350
350
350
350
350
350
350
350
350
350
350
350
350
350
350
350
350
350
350
350
350
350
350
350
350
350
350
350
350
350
350
350
350
350
350
350
350
350
350
350
350
350
350
350
350
350
350
350
350
350
350
350
350
350
350
350
350
350
350
350
350
350
350
350
350
350
350
350
350
350
350
350
350
350
350
350
350
350
350
350
350
350
350
350
350
350
350
350
350
350
350
350
350
350
350
350
350
350
350
350
350
350
350
350
350
350
350
350
350
350
350
350
350
350
350
350
350
350
350
350
350
350
350
350
350
350
350
350
350
350
350
350
350
350
350
350
350
350
350
350
350
350
350
350
350
350
350
350
350
350
350
350
350
350
350
350
350
350
350
350
350
350
350
350
350
350
350
350
350
350
350
350
350
350
350
350
350
350
350
350
350
350
350
350
350
350
350
350
350
350
350
350
350
350
350
350
350
350
350
350
350
350
350
350
350
350
350
350
350
350
350
350
350
350
350
350
350
350
350
350
350
350
350
350
350
350
350
350
350
350
350
350
350
350
350
350
350
350
350
350
350
350
350
350
350
350
350
350
350
350
350
350
350
350
350
350
350
350
350
350
350
350
350
350
350
350
350
350
350
350
350
350
350
350
350
350
350
350
350
350
350
350
350
350
350
350
350
350
350
350
350
350
350
350
350
350
350
350
350
350
350
350
350
350
350
350
350
350
350
350
350
350
350
350
350
350
350
350
350
350
350
350
350
350
350
350
350
350
350
350
350
350
350
350
350
350
350
350
350
350
350
350
350
350
350
350
350
350
350
350
350
350
350
350
350
350
350
350
350
350
350
350
350
350
350
350
350
350
350
350
350
350
350
350
350
350
350
350
350
350
350
350
350
350
350
350
350
350
350
350
350
350
350
350
350
350
350
350
350
350
350
350
350
350
350
350
350
350
350
350
350
350
350
350
350
350
350
350
350
350
350
350
350
350
350
350
350
350
350
350
350
350
350
350
350
350
350
350
350
350
350
350
350
350
350
350
350
350
350
350
350
350
350
350
350
350
350
350
350
350
350
350
350
350
350
350
350
350
350
350
350
350
350
350
350
350
350
350
350
350
350
350
350
350
350
350
350
350
350
350
350
350
350
350
350
350
350
350
350
350
350
350
350
350
350
350
350
350
350
350
350
350
350
350
350
350
350
350
350
350
350
350
350
350
350
350
350
350
350
350
350
350
350
350
350
)
;

boundaryField
{
    top
    {
        type            fixedValue;
        value           uniform 350;
    }
    inlet
    {
        type            fixedValue;
        value           uniform 350;
    }
    outlet
    {
        type            zeroGradient;
    }
    plate
    {
        type            fixedValue;
        value           uniform 275;
    }
    symmBound
    {
        type            zeroGradient;
    }
    frontAndBack
    {
        type            empty;
    }
}


// ************************************************************************* //
