/*--------------------------------*- C++ -*----------------------------------*\
| =========                 |                                                 |
| \\      /  F ield         | OpenFOAM: The Open Source CFD Toolbox           |
|  \\    /   O peration     | Version:  1.4.1-dev                             |
|   \\  /    A nd           | Web:      http://www.openfoam.org               |
|    \\/     M anipulation  |                                                 |
\*---------------------------------------------------------------------------*/

FoamFile
{
    version 2.0;
    format ascii;

    root "/home/mjaworsk/OpenFOAM/mjaworsk-1.4.1-dev/run/FlatPlate-Blasius";
    case "icoHeatFoam-flatPlate2";
    instance "0.7";
    local "";

    class volVectorField;
    object U;
}

// * * * * * * * * * * * * * * * * * * * * * * * * * * * * * * * * * * * * * //

dimensions      [0 1 -1 0 0 0 0];

internalField   nonuniform List<vector> 
2475
(
(0.1326 0.00807305 0)
(0.0798643 0.00530171 0)
(0.0537683 0.00187994 0)
(0.0398884 0.000635931 0)
(0.0322534 0.000269573 0)
(0.0279814 0.000143874 0)
(0.0251919 0.000104764 0)
(0.0230571 8.65223e-05 0)
(0.021306 7.09618e-05 0)
(0.0198363 5.78422e-05 0)
(0.01858 4.76382e-05 0)
(0.0174904 3.9758e-05 0)
(0.0165299 3.35269e-05 0)
(0.0156761 2.85709e-05 0)
(0.0149059 2.45153e-05 0)
(0.0142104 2.1236e-05 0)
(0.0135713 1.84595e-05 0)
(0.0129886 1.62062e-05 0)
(0.0124437 1.42208e-05 0)
(0.0119457 1.26244e-05 0)
(0.0114709 1.11413e-05 0)
(0.0110398 9.98383e-06 0)
(0.010618 8.83824e-06 0)
(0.0102423 8.00325e-06 0)
(0.0098592 7.10327e-06 0)
(0.00953196 6.50484e-06 0)
(0.00917522 5.75831e-06 0)
(0.00889483 5.32705e-06 0)
(0.00855134 4.70466e-06 0)
(0.00831979 4.42765e-06 0)
(0.00797118 3.91452e-06 0)
(0.00779727 3.73973e-06 0)
(0.00741771 3.33646e-06 0)
(0.00732392 3.17246e-06 0)
(0.00686734 3.2728e-06 0)
(0.183192 0.016814 0)
(0.162012 0.0150253 0)
(0.139913 0.00827542 0)
(0.117967 0.00415442 0)
(0.0998291 0.00227032 0)
(0.0870177 0.00134982 0)
(0.0780544 0.000894918 0)
(0.0712802 0.00066282 0)
(0.0658105 0.00052052 0)
(0.0612442 0.000418735 0)
(0.0573462 0.000342444 0)
(0.0539685 0.000284374 0)
(0.050992 0.000239052 0)
(0.0483485 0.000203213 0)
(0.0459644 0.000174094 0)
(0.0438131 0.000150523 0)
(0.0418363 0.000130728 0)
(0.0400359 0.000114549 0)
(0.0383521 0.000100473 0)
(0.0368148 8.89967e-05 0)
(0.0353488 7.85646e-05 0)
(0.0340195 7.02455e-05 0)
(0.0327176 6.226e-05 0)
(0.0315599 5.62281e-05 0)
(0.0303782 4.99421e-05 0)
(0.0293713 4.55807e-05 0)
(0.0282724 4.03824e-05 0)
(0.0274106 3.73181e-05 0)
(0.0263528 3.29312e-05 0)
(0.0256414 3.10419e-05 0)
(0.02457 2.71933e-05 0)
(0.0240368 2.6262e-05 0)
(0.0228758 2.27492e-05 0)
(0.0225873 2.25532e-05 0)
(0.0212076 2.10567e-05 0)
(0.190483 0.0169558 0)
(0.19009 0.0186557 0)
(0.183943 0.0130992 0)
(0.171498 0.00861982 0)
(0.156315 0.00599307 0)
(0.142132 0.00420254 0)
(0.130145 0.00296614 0)
(0.120125 0.00218627 0)
(0.111629 0.00169228 0)
(0.104341 0.00135229 0)
(0.0980025 0.00110267 0)
(0.0924407 0.000913951 0)
(0.0874914 0.000767394 0)
(0.0830664 0.000651831 0)
(0.0790519 0.000558207 0)
(0.0754164 0.000482395 0)
(0.0720616 0.000418908 0)
(0.0690011 0.000366866 0)
(0.0661289 0.000321794 0)
(0.0635062 0.000284842 0)
(0.0609966 0.00025152 0)
(0.0587232 0.000224722 0)
(0.0564883 0.000199293 0)
(0.0545055 0.000179809 0)
(0.0524729 0.000159759 0)
(0.0507478 0.000145614 0)
(0.0488555 0.000129054 0)
(0.047379 0.000119211 0)
(0.0455556 0.000105165 0)
(0.0443368 9.91762e-05 0)
(0.042491 8.65529e-05 0)
(0.0415787 8.39036e-05 0)
(0.0395856 7.18177e-05 0)
(0.0390903 7.22641e-05 0)
(0.0367446 6.46358e-05 0)
(0.191017 0.0143363 0)
(0.195862 0.0179774 0)
(0.198634 0.0145099 0)
(0.195766 0.010846 0)
(0.188491 0.00860992 0)
(0.179471 0.00689481 0)
(0.170188 0.00541324 0)
(0.161146 0.00426083 0)
(0.152522 0.00341762 0)
(0.144464 0.00278915 0)
(0.137008 0.00230518 0)
(0.130175 0.00192736 0)
(0.123891 0.00162789 0)
(0.118141 0.00138877 0)
(0.11282 0.00119336 0)
(0.107938 0.00103405 0)
(0.103373 0.000899982 0)
(0.0991767 0.000789533 0)
(0.095198 0.000693643 0)
(0.0915529 0.000614673 0)
(0.088033 0.000543453 0)
(0.0848437 0.000485907 0)
(0.08168 0.000431389 0)
(0.0788808 0.000389348 0)
(0.0759836 0.000346177 0)
(0.0735387 0.000315515 0)
(0.0708275 0.000279797 0)
(0.0687299 0.00025851 0)
(0.0661076 0.000228097 0)
(0.0643739 0.000215171 0)
(0.061715 0.000187508 0)
(0.0604171 0.000181984 0)
(0.0575519 0.000155001 0)
(0.0568436 0.000156679 0)
(0.0535008 0.000137227 0)
(0.192147 0.0121862 0)
(0.196191 0.016125 0)
(0.201184 0.0142528 0)
(0.202901 0.0113001 0)
(0.201108 0.00952458 0)
(0.197367 0.0082648 0)
(0.192637 0.00704147 0)
(0.187247 0.00593447 0)
(0.181325 0.00502456 0)
(0.175104 0.00428258 0)
(0.168743 0.00366275 0)
(0.162444 0.00314329 0)
(0.156252 0.00270698 0)
(0.150306 0.00234358 0)
(0.144557 0.00203666 0)
(0.139126 0.00178053 0)
(0.133889 0.00156067 0)
(0.128994 0.00137708 0)
(0.124244 0.0012156 0)
(0.119853 0.00108151 0)
(0.11553 0.000959462 0)
(0.111603 0.000860341 0)
(0.107635 0.000765745 0)
(0.104136 0.000692546 0)
(0.100444 0.000616859 0)
(0.0973555 0.000563012 0)
(0.0938597 0.000499948 0)
(0.0911914 0.000462444 0)
(0.0877807 0.000408415 0)
(0.0855659 0.000385573 0)
(0.0820892 0.000335992 0)
(0.0804262 0.000326264 0)
(0.0766779 0.000277439 0)
(0.0757637 0.000280646 0)
(0.0714211 0.000242882 0)
(0.193387 0.0108359 0)
(0.196176 0.0143915 0)
(0.200707 0.0136212 0)
(0.203674 0.0111826 0)
(0.204191 0.00957789 0)
(0.203285 0.00862197 0)
(0.201662 0.0077177 0)
(0.199482 0.00681553 0)
(0.196642 0.00601935 0)
(0.193239 0.00534123 0)
(0.189293 0.00474434 0)
(0.185002 0.00421253 0)
(0.180365 0.00373546 0)
(0.175603 0.0033153 0)
(0.170653 0.00294103 0)
(0.165758 0.00261591 0)
(0.160768 0.00232546 0)
(0.155969 0.00207649 0)
(0.1511 0.00185092 0)
(0.146532 0.00166073 0)
(0.141859 0.00148353 0)
(0.137598 0.00133852 0)
(0.133138 0.00119735 0)
(0.129224 0.00108791 0)
(0.12495 0.000972566 0)
(0.12142 0.000890744 0)
(0.117279 0.00079311 0)
(0.114186 0.000735538 0)
(0.110078 0.00065092 0)
(0.107487 0.000615649 0)
(0.103252 0.000537246 0)
(0.101292 0.000522109 0)
(0.0967053 0.000444324 0)
(0.0956172 0.000449103 0)
(0.0903268 0.000386154 0)
(0.194198 0.00993593 0)
(0.196282 0.0128791 0)
(0.199907 0.0128785 0)
(0.202919 0.0109622 0)
(0.204159 0.00940398 0)
(0.204297 0.00854566 0)
(0.203994 0.00784714 0)
(0.20349 0.00712087 0)
(0.202579 0.00644511 0)
(0.201297 0.00586677 0)
(0.199503 0.00535649 0)
(0.197365 0.00489373 0)
(0.194732 0.00446105 0)
(0.191846 0.00406529 0)
(0.188509 0.00369456 0)
(0.185052 0.00336041 0)
(0.181197 0.00304643 0)
(0.177377 0.0027691 0)
(0.173191 0.00250586 0)
(0.169207 0.00227946 0)
(0.164841 0.00205954 0)
(0.160858 0.00187794 0)
(0.156416 0.00169419 0)
(0.152567 0.00155194 0)
(0.148093 0.00139625 0)
(0.144491 0.00128693 0)
(0.139986 0.00115131 0)
(0.136745 0.00107288 0)
(0.132148 0.000952881 0)
(0.129385 0.000904428 0)
(0.124554 0.000791735 0)
(0.122437 0.000770865 0)
(0.117146 0.000658013 0)
(0.115954 0.000664389 0)
(0.109858 0.00056998 0)
(0.194641 0.00925706 0)
(0.196325 0.0115538 0)
(0.199164 0.0120168 0)
(0.201917 0.0106626 0)
(0.203384 0.00919851 0)
(0.20389 0.0083424 0)
(0.203981 0.00775148 0)
(0.204078 0.00715085 0)
(0.203967 0.00655689 0)
(0.203749 0.00604287 0)
(0.203167 0.00559841 0)
(0.202455 0.00520596 0)
(0.201307 0.00483627 0)
(0.200043 0.00449753 0)
(0.198273 0.00417042 0)
(0.196436 0.00387274 0)
(0.194038 0.00358019 0)
(0.191675 0.00331855 0)
(0.188701 0.00305616 0)
(0.185913 0.00282852 0)
(0.182451 0.00259368 0)
(0.179379 0.00239984 0)
(0.175523 0.00219101 0)
(0.172319 0.00203145 0)
(0.168144 0.00184499 0)
(0.164964 0.00171742 0)
(0.16051 0.00154772 0)
(0.157523 0.00145344 0)
(0.152777 0.00129819 0)
(0.150158 0.00123937 0)
(0.145016 0.00109062 0)
(0.142965 0.00106574 0)
(0.137229 0.000914765 0)
(0.136052 0.000923134 0)
(0.129422 0.000793418 0)
(0.194884 0.00868065 0)
(0.196292 0.0104308 0)
(0.198504 0.011094 0)
(0.200916 0.0102611 0)
(0.20244 0.00898557 0)
(0.203156 0.00812013 0)
(0.203362 0.00757547 0)
(0.203633 0.00707028 0)
(0.203744 0.00654099 0)
(0.203932 0.00606355 0)
(0.20382 0.00564972 0)
(0.203788 0.00529829 0)
(0.203382 0.00497049 0)
(0.203088 0.00467836 0)
(0.20231 0.00439258 0)
(0.201678 0.00413928 0)
(0.200436 0.00388239 0)
(0.199409 0.00365823 0)
(0.197634 0.0034209 0)
(0.196193 0.00322006 0)
(0.193854 0.00299687 0)
(0.192033 0.00281834 0)
(0.189132 0.00260792 0)
(0.187016 0.00245417 0)
(0.183576 0.00225504 0)
(0.181289 0.00212689 0)
(0.17733 0.00193549 0)
(0.175036 0.00183742 0)
(0.170562 0.00165411 0)
(0.168458 0.00159253 0)
(0.163408 0.00141195 0)
(0.161708 0.00138786 0)
(0.15592 0.0012014 0)
(0.154914 0.00121298 0)
(0.148168 0.00104903 0)
(0.195066 0.00815494 0)
(0.19626 0.00950271 0)
(0.197981 0.0101924 0)
(0.200033 0.00977116 0)
(0.201499 0.00875292 0)
(0.20237 0.00791122 0)
(0.202639 0.00737585 0)
(0.202978 0.00694063 0)
(0.203112 0.0064745 0)
(0.203444 0.00603025 0)
(0.203452 0.00562974 0)
(0.203689 0.00529757 0)
(0.203531 0.00498887 0)
(0.203683 0.0047237 0)
(0.203334 0.00446063 0)
(0.203367 0.00423819 0)
(0.202754 0.00400663 0)
(0.202611 0.00381662 0)
(0.201641 0.00360481 0)
(0.201261 0.00343804 0)
(0.199842 0.00323634 0)
(0.199187 0.00308807 0)
(0.19724 0.00289153 0)
(0.196309 0.00276206 0)
(0.193777 0.00256753 0)
(0.192612 0.00245734 0)
(0.18945 0.00226055 0)
(0.188145 0.00217436 0)
(0.184323 0.00197616 0)
(0.183036 0.00192289 0)
(0.178512 0.00172125 0)
(0.177422 0.00170529 0)
(0.172067 0.00149364 0)
(0.171385 0.0015106 0)
(0.165063 0.00132066 0)
(0.195282 0.00766696 0)
(0.1963 0.00873314 0)
(0.197639 0.00936602 0)
(0.199357 0.00922595 0)
(0.20068 0.00848255 0)
(0.201649 0.00771528 0)
(0.201968 0.00717743 0)
(0.20236 0.00678522 0)
(0.202464 0.00637843 0)
(0.202859 0.00597527 0)
(0.20287 0.00558719 0)
(0.203218 0.00526645 0)
(0.203098 0.00496487 0)
(0.20343 0.00471503 0)
(0.203192 0.00446072 0)
(0.203521 0.00425561 0)
(0.203136 0.00403455 0)
(0.203442 0.00386622 0)
(0.202851 0.00366825 0)
(0.203099 0.0035278 0)
(0.202218 0.00334204 0)
(0.202363 0.00322284 0)
(0.2011 0.00304164 0)
(0.201103 0.0029415 0)
(0.199361 0.00275915 0)
(0.199204 0.00267658 0)
(0.196887 0.0024866 0)
(0.196578 0.00242372 0)
(0.193611 0.00222468 0)
(0.193219 0.0021891 0)
(0.189556 0.00198083 0)
(0.189184 0.0019795 0)
(0.184721 0.0017596 0)
(0.184445 0.00178427 0)
(0.179089 0.0015838 0)
(0.195575 0.00721839 0)
(0.196446 0.00808302 0)
(0.197488 0.00863565 0)
(0.19892 0.00866368 0)
(0.200057 0.00816677 0)
(0.201063 0.00751844 0)
(0.201421 0.00699002 0)
(0.201868 0.00661932 0)
(0.201935 0.00626011 0)
(0.20236 0.00590435 0)
(0.202347 0.00553516 0)
(0.202751 0.0052264 0)
(0.202614 0.00492787 0)
(0.203017 0.00468905 0)
(0.202779 0.00443779 0)
(0.203218 0.00424348 0)
(0.202877 0.00402436 0)
(0.203361 0.00386822 0)
(0.202892 0.00367377 0)
(0.203415 0.00354915 0)
(0.202773 0.00336967 0)
(0.203315 0.00327035 0)
(0.202434 0.00309781 0)
(0.202967 0.00302084 0)
(0.201767 0.00284874 0)
(0.202256 0.00279149 0)
(0.200643 0.00261237 0)
(0.201045 0.00257402 0)
(0.198929 0.00238375 0)
(0.199232 0.00236777 0)
(0.196566 0.00216603 0)
(0.196787 0.00217996 0)
(0.193499 0.00197035 0)
(0.193581 0.00200325 0)
(0.189566 0.0018112 0)
(0.195939 0.00681115 0)
(0.196686 0.00752306 0)
(0.1975 0.00799869 0)
(0.198697 0.00811586 0)
(0.199646 0.00781248 0)
(0.200633 0.00730552 0)
(0.201019 0.00681167 0)
(0.201514 0.00645401 0)
(0.201564 0.00612695 0)
(0.201997 0.00581798 0)
(0.201966 0.00547503 0)
(0.202392 0.0051825 0)
(0.202245 0.00488726 0)
(0.202668 0.00465788 0)
(0.202423 0.00440864 0)
(0.202882 0.00422297 0)
(0.202552 0.00400358 0)
(0.203066 0.003855 0)
(0.202643 0.00365972 0)
(0.203223 0.00354375 0)
(0.202689 0.00336472 0)
(0.203334 0.00327627 0)
(0.20266 0.00310628 0)
(0.203359 0.00304266 0)
(0.202501 0.00287606 0)
(0.203231 0.00283465 0)
(0.202133 0.0026652 0)
(0.20284 0.00264344 0)
(0.201441 0.00246597 0)
(0.20207 0.00246304 0)
(0.200337 0.00227609 0)
(0.200854 0.00229834 0)
(0.198753 0.00211227 0)
(0.199038 0.00215071 0)
(0.19643 0.00198273 0)
(0.196342 0.00644293 0)
(0.19698 0.0070338 0)
(0.197623 0.00744175 0)
(0.198626 0.00760089 0)
(0.199413 0.00743481 0)
(0.200338 0.00706702 0)
(0.200743 0.00663297 0)
(0.201271 0.0062931 0)
(0.201334 0.00598621 0)
(0.201755 0.00571708 0)
(0.201728 0.00540495 0)
(0.202144 0.00513373 0)
(0.202017 0.00484501 0)
(0.202422 0.00462432 0)
(0.202203 0.00437802 0)
(0.202628 0.00419989 0)
(0.202337 0.00398149 0)
(0.202803 0.00383825 0)
(0.20244 0.0036424 0)
(0.202958 0.00353096 0)
(0.202523 0.00335144 0)
(0.203099 0.00326774 0)
(0.202582 0.00309838 0)
(0.203216 0.00303993 0)
(0.202606 0.00287649 0)
(0.203284 0.00284075 0)
(0.202564 0.00267942 0)
(0.203242 0.00266316 0)
(0.20239 0.00249931 0)
(0.20301 0.00249903 0)
(0.202014 0.0023301 0)
(0.202531 0.00235001 0)
(0.20139 0.0021917 0)
(0.201706 0.00223062 0)
(0.200266 0.00209376 0)
(0.196752 0.00610933 0)
(0.197291 0.00660181 0)
(0.19781 0.00695054 0)
(0.198646 0.00712515 0)
(0.199307 0.00704998 0)
(0.20014 0.00680209 0)
(0.200559 0.00644365 0)
(0.201093 0.00613341 0)
(0.2012 0.00584257 0)
(0.201592 0.00560374 0)
(0.201597 0.00532298 0)
(0.201976 0.00507673 0)
(0.2019 0.00479974 0)
(0.202257 0.0045877 0)
(0.202101 0.00434632 0)
(0.202458 0.00417448 0)
(0.202242 0.00395963 0)
(0.202617 0.00382025 0)
(0.202351 0.00362618 0)
(0.202752 0.00351674 0)
(0.202439 0.00333851 0)
(0.202873 0.00325582 0)
(0.202516 0.0030883 0)
(0.202983 0.00302974 0)
(0.202586 0.00287007 0)
(0.203078 0.00283273 0)
(0.202648 0.00267957 0)
(0.203132 0.00266008 0)
(0.202671 0.0025096 0)
(0.203107 0.00250353 0)
(0.202613 0.00235249 0)
(0.202971 0.00236179 0)
(0.202456 0.00222797 0)
(0.202698 0.00226238 0)
(0.202032 0.00215495 0)
(0.197148 0.00580649 0)
(0.197592 0.00621736 0)
(0.198024 0.00651379 0)
(0.198713 0.00668834 0)
(0.199281 0.00667077 0)
(0.200008 0.0065166 0)
(0.200436 0.00623732 0)
(0.20095 0.00596856 0)
(0.201117 0.00569712 0)
(0.201473 0.00548077 0)
(0.201528 0.00522875 0)
(0.201853 0.00500832 0)
(0.201845 0.00474854 0)
(0.202141 0.00454609 0)
(0.202067 0.00431224 0)
(0.202344 0.00414552 0)
(0.202224 0.00393681 0)
(0.202497 0.00380024 0)
(0.202342 0.00361065 0)
(0.202619 0.00350167 0)
(0.202436 0.0033271 0)
(0.202722 0.00324328 0)
(0.202516 0.00307968 0)
(0.20281 0.00301816 0)
(0.202592 0.00286401 0)
(0.202888 0.00282118 0)
(0.202672 0.00267695 0)
(0.20295 0.00264985 0)
(0.202742 0.002512 0)
(0.202982 0.00249625 0)
(0.202779 0.00236135 0)
(0.202969 0.00235713 0)
(0.202776 0.0022417 0)
(0.202927 0.00226834 0)
(0.20267 0.00218415 0)
(0.197519 0.00553176 0)
(0.197876 0.00587349 0)
(0.198244 0.00612321 0)
(0.198807 0.0062879 0)
(0.199305 0.00630525 0)
(0.199926 0.00621937 0)
(0.200353 0.00601314 0)
(0.20083 0.00579309 0)
(0.201055 0.00554805 0)
(0.201376 0.00535061 0)
(0.201485 0.00512357 0)
(0.201757 0.00492721 0)
(0.201814 0.00468865 0)
(0.202053 0.00449749 0)
(0.202059 0.00427402 0)
(0.202266 0.00411188 0)
(0.202234 0.00391131 0)
(0.202423 0.00377701 0)
(0.202365 0.00359403 0)
(0.202544 0.00348489 0)
(0.202467 0.00331585 0)
(0.202639 0.00322998 0)
(0.202551 0.00307199 0)
(0.202717 0.00300624 0)
(0.202628 0.00285909 0)
(0.202783 0.0028094 0)
(0.202704 0.00267446 0)
(0.20284 0.00263875 0)
(0.202773 0.00251239 0)
(0.202884 0.00248666 0)
(0.20282 0.00236572 0)
(0.202904 0.00234913 0)
(0.202839 0.00224706 0)
(0.202924 0.00226443 0)
(0.202839 0.00219712 0)
(0.197863 0.00528315 0)
(0.198142 0.00556514 0)
(0.198458 0.00577242 0)
(0.198918 0.00592101 0)
(0.199359 0.00595755 0)
(0.199886 0.005919 0)
(0.200301 0.00577442 0)
(0.200734 0.00560428 0)
(0.201 0.00539234 0)
(0.201295 0.00521426 0)
(0.201449 0.00500939 0)
(0.20168 0.00483397 0)
(0.201788 0.00461834 0)
(0.201984 0.00444027 0)
(0.20205 0.00422993 0)
(0.202211 0.00407274 0)
(0.202244 0.00388168 0)
(0.202379 0.00374969 0)
(0.202389 0.00357472 0)
(0.202506 0.00346546 0)
(0.202501 0.00330323 0)
(0.202606 0.00321506 0)
(0.202592 0.00306389 0)
(0.202684 0.00299347 0)
(0.20267 0.00285421 0)
(0.202748 0.00279766 0)
(0.202743 0.00267183 0)
(0.202805 0.00262809 0)
(0.202803 0.00251206 0)
(0.202854 0.00247757 0)
(0.202843 0.0023686 0)
(0.202884 0.00234217 0)
(0.202853 0.00225071 0)
(0.202904 0.00225845 0)
(0.202877 0.00220334 0)
(0.198177 0.0050588 0)
(0.19839 0.00528841 0)
(0.198661 0.00545658 0)
(0.19904 0.0055852 0)
(0.199432 0.00562982 0)
(0.199882 0.00562238 0)
(0.200274 0.00552659 0)
(0.200667 0.00540252 0)
(0.200953 0.0052276 0)
(0.201229 0.00507133 0)
(0.201413 0.00488774 0)
(0.201621 0.00473019 0)
(0.201759 0.00453717 0)
(0.201932 0.00437338 0)
(0.202035 0.00417849 0)
(0.202174 0.00402734 0)
(0.202245 0.00384692 0)
(0.202355 0.0037176 0)
(0.202404 0.00355166 0)
(0.202493 0.00344257 0)
(0.202527 0.00328821 0)
(0.202601 0.00319771 0)
(0.202626 0.00305435 0)
(0.202685 0.0029792 0)
(0.202709 0.00284825 0)
(0.202755 0.00278542 0)
(0.202782 0.00266835 0)
(0.202817 0.00261748 0)
(0.202838 0.0025108 0)
(0.20287 0.0024691 0)
(0.202875 0.00237043 0)
(0.202904 0.00233656 0)
(0.20288 0.00225434 0)
(0.202915 0.002253 0)
(0.202905 0.00220692 0)
(0.198463 0.00485529 0)
(0.198619 0.00503896 0)
(0.198847 0.00517135 0)
(0.199167 0.005278 0)
(0.199517 0.00532318 0)
(0.199909 0.00533454 0)
(0.200272 0.00527563 0)
(0.200627 0.00519069 0)
(0.200915 0.0050532 0)
(0.201179 0.00492103 0)
(0.201379 0.00475944 0)
(0.201576 0.00461775 0)
(0.20173 0.00444595 0)
(0.201892 0.00429659 0)
(0.202016 0.00411877 0)
(0.202147 0.00397499 0)
(0.20224 0.00380636 0)
(0.202343 0.00368021 0)
(0.202412 0.00352422 0)
(0.202493 0.00341562 0)
(0.202546 0.0032701 0)
(0.20261 0.00317737 0)
(0.202654 0.00304254 0)
(0.202703 0.002963 0)
(0.202743 0.00284046 0)
(0.20278 0.00277208 0)
(0.202819 0.00266348 0)
(0.202848 0.00260647 0)
(0.202878 0.00250812 0)
(0.202906 0.00246089 0)
(0.202916 0.00237098 0)
(0.202943 0.00233166 0)
(0.202925 0.00225764 0)
(0.20295 0.00224851 0)
(0.202948 0.00220916 0)
(0.19872 0.0046654 0)
(0.198826 0.00480992 0)
(0.199016 0.00491089 0)
(0.199293 0.00499556 0)
(0.199608 0.00503684 0)
(0.199957 0.00505811 0)
(0.20029 0.00502607 0)
(0.200613 0.00497231 0)
(0.20089 0.00486971 0)
(0.201142 0.00476259 0)
(0.201348 0.00462428 0)
(0.20154 0.0044978 0)
(0.201701 0.00434582 0)
(0.20186 0.00421025 0)
(0.201994 0.00405031 0)
(0.202126 0.00391513 0)
(0.202232 0.00375946 0)
(0.202335 0.00363719 0)
(0.202416 0.0034919 0)
(0.202497 0.00338431 0)
(0.202561 0.00324834 0)
(0.202625 0.00315388 0)
(0.202679 0.00302785 0)
(0.202727 0.00294466 0)
(0.202776 0.0028304 0)
(0.202812 0.00275731 0)
(0.202857 0.00265671 0)
(0.202886 0.00259501 0)
(0.20292 0.00250361 0)
(0.202948 0.00245255 0)
(0.202963 0.00236999 0)
(0.202989 0.00232704 0)
(0.202978 0.00225989 0)
(0.202998 0.00224471 0)
(0.203001 0.00221033 0)
(0.198952 0.00447955 0)
(0.199008 0.00459245 0)
(0.199164 0.00466774 0)
(0.199411 0.00473247 0)
(0.1997 0.00476794 0)
(0.200018 0.00479321 0)
(0.200324 0.00478019 0)
(0.20062 0.00475012 0)
(0.20088 0.00467805 0)
(0.201118 0.00459523 0)
(0.201321 0.00448109 0)
(0.20151 0.00437024 0)
(0.201674 0.00423721 0)
(0.201833 0.00411472 0)
(0.201972 0.00397262 0)
(0.202107 0.00384717 0)
(0.202221 0.00370535 0)
(0.202329 0.00358806 0)
(0.202418 0.00345394 0)
(0.202502 0.00334828 0)
(0.202574 0.00322218 0)
(0.20264 0.00312701 0)
(0.202701 0.00300967 0)
(0.202751 0.00292392 0)
(0.202805 0.00281761 0)
(0.202845 0.00274114 0)
(0.202894 0.00264738 0)
(0.202925 0.00258305 0)
(0.202962 0.00249721 0)
(0.202991 0.00244382 0)
(0.203012 0.00236723 0)
(0.203036 0.00232246 0)
(0.203034 0.00226072 0)
(0.203051 0.00224121 0)
(0.203059 0.00221047 0)
(0.199159 0.004291 0)
(0.199166 0.00437995 0)
(0.199292 0.00443606 0)
(0.199516 0.00448449 0)
(0.199789 0.00451408 0)
(0.200085 0.0045399 0)
(0.20037 0.00453979 0)
(0.200641 0.00452693 0)
(0.200882 0.00448009 0)
(0.201104 0.00441939 0)
(0.201299 0.00432904 0)
(0.201482 0.00423456 0)
(0.201648 0.00411999 0)
(0.201806 0.00401027 0)
(0.20195 0.00388524 0)
(0.202086 0.00377046 0)
(0.202207 0.00364289 0)
(0.202319 0.003532 0)
(0.202416 0.00340931 0)
(0.202504 0.00330684 0)
(0.202582 0.00319058 0)
(0.202652 0.00309619 0)
(0.202718 0.0029872 0)
(0.202772 0.00290038 0)
(0.202831 0.0028012 0)
(0.202874 0.00272345 0)
(0.202927 0.00263498 0)
(0.202961 0.00256992 0)
(0.203002 0.00248892 0)
(0.203031 0.00243451 0)
(0.203059 0.00236241 0)
(0.203081 0.00231762 0)
(0.203089 0.00226004 0)
(0.203102 0.00223758 0)
(0.203117 0.00220952 0)
(0.199345 0.00409803 0)
(0.199302 0.00416991 0)
(0.1994 0.00421305 0)
(0.199608 0.0042497 0)
(0.19987 0.00427447 0)
(0.200152 0.00429926 0)
(0.200421 0.00430749 0)
(0.200671 0.00430668 0)
(0.200894 0.00427953 0)
(0.201097 0.00423789 0)
(0.201282 0.00416949 0)
(0.201456 0.00409178 0)
(0.20162 0.00399517 0)
(0.201777 0.00389832 0)
(0.201924 0.00378923 0)
(0.202062 0.00368563 0)
(0.202189 0.00357223 0)
(0.202304 0.00346909 0)
(0.202407 0.00335774 0)
(0.202499 0.00325991 0)
(0.202584 0.00315303 0)
(0.202656 0.00306119 0)
(0.202729 0.00295993 0)
(0.202786 0.00287395 0)
(0.20285 0.0027807 0)
(0.202897 0.0027038 0)
(0.202954 0.00261969 0)
(0.20299 0.00255491 0)
(0.203036 0.00247837 0)
(0.203065 0.00242463 0)
(0.203099 0.00235543 0)
(0.203119 0.00231192 0)
(0.203138 0.0022579 0)
(0.203149 0.00223355 0)
(0.203171 0.00220736 0)
(0.199512 0.00389832 0)
(0.19942 0.0039587 0)
(0.199492 0.00399411 0)
(0.199687 0.00402351 0)
(0.199942 0.00404529 0)
(0.200215 0.00406903 0)
(0.200473 0.00408274 0)
(0.200706 0.00409041 0)
(0.200911 0.00407824 0)
(0.201096 0.00405247 0)
(0.201267 0.00400348 0)
(0.201431 0.00394226 0)
(0.201591 0.0038631 0)
(0.201744 0.00377949 0)
(0.201893 0.00368532 0)
(0.202032 0.00359322 0)
(0.202164 0.0034934 0)
(0.202281 0.00339937 0)
(0.202391 0.00329891 0)
(0.202485 0.00320735 0)
(0.202576 0.00310908 0)
(0.202652 0.00302147 0)
(0.202729 0.00292738 0)
(0.20279 0.00284414 0)
(0.202859 0.00275602 0)
(0.202909 0.00268128 0)
(0.202971 0.00260155 0)
(0.20301 0.00253789 0)
(0.20306 0.00246488 0)
(0.20309 0.00241377 0)
(0.203131 0.00234666 0)
(0.20315 0.00230471 0)
(0.203178 0.00225404 0)
(0.203187 0.00222884 0)
(0.203217 0.00220393 0)
(0.199662 0.00369115 0)
(0.199524 0.00374361 0)
(0.199571 0.00377472 0)
(0.199754 0.00380025 0)
(0.200006 0.00382081 0)
(0.200273 0.00384417 0)
(0.200523 0.00386193 0)
(0.200742 0.00387592 0)
(0.200932 0.00387531 0)
(0.201098 0.00386273 0)
(0.201255 0.0038305 0)
(0.201405 0.00378512 0)
(0.201559 0.00372269 0)
(0.201707 0.00365308 0)
(0.201858 0.00357312 0)
(0.201995 0.0034931 0)
(0.202132 0.00340612 0)
(0.20225 0.00332246 0)
(0.202366 0.00323258 0)
(0.202461 0.00314866 0)
(0.202559 0.00305869 0)
(0.202636 0.00297634 0)
(0.202719 0.00288924 0)
(0.202783 0.00281015 0)
(0.202857 0.0027271 0)
(0.20291 0.00265514 0)
(0.202976 0.00257972 0)
(0.203018 0.00251863 0)
(0.203073 0.00244808 0)
(0.203103 0.00240043 0)
(0.203151 0.00233626 0)
(0.203169 0.0022956 0)
(0.203207 0.00224778 0)
(0.203213 0.00222253 0)
(0.203253 0.00219886 0)
(0.199796 0.00348472 0)
(0.199614 0.00353038 0)
(0.199638 0.00355818 0)
(0.199811 0.00358109 0)
(0.200061 0.00360086 0)
(0.200326 0.00362396 0)
(0.200571 0.00364443 0)
(0.200778 0.0036631 0)
(0.200954 0.00367113 0)
(0.201103 0.00366939 0)
(0.201245 0.00365107 0)
(0.201381 0.00362039 0)
(0.201526 0.00357351 0)
(0.201667 0.00351834 0)
(0.201817 0.00345226 0)
(0.201953 0.00338474 0)
(0.202092 0.00331026 0)
(0.202211 0.0032376 0)
(0.202331 0.00315858 0)
(0.202428 0.00308313 0)
(0.20253 0.0030018 0)
(0.202609 0.00292553 0)
(0.202698 0.0028453 0)
(0.202763 0.00277168 0)
(0.202842 0.00269406 0)
(0.202898 0.00262564 0)
(0.202969 0.00255403 0)
(0.203012 0.00249673 0)
(0.203073 0.00242891 0)
(0.203104 0.00238366 0)
(0.203158 0.00232352 0)
(0.203175 0.00228493 0)
(0.203223 0.00223903 0)
(0.203228 0.00221393 0)
(0.203276 0.00219155 0)
(0.199911 0.00328935 0)
(0.19969 0.00332852 0)
(0.199693 0.00335269 0)
(0.199857 0.0033729 0)
(0.200107 0.00339119 0)
(0.200371 0.00341337 0)
(0.200613 0.00343486 0)
(0.200811 0.00345635 0)
(0.200975 0.00347019 0)
(0.201108 0.00347659 0)
(0.201236 0.00346919 0)
(0.201357 0.00345096 0)
(0.201492 0.00341798 0)
(0.201624 0.00337648 0)
(0.201772 0.00332402 0)
(0.201905 0.0032688 0)
(0.202046 0.0032066 0)
(0.202164 0.00314505 0)
(0.202287 0.00307691 0)
(0.202384 0.00301085 0)
(0.20249 0.00293815 0)
(0.202571 0.00286932 0)
(0.202664 0.00279563 0)
(0.202731 0.00272858 0)
(0.202815 0.00265708 0)
(0.202873 0.00259327 0)
(0.202949 0.00252545 0)
(0.202993 0.00247224 0)
(0.203059 0.00240863 0)
(0.203091 0.00236534 0)
(0.203152 0.00230827 0)
(0.203168 0.0022736 0)
(0.203225 0.00222912 0)
(0.203228 0.00220386 0)
(0.203286 0.00218246 0)
(0.200008 0.00309914 0)
(0.19975 0.00313405 0)
(0.199734 0.00315577 0)
(0.199891 0.0031741 0)
(0.200142 0.00319127 0)
(0.200406 0.00321246 0)
(0.200648 0.00323426 0)
(0.200839 0.0032572 0)
(0.200994 0.00327493 0)
(0.201112 0.00328709 0)
(0.201227 0.00328814 0)
(0.201332 0.00327993 0)
(0.201457 0.00325889 0)
(0.20158 0.00322985 0)
(0.201723 0.00319012 0)
(0.201853 0.00314705 0)
(0.201994 0.00309625 0)
(0.20211 0.00304593 0)
(0.202236 0.00298782 0)
(0.202331 0.0029318 0)
(0.202441 0.0028674 0)
(0.202521 0.00280675 0)
(0.202619 0.00273978 0)
(0.202687 0.0026793 0)
(0.202775 0.0026145 0)
(0.202834 0.00255629 0)
(0.202915 0.00249251 0)
(0.20296 0.00244343 0)
(0.203031 0.00238445 0)
(0.203064 0.00234468 0)
(0.203131 0.00228925 0)
(0.203147 0.00225904 0)
(0.203213 0.00221726 0)
(0.203214 0.00219189 0)
(0.203282 0.00217049 0)
(0.200094 0.00289341 0)
(0.1998 0.00292809 0)
(0.199765 0.00295119 0)
(0.199914 0.00297086 0)
(0.200167 0.00298951 0)
(0.200432 0.00301139 0)
(0.200675 0.00303433 0)
(0.200861 0.00305851 0)
(0.201008 0.00307921 0)
(0.201114 0.00309556 0)
(0.201216 0.00310323 0)
(0.201307 0.00310323 0)
(0.201421 0.00309253 0)
(0.201533 0.00307493 0)
(0.201671 0.00304742 0)
(0.201795 0.00301657 0)
(0.201936 0.00297735 0)
(0.202049 0.00293839 0)
(0.202176 0.00289077 0)
(0.202269 0.002845 0)
(0.202381 0.00278995 0)
(0.20246 0.00273803 0)
(0.202563 0.00267894 0)
(0.202631 0.00262567 0)
(0.202723 0.00256767 0)
(0.202781 0.00251639 0)
(0.202868 0.00245765 0)
(0.202914 0.00241297 0)
(0.20299 0.00235876 0)
(0.203023 0.00232306 0)
(0.203097 0.00227034 0)
(0.203113 0.00224234 0)
(0.203186 0.00220408 0)
(0.203186 0.00217959 0)
(0.203264 0.00215773 0)
(0.200286 0.00236489 0)
(0.19991 0.00240259 0)
(0.199831 0.00243852 0)
(0.19996 0.00247336 0)
(0.200211 0.00250766 0)
(0.200477 0.00254083 0)
(0.200719 0.00257296 0)
(0.200894 0.00260218 0)
(0.201025 0.00262858 0)
(0.201103 0.00265 0)
(0.201179 0.00266706 0)
(0.201239 0.00267853 0)
(0.201331 0.00268487 0)
(0.201419 0.00268647 0)
(0.201543 0.00268198 0)
(0.201653 0.00267445 0)
(0.201789 0.00265925 0)
(0.201893 0.00264342 0)
(0.202019 0.00261792 0)
(0.202105 0.00259432 0)
(0.202219 0.00255967 0)
(0.202294 0.00252927 0)
(0.202404 0.00248875 0)
(0.20247 0.0024546 0)
(0.202573 0.00241331 0)
(0.202627 0.00237831 0)
(0.202725 0.00233703 0)
(0.202771 0.00230365 0)
(0.20286 0.00226473 0)
(0.202891 0.00223785 0)
(0.202979 0.00219858 0)
(0.202997 0.00217568 0)
(0.203087 0.00214453 0)
(0.203082 0.00212479 0)
(0.203183 0.00210598 0)
(0.200337 0.00166222 0)
(0.200018 0.00170674 0)
(0.199957 0.00176166 0)
(0.20007 0.00181849 0)
(0.200284 0.0018748 0)
(0.200501 0.0019243 0)
(0.200695 0.00196933 0)
(0.200822 0.00200621 0)
(0.200916 0.00204042 0)
(0.200961 0.00206918 0)
(0.201015 0.0020982 0)
(0.201054 0.00212445 0)
(0.201131 0.00215116 0)
(0.201199 0.00217599 0)
(0.201307 0.00219787 0)
(0.201393 0.00221804 0)
(0.201512 0.00223017 0)
(0.201593 0.00224251 0)
(0.201707 0.00224266 0)
(0.201776 0.00224703 0)
(0.201885 0.00223698 0)
(0.201948 0.00223433 0)
(0.202061 0.00221752 0)
(0.20212 0.00220802 0)
(0.202229 0.00218905 0)
(0.202278 0.00217437 0)
(0.202383 0.00215643 0)
(0.202427 0.00213907 0)
(0.20253 0.00212001 0)
(0.20256 0.00210572 0)
(0.202667 0.00208262 0)
(0.202685 0.0020695 0)
(0.202799 0.00204501 0)
(0.202795 0.00203304 0)
(0.202918 0.00201702 0)
(0.20038 0.00122085 0)
(0.200202 0.00126858 0)
(0.200192 0.00132914 0)
(0.200279 0.00139097 0)
(0.200425 0.00145144 0)
(0.200556 0.00150292 0)
(0.200672 0.00154954 0)
(0.200737 0.0015875 0)
(0.200793 0.00162454 0)
(0.200816 0.00165755 0)
(0.200861 0.00169339 0)
(0.200891 0.00172813 0)
(0.20096 0.00176494 0)
(0.201012 0.00180089 0)
(0.201102 0.0018343 0)
(0.201161 0.00186714 0)
(0.201257 0.00189186 0)
(0.201311 0.00191866 0)
(0.201408 0.00193294 0)
(0.201457 0.00195358 0)
(0.201557 0.00195915 0)
(0.201605 0.00197357 0)
(0.201712 0.00197306 0)
(0.201759 0.00197962 0)
(0.201868 0.00197644 0)
(0.201909 0.0019761 0)
(0.202018 0.00197355 0)
(0.202052 0.00196988 0)
(0.202167 0.00196425 0)
(0.202191 0.00196138 0)
(0.202313 0.00194852 0)
(0.202326 0.00194438 0)
(0.20246 0.0019254 0)
(0.202458 0.00191728 0)
(0.202598 0.0019032 0)
(0.200427 0.000987845 0)
(0.200382 0.00102899 0)
(0.200408 0.00107961 0)
(0.200458 0.00112939 0)
(0.20053 0.00117789 0)
(0.200579 0.00121859 0)
(0.20063 0.00125715 0)
(0.20065 0.00128966 0)
(0.200683 0.00132407 0)
(0.200695 0.00135604 0)
(0.200737 0.00139205 0)
(0.200761 0.00142693 0)
(0.200822 0.00146397 0)
(0.200856 0.00149981 0)
(0.200926 0.00153368 0)
(0.200961 0.00156755 0)
(0.201036 0.00159503 0)
(0.201069 0.00162582 0)
(0.20115 0.0016462 0)
(0.201183 0.00167374 0)
(0.201272 0.0016879 0)
(0.201306 0.00171096 0)
(0.201404 0.00172043 0)
(0.201438 0.00173676 0)
(0.201543 0.00174421 0)
(0.201573 0.00175408 0)
(0.201683 0.00176213 0)
(0.201708 0.00176882 0)
(0.201827 0.00177395 0)
(0.201845 0.00177996 0)
(0.201975 0.00177673 0)
(0.201985 0.00177917 0)
(0.202127 0.00176821 0)
(0.202129 0.00176278 0)
(0.202279 0.00175243 0)
(0.200454 0.000878304 0)
(0.200488 0.000907535 0)
(0.200522 0.000942117 0)
(0.200533 0.00097489 0)
(0.20055 0.00100781 0)
(0.200547 0.00103577 0)
(0.200563 0.00106469 0)
(0.200563 0.00109017 0)
(0.200589 0.00111924 0)
(0.200599 0.00114655 0)
(0.200638 0.00117795 0)
(0.200655 0.00120779 0)
(0.200703 0.00123976 0)
(0.200721 0.00127043 0)
(0.200775 0.00130018 0)
(0.200793 0.00133054 0)
(0.200853 0.00135648 0)
(0.200872 0.00138646 0)
(0.20094 0.0014081 0)
(0.200961 0.00143721 0)
(0.201039 0.00145455 0)
(0.201062 0.00148103 0)
(0.20115 0.00149506 0)
(0.201172 0.00151672 0)
(0.201269 0.00152984 0)
(0.20129 0.00154623 0)
(0.201396 0.00156036 0)
(0.201413 0.00157364 0)
(0.20153 0.00158567 0)
(0.201543 0.00159732 0)
(0.201672 0.00160093 0)
(0.20168 0.00160755 0)
(0.201821 0.00160258 0)
(0.201826 0.00159975 0)
(0.201977 0.00159155 0)
(0.200422 0.000811445 0)
(0.200483 0.000829323 0)
(0.200515 0.000850231 0)
(0.200506 0.000869612 0)
(0.200499 0.000890752 0)
(0.200477 0.000909239 0)
(0.20048 0.000930354 0)
(0.200476 0.000949249 0)
(0.200501 0.000971892 0)
(0.20051 0.000992701 0)
(0.200545 0.00101719 0)
(0.200556 0.00103996 0)
(0.200595 0.00106505 0)
(0.200603 0.00108917 0)
(0.200646 0.00111336 0)
(0.200654 0.00113866 0)
(0.200704 0.00116093 0)
(0.200714 0.00118744 0)
(0.200773 0.00120706 0)
(0.200786 0.00123407 0)
(0.200854 0.00125075 0)
(0.200867 0.0012766 0)
(0.200945 0.0012913 0)
(0.200959 0.00131406 0)
(0.201046 0.00132903 0)
(0.201059 0.00134784 0)
(0.201157 0.00136457 0)
(0.201169 0.00138064 0)
(0.201278 0.00139619 0)
(0.201288 0.00141034 0)
(0.20141 0.00141817 0)
(0.201417 0.00142702 0)
(0.201551 0.00142618 0)
(0.201556 0.00142555 0)
(0.201703 0.00141937 0)
(0.20035 0.00073435 0)
(0.200418 0.000745488 0)
(0.200449 0.000758786 0)
(0.200436 0.000770946 0)
(0.200422 0.00078543 0)
(0.200396 0.000798247 0)
(0.200396 0.000813958 0)
(0.200391 0.000827816 0)
(0.200414 0.000845009 0)
(0.200421 0.000860303 0)
(0.200453 0.000878833 0)
(0.200461 0.000895744 0)
(0.200494 0.000915034 0)
(0.200498 0.000933676 0)
(0.200534 0.000952908 0)
(0.200538 0.000973409 0)
(0.200581 0.000991687 0)
(0.200586 0.00101398 0)
(0.200637 0.00103052 0)
(0.200644 0.00105397 0)
(0.200704 0.00106855 0)
(0.200711 0.00109179 0)
(0.20078 0.00110542 0)
(0.200787 0.00112681 0)
(0.200865 0.00114159 0)
(0.200873 0.00116018 0)
(0.200962 0.00117735 0)
(0.200969 0.00119377 0)
(0.201069 0.00121035 0)
(0.201075 0.00122509 0)
(0.201187 0.00123485 0)
(0.201192 0.00124479 0)
(0.201317 0.00124628 0)
(0.201321 0.00124719 0)
(0.201459 0.00124284 0)
(0.200271 0.000640181 0)
(0.20034 0.000648094 0)
(0.200371 0.000657596 0)
(0.200358 0.000666134 0)
(0.200344 0.000676906 0)
(0.200318 0.000686444 0)
(0.200316 0.000698647 0)
(0.200311 0.000709269 0)
(0.200332 0.000722766 0)
(0.200339 0.00073452 0)
(0.200368 0.000749055 0)
(0.200375 0.000762132 0)
(0.200405 0.000777363 0)
(0.200407 0.000792076 0)
(0.200438 0.000807487 0)
(0.20044 0.00082409 0)
(0.200477 0.000838972 0)
(0.20048 0.00085745 0)
(0.200525 0.000871139 0)
(0.200529 0.000890991 0)
(0.200581 0.000903357 0)
(0.200585 0.000923493 0)
(0.200645 0.000935494 0)
(0.200649 0.000954526 0)
(0.200717 0.000968082 0)
(0.200722 0.000985124 0)
(0.2008 0.00100126 0)
(0.200804 0.00101662 0)
(0.200893 0.00103257 0)
(0.200898 0.00104663 0)
(0.200998 0.00105671 0)
(0.201002 0.00106663 0)
(0.201115 0.00106915 0)
(0.201117 0.00107096 0)
(0.201243 0.00106802 0)
(0.200207 0.000539017 0)
(0.20027 0.000545266 0)
(0.200298 0.000552594 0)
(0.200287 0.000559051 0)
(0.200274 0.000567482 0)
(0.200251 0.000575008 0)
(0.20025 0.000584899 0)
(0.200245 0.00059351 0)
(0.200264 0.000604546 0)
(0.20027 0.000614054 0)
(0.200296 0.000625855 0)
(0.200302 0.000636355 0)
(0.200328 0.00064866 0)
(0.20033 0.0006605 0)
(0.200358 0.00067298 0)
(0.200358 0.000686479 0)
(0.200391 0.000698612 0)
(0.200392 0.000713815 0)
(0.200431 0.000725071 0)
(0.200433 0.000741602 0)
(0.200478 0.000751911 0)
(0.200481 0.000768908 0)
(0.200533 0.000779124 0)
(0.200535 0.00079545 0)
(0.200595 0.000807229 0)
(0.200597 0.000822115 0)
(0.200666 0.000836345 0)
(0.200668 0.000850007 0)
(0.200746 0.000864335 0)
(0.200749 0.000877 0)
(0.200838 0.000886426 0)
(0.20084 0.000895582 0)
(0.20094 0.000898477 0)
(0.200942 0.000900684 0)
(0.201054 0.000898697 0)
(0.20016 0.000439338 0)
(0.200212 0.000444403 0)
(0.200236 0.000450245 0)
(0.200227 0.000455361 0)
(0.200217 0.000462135 0)
(0.200198 0.000468232 0)
(0.200198 0.000476315 0)
(0.200194 0.00048337 0)
(0.20021 0.000492407 0)
(0.200216 0.000500162 0)
(0.200238 0.000509769 0)
(0.200243 0.000518267 0)
(0.200266 0.00052824 0)
(0.200267 0.000537805 0)
(0.200291 0.000547922 0)
(0.200291 0.000558864 0)
(0.200319 0.000568733 0)
(0.20032 0.000581124 0)
(0.200354 0.000590332 0)
(0.200355 0.000603889 0)
(0.200394 0.000612389 0)
(0.200396 0.000626434 0)
(0.20044 0.000634942 0)
(0.200442 0.000648557 0)
(0.200493 0.000658455 0)
(0.200495 0.000671017 0)
(0.200554 0.000683067 0)
(0.200555 0.000694722 0)
(0.200623 0.000706948 0)
(0.200625 0.000717804 0)
(0.200702 0.000726017 0)
(0.200704 0.000733995 0)
(0.200792 0.000736797 0)
(0.200793 0.000738928 0)
(0.200891 0.000737514 0)
(0.200125 0.000345027 0)
(0.200168 0.000349119 0)
(0.200187 0.000353805 0)
(0.20018 0.00035792 0)
(0.200173 0.000363352 0)
(0.200157 0.000368265 0)
(0.200158 0.000374754 0)
(0.200155 0.000380438 0)
(0.200169 0.000387688 0)
(0.200173 0.00039392 0)
(0.200193 0.000401613 0)
(0.200196 0.000408423 0)
(0.200216 0.0004164 0)
(0.200217 0.00042405 0)
(0.200238 0.000432143 0)
(0.200238 0.000440888 0)
(0.200262 0.000448794 0)
(0.200263 0.000458701 0)
(0.200291 0.000466095 0)
(0.200292 0.000476954 0)
(0.200326 0.000483803 0)
(0.200327 0.00049509 0)
(0.200365 0.000501975 0)
(0.200366 0.000512978 0)
(0.20041 0.000521012 0)
(0.200411 0.000531231 0)
(0.200462 0.000541021 0)
(0.200463 0.000550538 0)
(0.200521 0.000560505 0)
(0.200523 0.000569391 0)
(0.200589 0.000576178 0)
(0.200591 0.000582771 0)
(0.200666 0.000585189 0)
(0.200667 0.000587053 0)
(0.200752 0.000586046 0)
(0.200101 0.00025836 0)
(0.200135 0.000261548 0)
(0.200151 0.00026519 0)
(0.200145 0.000268406 0)
(0.20014 0.000272612 0)
(0.200128 0.000276425 0)
(0.200129 0.000281423 0)
(0.200126 0.000285813 0)
(0.200138 0.000291386 0)
(0.200142 0.000296192 0)
(0.200158 0.000302105 0)
(0.200161 0.000307353 0)
(0.200178 0.000313486 0)
(0.200179 0.000319371 0)
(0.200196 0.000325593 0)
(0.200196 0.000332307 0)
(0.200217 0.000338387 0)
(0.200218 0.000345984 0)
(0.200242 0.000351679 0)
(0.200243 0.000360007 0)
(0.200272 0.000365293 0)
(0.200272 0.000373966 0)
(0.200305 0.000379287 0)
(0.200306 0.000387769 0)
(0.200344 0.000393972 0)
(0.200344 0.000401881 0)
(0.200388 0.000409432 0)
(0.200389 0.000416818 0)
(0.200439 0.000424523 0)
(0.20044 0.000431425 0)
(0.200497 0.000436708 0)
(0.200498 0.000441852 0)
(0.200564 0.000443782 0)
(0.200564 0.000445308 0)
(0.200638 0.00044458 0)
(0.200084 0.000179415 0)
(0.200112 0.000181697 0)
(0.200125 0.000184305 0)
(0.200121 0.000186619 0)
(0.200117 0.000189621 0)
(0.200107 0.000192345 0)
(0.200108 0.000195893 0)
(0.200106 0.000199015 0)
(0.200116 0.000202964 0)
(0.200119 0.00020638 0)
(0.200133 0.000210575 0)
(0.200135 0.000214306 0)
(0.20015 0.000218662 0)
(0.20015 0.000222844 0)
(0.200166 0.000227265 0)
(0.200166 0.000232029 0)
(0.200184 0.000236354 0)
(0.200184 0.00024174 0)
(0.200205 0.000245795 0)
(0.200206 0.000251699 0)
(0.200231 0.00025547 0)
(0.200231 0.000261624 0)
(0.20026 0.000265419 0)
(0.20026 0.000271449 0)
(0.200293 0.000275865 0)
(0.200293 0.000281499 0)
(0.200331 0.000286867 0)
(0.200332 0.000292134 0)
(0.200375 0.000297614 0)
(0.200376 0.000302536 0)
(0.200426 0.000306309 0)
(0.200427 0.000309991 0)
(0.200484 0.000311388 0)
(0.200484 0.000312507 0)
(0.200549 0.000312001 0)
(0.200073 0.000106238 0)
(0.200097 0.000107607 0)
(0.200108 0.000109171 0)
(0.200104 0.000110561 0)
(0.200101 0.00011236 0)
(0.200093 0.000113995 0)
(0.200094 0.000116119 0)
(0.200093 0.000117991 0)
(0.200102 0.000120354 0)
(0.200104 0.000122403 0)
(0.200116 0.000124916 0)
(0.200118 0.000127155 0)
(0.200131 0.000129766 0)
(0.200131 0.000132275 0)
(0.200145 0.000134927 0)
(0.200145 0.000137784 0)
(0.200161 0.00014038 0)
(0.200161 0.000143609 0)
(0.20018 0.000146044 0)
(0.20018 0.000149584 0)
(0.200202 0.00015185 0)
(0.200203 0.000155542 0)
(0.200228 0.000157822 0)
(0.200228 0.000161443 0)
(0.200258 0.000164093 0)
(0.200258 0.000167478 0)
(0.200292 0.000170697 0)
(0.200292 0.000173864 0)
(0.200331 0.00017715 0)
(0.200332 0.000180109 0)
(0.200376 0.000182376 0)
(0.200377 0.000184592 0)
(0.200428 0.000185434 0)
(0.200428 0.000186116 0)
(0.200485 0.000185814 0)
(0.200068 3.53816e-05 0)
(0.200089 3.58368e-05 0)
(0.200099 3.63555e-05 0)
(0.200095 3.68165e-05 0)
(0.200093 3.74145e-05 0)
(0.200085 3.79587e-05 0)
(0.200087 3.8667e-05 0)
(0.200085 3.92919e-05 0)
(0.200094 4.0081e-05 0)
(0.200096 4.07653e-05 0)
(0.200107 4.16039e-05 0)
(0.200109 4.23517e-05 0)
(0.200121 4.32232e-05 0)
(0.200121 4.40612e-05 0)
(0.200134 4.49466e-05 0)
(0.200134 4.5901e-05 0)
(0.200149 4.67676e-05 0)
(0.200149 4.78465e-05 0)
(0.200166 4.86599e-05 0)
(0.200167 4.9843e-05 0)
(0.200187 5.05998e-05 0)
(0.200187 5.1834e-05 0)
(0.200211 5.25954e-05 0)
(0.200211 5.38065e-05 0)
(0.200238 5.46913e-05 0)
(0.200239 5.58247e-05 0)
(0.20027 5.68995e-05 0)
(0.20027 5.79597e-05 0)
(0.200307 5.90572e-05 0)
(0.200307 6.00475e-05 0)
(0.200349 6.08034e-05 0)
(0.200349 6.15455e-05 0)
(0.200397 6.18237e-05 0)
(0.200397 6.20526e-05 0)
(0.200451 6.19469e-05 0)
(0.171872 -0.00240381 0)
(0.227602 0.0019474 0)
(0.17387 -0.00178085 0)
(0.225826 0.00133947 0)
(0.176205 -0.00124923 0)
(0.224134 0.00086183 0)
(0.177806 -0.000909502 0)
(0.222482 0.0004657 0)
(0.178729 -0.000648918 0)
(0.220884 0.000203833 0)
(0.178901 -0.000359109 0)
(0.219401 8.71611e-05 0)
(0.1782 -6.64711e-06 0)
(0.218131 0.000120279 0)
(0.176334 0.000364295 0)
(0.217117 0.000283153 0)
(0.172578 0.000785115 0)
(0.21614 0.000686855 0)
(0.165116 0.00155722 0)
(0.214722 0.00234482 0)
(0.173015 -0.00244093 0)
(0.226544 0.00199458 0)
(0.175458 -0.00184445 0)
(0.224607 0.00138881 0)
(0.178104 -0.00131891 0)
(0.22261 0.000929921 0)
(0.180051 -0.000979834 0)
(0.220528 0.000559808 0)
(0.181439 -0.000713143 0)
(0.218323 0.000334973 0)
(0.182301 -0.000401041 0)
(0.21593 0.000261368 0)
(0.182713 1.46687e-05 0)
(0.213161 0.000302012 0)
(0.182775 0.000584778 0)
(0.209509 0.000392682 0)
(0.182555 0.00149675 0)
(0.20374 0.000621671 0)
(0.181954 0.00370116 0)
(0.193678 0.0028695 0)
(0.175336 -0.00248536 0)
(0.224227 0.0020451 0)
(0.178585 -0.00191369 0)
(0.222002 0.00143884 0)
(0.181787 -0.00138511 0)
(0.219494 0.000994952 0)
(0.1843 -0.0010312 0)
(0.216738 0.000637782 0)
(0.186363 -0.000730269 0)
(0.213689 0.00041831 0)
(0.18808 -0.000345685 0)
(0.210244 0.000324997 0)
(0.189546 0.000209817 0)
(0.206244 0.000288411 0)
(0.190734 0.00107111 0)
(0.201457 0.000288519 0)
(0.191264 0.00242707 0)
(0.195553 0.000718141 0)
(0.190431 0.00540516 0)
(0.189081 0.00428915 0)
(0.178732 -0.00251795 0)
(0.220625 0.00205284 0)
(0.182832 -0.00194774 0)
(0.218093 0.00143997 0)
(0.186574 -0.001393 0)
(0.215111 0.00099261 0)
(0.189502 -0.000995059 0)
(0.211853 0.000617427 0)
(0.191883 -0.000621461 0)
(0.20839 0.000358745 0)
(0.193751 -0.000122009 0)
(0.204786 0.000200178 0)
(0.195023 0.000601224 0)
(0.201143 0.000123939 0)
(0.195444 0.0016171 0)
(0.197518 0.000265704 0)
(0.194588 0.00304303 0)
(0.193819 0.00136471 0)
(0.192362 0.00600181 0)
(0.190888 0.0058103 0)
(0.18291 -0.00253015 0)
(0.216027 0.00200567 0)
(0.187502 -0.00193635 0)
(0.213345 0.00138041 0)
(0.191421 -0.0013349 0)
(0.210246 0.000917524 0)
(0.194257 -0.000874322 0)
(0.207065 0.000513834 0)
(0.196254 -0.000419897 0)
(0.204013 0.000222929 0)
(0.197407 0.000170866 0)
(0.201239 6.11789e-05 0)
(0.197653 0.0009642 0)
(0.198798 9.33143e-05 0)
(0.196916 0.00193962 0)
(0.196522 0.000593219 0)
(0.195175 0.00326361 0)
(0.194154 0.00234192 0)
(0.192935 0.00603619 0)
(0.192462 0.00680102 0)
(0.187385 -0.00251428 0)
(0.211043 0.00190931 0)
(0.191801 -0.00188114 0)
(0.208528 0.00127064 0)
(0.19533 -0.00122693 0)
(0.20584 0.000796213 0)
(0.197513 -0.000708038 0)
(0.203349 0.000382105 0)
(0.198641 -0.000198567 0)
(0.201228 0.000103787 0)
(0.198833 0.000427941 0)
(0.199478 2.10439e-05 0)
(0.198223 0.00118433 0)
(0.197927 0.000266566 0)
(0.19695 0.0020392 0)
(0.196271 0.00113866 0)
(0.195171 0.00330392 0)
(0.194433 0.00326157 0)
(0.193493 0.00595035 0)
(0.193296 0.00729411 0)
(0.191581 -0.00246621 0)
(0.206435 0.00178001 0)
(0.195114 -0.00179145 0)
(0.204428 0.00113283 0)
(0.197774 -0.00109454 0)
(0.202538 0.000661892 0)
(0.199047 -0.000536164 0)
(0.200962 0.000265307 0)
(0.199327 -4.56502e-06 0)
(0.199695 4.03309e-05 0)
(0.198875 0.000608824 0)
(0.198583 8.72543e-05 0)
(0.197918 0.00127221 0)
(0.197401 0.000572073 0)
(0.196604 0.00203637 0)
(0.195974 0.00171838 0)
(0.195083 0.00333552 0)
(0.194493 0.00395136 0)
(0.193916 0.00589549 0)
(0.193814 0.00744547 0)
(0.195006 -0.00238875 0)
(0.202841 0.00163916 0)
(0.19722 -0.0016804 0)
(0.201518 0.000989976 0)
(0.198853 -0.000958255 0)
(0.200453 0.000535397 0)
(0.199335 -0.000378077 0)
(0.199593 0.000175386 0)
(0.199092 0.000153555 0)
(0.198811 3.01823e-05 0)
(0.198384 0.000713847 0)
(0.197952 0.000236485 0)
(0.197389 0.00128586 0)
(0.196892 0.000924493 0)
(0.196191 0.00203663 0)
(0.195621 0.0022178 0)
(0.19494 0.00343297 0)
(0.194477 0.00439177 0)
(0.194158 0.00588542 0)
(0.194161 0.00736746 0)
(0.19741 -0.00228994 0)
(0.200519 0.00150382 0)
(0.198296 -0.00155721 0)
(0.19981 0.000854782 0)
(0.19907 -0.000824671 0)
(0.199316 0.000420908 0)
(0.199057 -0.000235249 0)
(0.198828 0.000110273 0)
(0.198589 0.000277252 0)
(0.198227 6.97435e-05 0)
(0.197832 0.000762075 0)
(0.197436 0.000436894 0)
(0.196891 0.00128333 0)
(0.196433 0.00125779 0)
(0.19582 0.00209758 0)
(0.19532 0.00259708 0)
(0.194803 0.00359278 0)
(0.194473 0.00463871 0)
(0.194308 0.00588095 0)
(0.194406 0.00716138 0)
(0.198839 -0.00217794 0)
(0.199316 0.00137881 0)
(0.198721 -0.00142306 0)
(0.199002 0.000727061 0)
(0.198948 -0.000690168 0)
(0.198777 0.000315755 0)
(0.198694 -0.000105523 0)
(0.198412 7.16877e-05 0)
(0.198155 0.000363951 0)
(0.197843 0.000156098 0)
(0.197412 0.000780851 0)
(0.19706 0.00065486 0)
(0.196532 0.00131001 0)
(0.19611 0.00153721 0)
(0.195572 0.00222451 0)
(0.195154 0.00287299 0)
(0.194753 0.00376949 0)
(0.194546 0.00476438 0)
(0.19447 0.00584386 0)
(0.19463 0.00690429 0)
(0.199541 -0.00205709 0)
(0.198852 0.00125714 0)
(0.198843 -0.00127414 0)
(0.198723 0.000600609 0)
(0.198798 -0.000551036 0)
(0.198575 0.000219771 0)
(0.198447 1.06292e-05 0)
(0.19822 6.45416e-05 0)
(0.197894 0.000417673 0)
(0.197636 0.000277552 0)
(0.197178 0.000797953 0)
(0.196855 0.000859535 0)
(0.19635 0.00138326 0)
(0.195969 0.00176375 0)
(0.195492 0.00239123 0)
(0.195163 0.0030809 0)
(0.194845 0.00392142 0)
(0.194738 0.0048198 0)
(0.19471 0.00576176 0)
(0.194906 0.00663617 0)
(0.199816 -0.0019276 0)
(0.198755 0.00112731 0)
(0.198866 -0.00110752 0)
(0.19869 0.000471341 0)
(0.198717 -0.000409105 0)
(0.198548 0.000137461 0)
(0.198335 0.000107852 0)
(0.198174 9.31776e-05 0)
(0.197794 0.000449645 0)
(0.197573 0.000416198 0)
(0.197109 0.000835732 0)
(0.196811 0.00103801 0)
(0.196332 0.00149631 0)
(0.196004 0.00195509 0)
(0.19558 0.0025657 0)
(0.195337 0.00324707 0)
(0.195082 0.00403193 0)
(0.195052 0.00483136 0)
(0.195048 0.00564382 0)
(0.19526 0.00637208 0)
(0.199896 -0.00178792 0)
(0.198794 0.000980689 0)
(0.198867 -0.000924282 0)
(0.198747 0.000341109 0)
(0.198694 -0.000272069 0)
(0.198598 7.70726e-05 0)
(0.198317 0.000178786 0)
(0.198205 0.000154272 0)
(0.197802 0.000474662 0)
(0.197606 0.000551637 0)
(0.197154 0.00090105 0)
(0.196887 0.00119344 0)
(0.196439 0.00163208 0)
(0.196171 0.00212545 0)
(0.195797 0.00272627 0)
(0.195633 0.00338183 0)
(0.19543 0.00410179 0)
(0.195456 0.00481078 0)
(0.195466 0.00550468 0)
(0.19568 0.00611669 0)
(0.19991 -0.00163711 0)
(0.198868 0.000814706 0)
(0.19887 -0.000729927 0)
(0.198825 0.000217809 0)
(0.198704 -0.00015054 0)
(0.19867 4.58486e-05 0)
(0.19835 0.000221776 0)
(0.198268 0.000235856 0)
(0.197869 0.000506929 0)
(0.197692 0.000672378 0)
(0.197264 0.000988491 0)
(0.197034 0.0013334 0)
(0.196626 0.0017735 0)
(0.196417 0.00228037 0)
(0.196098 0.00286443 0)
(0.195998 0.0034868 0)
(0.195842 0.00413745 0)
(0.195904 0.00476439 0)
(0.195923 0.00535476 0)
(0.19613 0.00587154 0)
(0.199913 -0.00147582 0)
(0.198948 0.000632632 0)
(0.198881 -0.000533496 0)
(0.1989 0.000112328 0)
(0.198736 -5.26418e-05 0)
(0.198739 4.57045e-05 0)
(0.198413 0.000244017 0)
(0.198339 0.000320372 0)
(0.197966 0.000553633 0)
(0.197803 0.000778961 0)
(0.197413 0.00108962 0)
(0.197217 0.00146381 0)
(0.196862 0.00190975 0)
(0.196704 0.00241899 0)
(0.196445 0.00297859 0)
(0.196392 0.00356241 0)
(0.196279 0.00414522 0)
(0.196359 0.00469766 0)
(0.196386 0.00519995 0)
(0.196575 0.00563751 0)
(0.19992 -0.00130627 0)
(0.19903 0.000441882 0)
(0.198905 -0.000346799 0)
(0.198965 3.58083e-05 0)
(0.198787 1.67586e-05 0)
(0.1988 7.5029e-05 0)
(0.198498 0.000261084 0)
(0.198415 0.00039565 0)
(0.198083 0.000612946 0)
(0.197927 0.0008754 0)
(0.197589 0.0011952 0)
(0.197421 0.00158658 0)
(0.19713 0.00203505 0)
(0.19701 0.00253837 0)
(0.196814 0.00306874 0)
(0.196791 0.0036106 0)
(0.196718 0.00413047 0)
(0.1968 0.00461608 0)
(0.196835 0.00504437 0)
(0.196996 0.00541565 0)
(0.199933 -0.00113247 0)
(0.199116 0.000253369 0)
(0.198947 -0.00018473 0)
(0.199021 -3.13633e-06 0)
(0.198857 5.59551e-05 0)
(0.198856 0.000120191 0)
(0.198597 0.000284009 0)
(0.198499 0.000460787 0)
(0.198217 0.000680705 0)
(0.198066 0.000966272 0)
(0.197787 0.00129902 0)
(0.197643 0.00170109 0)
(0.19742 0.00214656 0)
(0.19733 0.00263711 0)
(0.197194 0.00313562 0)
(0.197187 0.00363469 0)
(0.197148 0.00409817 0)
(0.197221 0.00452507 0)
(0.197261 0.00489174 0)
(0.197389 0.00520742 0)
(0.199949 -0.000961181 0)
(0.199211 8.24781e-05 0)
(0.199005 -6.28162e-05 0)
(0.199072 5.48388e-06 0)
(0.198941 7.94466e-05 0)
(0.198917 0.00016476 0)
(0.198708 0.000312135 0)
(0.198597 0.000515793 0)
(0.198366 0.000748577 0)
(0.198223 0.00105134 0)
(0.198006 0.00139538 0)
(0.197885 0.00180338 0)
(0.197727 0.00224097 0)
(0.197663 0.00271385 0)
(0.197579 0.00317981 0)
(0.197581 0.00363789 0)
(0.197567 0.00405235 0)
(0.197625 0.00442909 0)
(0.197664 0.00474499 0)
(0.197755 0.00501418 0)
(0.199964 -0.000795555 0)
(0.199314 -6.8645e-05 0)
(0.19908 9.84783e-06 0)
(0.199123 5.24406e-05 0)
(0.199029 0.000109169 0)
(0.198988 0.000207583 0)
(0.198825 0.000347447 0)
(0.198712 0.000565466 0)
(0.19853 0.000813531 0)
(0.198402 0.00113036 0)
(0.198241 0.00148213 0)
(0.198149 0.00189078 0)
(0.198047 0.00231667 0)
(0.198009 0.00276828 0)
(0.197966 0.00320256 0)
(0.197974 0.00362337 0)
(0.197976 0.00399636 0)
(0.198016 0.00433143 0)
(0.198044 0.00460601 0)
(0.1981 0.00483656 0)
(0.199974 -0.000641028 0)
(0.199423 -0.000189972 0)
(0.199172 3.67637e-05 0)
(0.199181 0.000112665 0)
(0.199116 0.000153764 0)
(0.19907 0.000254911 0)
(0.198947 0.000392361 0)
(0.198845 0.00061652 0)
(0.198706 0.00087655 0)
(0.198602 0.00120313 0)
(0.198491 0.00155806 0)
(0.198431 0.00196163 0)
(0.198378 0.0023725 0)
(0.198366 0.00280062 0)
(0.198354 0.00320492 0)
(0.198369 0.00359273 0)
(0.198375 0.00393129 0)
(0.198398 0.00423236 0)
(0.198407 0.00447372 0)
(0.198424 0.00467244 0)
(0.19998 -0.000506183 0)
(0.199533 -0.000262069 0)
(0.199279 3.02635e-05 0)
(0.199252 0.000164759 0)
(0.199201 0.000211869 0)
(0.199159 0.000312069 0)
(0.199071 0.000448126 0)
(0.198992 0.00067261 0)
(0.198893 0.000937718 0)
(0.198821 0.00126767 0)
(0.198755 0.00162035 0)
(0.19873 0.00201358 0)
(0.198717 0.00240644 0)
(0.198732 0.00281007 0)
(0.198743 0.0031864 0)
(0.198764 0.00354479 0)
(0.19877 0.00385447 0)
(0.198773 0.00412748 0)
(0.198754 0.00434218 0)
(0.198728 0.00451487 0)
(0.199984 -0.000392525 0)
(0.199635 -0.00028652 0)
(0.199394 -1.71676e-06 0)
(0.199335 0.000189205 0)
(0.199286 0.000270594 0)
(0.199254 0.0003806 0)
(0.199196 0.000517655 0)
(0.199148 0.000739898 0)
(0.199088 0.00100357 0)
(0.199052 0.00132911 0)
(0.199027 0.00167293 0)
(0.199038 0.00205008 0)
(0.19906 0.00242166 0)
(0.199101 0.00279918 0)
(0.199132 0.0031483 0)
(0.199159 0.00347876 0)
(0.199159 0.00376258 0)
(0.199141 0.00401083 0)
(0.199088 0.0042033 0)
(0.199013 0.0043545 0)
(0.199987 -0.000301757 0)
(0.199724 -0.00027104 0)
(0.19951 -4.55753e-05 0)
(0.199431 0.000184161 0)
(0.199377 0.000314421 0)
(0.199352 0.000452439 0)
(0.199321 0.000600623 0)
(0.199308 0.000820841 0)
(0.199287 0.00107945 0)
(0.199289 0.00139352 0)
(0.199302 0.00172238 0)
(0.199348 0.00207785 0)
(0.199403 0.00242497 0)
(0.199469 0.00277406 0)
(0.199517 0.00309517 0)
(0.199548 0.00339716 0)
(0.199541 0.00365569 0)
(0.199498 0.00388012 0)
(0.199408 0.00405268 0)
(0.19928 0.00418548 0)
(0.199989 -0.00022812 0)
(0.199795 -0.00023573 0)
(0.199617 -7.21664e-05 0)
(0.199536 0.000163323 0)
(0.199477 0.000338864 0)
(0.199458 0.000516141 0)
(0.19945 0.000688957 0)
(0.199468 0.000912679 0)
(0.199485 0.00116514 0)
(0.199525 0.00146438 0)
(0.199575 0.00177428 0)
(0.199654 0.00210444 0)
(0.199739 0.00242429 0)
(0.199827 0.0027423 0)
(0.199891 0.00303351 0)
(0.199925 0.00330534 0)
(0.199909 0.00353761 0)
(0.199842 0.00373786 0)
(0.199711 0.00389129 0)
(0.199528 0.00400764 0)
(0.199991 -0.000167554 0)
(0.199851 -0.000193424 0)
(0.199713 -7.09063e-05 0)
(0.199643 0.000146052 0)
(0.199589 0.000348285 0)
(0.199575 0.000564217 0)
(0.199585 0.000768213 0)
(0.19963 0.00100228 0)
(0.199682 0.00125087 0)
(0.199756 0.0015344 0)
(0.199842 0.00182376 0)
(0.199951 0.00212684 0)
(0.200063 0.00241748 0)
(0.200171 0.00270271 0)
(0.200247 0.00296242 0)
(0.200283 0.00320287 0)
(0.200257 0.00340794 0)
(0.200164 0.00358374 0)
(0.199995 0.00371844 0)
(0.199757 0.00381985 0)
(0.199993 -0.00012098 0)
(0.199895 -0.000144469 0)
(0.199796 -4.91287e-05 0)
(0.199746 0.000144596 0)
(0.199707 0.000356868 0)
(0.199705 0.000596616 0)
(0.19973 0.000829207 0)
(0.199796 0.00107507 0)
(0.199877 0.00132319 0)
(0.199982 0.0015921 0)
(0.200098 0.00186079 0)
(0.200234 0.00213618 0)
(0.200369 0.00239732 0)
(0.200493 0.00265004 0)
(0.200579 0.00287844 0)
(0.200615 0.00308792 0)
(0.200578 0.00326608 0)
(0.200461 0.00341805 0)
(0.200255 0.00353478 0)
(0.199965 0.00362253 0)
(0.199995 -8.3689e-05 0)
(0.199929 -9.37407e-05 0)
(0.199867 -1.42413e-05 0)
(0.199842 0.000163458 0)
(0.199827 0.000377641 0)
(0.199843 0.000626453 0)
(0.199884 0.000873433 0)
(0.199966 0.00112807 0)
(0.200071 0.00137481 0)
(0.200201 0.00163101 0)
(0.200344 0.00188009 0)
(0.200501 0.00212942 0)
(0.200654 0.00236283 0)
(0.200791 0.00258573 0)
(0.200884 0.00278559 0)
(0.200917 0.002967 0)
(0.20087 0.00312046 0)
(0.20073 0.00325045 0)
(0.200489 0.00335032 0)
(0.200153 0.00342531 0)
(0.199997 -5.41868e-05 0)
(0.199956 -4.56035e-05 0)
(0.199928 3.02197e-05 0)
(0.199933 0.00020041 0)
(0.199946 0.000409604 0)
(0.199982 0.00065864 0)
(0.200042 0.000906694 0)
(0.200141 0.00116219 0)
(0.200264 0.00140357 0)
(0.200414 0.00164683 0)
(0.200577 0.00187739 0)
(0.200751 0.00210333 0)
(0.200919 0.00231167 0)
(0.201065 0.00250863 0)
(0.201162 0.00268416 0)
(0.201191 0.00284283 0)
(0.201131 0.00297637 0)
(0.200969 0.00308878 0)
(0.200696 0.00317443 0)
(0.200317 0.00323853 0)
(0.199998 -2.73283e-05 0)
(0.199978 -4.88069e-06 0)
(0.199984 7.75275e-05 0)
(0.200018 0.000242745 0)
(0.200061 0.000446228 0)
(0.20012 0.000686872 0)
(0.200199 0.000929533 0)
(0.200313 0.00117628 0)
(0.200453 0.00140799 0)
(0.200618 0.00163552 0)
(0.200797 0.00184718 0)
(0.200985 0.00205095 0)
(0.201164 0.002236 0)
(0.201317 0.00240916 0)
(0.201418 0.00256274 0)
(0.201443 0.00270186 0)
(0.20137 0.00281958 0)
(0.201185 0.00291944 0)
(0.20088 0.00299622 0)
(0.200459 0.00305378 0)
(0.2 -3.12146e-06 0)
(0.199995 4.11627e-05 0)
(0.200033 0.000131716 0)
(0.200097 0.000293569 0)
(0.20017 0.000488846 0)
(0.200252 0.000716976 0)
(0.200352 0.000946729 0)
(0.20048 0.00117874 0)
(0.200634 0.00139496 0)
(0.200811 0.00160369 0)
(0.201002 0.00179462 0)
(0.201199 0.00197541 0)
(0.201386 0.0021373 0)
(0.201544 0.00228657 0)
(0.201647 0.00241798 0)
(0.20167 0.00253677 0)
(0.20159 0.00263865 0)
(0.201387 0.00272669 0)
(0.201054 0.00279653 0)
(0.200592 0.00284997 0)
(0.200002 4.94528e-05 0)
(0.200027 0.000182529 0)
(0.20013 0.00031914 0)
(0.200257 0.000486565 0)
(0.200398 0.000660214 0)
(0.200533 0.000850818 0)
(0.200678 0.00103542 0)
(0.200837 0.00121928 0)
(0.201019 0.00138623 0)
(0.201217 0.0015431 0)
(0.201429 0.00168097 0)
(0.201638 0.00180553 0)
(0.201835 0.00191205 0)
(0.201996 0.00200513 0)
(0.202102 0.00208332 0)
(0.202121 0.00215074 0)
(0.202031 0.00220737 0)
(0.201801 0.00225595 0)
(0.20142 0.0022963 0)
(0.20088 0.00233011 0)
(0.200005 0.000108251 0)
(0.200042 0.000336263 0)
(0.200161 0.000526169 0)
(0.200299 0.000699516 0)
(0.200467 0.000845288 0)
(0.200628 0.000983005 0)
(0.200803 0.00110424 0)
(0.200977 0.00121799 0)
(0.201165 0.00131552 0)
(0.201351 0.00140063 0)
(0.201542 0.0014689 0)
(0.201716 0.00152253 0)
(0.201873 0.0015613 0)
(0.201986 0.00158711 0)
(0.202048 0.00160278 0)
(0.202028 0.00161043 0)
(0.201914 0.00161463 0)
(0.20168 0.00161754 0)
(0.201326 0.00162416 0)
(0.200848 0.00163588 0)
(0.200006 0.000125974 0)
(0.200036 0.000374878 0)
(0.200135 0.000573868 0)
(0.200241 0.000744634 0)
(0.200387 0.000875172 0)
(0.200529 0.000985254 0)
(0.200696 0.00106968 0)
(0.200855 0.00113937 0)
(0.201028 0.00119044 0)
(0.201183 0.00122743 0)
(0.201335 0.00125002 0)
(0.201456 0.00125978 0)
(0.201555 0.00125954 0)
(0.201605 0.00124978 0)
(0.201612 0.00123567 0)
(0.201554 0.00121779 0)
(0.201437 0.00120263 0)
(0.201246 0.00119071 0)
(0.200997 0.0011884 0)
(0.200688 0.00119507 0)
(0.200008 0.000120428 0)
(0.200028 0.000353153 0)
(0.200107 0.000537914 0)
(0.200179 0.000697893 0)
(0.20029 0.00081857 0)
(0.20039 0.000917545 0)
(0.200517 0.00098667 0)
(0.200627 0.00103689 0)
(0.200749 0.00106563 0)
(0.200847 0.00107894 0)
(0.200942 0.00107877 0)
(0.201002 0.00106776 0)
(0.201046 0.00105051 0)
(0.201049 0.00102769 0)
(0.201028 0.00100528 0)
(0.200967 0.000982959 0)
(0.200883 0.000967028 0)
(0.200771 0.000956295 0)
(0.200654 0.000956152 0)
(0.200529 0.000963706 0)
(0.200008 0.000103505 0)
(0.20002 0.000301841 0)
(0.200081 0.000457868 0)
(0.200126 0.000594712 0)
(0.200203 0.000697278 0)
(0.200261 0.000782375 0)
(0.200337 0.000840233 0)
(0.20039 0.000882212 0)
(0.200453 0.000904929 0)
(0.200489 0.000915145 0)
(0.200524 0.000914124 0)
(0.20053 0.00090527 0)
(0.200531 0.000892475 0)
(0.200506 0.000876937 0)
(0.200479 0.000863448 0)
(0.200438 0.000851508 0)
(0.20041 0.000845569 0)
(0.200388 0.000843657 0)
(0.200392 0.000849128 0)
(0.200412 0.000858432 0)
(0.200008 8.17749e-05 0)
(0.200012 0.000238158 0)
(0.200056 0.000359896 0)
(0.200078 0.00046876 0)
(0.200126 0.000550024 0)
(0.200149 0.000619962 0)
(0.200186 0.000669015 0)
(0.200197 0.000708235 0)
(0.200216 0.000733257 0)
(0.200208 0.000750555 0)
(0.200205 0.000759793 0)
(0.200181 0.000764271 0)
(0.200164 0.000765997 0)
(0.200136 0.000766075 0)
(0.200124 0.000767266 0)
(0.200116 0.000768989 0)
(0.200136 0.000773697 0)
(0.200171 0.000779464 0)
(0.200238 0.000788208 0)
(0.200321 0.000797233 0)
(0.200008 6.12093e-05 0)
(0.200005 0.000179227 0)
(0.200035 0.000271022 0)
(0.200042 0.000355594 0)
(0.20007 0.000419867 0)
(0.200074 0.000478323 0)
(0.20009 0.000521898 0)
(0.20008 0.000560338 0)
(0.200077 0.000588951 0)
(0.200052 0.000613361 0)
(0.200032 0.000632118 0)
(0.199997 0.000647784 0)
(0.199974 0.00066084 0)
(0.199947 0.000671862 0)
(0.199942 0.000682193 0)
(0.199948 0.000691185 0)
(0.199986 0.000700407 0)
(0.200042 0.000708517 0)
(0.20013 0.000717087 0)
(0.200233 0.000724436 0)
(0.200007 4.54208e-05 0)
(0.2 0.000134487 0)
(0.200022 0.000204363 0)
(0.200021 0.00027093 0)
(0.200039 0.000322707 0)
(0.200033 0.000371864 0)
(0.200039 0.000410218 0)
(0.200022 0.000445956 0)
(0.200011 0.00047457 0)
(0.19998 0.000500679 0)
(0.199956 0.000522499 0)
(0.199918 0.000541999 0)
(0.199893 0.000559043 0)
(0.199866 0.000573944 0)
(0.199861 0.000587422 0)
(0.199868 0.000598883 0)
(0.199905 0.000609441 0)
(0.199962 0.000618092 0)
(0.20005 0.00062615 0)
(0.200154 0.000632482 0)
(0.200006 3.39975e-05 0)
(0.199998 0.000101681 0)
(0.200015 0.000155211 0)
(0.20001 0.000207561 0)
(0.200022 0.000248947 0)
(0.200014 0.000289358 0)
(0.200016 0.00032171 0)
(0.199997 0.000352732 0)
(0.199985 0.000378385 0)
(0.199954 0.00040245 0)
(0.19993 0.000423195 0)
(0.199894 0.000442219 0)
(0.19987 0.000459185 0)
(0.199844 0.000474311 0)
(0.199838 0.000488004 0)
(0.199843 0.000499751 0)
(0.199877 0.000510351 0)
(0.199928 0.000518985 0)
(0.200008 0.000526655 0)
(0.200101 0.000532476 0)
(0.200006 2.56206e-05 0)
(0.199997 7.72043e-05 0)
(0.200011 0.000118236 0)
(0.200005 0.000159105 0)
(0.200014 0.000191738 0)
(0.200005 0.000224148 0)
(0.200006 0.000250441 0)
(0.199989 0.000276041 0)
(0.199978 0.000297557 0)
(0.199952 0.000318057 0)
(0.199931 0.000336023 0)
(0.1999 0.000352743 0)
(0.199879 0.000367836 0)
(0.199856 0.000381461 0)
(0.199851 0.000393851 0)
(0.199855 0.000404565 0)
(0.199883 0.000414164 0)
(0.199926 0.000421976 0)
(0.199992 0.000428766 0)
(0.200071 0.000433849 0)
(0.200005 1.92623e-05 0)
(0.199997 5.83136e-05 0)
(0.200008 8.95108e-05 0)
(0.200003 0.000120932 0)
(0.20001 0.000146178 0)
(0.200003 0.000171491 0)
(0.200004 0.00019217 0)
(0.199989 0.000212454 0)
(0.199981 0.000229623 0)
(0.199959 0.000246082 0)
(0.199942 0.000260592 0)
(0.199917 0.000274167 0)
(0.199899 0.00028647 0)
(0.199881 0.000297623 0)
(0.199876 0.000307776 0)
(0.199879 0.000316581 0)
(0.199901 0.000324456 0)
(0.199935 0.000330875 0)
(0.19999 0.000336425 0)
(0.200053 0.000340581 0)
(0.200004 1.4148e-05 0)
(0.199998 4.2931e-05 0)
(0.200007 6.59869e-05 0)
(0.200002 8.93389e-05 0)
(0.200009 0.000108162 0)
(0.200002 0.000127115 0)
(0.200004 0.000142639 0)
(0.199992 0.000157902 0)
(0.199986 0.000170841 0)
(0.199968 0.00018326 0)
(0.199955 0.000194218 0)
(0.199934 0.000204479 0)
(0.19992 0.000213785 0)
(0.199905 0.000222232 0)
(0.199901 0.000229929 0)
(0.199903 0.000236617 0)
(0.199921 0.000242605 0)
(0.199948 0.000247499 0)
(0.199992 0.00025174 0)
(0.200043 0.000254932 0)
(0.200004 9.75999e-06 0)
(0.199998 2.96439e-05 0)
(0.200006 4.55947e-05 0)
(0.200002 6.17908e-05 0)
(0.200008 7.48643e-05 0)
(0.200003 8.80487e-05 0)
(0.200004 9.88555e-05 0)
(0.199995 0.000109485 0)
(0.19999 0.000118494 0)
(0.199976 0.000127136 0)
(0.199965 0.000134755 0)
(0.199948 0.000141885 0)
(0.199937 0.000148348 0)
(0.199924 0.000154212 0)
(0.199922 0.000159557 0)
(0.199923 0.000164202 0)
(0.199938 0.000168369 0)
(0.19996 0.00017178 0)
(0.199995 0.000174745 0)
(0.200037 0.000176989 0)
(0.200003 5.7572e-06 0)
(0.199998 1.74929e-05 0)
(0.200006 2.6913e-05 0)
(0.200002 3.64889e-05 0)
(0.200008 4.42217e-05 0)
(0.200003 5.20268e-05 0)
(0.200005 5.8425e-05 0)
(0.199997 6.47215e-05 0)
(0.199994 7.0057e-05 0)
(0.199981 7.51776e-05 0)
(0.199973 7.96921e-05 0)
(0.199958 8.39192e-05 0)
(0.199949 8.77518e-05 0)
(0.199938 9.12326e-05 0)
(0.199936 9.4407e-05 0)
(0.199937 9.71692e-05 0)
(0.199949 9.9648e-05 0)
(0.199968 0.00010168 0)
(0.199998 0.000103448 0)
(0.200033 0.000104788 0)
(0.200003 1.90845e-06 0)
(0.199998 5.80028e-06 0)
(0.200005 8.92379e-06 0)
(0.200002 1.21009e-05 0)
(0.200007 1.46657e-05 0)
(0.200003 1.72564e-05 0)
(0.200005 1.938e-05 0)
(0.199998 2.14721e-05 0)
(0.199995 2.32462e-05 0)
(0.199985 2.4952e-05 0)
(0.199977 2.64584e-05 0)
(0.199964 2.78725e-05 0)
(0.199956 2.91575e-05 0)
(0.199946 3.03276e-05 0)
(0.199944 3.13964e-05 0)
(0.199945 3.23284e-05 0)
(0.199956 3.31647e-05 0)
(0.199973 3.38507e-05 0)
(0.2 3.44462e-05 0)
(0.200031 3.48967e-05 0)
)
;

boundaryField
{
    top
    {
        type            fixedValue;
        value           uniform (0.2 0 0);
    }
    inlet
    {
        type            fixedValue;
        value           uniform (0.2 0 0);
    }
    outlet
    {
        type            zeroGradient;
    }
    plate
    {
        type            fixedValue;
        value           uniform (0 0 0);
    }
    symmBound
    {
        type            zeroGradient;
    }
    frontAndBack
    {
        type            empty;
    }
}


// ************************************************************************* //
