1.000000000000000000e+00 -1.259813303037256782e-03
9.997309947085707416e-01 -1.290172475213010022e-03
9.989892929855205272e-01 -1.381156665680221803e-03
9.977539404004558410e-01 -1.532486570910620866e-03
9.960261615019205816e-01 -1.743698922906345653e-03
9.938076688964362360e-01 -2.014149807872090206e-03
9.911006614906182621e-01 -2.343019236745589283e-03
9.879078222360843098e-01 -2.729316893584818847e-03
9.842323153808852920e-01 -3.171888968932614142e-03
9.800777832319466087e-01 -3.669425968048492526e-03
9.754483424337440090e-01 -4.220471368621119684e-03
9.703485797691229209e-01 -4.823430989526878050e-03
9.647835474888085683e-01 -5.476582921616554578e-03
9.587587581767532674e-01 -6.178087863586006166e-03
9.522801791590003173e-01 -6.925999700871506189e-03
9.453542264642309512e-01 -7.718276163297042164e-03
9.379877583445891398e-01 -8.552789397948895936e-03
9.301880683657526294e-01 -9.427336297454680381e-03
9.219628780755257935e-01 -1.033964843044925946e-02
9.133203292605041046e-01 -1.128740143041765016e-02
9.042689758005552081e-01 -1.226822371115638202e-02
8.948177751310295580e-01 -1.327970439160247942e-02
8.849760793227186007e-01 -1.431940032948680712e-02
8.747536257896605383e-01 -1.538484218190546218e-02
8.641605276349151321e-01 -1.647353943114619051e-02
8.532072636444462121e-01 -1.758298433561191962e-02
8.419046679392252486e-01 -1.871065478807282245e-02
8.302639192956271508e-01 -1.985401608637720958e-02
8.182965301441483819e-01 -2.101052164473561287e-02
8.060143352564168584e-01 -2.217761269638110835e-02
7.934294801304054845e-01 -2.335271706037477663e-02
7.805544090837284177e-01 -2.453324706618870837e-02
7.674018530648532010e-01 -2.571659674907041809e-02
7.539848171920631170e-01 -2.690013844671225451e-02
7.403165680300118900e-01 -2.808121894309538458e-02
7.264106206137566080e-01 -2.925715531823823087e-02
7.122807252302471026e-01 -3.042523067270731796e-02
6.979408539673460643e-01 -3.158268990292228268e-02
6.834051870406390172e-01 -3.272673570733812543e-02
6.686880989084699189e-01 -3.385452500440289114e-02
6.538041441859030467e-01 -3.496316594069821815e-02
6.387680433685859471e-01 -3.604971566186716131e-02
6.235946683778279542e-01 -3.711117900986004442e-02
6.082990279385744881e-01 -3.814450829778854440e-02
5.928962528023725698e-01 -3.914660429841906875e-02
5.774015808278588624e-01 -4.011431856426965481e-02
5.618303419317816072e-01 -4.104445717665063803e-02
5.461979429240614303e-01 -4.193378599810857615e-02
5.305198522409129147e-01 -4.277903747793843081e-02
5.148115845905754107e-01 -4.357691903409324080e-02
4.990886855267357425e-01 -4.432412300735394384e-02
4.833667159652533796e-01 -4.501733815545175266e-02
4.676612366603194459e-01 -4.565326262641186683e-02
4.519877926566789883e-01 -4.622861832216722255e-02
4.363618977350242623e-01 -4.674016653593328352e-02
4.207990188681029475e-01 -4.718472472040170784e-02
4.053145607054862154e-01 -4.755918421893987058e-02
3.899238501052914030e-01 -4.786052876910843606e-02
3.746421207314428736e-01 -4.808585356732533733e-02
3.594844977352917303e-01 -4.823238466578418093e-02
3.444659825405722020e-01 -4.829749845810660247e-02
3.296014377507671123e-01 -4.827874099895779203e-02
3.149055721979654998e-01 -4.817384689522204166e-02
3.003929261522303995e-01 -4.798075750250196947e-02
2.860778567103465786e-01 -4.769763816080274665e-02
2.719745233825849318e-01 -4.732289420735887736e-02
2.580968738958095976e-01 -4.685518551266481396e-02
2.444586302308537906e-01 -4.629343929783028000e-02
2.310732749116183593e-01 -4.563686100728376466e-02
2.179540375627919413e-01 -4.488494303041858785e-02
2.051138817524674751e-01 -4.403747108878634797e-02
1.925654921352384363e-01 -4.309452813160608020e-02
1.803212619106065173e-01 -4.205649561133767422e-02
1.683932806107212021e-01 -4.092405204248392853e-02
1.567933222306203689e-01 -3.969816878021226181e-02
1.455328337132469341e-01 -3.838010299036909156e-02
1.346229238005933748e-01 -3.697138781850879685e-02
1.240743522613828032e-01 -3.547381980217233222e-02
1.138975195047392946e-01 -3.388944360730407335e-02
1.041024565883383740e-01 -3.222053420586525746e-02
9.580535909506077141e-02 -3.071972810588392486e-02
8.748675013173430604e-02 -2.916598398394440461e-02
7.965319150656015312e-02 -2.766154091680503302e-02
7.226699933140497134e-02 -2.621425927165163539e-02
6.529335687705908886e-02 -2.482604659939354960e-02
5.870117615656602478e-02 -2.349408150606042273e-02
5.246393680257976921e-02 -2.221170617079717274e-02
4.656039254309270875e-02 -2.096902470607641539e-02
4.097505046636229498e-02 -1.975327516237110337e-02
3.569836324132966143e-02 -1.854906404417202420e-02
3.072661960146380253e-02 -1.733855756191927597e-02
2.606156231335340911e-02 -1.610171243355987963e-02
2.170979607506116557e-02 -1.481660477324514905e-02
1.768206521027127637e-02 -1.345988534529833983e-02
1.399248242073351974e-02 -1.200736039347609363e-02
1.065777873103011808e-02 -1.043467468405575097e-02
7.696626319427139068e-03 -8.718059803944496269e-03
5.129065219867445791e-03 -6.835105993134493220e-03
2.976045604047258906e-03 -4.765518004896334911e-03
1.259081509169736324e-03 -2.491822118679613753e-03
0.000000000000000000e+00 0.000000000000000000e+00
-7.656418749013363390e-04 2.685200921838022583e-03
-1.002774032318817874e-03 5.534107847991808632e-03
-6.910298229474416513e-04 8.546079391898695615e-03
1.886723660950964838e-04 1.171454298518038485e-02
1.653880673832222592e-03 1.502693607387763780e-02
3.720266850577759118e-03 1.846479460698201291e-02
6.401172850981399175e-03 2.200400365987001741e-02
9.707042796307758376e-03 2.561523106250889956e-02
1.364475200970363851e-02 2.926456911104000080e-02
1.821686410338266629e-02 3.291440937598660160e-02
2.342086780444488370e-02 3.652456874533601544e-02
2.924846364538635432e-02 4.005366931790426549e-02
3.568498177292615120e-02 4.346075047260886809e-02
4.270901073140087600e-02 4.670706087773471987e-02
5.029229965506618744e-02 4.975794669187747626e-02
5.839996307907732720e-02 5.258472693275891008e-02
6.699097366465149583e-02 5.516643484462102620e-02
7.601888299142477157e-02 5.749130899108541304e-02
8.543267559370397446e-02 5.955793868252648449e-02
9.517764652999188835e-02 6.137599905345662854e-02
1.057425310359712128e-01 6.304086228479538478e-02
1.155892377194715631e-01 6.437160779599301885e-02
1.258145781081576042e-01 6.560472856017782184e-02
1.364084487779952948e-01 6.673829625209100336e-02
1.473603851002056042e-01 6.777062543016217078e-02
1.586595718406909050e-01 6.870029100438455882e-02
1.702948540656270826e-01 6.952614313332450280e-02
1.822547483407040703e-01 7.024731943356783692e-02
1.945274542117853001e-01 7.086325442108834527e-02
2.071008659550594988e-01 7.137368614068761996e-02
2.199625845850773642e-01 7.177865997627955186e-02
2.330999301093852061e-01 7.207852967085229268e-02
2.464999540187753357e-01 7.227395561993245343e-02
2.601494520024754120e-01 7.236590053581211379e-02
2.740349768778683193e-01 7.235562261122507888e-02
2.881428517245807619e-01 7.224466634014682642e-02
3.024591832129890911e-01 7.203485117956519301e-02
3.169698751173568030e-01 7.172825825908674124e-02
3.316606420039417413e-01 7.132721536482203306e-02
3.465170230844804578e-01 7.083428043990297462e-02
3.615243962254791055e-01 7.025222385605096875e-02
3.766679921037024981e-01 6.958400971872481799e-02
3.919329084981663103e-01 6.883277647247867947e-02
4.073041247087894057e-01 6.800181707326348468e-02
4.227665160916664333e-01 6.709455899057609196e-02
4.383048687006715904e-01 6.611454429473287431e-02
4.539038940248067977e-01 6.506541007329669224e-02
4.695482438103674161e-01 6.395086940606195536e-02
4.852225249566185505e-01 6.277469311028345544e-02
5.009113144732645351e-01 6.154069244735393962e-02
5.165991744875528813e-01 6.025270295926152958e-02
5.322706672884005563e-01 5.891456957828831997e-02
5.479103703944531167e-01 5.753013312697909803e-02
5.635028916325228732e-01 5.610321829785105269e-02
5.790328842123723119e-01 5.463762317409526226e-02
5.944850617833522533e-01 5.313711032409544621e-02
6.098442134579682428e-01 5.160539947441828562e-02
6.250952187870271182e-01 5.004616173846055532e-02
6.402230626706434391e-01 4.846301535160036505e-02
6.552128501890446266e-01 4.685952283890183756e-02
6.700498213368216716e-01 4.523918951853864168e-02
6.847193656440391241e-01 4.360546322347343129e-02
6.992070366674346671e-01 4.196173510585905070e-02
7.134985663348257789e-01 4.031134137336322976e-02
7.275798791257901410e-01 3.865756579437202439e-02
7.414371060717037665e-01 3.700364279994806938e-02
7.550565985583082007e-01 3.535276100461007265e-02
7.684249419141437887e-01 3.370806696550187470e-02
7.815289687684023878e-01 3.207266900032774287e-02
7.943557721620676526e-01 3.044964088847349620e-02
8.068927183965597383e-01 2.884202528689882791e-02
8.191274596045413636e-01 2.725283670250544868e-02
8.310479460280251196e-01 2.568506387553661993e-02
8.426424379894634775e-01 2.414167144390051700e-02
8.538995175421012496e-01 2.262560077581883891e-02
8.648080997864966424e-01 2.113976987756396864e-02
8.753574438407990543e-01 1.968707230389997800e-02
8.855371634530708747e-01 1.827037502079784798e-02
8.953372372446610772e-01 1.689251519267234367e-02
9.047480185743922432e-01 1.555629588936001048e-02
9.137602450140578370e-01 1.426448073094457696e-02
9.223650474264895038e-01 1.301978751091266429e-02
9.305539586381912365e-01 1.182488085961492727e-02
9.383189216992745552e-01 1.068236403023785537e-02
9.456522977241372807e-01 9.594769908114961221e-03
9.525468733070192595e-01 8.564551360899756369e-03
9.589958675072277616e-01 7.594071061616539976e-03
9.649929383994430010e-01 6.685590928642291472e-03
9.705321891851026450e-01 5.841261336065856936e-03
9.756081738614096333e-01 5.063110254461116247e-03
9.802159024449966784e-01 4.353032485797865211e-03
9.843508457477457840e-01 3.712779156946828182e-03
9.880089397026631248e-01 3.143947634006424852e-03
9.911865892380705700e-01 2.647972014548427740e-03
9.938806716987015344e-01 2.226114346937529444e-03
9.960885398125574053e-01 1.879456715280776284e-03
9.978080242026241553e-01 1.608894315498871855e-03
9.990374354427510317e-01 1.415129632718862543e-03
9.997755656571608585e-01 1.298667812940839956e-03
1.000000000000000000e+00 1.259813303037256782e-03
