1.000000000000000000e+00 -8.315575746753652584e-04
9.996312651557839324e-01 -8.191668540946712594e-04
9.988817085930554729e-01 -7.820415047190250671e-04
9.976333344007926041e-01 -7.203219820313057787e-04
9.958874712009450070e-01 -6.342424345514347970e-04
9.936459760815982145e-01 -5.241307697200635503e-04
9.909112316381828434e-01 -3.904087101549082606e-04
9.876861422028496706e-01 -2.335918052234330772e-04
9.839741292862468347e-01 -5.428935416171721401e-05
9.797791262603188223e-01 1.467958107974867872e-04
9.751055723145760634e-01 3.688677394654026921e-04
9.699584057214940547e-01 6.110380404405306443e-04
9.643430564492139201e-01 8.723268870235783776e-04
9.582654381615335337e-01 1.151664422171114199e-03
9.517319396462483594e-01 1.447892633129082250e-03
9.447494157132404480e-01 1.759767765480490381e-03
9.373251776033416638e-01 2.085963343718930628e-03
9.294669829479391687e-01 2.425073861125825840e-03
9.211830253176003236e-01 2.775619195712228544e-03
9.124819233957562892e-01 3.136049801346787666e-03
9.033727098107483533e-01 3.504752714025657911e-03
8.938648196564273896e-01 3.880058402661479278e-03
8.839680787280965735e-01 4.260248481933553294e-03
8.736926914970084557e-01 4.643564291817600664e-03
8.630492288429790770e-01 5.028216334603489296e-03
8.520486155610872414e-01 5.412394545727138018e-03
8.407021176549883679e-01 5.794279359829351481e-03
8.290213294261902233e-01 6.172053518350963108e-03
8.170181603658266400e-01 6.543914549950062554e-03
8.047048218530969965e-01 6.908087840334906082e-03
7.920938136626818338e-01 7.262840194025673574e-03
7.791979102821863234e-01 7.606493777337436368e-03
7.660301470400030510e-01 7.937440319783124060e-03
7.526038060439830257e-01 8.254155440363723784e-03
7.389324019319369885e-01 8.555212956070087221e-03
7.250296674362550764e-01 8.839299022575908271e-03
7.109095387668025179e-01 9.105225951726921008e-03
6.965861408186363457e-01 9.351945547186445856e-03
6.820737722139800230e-01 9.578561798593367843e-03
6.673868901911270690e-01 9.784342775916454044e-03
6.525400953565022588e-01 9.968731569392163400e-03
6.375481163198071233e-01 1.013135612652252271e-02
6.224257942359483486e-01 1.027203784605523057e-02
6.071880672811390545e-01 1.039079879959883823e-02
5.918499550940659049e-01 1.048786746443380533e-02
5.764265432161937985e-01 1.056368286601688800e-02
5.609329675680314597e-01 1.061889704545779939e-02
5.453843990003856002e-01 1.065437578565806009e-02
5.297960279611922951e-01 1.067119754959007516e-02
5.141830493193650931e-01 1.067065060508888552e-02
4.985606473871547761e-01 1.065422833222876009e-02
4.829439811817486383e-01 1.062362273154781461e-02
4.673481699652193289e-01 1.058071617373664008e-02
4.517882790994583453e-01 1.052757145358641788e-02
4.362793062494317864e-01 1.046642023266072113e-02
4.208361679640086339e-01 1.039964997597751101e-02
4.054736866588133370e-01 1.032978950764436299e-02
3.902065780201213196e-01 1.025949332856464224e-02
3.750494388428665671e-01 1.019152485574487815e-02
3.600167353094782530e-01 1.012873875711382821e-02
3.451227917096543196e-01 1.007406256788240945e-02
3.303817795944518632e-01 1.003047778413147795e-02
3.158077073513922417e-01 1.000100063634530578e-02
3.014144101807898490e-01 9.988662749897334048e-03
2.876829780601742881e-01 9.925105567945825824e-03
2.742009640865463727e-01 9.714327685755252961e-03
2.609265272398046398e-01 9.366394274519816709e-03
2.478694794256727230e-01 8.892615684415558497e-03
2.350395542087582723e-01 8.304627503420078383e-03
2.224464265602087709e-01 7.614345329689034547e-03
2.100997299277637120e-01 6.833920456808750821e-03
1.980090702780686884e-01 5.975696392032200932e-03
1.861840368423660630e-01 5.052166109820094286e-03
1.746342093788345318e-01 4.075929935515573699e-03
1.633691618454572170e-01 3.059653955729400854e-03
1.523984624542670530e-01 2.016028861628431368e-03
1.417316701495123232e-01 9.577291472578908227e-04
1.313783276174959880e-01 -1.026273943436212255e-04
1.213479509937660378e-01 -1.152519910759694510e-03
1.116500164835469711e-01 -2.179564473761549243e-03
1.022939441536941801e-01 -3.171553789493228304e-03
9.328907918913365016e-02 -4.116496593294896589e-03
8.464467093406924381e-02 -5.002656664352601867e-03
7.636985005861349207e-02 -5.818591375058346921e-03
6.847360420546588777e-02 -6.553189672675253236e-03
6.096475247936771619e-02 -7.195709376925242540e-03
5.385191914484506459e-02 -7.735813666582073631e-03
4.714350689574553499e-02 -8.163606621044499148e-03
4.084767005373789867e-02 -8.469667679061348986e-03
3.497228804271001329e-02 -8.645084876071665661e-03
2.952493947224115248e-02 -8.681486723739178374e-03
2.451287714634323850e-02 -8.571072599896067609e-03
1.994300429375260586e-02 -8.306641523937320637e-03
1.582185229343064867e-02 -7.881619201393297303e-03
1.215556014380940464e-02 -7.290083231624044750e-03
8.949855896890061835e-03 -6.526786384011145498e-03
6.210040248733115706e-03 -5.587177860368415863e-03
3.940972446363089771e-03 -4.467422474272607705e-03
2.147058637809267940e-03 -3.164417691362015912e-03
8.322427571280192069e-04 -1.675808488118359302e-03
0.000000000000000000e+00 0.000000000000000000e+00
-3.388031228596192221e-04 1.840220732132085259e-03
-1.737870660808269081e-04 3.821093270633776472e-03
4.970629505569141519e-04 5.941296451528077505e-03
1.675258436789119412e-03 8.198339106831412440e-03
3.361803507972278404e-03 1.058856814193711096e-02
5.557189127501874215e-03 1.310718257574215381e-02
8.261385767822027743e-03 1.574825345639003366e-02
1.147383457761631635e-02 1.850474954642986058e-02
1.519343717671380566e-02 2.136856865282580481e-02
1.941854423260531634e-02 2.433057445947506628e-02
2.414694300306453184e-02 2.738063870259549448e-02
2.937584405801075410e-02 3.050768851236563411e-02
3.510186742027332496e-02 3.369975872738910361e-02
4.132102838913558063e-02 3.694404897171289087e-02
4.802872333226449603e-02 4.022698526705240779e-02
5.521971575067052135e-02 4.353428593533985314e-02
6.288812293744297510e-02 4.685103152847427954e-02
7.102740356391568088e-02 5.016173850298474846e-02
7.963034653630463033e-02 5.345043633699227831e-02
8.868906147135847962e-02 5.670074776518330834e-02
9.819497114076261579e-02 5.989597178435178415e-02
1.081388062304448200e-01 6.301916905736222596e-02
1.185106027520444333e-01 6.605324931718126180e-02
1.292997024290763464e-01 6.898106034509562945e-02
1.404947563591854853e-01 7.178547806871549142e-02
1.520837322258540569e-01 7.444949729638380975e-02
1.640539252975137530e-01 7.695632257589378467e-02
1.763919734089445246e-01 7.928945863790608228e-02
1.890838760689550480e-01 8.143279985930353126e-02
2.021150177797632619e-01 8.337071816026132842e-02
2.154701955876605346e-01 8.508814873254524902e-02
2.291336508122452931e-01 8.657067298706150327e-02
2.430891048239564034e-01 8.780459810757186567e-02
2.573197986584803698e-01 8.877703260627758941e-02
2.718085361739068784e-01 8.947595729698752665e-02
2.865377303747530524e-01 8.989029113383278924e-02
3.014376991844296416e-01 9.001092222317251534e-02
3.160677399639300611e-01 8.994716037684084842e-02
3.308803001602569904e-01 8.977804045995667337e-02
3.458602139153983401e-01 8.950359522229267561e-02
3.609921586512925828e-01 8.912416162974289013e-02
3.762606739922788046e-01 8.864037564189877760e-02
3.916501805833363936e-01 8.805316582195800434e-02
4.071449987554622840e-01 8.736374593177939629e-02
4.227293669957607469e-01 8.657360666584706932e-02
4.383874601862640663e-01 8.568450667630658768e-02
4.541034075820274407e-01 8.469846303718682468e-02
4.698613105054675332e-01 8.361774128956386831e-02
4.856452597401232918e-01 8.244484520093375846e-02
5.014393526128454459e-01 8.118250636164879575e-02
5.172277097587631989e-01 7.983367372917812843e-02
5.329944915681211759e-01 7.840150321743995232e-02
5.487239143181289469e-01 7.688934741380791527e-02
5.644002659962730206e-01 7.530074549091322900e-02
5.800079218240373757e-01 7.363941336436026497e-02
5.955313594916589182e-01 7.190923413125732688e-02
6.109551741154036764e-01 7.011424880834891959e-02
6.262640929289067238e-01 6.825864737282477668e-02
6.414429897194222630e-01 6.634676009386646089e-02
6.564768990184454145e-01 6.438304912895047305e-02
6.713510300541645215e-01 6.237210034610710108e-02
6.860507804706981183e-01 6.031861532196597375e-02
7.005617498161443857e-01 5.822740345569719922e-02
7.148697527982703637e-01 5.610337413104280607e-02
7.289608323032916726e-01 5.395152885265877551e-02
7.428212721697786680e-01 5.177695327903836242e-02
7.564376097063882920e-01 4.958480907241999414e-02
7.697966479389939387e-01 4.738032548630558005e-02
7.828854675699444821e-01 4.516879061351124908e-02
7.956914386297913033e-01 4.295554222196899807e-02
8.082022317998796002e-01 4.074595811170825949e-02
8.204058293828631054e-01 3.854544593443314654e-02
8.322905358974620471e-01 3.635943242671178799e-02
8.438449882737003582e-01 3.419335201882911512e-02
8.550581656254602203e-01 3.205263479359746204e-02
8.659193985784326975e-01 2.994269378265231388e-02
8.764183781334511369e-01 2.786891160172732390e-02
8.865451640476929018e-01 2.583662644084734270e-02
8.962901927192632456e-01 2.385111744004359338e-02
9.056442845641990980e-01 2.191758949579926744e-02
9.145986508788056524e-01 2.004115755773541729e-02
9.231449001844149738e-01 1.822683048876995449e-02
9.312750440560046972e-01 1.647949457489392144e-02
9.389815024405220312e-01 1.480389678257751709e-02
9.462571084751277839e-01 1.320462787243116033e-02
9.530951128197712174e-01 1.168610548691373027e-02
9.594891875224474953e-01 1.025255733744475685e-02
9.654334294390376492e-01 8.908004622093408653e-03
9.709223632327315112e-01 7.656245808984194628e-03
9.759509439805775788e-01 6.500840922595995178e-03
9.805145594166244649e-01 5.445096470194220328e-03
9.846090318423842414e-01 4.492051143710862164e-03
9.882306197358977640e-01 3.644462428488338349e-03
9.913760190905059888e-01 2.904794244487725677e-03
9.940423645135395558e-01 2.275205737899296549e-03
9.962272301135329799e-01 1.757541331699481735e-03
9.979286302022873922e-01 1.353322132704337004e-03
9.991450198352160861e-01 1.063738780236579825e-03
9.998752952099476676e-01 8.896458078333780968e-04
1.000000000000000000e+00 8.315575746753652584e-04
