1.000000000000000000e+00 -1.465882985536005184e-03
9.996403535360978143e-01 -1.487651987879391128e-03
9.988915008769519988e-01 -1.552898828943785614e-03
9.976442895769833674e-01 -1.661443602152901837e-03
9.959000329223072212e-01 -1.812988422435980913e-03
9.936605666991695784e-01 -2.007120323820546590e-03
9.909282464010914504e-01 -2.243315234358867448e-03
9.877059436682318339e-01 -2.520942948495499131e-03
9.839970419807859692e-01 -2.839272996708235800e-03
9.798054316321915813e-01 -3.197481293833048886e-03
9.751355040113823813e-01 -3.594657431263893321e-03
9.699921452262325605e-01 -4.029812464509226894e-03
9.643807291026338380e-01 -4.501887036653846180e-03
9.583071095953155094e-01 -5.009759670338002034e-03
9.517776126475263609e-01 -5.552255056096556084e-03
9.447990275370508062e-01 -6.128152163404205523e-03
9.373785977457609331e-01 -6.736192002615578114e-03
9.295240113890098632e-01 -7.375084871162496808e-03
9.212433912397240965e-01 -8.043516925818186558e-03
9.125452843801084013e-01 -8.740155934444835198e-03
9.034386515114828375e-01 -9.463656075225427428e-03
8.939328559500453464e-01 -1.021266166872987144e-02
8.840376523333504100e-01 -1.098580974798551817e-02
8.737631750591360325e-01 -1.178173139370346928e-02
8.631199264748856681e-01 -1.259905178558382542e-02
8.521187648333101716e-01 -1.343638894578911766e-02
8.407708920258476493e-01 -1.429235117680056379e-02
8.290878411033991702e-01 -1.516553322252319445e-02
8.170814635909554591e-01 -1.605451120819414990e-02
8.047639166005631228e-01 -1.695783644092997006e-02
7.921476497453157073e-01 -1.787402817812894923e-02
7.792453918557901149e-01 -1.880156549498088192e-02
7.660701374995929624e-01 -1.973887840457399373e-02
7.526351333044919434e-01 -2.068433840410774383e-02
7.389538640859558694e-01 -2.163624863814262583e-02
7.250400387808246805e-01 -2.259283388427762648e-02
7.109075761902556856e-01 -2.355223057785374094e-02
6.965705905369634632e-01 -2.451247709997330521e-02
6.820433768440989919e-01 -2.547150455710447264e-02
6.673403961457556877e-01 -2.642712828066864569e-02
6.524762605420267869e-01 -2.737704027120671513e-02
6.374657181146425877e-01 -2.831880280397547703e-02
6.223236377224116156e-01 -2.924984340118980813e-02
6.070649936988631312e-01 -3.016745136071898731e-02
5.917048504775545004e-01 -3.106877601204307768e-02
5.762583471733440099e-01 -3.195082684792749372e-02
5.607406821504641314e-01 -3.281047565487718587e-02
5.451670976103507593e-01 -3.364446073734445042e-02
5.295528642338281911e-01 -3.444939330029331281e-02
5.139132659133314185e-01 -3.522176602251276406e-02
4.982635846113263600e-01 -3.595796381951044118e-02
4.826190853809089187e-01 -3.665427676041630584e-02
4.669950015837125434e-01 -3.730691506862088974e-02
4.514065203387155334e-01 -3.791202610140845253e-02
4.358687682333304281e-01 -3.846571317017113967e-02
4.203967973253003865e-01 -3.896405603045688393e-02
4.050055714604750001e-01 -3.940313284063297339e-02
3.897099529275451779e-01 -3.977904335985734535e-02
3.745246894663651349e-01 -4.008793313080984827e-02
3.594644016416724264e-01 -4.032601837069092060e-02
3.445435705889305367e-01 -4.048961127573406926e-02
3.297765261337832210e-01 -4.057514543024151599e-02
3.151774352813349056e-01 -4.057920100122379414e-02
3.007602910662875439e-01 -4.049852939431534266e-02
2.865389017499851976e-01 -4.033007704590649278e-02
2.725268803457741584e-01 -4.007100803045149373e-02
2.587376344498815706e-01 -3.971872517069448966e-02
2.451843563513683433e-01 -3.927088935203172648e-02
2.318800133917069128e-01 -3.872543676026550530e-02
2.188373385422632267e-01 -3.808059378439195702e-02
2.060688211664842562e-01 -3.733488935252575469e-02
1.941900392895777039e-01 -3.651334554316799930e-02
1.831263035033062203e-01 -3.575707752872164802e-02
1.723040880645891892e-01 -3.507564750899648531e-02
1.617285927786351052e-01 -3.445533411642535959e-02
1.514055125573617600e-01 -3.388255457057926662e-02
1.413410576303461841e-01 -3.334387319875616734e-02
1.315419604001820397e-01 -3.282600994442981535e-02
1.220154697649266651e-01 -3.231584996979160185e-02
1.127693339687501212e-01 -3.180045523987261313e-02
1.038117732160906137e-01 -3.126707874888356303e-02
9.515144339843439880e-02 -3.070318182703842685e-02
8.679739234261933667e-02 -3.009645475827619696e-02
7.875901000307634903e-02 -2.943484075330726063e-02
7.104597399612934405e-02 -2.870656316303324407e-02
6.366819182074767713e-02 -2.790015568703171217e-02
5.663574103478182659e-02 -2.700449523091408288e-02
4.995880856561202288e-02 -2.600883699387745995e-02
4.364763023504253381e-02 -2.490285132149205882e-02
3.771243147477159469e-02 -2.367666183579561490e-02
3.216337010428892834e-02 -2.232088435182356251e-02
2.701048193996534105e-02 -2.082666610339810320e-02
2.226362990389603100e-02 -1.918572482803552678e-02
1.793245720445491020e-02 -1.739038729814147699e-02
1.402634506766568465e-02 -1.543362693049689024e-02
1.055437540911962485e-02 -1.330910015599713614e-02
7.525298749682881455e-03 -1.101118128464166970e-02
4.947507593905556972e-03 -8.534995655177238932e-03
2.829015407014723402e-03 -5.876450913138095596e-03
1.177441243821953937e-03 -3.032266314124076618e-03
0.000000000000000000e+00 0.000000000000000000e+00
-6.840016095535540611e-04 3.180206898402346532e-03
-8.557438352862823706e-04 6.466972209395706155e-03
-5.094721969855532662e-04 9.859020214934122173e-03
3.599999358393540967e-04 1.335345416453837669e-02
1.757283995742714953e-03 1.694575661846783876e-02
3.686404203645594208e-03 2.062979865435964413e-02
6.150780856797766205e-03 2.439785783319916440e-02
9.153208967472892948e-03 2.824064482769511955e-02
1.269583238309170484e-02 3.214733862639469059e-02
1.678011360055754395e-02 3.610563023934003357e-02
2.140679957100295044e-02 4.010177484473659293e-02
2.657588387670612243e-02 4.412065232969053508e-02
3.228656575040683707e-02 4.814583619003984238e-02
3.853720649919881863e-02 5.215967076274358183e-02
4.532528399088454202e-02 5.614335676695855065e-02
5.264734596000707201e-02 6.007704512420998511e-02
6.049896299298011815e-02 6.393993901101030497e-02
6.887468215536558802e-02 6.771040406573185233e-02
7.776798232700388169e-02 7.136608662221413657e-02
8.717123240896204606e-02 7.488403977230725928e-02
9.707565365555946568e-02 7.824085696552297853e-02
1.074712874592841927e-01 8.141281273407340036e-02
1.183469699693583677e-01 8.437600998482955306e-02
1.296903149482424855e-01 8.710653312664509706e-02
1.414877062560907783e-01 8.958060610452564521e-02
1.537243012926761687e-01 9.177475419608151219e-02
1.663840466117590955e-01 9.366596819794688333e-02
1.794497067480043673e-01 9.523186940045536009e-02
1.929029070574460325e-01 9.645087353041768841e-02
2.061459265410427177e-01 9.733139247608295352e-02
2.190792836056060788e-01 9.804689838825667025e-02
2.322931916292966525e-01 9.862891644207795461e-02
2.457742278982607831e-01 9.907698003839036927e-02
2.595086914484034391e-01 9.939101750846532357e-02
2.734826199146790926e-01 9.957134926092864324e-02
2.876818066849421429e-01 9.961868200104159743e-02
3.020918182989319467e-01 9.953410021602035473e-02
3.166980120339873972e-01 9.931905514807500002e-02
3.314855536209256326e-01 9.897535150091910094e-02
3.464394350361221231e-01 9.850513214536087137e-02
3.615444923190984094e-01 9.791086110502097983e-02
3.767854233687802368e-01 9.719530511408538964e-02
3.921468056759125353e-01 9.636151404522125263e-02
4.076131139538006209e-01 9.541280050735941043e-02
4.231687376344689944e-01 9.435271891004717859e-02
4.387979982023654246e-01 9.318504428364332570e-02
4.544851663427702526e-01 9.191375113296845756e-02
4.702144788869743186e-01 9.054299258641185233e-02
4.859701555409630114e-01 8.907708008325745941e-02
5.017364153886738620e-01 8.752046381951042453e-02
5.174974931647968734e-01 8.587771414720921093e-02
5.332376552954852800e-01 8.415350409456039127e-02
5.489412157081637877e-01 8.235259314473802883e-02
5.645925514138403489e-01 8.047981238035724350e-02
5.801761178668871644e-01 7.854005106900481537e-02
5.956764641081703227e-01 7.653824473332249134e-02
6.110782476976795996e-01 7.447936471752736320e-02
6.263662494424434568e-01 7.236840923144227666e-02
6.415253879245867985e-01 7.021039582359887843e-02
6.565407338329208864e-01 6.801035520724271755e-02
6.713975240995359028e-01 6.577332633754857938e-02
6.860811758405791494e-01 6.350435261544254417e-02
7.005773000978172682e-01 6.120847907347189837e-02
7.148717153748171960e-01 5.889075038245350502e-02
7.289504609587220685e-01 5.655620950440527761e-02
7.427998100157597872e-01 5.420989680769196933e-02
7.564062824458793743e-01 5.185684945450801109e-02
7.697566574794040273e-01 4.950210086881787902e-02
7.828379859963406906e-01 4.715068009466326371e-02
7.956376025471574298e-01 4.480761086023455492e-02
8.081431370524134739e-01 4.247791017215312576e-02
8.203425261577342864e-01 4.016658627681370108e-02
8.322240242202531002e-01 3.787863584112714788e-02
8.437762139028410768e-01 3.561904022329032832e-02
8.549880163532372901e-01 3.339276072491746683e-02
8.658487009465261064e-01 3.120473273862245378e-02
8.763478945713235602e-01 2.905985872951509508e-02
8.864755904424390653e-01 2.696300001461496287e-02
8.962221564256452888e-01 2.491896733045041376e-02
9.055783428634646137e-01 2.293251020559860728e-02
9.145352898944535402e-01 2.100830518119920637e-02
9.230845342622912009e-01 1.915094294804579877e-02
9.312180156149340027e-01 1.736491449329708239e-02
9.389280822981027619e-01 1.565459637272178378e-02
9.462074966513174257e-01 1.402423524530391555e-02
9.530494398184932159e-01 1.247793182562229389e-02
9.594475160886655196e-01 1.101962442537421719e-02
9.653957567856177313e-01 9.653072268452097746e-03
9.708886237279930054e-01 8.381838773892843000e-03
9.759210122837712609e-01 7.209275007631280388e-03
9.804882540447517059e-01 6.138503507192262162e-03
9.845861191478451069e-01 5.172402683201465443e-03
9.882108182705156008e-01 4.313591997882052463e-03
9.913590043275973818e-01 3.564418113611539200e-03
9.940277738959681919e-01 2.926942194248465055e-03
9.962146683921707657e-01 2.402928528490129619e-03
9.979176750260966289e-01 1.993834628214458636e-03
9.991352275513195602e-01 1.700802935869612231e-03
9.998662068296337857e-01 1.524654253824384107e-03
1.000000000000000000e+00 1.465882985536005184e-03
