1.000000000000000000e+00 -1.222379550183096564e-03
9.994394729458891957e-01 -1.194342718184215153e-03
9.986750019450799654e-01 -1.110440991000517406e-03
9.974019677406945616e-01 -9.712998986529840706e-04
9.956219935047021519e-01 -7.779594008197167690e-04
9.933373456577124783e-01 -5.318699933772998243e-04
9.905509279107990173e-01 -2.348872420718682227e-04
9.872662736920386761e-01 1.107352713143046168e-04
9.834875370205304890e-01 5.023546079184373729e-04
9.792194819018575913e-01 9.369487555904885620e-04
9.744674703286337891e-01 1.411128558283582766e-03
9.692374489777377811e-01 1.921151311628490656e-03
9.635359347019282206e-01 2.462936043745778472e-03
9.573699989176943648e-01 3.032080497331772484e-03
9.507472509933557747e-01 3.623879824444817092e-03
9.436758207416161559e-01 4.233346999142241843e-03
9.361643401190699043e-01 4.855234945119817416e-03
9.282219242316634977e-01 5.484060365768223672e-03
9.198581517400163943e-01 6.114129252590510405e-03
9.110830447520340547e-01 6.739564034775363116e-03
9.019070482826466728e-01 7.354332317974214550e-03
8.923410093521072506e-01 7.952277144113574156e-03
8.823961557854019810e-01 8.527148686554755774e-03
8.720840747663289871e-01 9.072637276296896536e-03
8.614166911910358104e-01 9.582407635465257922e-03
8.504062458576565620e-01 1.005013417431327438e-02
8.390652735214978453e-01 1.046953718773821831e-02
8.274065808392987442e-01 1.083441976721740557e-02
8.154432242217634075e-01 1.113870522452516804e-02
8.031884876110345628e-01 1.137647480498807026e-02
7.906558601992422775e-01 1.154200545083909971e-02
7.778590141058581153e-01 1.162980735985297276e-02
7.648117820352939855e-01 1.163466107135055841e-02
7.515281349420229740e-01 1.155165380125833946e-02
7.380221597382813359e-01 1.137621474060110383e-02
7.243080370889436459e-01 1.110414902795914954e-02
7.104000193491517567e-01 1.073167010633153950e-02
6.963124087122987138e-01 1.025543017876891921e-02
6.820595356486409688e-01 9.672548485234397364e-03
6.676557377275528227e-01 8.980637135508444391e-03
6.531153389287756017e-01 8.177824249561933823e-03
6.384526295593259126e-01 7.262774177575231915e-03
6.236818469024776324e-01 6.234704596475314220e-03
6.088171567328580780e-01 5.093400308187730208e-03
5.937715371502897410e-01 3.845846748287917727e-03
5.785039307971546751e-01 2.551974409273072286e-03
5.631703937040378749e-01 1.227995249770005848e-03
5.477856027656019533e-01 -1.232930744593449535e-04
5.323642084751887271e-01 -1.498802885649568040e-03
5.169208207805328081e-01 -2.895163068003567264e-03
5.014699955370212070e-01 -4.308728221649134327e-03
4.860262216194340401e-01 -5.735590346078699164e-03
4.706039087468560367e-01 -7.171592979583064908e-03
4.552173760675470304e-01 -8.612347688696828096e-03
4.398808415411046835e-01 -1.005325277019285257e-02
4.246084121443879922e-01 -1.148951399820435232e-02
4.094140749155944503e-01 -1.291616722109512061e-02
3.943116888378240259e-01 -1.432810258720337848e-02
3.793149775496827414e-01 -1.572009015596225606e-02
3.644375228562796165e-01 -1.708680663152502277e-02
3.496927589996515762e-01 -1.842286294021446696e-02
3.350939676335557005e-01 -1.972283236113028804e-02
3.206542734340144807e-01 -2.098127891129175637e-02
3.063866402643276032e-01 -2.219278568289134723e-02
2.923038678017823022e-01 -2.335198283066215047e-02
2.784185885233075863e-01 -2.445357491201148592e-02
2.647432649390985548e-01 -2.549236729138091434e-02
2.512901869570122182e-01 -2.646329133312221721e-02
2.380714692565166213e-01 -2.736142812383811351e-02
2.250990485493011561e-01 -2.818203048536757974e-02
2.123846806044326074e-01 -2.892054306309383219e-02
1.999399369192200737e-01 -2.957262030066274902e-02
1.877762009227244011e-01 -3.013414214112232828e-02
1.759046636070465131e-01 -3.060122732550332042e-02
1.643363184920545172e-01 -3.097024419249277613e-02
1.530819558418786419e-01 -3.123781891663604884e-02
1.421521560661100358e-01 -3.140084115694150024e-02
1.315572822549219978e-01 -3.145646712236915832e-02
1.213074718149881603e-01 -3.140212009496332057e-02
1.114126271917715294e-01 -3.123548848486248225e-02
1.018824056831538483e-01 -3.095452152362389645e-02
9.272620836906644848e-02 -3.055742273279353494e-02
8.395316820142004199e-02 -3.004264133302536610e-02
7.557213731779130472e-02 -2.940886178492972680e-02
6.759167366065128857e-02 -2.865499167587181109e-02
6.002002700103737515e-02 -2.778014818685156651e-02
5.286512448112569429e-02 -2.678364339012912279e-02
4.613455580385386612e-02 -2.566496864121167037e-02
3.983555820927467406e-02 -2.442377833803964157e-02
3.397500138646048634e-02 -2.305987332560220995e-02
2.855937247633370812e-02 -2.157318422572655076e-02
2.359476132461207909e-02 -1.996375496942532843e-02
1.908684614505556931e-02 -1.823172680300667869e-02
1.504087975133420671e-02 -1.637732302925432037e-02
1.146167651112661029e-02 -1.440083473151970196e-02
8.353600168587022035e-03 -1.230260771173367039e-02
5.720552671199490360e-03 -1.008303085337050077e-02
3.565964124469034931e-03 -7.742526097567655786e-03
1.892783983088641622e-03 -5.281540195219186669e-03
7.034735704566994884e-04 -2.700538370269438965e-03
0.000000000000000000e+00 0.000000000000000000e+00
-2.100339361882995037e-04 2.782761400795237192e-03
8.048758863979941017e-05 5.610148387681162911e-03
8.720712724509687742e-04 8.480830874958190935e-03
2.164746014322744758e-03 1.139292938877977009e-02
3.958059236275318638e-03 1.434402476828702290e-02
6.251072760184668564e-03 1.733117200682517123e-02
9.042358309918469700e-03 2.035091809810789243e-02
1.232999272631335637e-02 2.339932371457722343e-02
1.611155299844496680e-02 2.647198850957918279e-02
2.038411122851276069e-02 2.956407980173106353e-02
2.514422965931406226e-02 3.267036436938104693e-02
3.038795590247397871e-02 3.578524305567809538e-02
3.611081851216499383e-02 3.890278786079939127e-02
4.230782305285495093e-02 4.201678117757687986e-02
4.897344881059483707e-02 4.512075681035271346e-02
5.610164629548512055e-02 4.820804240454933109e-02
6.368583567826516245e-02 5.127180290628842452e-02
7.171890629656488270e-02 5.430508466751547691e-02
8.019321735637183202e-02 5.730085981250440663e-02
8.910059994189881150e-02 6.025207048630080997e-02
9.843236043253805745e-02 6.315167261453583092e-02
1.081792854092226974e-01 6.599267881696485594e-02
1.183316481146184235e-01 6.876820013387359432e-02
1.288792165124786337e-01 7.147148624491227176e-02
1.398112629715738964e-01 7.409596388367641062e-02
1.511165755792567567e-01 7.663527317813034756e-02
1.627834710693017717e-01 7.908330167638469299e-02
1.747998093285861865e-01 8.143421584899643295e-02
1.871530094278036627e-01 8.368248989241532099e-02
1.998300671030943665e-01 8.582293169298860214e-02
2.128175735985681494e-01 8.785070584658193071e-02
2.261017357644869441e-01 8.976135366487547618e-02
2.396683972926169359e-01 9.155081013525484535e-02
2.535030609591864548e-01 9.321541783643735868e-02
2.675909117371456647e-01 9.475193784606829317e-02
2.819168406331450383e-01 9.615755770901740496e-02
2.964654691008918874e-01 9.742989656556025335e-02
3.112211738813078221e-01 9.856700756662750695e-02
3.261681121211531531e-01 9.956737772847600032e-02
3.412902466254010836e-01 1.004299254011516151e-01
3.565713711044912193e-01 1.011539955436997346e-01
3.719951352854626303e-01 1.017393530140170976e-01
3.875450697656336874e-01 1.021861740923695611e-01
4.032046104986811708e-01 1.024950364648337248e-01
4.189571228153813887e-01 1.026669078962240966e-01
4.347859248945911692e-01 1.027031338214841050e-01
4.506743106139387556e-01 1.026054240801508866e-01
4.666055717238308254e-01 1.023758390105215244e-01
4.825630193024378900e-01 1.020167751087790453e-01
4.985300044629790150e-01 1.015309504438713650e-01
5.144899382975954838e-01 1.009213900017110199e-01
5.304263110541247439e-01 1.001914111126609719e-01
5.463227105529125938e-01 9.934460909471976020e-02
5.621628398602666055e-01 9.838484322176035968e-02
5.779305342430764991e-01 9.731622310209284143e-02
5.936097774354350820e-01 9.614309552799095437e-02
6.093260846636846528e-01 9.485516575300392828e-02
6.250080402623774400e-01 9.339487272975494081e-02
6.405384764799034736e-01 9.176228912972149432e-02
6.559016554461720716e-01 8.996519058441501682e-02
6.710821825177387678e-01 8.801182997168077726e-02
6.860650170360371725e-01 8.591091007485571196e-02
7.008354819224820176e-01 8.367155563658362771e-02
7.153792722159211248e-01 8.130328481560185339e-02
7.296824626506031031e-01 7.881598004111203815e-02
7.437315143634343206e-01 7.621985824849017432e-02
7.575132808083483438e-01 7.352544047233633417e-02
7.710150129437030042e-01 7.074352076835796477e-02
7.842243637462726902e-01 6.788513443439561645e-02
7.971293920932308597e-01 6.496152550298324446e-02
8.097185660419420339e-01 6.198411348307721058e-02
8.219807655269263380e-01 5.896445933677770673e-02
8.339052844843535262e-01 5.591423068772202049e-02
8.454818324071908808e-01 5.284516627103245934e-02
8.567005353288908998e-01 4.976903964984592810e-02
8.675519362303759641e-01 4.669762224014534224e-02
8.780269948641306055e-01 4.364264570339560639e-02
8.881170869903874943e-01 4.061576378492223055e-02
8.978140030235833846e-01 3.762851369461265444e-02
9.071099460923007785e-01 3.469227714491728010e-02
9.159975295225278868e-01 3.181824117889422987e-02
9.244697737619989031e-01 2.901735893776399497e-02
9.325201027722803682e-01 2.630031053278174616e-02
9.401423399247937907e-01 2.367746419988748380e-02
9.473307034467520760e-01 2.115883792728121687e-02
9.540798014726638021e-01 1.875406175556492555e-02
9.603846267662866643e-01 1.647234095723826633e-02
9.662405511863233487e-01 1.432242030697217401e-02
9.716433199764877848e-01 1.231254965615201716e-02
9.765890459665198531e-01 1.045045102462074937e-02
9.810742037750856959e-01 8.743287419373507036e-03
9.850956241081005871e-01 7.197633584194113379e-03
9.886504882467087585e-01 5.819448875949623234e-03
9.917363228178898149e-01 4.614052452595303680e-03
9.943509949374252921e-01 3.586100945014531957e-03
9.964927078097758351e-01 2.739568769800246068e-03
9.981599968623854346e-01 2.077731223166612989e-03
9.993517264831915936e-01 1.603150477573959563e-03
1.000067087419842515e+00 1.317664582583651751e-03
1.000000000000000000e+00 1.222379550183096564e-03
