1.000000000000000000e+00 -1.655845388086258849e-03
9.994617232761408010e-01 -1.659060902226678312e-03
9.986987681095735869e-01 -1.668715826996189063e-03
9.974281667385758166e-01 -1.684835641023982138e-03
9.956514026393493699e-01 -1.707463902679961804e-03
9.933705479340515510e-01 -1.736663851755924958e-03
9.905882586992497130e-01 -1.772520573998310122e-03
9.873077690083781333e-01 -1.815143652487853643e-03
9.835328837618997344e-01 -1.864670210705554262e-03
9.792679703684928905e-01 -1.921268234833260324e-03
9.745179493489178890e-01 -1.985140047765245573e-03
9.692882839410913443e-01 -2.056525794771829965e-03
9.635849687901898442e-01 -2.135706791033011899e-03
9.574145178112484222e-01 -2.223008574582813895e-03
9.507839513136461251e-01 -2.318803504758212147e-03
9.437007824771006526e-01 -2.423512746150501690e-03
9.361730032673580837e-01 -2.537607481394820591e-03
9.282090698767433423e-01 -2.661609202910465016e-03
9.198178877702481993e-01 -2.796088943879821917e-03
9.110087964120554549e-01 -2.941665322222781001e-03
9.017915537404809223e-01 -3.099001287914369962e-03
8.921763204515152923e-01 -3.268799483497179109e-03
8.821736441426748510e-01 -3.451796149762698801e-03
8.717944433599954523e-01 -3.648753533001074939e-03
8.610499915819759265e-01 -3.860450776560202940e-03
8.499519011653793310e-01 -4.087673307299328346e-03
8.385121072692808264e-01 -4.331200756402132229e-03
8.267428517658524934e-01 -4.591793483460959030e-03
8.146566671393583592e-01 -4.870177802223357028e-03
8.022663603688645617e-01 -5.167030035410732913e-03
7.895849967854515761e-01 -5.482959554018358023e-03
7.766258838913844276e-01 -5.818490982987797877e-03
7.634025551268317500e-01 -6.174045779573977821e-03
7.499287535694125761e-01 -6.549923412627625674e-03
7.362184155530713259e-01 -6.946282389922946165e-03
7.222856541955107179e-01 -7.363121396147614961e-03
7.081447428275887690e-01 -7.800260815878611032e-03
6.938100983235251373e-01 -8.257324923466015376e-03
6.792962643373737786e-01 -8.733725024991020880e-03
6.646178944587147752e-01 -9.228643836165534298e-03
6.497897353087270789e-01 -9.741021374090969021e-03
6.348266096064143493e-01 -1.026954263015878582e-02
6.197433992435059658e-01 -1.081262727610385332e-02
6.045550284151377518e-01 -1.136842163544326406e-02
5.892764468615442341e-01 -1.193479312845462104e-02
5.739226132833435967e-01 -1.250932737076172752e-02
5.585084789993254306e-01 -1.308932807386338493e-02
5.430489719206609278e-01 -1.367181986099415963e-02
5.275589809189367152e-01 -1.425355407404971242e-02
5.120533406671677890e-01 -1.483101760748731929e-02
4.965468170328134478e-01 -1.540044476373456789e-02
4.810540930997052600e-01 -1.595783208233671202e-02
4.655897558916478052e-01 -1.649895605251459896e-02
4.501682838642588891e-01 -1.701939357666679142e-02
4.348040352234587291e-01 -1.751454501131272795e-02
4.195112371189854139e-01 -1.797965957271553672e-02
4.043039757495950903e-01 -1.840986285758586943e-02
3.891961874034024493e-01 -1.880018619548358416e-02
3.742016504424023893e-01 -1.914559751936277532e-02
3.593339782248884395e-01 -1.944103341468008533e-02
3.446066129435783609e-01 -1.968143198605681876e-02
3.300328203411423411e-01 -1.986176616403772383e-02
3.156256852488656395e-01 -1.997707706333613775e-02
3.013981078787627554e-01 -2.002250699830968733e-02
2.884845894413757827e-01 -2.007234007989991409e-02
2.758750960636436322e-01 -2.023169024326784693e-02
2.634492784153216194e-01 -2.048864195781267827e-02
2.512111328312047753e-01 -2.083025416863992785e-02
2.391648752914223575e-01 -2.124355786243999067e-02
2.273150142215702718e-01 -2.171558085931613036e-02
2.156664132411918178e-01 -2.223336783788069926e-02
2.042243430705462659e-01 -2.278399668614425333e-02
1.929945221286795964e-01 -2.335459226639456654e-02
1.819831456596883168e-01 -2.393233863087465552e-02
1.711969034994394179e-01 -2.450449063557306323e-02
1.606429868355113699e-01 -2.505838578160961283e-02
1.503290845152653599e-01 -2.558145697731679935e-02
1.402633696197670143e-01 -2.606124676836604065e-02
1.304544771458722163e-01 -2.648542343627023621e-02
1.209114737278671331e-01 -2.684179922404295038e-02
1.116438203873931639e-01 -2.711835081693970279e-02
1.026613293303413055e-01 -2.730324208976522837e-02
9.397411581657119650e-02 -2.738484903252347280e-02
8.559254611711135385e-02 -2.735178668429805518e-02
7.752718254803926679e-02 -2.719293784125056263e-02
6.978872653409098903e-02 -2.689748325778799909e-02
6.238796061119335212e-02 -2.645493302898942536e-02
5.533569022794304626e-02 -2.585515882562747225e-02
4.864268615335468060e-02 -2.508842664871336475e-02
4.231962824324226463e-02 -2.414542977650892264e-02
3.637705126120416993e-02 -2.301732159150561563e-02
3.082529339277742184e-02 -2.169574799620896735e-02
2.567444803308913462e-02 -2.017287915309210616e-02
2.093431936919165626e-02 -1.844144031439230724e-02
1.661438221803573576e-02 -1.649474154031244783e-02
1.272374651944532115e-02 -1.432670613864790374e-02
9.271126820189556222e-03 -1.193189769404208456e-02
6.264817020026406530e-03 -9.305545590306779288e-03
3.712670583131931577e-03 -6.443568963953717407e-03
1.622086348445215187e-03 -3.342599060816983745e-03
0.000000000000000000e+00 0.000000000000000000e+00
-1.128646714176815202e-03 3.539893753633454373e-03
-1.739399011403490545e-03 7.231579659079829039e-03
-1.826781623106402824e-03 1.107419436301334235e-02
-1.385828134667321972e-03 1.506529118979767906e-02
-4.120871145829796064e-04 1.920084424815906091e-02
1.098367053275542231e-03 2.347526075325417905e-02
3.148918692061018418e-03 2.788140142038839087e-02
5.742390838279789328e-03 3.241060878008315826e-02
8.881020930279624054e-03 3.705274325972465060e-02
1.256643244364230062e-02 4.179622687438867834e-02
1.679960280253228050e-02 4.662809436833750820e-02
2.158082795839397217e-02 5.153405164867850413e-02
2.690968408807581369e-02 5.649854135324099136e-02
3.278498692278729310e-02 6.150481539514640605e-02
3.920474927754122318e-02 6.653501432594059739e-02
4.616613740809714928e-02 7.157025335644809361e-02
5.366542687894511332e-02 7.659071486839717779e-02
6.169795868141372819e-02 8.157574723888204316e-02
7.025809639509697502e-02 8.650396978220208088e-02
7.933918523765949582e-02 9.135338358776778911e-02
8.893351389644245375e-02 9.610148799675122255e-02
9.903228007833864144e-02 1.007254024121932573e-01
1.096255607497733930e-01 1.052019930757711885e-01
1.207022880633233097e-01 1.095080043681410237e-01
1.322502319779411684e-01 1.136201940980223063e-01
1.442559905718718560e-01 1.175154721381089229e-01
1.567049890166599679e-01 1.211710416445658800e-01
1.695814881226309911e-01 1.245645419636659673e-01
1.828686032764774705e-01 1.276741921877471153e-01
1.965483344663351561e-01 1.304789341783647583e-01
2.106016079262990337e-01 1.329585737339972484e-01
2.250083297295812079e-01 1.350939184510178692e-01
2.397474514184243510e-01 1.368669107190248202e-01
2.547970474829633902e-01 1.382607542147695212e-01
2.701344041968096188e-01 1.392600322225591714e-01
2.857361189935515577e-01 1.398508161220342327e-01
3.014540014864567352e-01 1.400220089659935108e-01
3.162497620664566633e-01 1.399148702791594978e-01
3.312292594135665125e-01 1.396319880569434901e-01
3.463763926814742988e-01 1.391746213342669181e-01
3.616749157358823963e-01 1.385445138789081210e-01
3.771084623927429824e-01 1.377438781165351567e-01
3.926605712000552639e-01 1.367753771761107684e-01
4.083147096646805307e-01 1.356421053848943792e-01
4.240542978407839669e-01 1.343475675429049998e-01
4.398627312122371236e-01 1.328956573020735055e-01
4.557234028172268969e-01 1.312906349655946769e-01
4.716197245790390569e-01 1.295371050084752063e-01
4.875351478221666701e-01 1.276399936013146164e-01
5.034531829671867742e-01 1.256045263963876391e-01
5.193574184109605030e-01 1.234362068086077291e-01
5.352315386103767558e-01 1.211407949944857398e-01
5.510593413978536192e-01 1.187242877003533148e-01
5.668247545649790498e-01 1.161928991175086162e-01
5.825118517568875776e-01 1.135530428472143055e-01
5.981048677241805889e-01 1.108113150432839672e-01
6.135882129814049790e-01 1.079744787649805637e-01
6.289464879213491066e-01 1.050494495387598592e-01
6.441644964328150369e-01 1.020432820946255703e-01
6.592272590662205944e-01 9.896315821210213692e-02
6.741200257865768153e-01 9.581637558259378795e-02
6.888282883473043627e-01 9.261033756966222108e-02
7.033377923112555941e-01 8.935254372692638669e-02
7.176345487374841126e-01 8.605058091520226271e-02
7.317048455440360311e-01 8.271211484642923550e-02
7.455352585486443306e-01 7.934488187205307463e-02
7.591126621809587416e-01 7.595668082796808163e-02
7.724242398521652397e-01 7.255536474688041582e-02
7.854574939607463779e-01 6.914883225200621486e-02
7.982002555070215610e-01 6.574501845321197024e-02
8.106406932841120350e-01 6.235188517786252604e-02
8.227673226093313863e-01 5.897741038348319753e-02
8.345690135577997770e-01 5.562957661753625827e-02
8.460349986594078997e-01 5.231635841079229632e-02
8.571548800211681307e-01 4.904570851448884772e-02
8.679186358394358480e-01 4.582554291726716189e-02
8.783166262704641403e-01 4.266372460525498511e-02
8.883395986331146243e-01 3.956804605709977884e-02
8.979786919241753429e-01 3.654621049474326977e-02
9.072254406344665290e-01 3.360581193970427899e-02
9.160717778625064867e-01 3.075431415312143008e-02
9.245100377317670981e-01 2.799902856525843947e-02
9.325329571272005236e-01 2.534709132613416349e-02
9.401336767765056113e-01 2.280543963295055682e-02
9.473057417112675793e-01 2.038078751164448116e-02
9.540431011523734517e-01 1.807960124880958475e-02
9.603401078727326068e-01 1.590807468612185846e-02
9.661915170980617251e-01 1.387210460197339790e-02
9.715924850131342216e-01 1.197726641408150029e-02
9.765385669462357532e-01 1.022879044223892059e-02
9.810257153084503967e-01 8.631538972023308429e-03
9.850502773667313416e-01 7.189984358164527509e-03
9.886089929303693014e-01 5.908188400405739796e-03
9.916989920294391192e-01 4.789783215197690978e-03
9.943177926610862194e-01 3.837953813571004687e-03
9.964632986751286170e-01 3.055422579257618346e-03
9.981337978645041797e-01 2.444435821831619261e-03
9.993279603186979720e-01 2.006752557617254556e-03
1.000044837089590910e+00 1.743635646713126517e-03
1.000000000000000000e+00 1.655845388086258849e-03
