1.000000000000000000e+00 -1.663115149350730517e-03
9.995092501287020648e-01 -1.673573185058696046e-03
9.987500529719751663e-01 -1.704931647196827622e-03
9.974856865000453210e-01 -1.757144039399127170e-03
9.957175917446509095e-01 -1.830134317676893226e-03
9.934477818656274328e-01 -1.923799023529743600e-03
9.906788379120213817e-01 -2.038010187476225338e-03
9.874139034363256240e-01 -2.172618922079318574e-03
9.836566780081782424e-01 -2.327459603098006903e-03
9.794114096821660009e-01 -2.502354518900880200e-03
9.746828864815751947e-01 -2.697118852099893334e-03
9.694764269658753264e-01 -2.911565843831301348e-03
9.637978699543021666e-01 -3.145511980511337194e-03
9.576535634810765529e-01 -3.398782035465707126e-03
9.510503530594869304e-01 -3.671213793763241327e-03
9.439955693322966690e-01 -3.962662287994844594e-03
9.364970151847513691e-01 -4.273003375710363039e-03
9.285629523939064045e-01 -4.602136495758222395e-03
9.202020878841929985e-01 -4.949986450816633993e-03
9.114235596542317186e-01 -5.316504076847528015e-03
9.022369224340230920e-01 -5.701665676861146850e-03
8.926521331250094615e-01 -6.105471116029577774e-03
8.826795360682984093e-01 -6.527940497523341407e-03
8.723298481787870040e-01 -6.969109363137260954e-03
8.616141439752522668e-01 -7.429022389420922995e-03
8.505438405289006409e-01 -7.907725578208023992e-03
8.391306823456324837e-01 -8.405256969670531209e-03
8.273867261905543113e-01 -8.921635935829449332e-03
8.153243258573082963e-01 -9.456851142291479440e-03
8.029561168797058057e-01 -1.001084729535177062e-02
7.902950011791272100e-01 -1.058351081994599041e-02
7.773541316383071331e-01 -1.117465464074946999e-02
7.641468965905074961e-01 -1.178400226347810220e-02
7.506869042127802816e-01 -1.241117137566441139e-02
7.369879668130162598e-01 -1.305565720541404864e-02
7.230640850027368893e-01 -1.371681589246552535e-02
7.089294317510684840e-01 -1.439384813793102152e-02
6.945983363198823257e-01 -1.508578340706893256e-02
6.800852680856209753e-01 -1.579146496309293685e-02
6.654048202596084538e-01 -1.650953600917887121e-02
6.505716935255307920e-01 -1.723842721038699316e-02
6.356006796199994424e-01 -1.797634585714944638e-02
6.205066448894690501e-01 -1.872126691732953901e-02
6.053045138640067435e-01 -1.947092620477620245e-02
5.900092528952695092e-01 -2.022281586897795719e-02
5.746358539122720099e-01 -2.097418238315480049e-02
5.591993183539106793e-01 -2.172202717726991889e-02
5.437146413415139268e-01 -2.246311002841686749e-02
5.281967961577278547e-01 -2.319395528433486342e-02
5.126607190996660401e-01 -2.391086095695573593e-02
4.971212947743094968e-01 -2.460991068248125774e-02
4.815933419025613116e-01 -2.528698850314516078e-02
4.660915996950952267e-01 -2.593779638417697403e-02
4.506307148581737976e-01 -2.655787433821378551e-02
4.352252292810155909e-01 -2.714262298916221561e-02
4.198895684481326329e-01 -2.768732836895726468e-02
4.046380306104888080e-01 -2.818718870442315366e-02
3.894847767385137827e-01 -2.863734291813203880e-02
3.744438212681603928e-01 -2.903290053733206810e-02
3.595290236385710880e-01 -2.936897267920070276e-02
3.447540806067823094e-01 -2.964070375932272711e-02
3.301325193115492995e-01 -2.984330355378111976e-02
3.156776910451233320e-01 -2.997207923390246553e-02
3.014027656789699527e-01 -3.002246698674025660e-02
2.882556019028848504e-01 -3.005748721499765241e-02
2.753971780428661198e-01 -3.016648711986088388e-02
2.627298915304667748e-01 -3.033892489135906617e-02
2.502596667265308827e-01 -3.056337552716259509e-02
2.379925059070147619e-01 -3.082839523840063406e-02
2.259345420464828891e-01 -3.112255637173907269e-02
2.140920860017639371e-01 -3.143447839491753798e-02
2.024716673826254809e-01 -3.175285534160346423e-02
1.910800685590768322e-01 -3.206648015422289971e-02
1.799243514194948934e-01 -3.236426638467353178e-02
1.690118766552587970e-01 -3.263526771459780706e-02
1.583503155018078368e-01 -3.286869574191509519e-02
1.479476540097303117e-01 -3.305393645166097849e-02
1.378121900502217445e-01 -3.318056575010606274e-02
1.279525233754266467e-01 -3.323836439482065475e-02
1.183775391549391348e-01 -3.321733260281821420e-02
1.090963854948620443e-01 -3.310770456683150009e-02
1.001184455155481601e-01 -3.289996305843848057e-02
9.145330461914601139e-02 -3.258485424802128050e-02
8.311071361919876443e-02 -3.215340282682466189e-02
7.510054843286358139e-02 -3.159692747668280816e-02
6.743276705291932627e-02 -3.090705669891406770e-02
6.011736452269980657e-02 -3.007574498572955501e-02
5.316432663348164694e-02 -2.909528929526129792e-02
4.658358305160147095e-02 -2.795834577477484054e-02
4.038496056253275401e-02 -2.665794666540524660e-02
3.457813709205907055e-02 -2.518751731534630070e-02
2.917259713115795752e-02 -2.354089322625700295e-02
2.417758915182075322e-02 -2.171233705912091125e-02
1.960208555623495913e-02 -1.969655553028496278e-02
1.545474565196316985e-02 -1.748871613530714533e-02
1.174388209134895333e-02 -1.508446364698527373e-02
8.477431154705113853e-03 -1.247993634396833001e-02
5.662927194266177688e-03 -9.671781937172951177e-03
3.307481489754315364e-03 -6.657173172359912537e-03
1.417765697121838421e-03 -3.433823098243581583e-03
0.000000000000000000e+00 0.000000000000000000e+00
-9.243260628534384366e-04 3.598235342257307540e-03
-1.334209918025874332e-03 7.313848751631672231e-03
-1.224891797346173549e-03 1.114565591442841924e-02
-5.921324691828787345e-04 1.509109759043132659e-02
5.677773135133864710e-04 1.914624540491123919e-02
2.258003619348109871e-03 2.330581547942525353e-02
4.481152505017716413e-03 2.756318978528169913e-02
7.239249719548170731e-03 3.191044508161345467e-02
1.053371719189908837e-02 3.633838927918674189e-02
1.436534661278739827e-02 4.083660505108219207e-02
1.873427048324179459e-02 4.539350049192907022e-02
2.363993106014718182e-02 4.999636660807912913e-02
2.908104768253721301e-02 5.463144140160590412e-02
3.505558301128083865e-02 5.928398029086037746e-02
4.156070875871288595e-02 6.393833258904123296e-02
4.859277152327283467e-02 6.857802373934740459e-02
5.614725937685770274e-02 7.318584298024059798e-02
6.421876987883891330e-02 7.774393608665342015e-02
7.280098020989012042e-02 8.223390280213586923e-02
8.188662013019061547e-02 8.663689854252157319e-02
9.146744846937045204e-02 9.093373991340844564e-02
1.015342338487842111e-01 9.510501354142318620e-02
1.120767403193186490e-01 9.913118767294371025e-02
1.230837185688583579e-01 1.029927259440144988e-01
1.345429033116447015e-01 1.066702026722590180e-01
1.464410174160524769e-01 1.101444189667110246e-01
1.587637832568533913e-01 1.133965188960828901e-01
1.714959416922337554e-01 1.164081049019490832e-01
1.846212789643982555e-01 1.191613515929391964e-01
1.981226617057630368e-01 1.216391170119876242e-01
2.119820801013864164e-01 1.238250504339733493e-01
2.261806991139888035e-01 1.257036957288822088e-01
2.406989175230982714e-01 1.272605893191500193e-01
2.555164343678182348e-01 1.284823517721564723e-01
2.706123222175871312e-01 1.293567721026036565e-01
2.859651065320424901e-01 1.298728839167762605e-01
3.014493436862495379e-01 1.300220519598100921e-01
3.161977562701989708e-01 1.299202402470886197e-01
3.311295604431595541e-01 1.296518217978692711e-01
3.462289250182703504e-01 1.292183615494978122e-01
3.614798703221997478e-01 1.286218730660574350e-01
3.768662915669849789e-01 1.278648010349757169e-01
3.923719818649439306e-01 1.269500020686546993e-01
4.079806548037868130e-01 1.258807241438469060e-01
4.236759665116367479e-01 1.246605850107818381e-01
4.394415371546802618e-01 1.232935498981295314e-01
4.552609718233119884e-01 1.217839088289870281e-01
4.711178807755916353e-01 1.201362538474774755e-01
4.869958990193106185e-01 1.183554564356267408e-01
5.028787052256907808e-01 1.164466453763588205e-01
5.187500399784622518e-01 1.144151852912227429e-01
5.345937233715856163e-01 1.122666560513648909e-01
5.503936719770006203e-01 1.100068332278828498e-01
5.661339152103938011e-01 1.076416697136409473e-01
5.817986111279591643e-01 1.051772786135319604e-01
5.973720616904553138e-01 1.026199174646690859e-01
6.128387275325359873e-01 9.997597381272396722e-02
6.281832422753860223e-01 9.725195213620954626e-02
6.433904264192299438e-01 9.445446207753843693e-02
6.584453008494168813e-01 9.159020790872962614e-02
6.733330999856831367e-01 8.866597913120242980e-02
6.880392845990571660e-01 8.568864208365228885e-02
7.025495543148984057e-01 8.266513240995257417e-02
7.168498598140043976e-01 7.960244822070075554e-02
7.309264147368098596e-01 7.650764376770020914e-02
7.447657072886993967e-01 7.338782344052249829e-02
7.583545115375910362e-01 7.025013588844812584e-02
7.716798983884894936e-01 6.710176806956680284e-02
7.847292462138236724e-01 6.394993903159815196e-02
7.974902511133459271e-01 6.080189323594066553e-02
8.099509367732707910e-01 5.766489324739493272e-02
8.220996638913814492e-01 5.454621162667468853e-02
8.339251391330979590e-01 5.145312188089219696e-02
8.454164235830562424e-01 4.839288834832899955e-02
8.565629406576468208e-01 4.537275491753262058e-02
8.673544834461595077e-01 4.239993250667672964e-02
8.777812214516725886e-01 3.948158525668218899e-02
8.878337067074910660e-01 3.662481542030424086e-02
8.975028792506811737e-01 3.383664695873465217e-02
9.067800719409243593e-01 3.112400788668607393e-02
9.156570146203302230e-01 2.849371143592973471e-02
9.241258376178222989e-01 2.595243613529881616e-02
9.321790746100374614e-01 2.350670493177797055e-02
9.398096648591123259e-01 2.116286350200681163e-02
9.470109548560715629e-01 1.892705792590649444e-02
9.537766994065326465e-01 1.680521191380605212e-02
9.601010622029044761e-01 1.480300379508157904e-02
9.659786159339494027e-01 1.292584348962832509e-02
9.714043419883502395e-01 1.117884969325602662e-02
9.763736298135784475e-01 9.566827514161289903e-03
9.808822759947772862e-01 8.094246799892587316e-03
9.849264831204528337e-01 6.765221392647151853e-03
9.885028585024218106e-01 5.583489545344224279e-03
9.916084128166674505e-01 4.552395721809042971e-03
9.942405587295103375e-01 3.674873991708976599e-03
9.963971095698270775e-01 2.953433214824940055e-03
9.980762781030346753e-01 2.390144190072158396e-03
9.992766754562963927e-01 1.986628922714382163e-03
9.999973102370295353e-01 1.744052138797402667e-03
1.000000000000000000e+00 1.663115149350730517e-03
