1.000000000000000000e+00 -1.467605861603219842e-03
9.996671435555478658e-01 -1.493826664962909353e-03
9.989204234437878416e-01 -1.572419728982380567e-03
9.976767550314812327e-01 -1.703177637362785976e-03
9.959374346618703466e-01 -1.885756757194228476e-03
9.937042745879548500e-01 -2.119680288522927426e-03
9.909796003631292649e-01 -2.404342450901675657e-03
9.877662475118501595e-01 -2.739013725907380424e-03
9.840675574988221319e-01 -3.122847054035160670e-03
9.798873730185431175e-01 -3.554884865674688959e-03
9.752300326300019639e-01 -4.034066809391061333e-03
9.701003647637972405e-01 -4.559238026780857225e-03
9.645036811309077862e-01 -5.129157812022383869e-03
9.584457695637942365e-01 -5.742508486107212110e-03
9.519328863213919467e-01 -6.397904310802211489e-03
9.449717478899047896e-01 -7.093900265751031629e-03
9.375695223111264465e-01 -7.829000513848768245e-03
9.297338200693229249e-01 -8.601666385103937454e-03
9.214726845665558441e-01 -9.410323717580194869e-03
9.127945822147630617e-01 -1.025336940556930386e-02
9.037083921709868628e-01 -1.112917701970491356e-02
8.942233957399354782e-01 -1.203610138106689376e-02
8.843492654656509577e-01 -1.297248199115360288e-02
8.740960539315101308e-01 -1.393664524160207439e-02
8.634741822851914606e-01 -1.492690535134005847e-02
8.524944285026859747e-01 -1.594156400406165561e-02
8.411679154029901850e-01 -1.697890868509234832e-02
8.295060984228593837e-01 -1.803720974341425226e-02
8.175207531590206189e-01 -1.911471623136773434e-02
8.052239626835705488e-01 -2.020965060088673187e-02
7.926281046369892946e-01 -2.132020236056567791e-02
7.797458381023336660e-01 -2.244452082195390330e-02
7.665900902637287073e-01 -2.358070708577243019e-02
7.531740428523144848e-01 -2.472680543882964377e-02
7.395111183832839830e-01 -2.588079434989846300e-02
7.256149661885884505e-01 -2.704057726734270667e-02
7.114994482512499996e-01 -2.820397343255713618e-02
6.971786248489545423e-01 -2.936870893104953639e-02
6.826667400166918087e-01 -3.053240820705178937e-02
6.679782068405440976e-01 -3.169258626776087773e-02
6.531275925972902519e-01 -3.284664179960293529e-02
6.381296037571608792e-01 -3.399185141127297749e-02
6.229990708698016633e-01 -3.512536520678219421e-02
6.077509333561706972e-01 -3.624420387646384856e-02
5.924002242316424027e-01 -3.734525747502621257e-02
5.769620547879020789e-01 -3.842528603354486427e-02
5.614515992632472807e-01 -3.948092212705540949e-02
5.458840795325546891e-01 -4.050867549149764213e-02
5.302747498493766143e-01 -4.150493975358006404e-02
5.146388816733402649e-01 -4.246600130512353383e-02
4.989917486161818960e-01 -4.338805032008988954e-02
4.833486115393380578e-01 -4.426719387831659636e-02
4.677247038350088038e-01 -4.509947112549388126e-02
4.521352169210064997e-01 -4.588087036468105340e-02
4.365952859775241723e-01 -4.660734794120908325e-02
4.211199759512210261e-01 -4.727484875070558923e-02
4.057242678487832932e-01 -4.787932816972511468e-02
3.904230453384254229e-01 -4.841677518058862262e-02
3.752310816737264854e-01 -4.888323643699774013e-02
3.601630269498315995e-01 -4.927484099523363192e-02
3.452333956974781848e-01 -4.958782541766576513e-02
3.304565548156362387e-01 -4.981855894122037137e-02
3.158467118388796901e-01 -4.996356839367374625e-02
3.014179035310458610e-01 -5.001956253535620733e-02
2.875112254361023578e-01 -5.001248532248810108e-02
2.738424162012224050e-01 -4.997973201569216872e-02
2.603866108240391330e-01 -4.991577852109605612e-02
2.471549985375313674e-01 -4.981482129195707875e-02
2.341586017566822664e-01 -4.967116400852416430e-02
2.214082822174978371e-01 -4.947924690196136427e-02
2.089147467467757646e-01 -4.923367379257300586e-02
1.966885524373664096e-01 -4.892923662408658891e-02
1.847401110129396062e-01 -4.856093731338981256e-02
1.730796921799833132e-01 -4.812400677458377601e-02
1.617174257826829442e-01 -4.761392101686916928e-02
1.506633025981117535e-01 -4.702641425701098443e-02
1.399271736343850603e-01 -4.635748902830737900e-02
1.295187478225929001e-01 -4.560342330853672105e-02
1.194475880238578813e-01 -4.476077472870765295e-02
1.097231053051551386e-01 -4.382638196206908171e-02
1.003545514709385522e-01 -4.279736342827399065e-02
9.135100987144383067e-02 -4.167111348039636426e-02
8.272138454214228442e-02 -4.044529627230387947e-02
7.447438776149241380e-02 -3.911783753035838473e-02
6.661852614525698435e-02 -3.768691447629073099e-02
5.916208542459556324e-02 -3.615094416715777803e-02
5.211311408133455919e-02 -3.450857053338492880e-02
4.547940603676375870e-02 -3.275865040692249597e-02
3.926848260955011216e-02 -3.090023883844872712e-02
3.348757397353743087e-02 -2.893257400533568932e-02
2.814360035703099283e-02 -2.685506201080505029e-02
2.324315323143204270e-02 -2.466726186942670360e-02
1.879247673869442053e-02 -2.236887096499057259e-02
1.479744960398687338e-02 -1.995971125397833987e-02
1.126356777223020723e-02 -1.743971647158166008e-02
8.195927994997243005e-03 -1.480892057769762904e-02
5.599212577839883694e-03 -1.206744765783619375e-02
3.477675477775576431e-03 -9.215503468700489767e-03
1.835129916794818027e-03 -6.253368790646130632e-03
6.749376503145155821e-04 -3.181394719633673113e-03
0.000000000000000000e+00 0.000000000000000000e+00
-1.814980160461156515e-04 3.247159617239163323e-03
1.381416549336230044e-04 6.516039022354834509e-03
9.603599191444270582e-04 9.805053059602676299e-03
2.286086107682351425e-03 1.311191215642139307e-02
4.115731409865097667e-03 1.643363328086801592e-02
6.449181499081071620e-03 1.976655620922890613e-02
9.285788457265803028e-03 2.310636495597703441e-02
1.262436213267450515e-02 2.644811417398758996e-02
1.646316109162500319e-02 2.978626029059859917e-02
2.079988334781547599e-02 3.311469710509940684e-02
2.563165707223711773e-02 3.642679553594521669e-02
3.095503150219854060e-02 3.971544717177043909e-02
3.676596827925510125e-02 4.297311124946033567e-02
4.305983345264608603e-02 4.619186465543725223e-02
4.983139038703664897e-02 4.936345452320864413e-02
5.707479381087942477e-02 5.247935298135657234e-02
6.478358523456405338e-02 5.553081359172476472e-02
7.295068995584264027e-02 5.850892900775674088e-02
8.156841585399444983e-02 6.140468937787531972e-02
9.062845415411410754e-02 6.420904101855001711e-02
1.001218823191544482e-01 6.691294488630517012e-02
1.100391692003529764e-01 6.950743438734865998e-02
1.203701825469474934e-01 7.198367207767178422e-02
1.311041989442036093e-01 7.433300482524879405e-02
1.422299162153407848e-01 7.654701702914855355e-02
1.537354682886283297e-01 7.861758151771446046e-02
1.656084424963649715e-01 8.053690777914751520e-02
1.778358992383709813e-01 8.229758721248028874e-02
1.904043939096573268e-01 8.389263512462087624e-02
2.033000009607512093e-01 8.531552923940102784e-02
2.165083399303714684e-01 8.656024452685506798e-02
2.300146032643212990e-01 8.762128420471679280e-02
2.438035857120977590e-01 8.849370680875204287e-02
2.578597150742458766e-01 8.917314927341501996e-02
2.721670840592308460e-01 8.965584600878928612e-02
2.867094829988249827e-01 8.993864400319954988e-02
3.014342058341736297e-01 9.001939652458414154e-02
3.160287354764426127e-01 8.994283279894821348e-02
3.308055249390726149e-01 8.974196623885563606e-02
3.457496099275744750e-01 8.941888853373580748e-02
3.608458670109392363e-01 8.897600114997630816e-02
3.760790311614188863e-01 8.841599663605520520e-02
3.914337132650322904e-01 8.774183884079767015e-02
4.068944175654923279e-01 8.695674234549460868e-02
4.224455590085483547e-01 8.606415140743542413e-02
4.380714804581716804e-01 8.506771870479601372e-02
4.537564697604792863e-01 8.397128416099033932e-02
4.694847766356780583e-01 8.277885411081407907e-02
4.852406293825338723e-01 8.149458105130921726e-02
5.010082513838183260e-01 8.012274419764089939e-02
5.167718774047880270e-01 7.866773103883034635e-02
5.325157696799368567e-01 7.713402006039207781e-02
5.482242337859598580e-01 7.552616477128402950e-02
5.638816343010571996e-01 7.384877914160381529e-02
5.794724102523290954e-01 7.210652452569571436e-02
5.949810903540824203e-01 7.030409811330265435e-02
6.103923080403720336e-01 6.844622291964294614e-02
6.256908162950534091e-01 6.653763929433419155e-02
6.408615022820685070e-01 6.458309789942856538e-02
6.558894017776574215e-01 6.258735407893999125e-02
6.707597134047474929e-01 6.055516351657029561e-02
6.854578126679863326e-01 5.849127905527552740e-02
6.999692657858261891e-01 5.640044853220299581e-02
7.142798433138228820e-01 5.428741346566502701e-02
7.283755335509582984e-01 5.215690841743658018e-02
7.422425557184316736e-01 5.001366084394184147e-02
7.558673728980568329e-01 4.786239124394313371e-02
7.692367047152682824e-01 4.570781340820790489e-02
7.823375397497971395e-01 4.355463457829338025e-02
7.951571476554838425e-01 4.140755532696354518e-02
8.076830909694060479e-01 3.927126898170400088e-02
8.199032365896691266e-01 3.715046042512101798e-02
8.318057669007928867e-01 3.504980412143934854e-02
8.433791905256985411e-01 3.297396123655572941e-02
8.546123526838614870e-01 3.092757573979149424e-02
8.654944451362203139e-01 2.891526939824237696e-02
8.760150156989494619e-01 2.694163559902004040e-02
8.861639773101385176e-01 2.501123196026595885e-02
8.959316166357551570e-01 2.312857171814892282e-02
9.053086022039605885e-01 2.129811390363488266e-02
9.142859920597988799e-01 1.952425234920218688e-02
9.228552409354594532e-01 1.781130359137306912e-02
9.310082069346209410e-01 1.616349375951183637e-02
9.387371577327372485e-01 1.458494456436734699e-02
9.460347762984634423e-01 1.307965852091569001e-02
9.528941661446276301e-01 1.165150355881933684e-02
9.593088561201867925e-01 1.030419718995355914e-02
9.652728047573437831e-01 9.041290415669180069e-03
9.707804041904283254e-01 7.866151566550747334e-03
9.758264836651516783e-01 6.781950274215619960e-03
9.804063126584001697e-01 5.791641778071371371e-03
9.845156036298089441e-01 4.897951769854818997e-03
9.881505144268972751e-01 4.103361975213342186e-03
9.913076503655595673e-01 3.410096664634802537e-03
9.939840660071829204e-01 2.820110275794620452e-03
9.961772666526076403e-01 2.335076316053447034e-03
9.978852095715987636e-01 1.956377697631998206e-03
9.991063049844837174e-01 1.685098639189402470e-03
9.998394168101837343e-01 1.522018246458392088e-03
1.000000000000000000e+00 1.467605861603219842e-03
