1.000000000000000000e+00 -6.282355652297164300e-04
9.997048830485366633e-01 -6.269930616783123654e-04
9.989611370696284132e-01 -6.232697532828146772e-04
9.977223997053014104e-01 -6.170783934765129448e-04
9.959899287708396942e-01 -6.084407221713778423e-04
9.937654830411120077e-01 -5.973881758008291014e-04
9.910513200943789069e-01 -5.839628492244656414e-04
9.878501935545986878e-01 -5.682186781019124035e-04
9.841653497428028974e-01 -5.502228024483210665e-04
9.800005237500658550e-01 -5.300570649686741145e-04
9.753599349463506485e-01 -5.078195915795575416e-04
9.702482819410213066e-01 -4.836263963943492235e-04
9.646707370120578551e-01 -4.576129494807189106e-04
9.586329400219869568e-01 -4.299356429916531899e-04
9.521409918392311766e-01 -4.007730898911696961e-04
9.452014472839841419e-01 -3.703271894875993786e-04
9.378213076178586460e-01 -3.388238953763314867e-04
9.300080125964167443e-01 -3.065136241740453599e-04
9.217694321033146343e-01 -2.736712475713328624e-04
9.131138573842070283e-01 -2.405956156893941308e-04
9.040499918977633609e-01 -2.076085664185585086e-04
8.945869418002166951e-01 -1.750533832497892101e-04
8.847342060788043749e-01 -1.432926729568097940e-04
8.745016663483324848e-01 -1.127056442124501484e-04
8.638995763239257775e-01 -8.368477866774366725e-05
8.529385509818607769e-01 -5.663189701580681468e-05
8.416295554192743111e-01 -3.195363391745101311e-05
8.299838934225003406e-01 -1.005634719452447312e-05
8.180131957528922193e-01 8.659501808096214948e-06
8.057294081582346834e-01 2.380544852234427189e-05
7.931447791172705486e-01 3.501154711776748030e-05
7.802718473245188191e-01 4.193324491744317151e-05
7.671234289223961555e-01 4.425853068082928610e-05
7.537126044877454634e-01 4.171526978247533379e-05
7.400527057801855602e-01 3.407863209583389397e-05
7.261573022602239025e-01 2.117851248891952642e-05
7.120401873858447361e-01 2.906839376905223649e-06
6.977153646972074075e-01 -2.077533613181747896e-05
6.831970337002362115e-01 -4.983107923389046290e-05
6.684995755611214951e-01 -8.414124689229418586e-05
6.536375386251394026e-01 -1.234987059354486494e-04
6.386256237746266162e-01 -1.676031960970852941e-04
6.234786696424207131e-01 -2.160569347234957138e-04
6.082116376985249317e-01 -2.683610526485920300e-04
5.928395972291590210e-01 -3.239129419386234388e-04
5.773777102286420382e-01 -3.820045859468344795e-04
5.618412162257144793e-01 -4.418219305244858175e-04
5.462454170668687992e-01 -5.024453424637385923e-04
5.306056616800159942e-01 -5.628511874779633384e-04
5.149373308423215168e-01 -6.219145454493431313e-04
4.992558219762828209e-01 -6.784130655044830205e-04
4.835765339980672151e-01 -7.310319479380822383e-04
4.679148522417873046e-01 -7.783700243258195872e-04
4.522861334827311675e-01 -8.189468915864757392e-04
4.367056910816261572e-01 -8.512110405098569088e-04
4.211887802707771633e-01 -8.735489045985748990e-04
4.057505836014251854e-01 -8.842947412065725599e-04
3.904061965699358594e-01 -8.817412441205971230e-04
3.751706134384837354e-01 -8.641507751254925984e-04
3.600587132637941279e-01 -8.297670919160948788e-04
3.450852461452709741e-01 -7.768274411355143017e-04
3.302648197015382037e-01 -7.035748784813278256e-04
3.156118857820927603e-01 -6.082706728526982021e-04
3.011407274184716432e-01 -4.892066485051409230e-04
2.868654460171157772e-01 -3.447173182070314978e-04
2.727999487940326873e-01 -1.731916614857373360e-04
2.589579364494592473e-01 2.691559477974864167e-05
2.453528910790518935e-01 2.570733309460240812e-04
2.319980643167325607e-01 5.186641546897699517e-04
2.189064657032183392e-01 8.129754077933690204e-04
2.060908512735009634e-01 1.141191169933879201e-03
1.938222872232543692e-01 1.476431334999354916e-03
1.820758472875056988e-01 1.668335879614648437e-03
1.706126476494948807e-01 1.707671264415910189e-03
1.594416523540753972e-01 1.610405401433753075e-03
1.485718536141414914e-01 1.392634193736426440e-03
1.380122740068879805e-01 1.070528608501344209e-03
1.277719631342324191e-01 6.602814639300041977e-04
1.178599891061716670e-01 1.780536598841135631e-04
1.082854253078385093e-01 -3.600803240452962739e-04
9.905733298548245747e-02 -9.381877428290379128e-04
9.018474023516853677e-02 -1.540533698680547625e-03
8.167661800340397793e-02 -2.151637951416752320e-03
7.354185371447742592e-02 -2.756332249216526115e-03
6.578922312866583577e-02 -3.339817938106604683e-03
5.842736101221534389e-02 -3.887723557320203055e-03
5.146473116747239673e-02 -4.386162089869029626e-03
4.490959633269625551e-02 -4.821787512758229227e-03
3.876998841837498572e-02 -5.181850278297026047e-03
3.305367950226626578e-02 -5.454251355643554774e-03
2.776815396036567268e-02 -5.627594468633960283e-03
2.292058206657287406e-02 -5.691236180600162120e-03
1.851779535063227677e-02 -5.635333497826771308e-03
1.456626396226715428e-02 -5.450888689187007030e-03
1.107207624937422974e-02 -5.129791049109308498e-03
8.040920719583365128e-03 -4.664855363292857472e-03
5.478070517156158857e-03 -4.049856870590225894e-03
3.388370510793810818e-03 -3.279562549431136193e-03
1.776227052071578834e-03 -2.349758592414151991e-03
6.456004285718087640e-04 -1.257273967687955315e-03
0.000000000000000000e+00 0.000000000000000000e+00
-1.521607943034087793e-04 1.405214551966225229e-03
1.970445196568621979e-04 2.940279888671762550e-03
1.049664886126192671e-03 4.603587109188019000e-03
2.407228168366076261e-03 6.392129750486934617e-03
4.270738685278975544e-03 8.301511825763559227e-03
6.640673021937049114e-03 1.032596277297206412e-02
9.516974098985522129e-03 1.245835922424469444e-02
1.289904352073664717e-02 1.469025349748636147e-02
1.678573225648417183e-02 1.701190870359674603e-02
2.117532974448079613e-02 1.941234035615043221e-02
2.606555154350827588e-02 2.187936436458453454e-02
3.145352569337366705e-02 2.439965128649550577e-02
3.733577798332260445e-02 2.695878670892061166e-02
4.370821636650824848e-02 2.954133762169853378e-02
5.056611479941686832e-02 3.213092463724703807e-02
5.790409682747058029e-02 3.471029989928334225e-02
6.571611928157904126e-02 3.726143050691956005e-02
7.399545649458094676e-02 3.976558725887241463e-02
8.273468549026974372e-02 4.220343849385626428e-02
9.192567263957020229e-02 4.455514876625274456e-02
1.015595623164710776e-01 4.680048204969566861e-02
1.116267681180391907e-01 4.891890910439768148e-02
1.221169672353079882e-01 5.088971857646973351e-02
1.330190985717006891e-01 5.269213131938758898e-02
1.443213651993110469e-01 5.430541734020994521e-02
1.560112417172358767e-01 5.570901467822240993e-02
1.680754870268534040e-01 5.688264942453448436e-02
1.805001629638048888e-01 5.780645599211907404e-02
1.932706591237693672e-01 5.846109665225034113e-02
2.061238964340260105e-01 5.885531195362332657e-02
2.190101564446509663e-01 5.915332919607135115e-02
2.321751407042710047e-01 5.938481552712268630e-02
2.456056931705772328e-01 5.954901735541262564e-02
2.592883894488257623e-01 5.964537674299109221e-02
2.732095514664205638e-01 5.967353289196288685e-02
2.873552624178115633e-01 5.963332227334213614e-02
3.017113819467478475e-01 5.952477747021014953e-02
3.162635615332295425e-01 5.934812481970391101e-02
3.309972600531706499e-01 5.910378094915891972e-02
3.458977594797816857e-01 5.879234831076231294e-02
3.609501806969767079e-01 5.841460982624614717e-02
3.761394993966616362e-01 5.797152275840104091e-02
3.914505620335218539e-01 5.746421192948451134e-02
4.068681018128504356e-01 5.689396240793301307e-02
4.223767546889922175e-01 5.626221178418887303e-02
4.379610753540696955e-01 5.557054215398204988e-02
4.536055531987546185e-01 5.482067192314649118e-02
4.692946282288995574e-01 5.401444754211677524e-02
4.850127069238047151e-01 5.315383527077922887e-02
5.007441780237174012e-01 5.224091306550446290e-02
5.164734282358067752e-01 5.127786267014577959e-02
5.321848578492974768e-01 5.026696198174504526e-02
5.478628962516457479e-01 4.921057774985732047e-02
5.634920173385900011e-01 4.811115865600455038e-02
5.790567548115891361e-01 4.697122880702414571e-02
5.945417173565658020e-01 4.579338166321804404e-02
6.099316036980177991e-01 4.458027440945697140e-02
6.252112175224343593e-01 4.333462276497596077e-02
6.403654822646027700e-01 4.205919621572048323e-02
6.553794557498082707e-01 4.075681364197145107e-02
6.702383446841700954e-01 3.943033930377223134e-02
6.849275189844419298e-01 3.808267913757196893e-02
6.994325259375733239e-01 3.671677730963041064e-02
7.137391041792281454e-01 3.533561296522286233e-02
7.278331974793228465e-01 3.394219710763873854e-02
7.417009683215300964e-01 3.253956953745350961e-02
7.553288112626258544e-01 3.113079578061779193e-02
7.687033660566008342e-01 2.971896393356306121e-02
7.818115305276119864e-01 2.830718135476493341e-02
7.946404731752025885e-01 2.689857113498783647e-02
8.071776454947419133e-01 2.549626828270081663e-02
8.194107939957975262e-01 2.410341556681145844e-02
8.313279719011519298e-01 2.272315896579847963e-02
8.429175505094144150e-01 2.135864268040721381e-02
8.541682302046866848e-01 2.001300367614415252e-02
8.650690510974859970e-01 1.868936573170637550e-02
8.756094032821271078e-01 1.739083298002407768e-02
8.857790366969851004e-01 1.612048293958625450e-02
8.955680705754739401e-01 1.488135904497033327e-02
9.049670024771840904e-01 1.367646269679173923e-02
9.139667168903549133e-01 1.250874486244376443e-02
9.225584933987006631e-01 1.138109726979894508e-02
9.307340144075271215e-01 1.029634324630863094e-02
9.384853724260050489e-01 9.257228265482534552e-03
9.458050769043840900e-01 8.266410271387308537e-03
9.526860606267884002e-01 7.326449859416907934e-03
9.591216856619940723e-01 6.439800398027869209e-03
9.651057488761937142e-01 5.608798181278970910e-03
9.706324870132042593e-01 4.835652705777966631e-03
9.756965813488029937e-01 4.122437167946945043e-03
9.802931619268774321e-01 3.471079278327886958e-03
9.844178113858281787e-01 2.883352488941550058e-03
9.880665683841487468e-01 2.360867727488466170e-03
9.912359306343099252e-01 1.905065728477136960e-03
9.939228575540257626e-01 1.517210046228747132e-03
9.961247725436382927e-01 1.198380828225526331e-03
9.978395648977785859e-01 9.494694195380699604e-04
9.990655913586431458e-01 7.711738602086412944e-04
9.998016773171949367e-01 6.639953276233053446e-04
1.000000000000000000e+00 6.282355652297164300e-04
