1.000000000000000000e+00 -1.038383170511694101e-03
9.995932923474558640e-01 -1.029912339674974578e-03
9.988407127823266674e-01 -1.004526725343148552e-03
9.975873162598907218e-01 -9.623071158806859341e-04
9.958344552801383642e-01 -9.033886642350991928e-04
9.935840200970266212e-01 -8.279616217718727003e-04
9.908384355009679512e-01 -7.362723168017827786e-04
9.876006567221209398e-01 -6.286243301387136120e-04
9.838741644834517741e-01 -5.053798080731234169e-04
9.796629592377625873e-01 -3.669608424012472253e-04
9.749715546274555500e-01 -2.138508378445656659e-04
9.698049702096092073e-01 -4.659577953039159559e-05
9.641687234919331662e-01 1.341946926442369112e-04
9.580688213272967602e-01 3.278464998253891038e-04
9.515117507157684340e-01 5.336207290581570020e-04
9.445044690634510909e-01 7.507137257072053413e-04
9.370543939468894967e-01 9.782577694218454190e-04
9.291693924304785801e-01 1.215322424890650024e-03
9.208577699821873797e-01 1.460916651737143024e-03
9.121282590301265092e-01 1.713991748928904782e-03
9.029900071990841770e-01 1.973445198129138850e-03
8.934525652622929970e-01 2.238125457650157885e-03
8.835258748394494432e-01 2.506837744271345550e-03
8.732202558675482562e-01 2.778350824366407346e-03
8.625463938665195451e-01 3.051404818798774191e-03
8.515153270171330613e-01 3.324720008159007950e-03
8.401384330642747145e-01 3.597006606432907178e-03
8.284274160546268861e-01 3.866975452404948499e-03
8.163942929141441152e-01 4.133349549355572888e-03
8.040513798675783530e-01 4.394876365217317143e-03
7.914112786997845594e-01 4.650340787660335595e-03
7.784868628567095383e-01 4.898578611896221846e-03
7.652912633828529154e-01 5.138490423648361949e-03
7.518378546916683058e-01 5.369055726035215637e-03
7.381402401658090362e-01 5.589347147328449505e-03
7.242122375853329297e-01 5.798544556944645878e-03
7.100678643839293258e-01 5.995948909822575862e-03
6.957213227358201024e-01 6.180995634724458648e-03
6.811869844792139972e-01 6.353267380124524855e-03
6.664793758858662542e-01 6.512505932321367708e-03
6.516131622903932330e-01 6.658623124292592510e-03
6.366031325973188215e-01 6.791710560616281978e-03
6.214641836882848214e-01 6.912047993480462116e-03
6.062113047562927015e-01 7.020110197303842947e-03
5.908595615981045990e-01 7.116572204671878232e-03
5.754240808998797307e-01 7.202312783968649323e-03
5.599200345546244684e-01 7.278416059038186892e-03
5.443626240529495508e-01 7.346171193172774949e-03
5.287670649908463583e-01 7.407070083396770366e-03
5.131485717396215840e-01 7.462803036059811879e-03
4.975223423236704301e-01 7.515252420805786093e-03
4.819035435513808197e-01 7.566484326659711490e-03
4.663072964430971523e-01 7.618738270869278295e-03
4.507486619977298936e-01 7.674415037841164633e-03
4.352426273362941522e-01 7.736062751607944432e-03
4.198040922564301169e-01 7.806361310338148785e-03
4.044478562268842281e-01 7.888105335064135581e-03
3.891886058450911290e-01 7.984185806661055207e-03
3.740409027745114079e-01 8.097570584816873862e-03
3.590191721713919537e-01 8.231284019952572750e-03
3.441376916032616307e-01 8.388385883498793161e-03
3.294105804539275151e-01 8.571949853359121796e-03
3.148517898021696571e-01 8.785041799583594158e-03
3.004750927539164840e-01 9.030698120090649428e-03
2.862940752006019607e-01 9.311904377600835336e-03
2.723221269698336555e-01 9.631574486738285479e-03
2.585724333285971399e-01 9.992530694516221779e-03
2.450579667941487905e-01 1.039748458821471849e-02
2.317914792036329941e-01 1.084901935209179463e-02
2.187854939904214646e-01 1.134957347861154792e-02
2.060522986133048740e-01 1.190142612113904291e-02
1.944657241487234289e-01 1.245697975747872555e-02
1.839110502312908679e-01 1.274816681563241405e-02
1.735593476991164619e-01 1.275601288473454664e-02
1.634097595138818970e-01 1.250564503832111984e-02
1.534635935798752959e-01 1.202211059965215684e-02
1.437242960114917811e-01 1.133058484978791136e-02
1.341973407592999545e-01 1.045653683652764121e-02
1.248900555411762980e-01 9.425842938463088738e-03
1.158114042959206696e-01 8.264843978575422967e-03
1.069717447866867233e-01 7.000346798692484718e-03
9.838257720940618567e-02 5.659575001258042304e-03
9.005629633762160524e-02 4.270076004065141706e-03
8.200595636162139046e-02 2.859592785466123777e-03
7.424505450068287493e-02 1.455908968958030680e-03
6.678733687686616571e-02 8.667548236693245478e-05
5.964662811032660217e-02 -1.220773815559180603e-03
5.283668461746462292e-02 -2.439611208255362124e-03
4.637107060101090805e-02 -3.543703681479798417e-03
4.026305512790253477e-02 -4.507796832921361768e-03
3.452552840420995695e-02 -5.307690961662009030e-03
2.917093529096924376e-02 -5.920406999733847375e-03
2.421122418802067189e-02 -6.324340637749786484e-03
1.965780958708568046e-02 -6.499403552669823052e-03
1.552154681682775539e-02 -6.427151084605555072e-03
1.181271774040955694e-02 -6.090896050964087274e-03
8.541026398924525531e-03 -5.475808650411245239e-03
5.715603808526098159e-03 -4.569002615011531244e-03
3.345021306985682640e-03 -3.359607933227819372e-03
1.437312002344725810e-03 -1.838830603526653631e-03
0.000000000000000000e+00 0.000000000000000000e+00
-9.438723680763258257e-04 2.134711772083193460e-03
-1.371749735257241608e-03 4.540650525743040490e-03
-1.277568411606094887e-03 7.217051734525295990e-03
-6.557277134022895457e-04 1.016035441020466182e-02
4.989416644527828668e-04 1.336420897590548905e-02
2.191202454483524333e-03 1.681949453233106545e-02
4.425428474166995946e-03 2.051434462278519527e-02
7.205614683348252059e-03 2.443418063706896681e-02
1.053537903208780040e-02 2.856175204572701520e-02
1.441795530063651187e-02 3.287718273669495289e-02
1.885617591787201036e-02 3.735802285080332130e-02
2.385244351073774471e-02 4.197930569787675786e-02
2.940868969855423704e-02 4.671360960058013045e-02
3.552631942365404305e-02 5.153112487921818197e-02
4.220613893476603956e-02 5.639972667748674451e-02
4.944826545545354113e-02 6.128505495339545139e-02
5.725201663443507671e-02 6.615060372993994409e-02
6.561577816036331945e-02 7.095782261084618292e-02
7.453684851603209482e-02 7.566623458909338407e-02
8.401126083836593650e-02 8.023357524815491471e-02
9.403358332838891720e-02 8.461595947272532170e-02
1.045967016830345597e-01 8.876808259010049440e-02
1.156915896102404390e-01 9.264346324427183421e-02
1.273070765670968885e-01 9.619473500598996196e-02
1.394296252335772424e-01 9.937399246824057952e-02
1.520431345574293769e-01 1.021331951209911992e-01
1.651287869772318229e-01 1.044246284931662494e-01
1.786649600200197197e-01 1.062014169278350240e-01
1.926272221983003075e-01 1.074180762170206666e-01
2.061624490942221000e-01 1.080915801259753617e-01
2.191311281574478409e-01 1.085830357291178994e-01
2.323817258173705713e-01 1.089579400115331109e-01
2.459006174554803359e-01 1.092146967845025740e-01
2.596738925696878697e-01 1.093520539810254599e-01
2.736873732906195955e-01 1.093691079742160066e-01
2.879266332343253798e-01 1.092653055326693740e-01
3.023770166113030067e-01 1.090404435233193609e-01
3.170236575131526457e-01 1.086946664941188245e-01
3.318514993007813385e-01 1.082284622879960689e-01
3.468453140217910291e-01 1.076426558557548041e-01
3.619897217893788821e-01 1.069384014487075318e-01
3.772692100606339638e-01 1.061171733817342228e-01
3.926681527583665843e-01 1.051807555640667802e-01
4.081708291873913930e-01 1.041312299983887385e-01
4.237614427033392639e-01 1.029709644488424336e-01
4.394241390994017005e-01 1.017025994753364415e-01
4.551430246837558924e-01 1.003290350252788593e-01
4.709021840275897097e-01 9.885341676471262606e-02
4.866856973704911105e-01 9.727912231902258178e-02
5.024776576763297919e-01 9.560974757919415978e-02
5.182621873385067079e-01 9.384909321333306798e-02
5.340234545384671128e-01 9.200115150513737960e-02
5.497456892655649963e-01 9.007009362161438881e-02
5.654131990096800120e-01 8.806025739192194224e-02
5.810103841403514435e-01 8.597613565818598702e-02
5.965217529876202240e-01 8.382236523788695604e-02
6.119319366402500293e-01 8.160371651631292966e-02
6.272257034765702510e-01 7.932508366702445413e-02
6.423879734419105647e-01 7.699147547863051388e-02
6.574038320845544403e-01 7.460800674777941233e-02
6.722585443594253363e-01 7.217989018143849966e-02
6.869375682054641441e-01 6.971242873655163208e-02
7.014265678989606290e-01 6.721100831227272421e-02
7.157114271811435557e-01 6.468109069937695577e-02
7.297782621542138193e-01 6.212820668331066332e-02
7.436134339359066203e-01 5.955794919177023750e-02
7.572035610587030119e-01 5.697596637476531889e-02
7.705355315961440743e-01 5.438795450483941557e-02
7.835965149954212672e-01 5.179965058746853479e-02
7.963739735926885777e-01 4.921682457655087578e-02
8.088556737853982437e-01 4.664527109722900466e-02
8.210296968345456303e-01 4.409080058788353296e-02
8.328844492690253842e-01 4.155922978480296182e-02
8.444086728644140116e-01 3.905637148654661495e-02
8.555914541694144004e-01 3.658802355009768692e-02
8.664222335548922294e-01 3.415995708727848773e-02
8.768908137629113364e-01 3.177790384725684425e-02
8.869873679363400321e-01 2.944754278898754907e-02
8.967024471133976382e-01 2.717448586579093023e-02
9.060269871758632743e-01 2.496426306261722086e-02
9.149523152444354324e-01 2.282230674457983582e-02
9.234701555198279177e-01 2.075393539271808141e-02
9.315726345734652858e-01 1.876433681937852288e-02
9.392522860969741982e-01 1.685855097079056245e-02
9.465020551249171410e-01 1.504145243809221211e-02
9.533153017502511428e-01 1.331773280999332121e-02
9.596858043566842689e-01 1.169188301024704293e-02
9.656077623963184031e-01 1.016817577095226535e-02
9.710757987446163586e-01 8.750648398297625544e-03
9.760849616676980922e-01 7.443085990579341102e-03
9.806307264391806999e-01 6.249005269119672912e-03
9.847089966451793019e-01 5.171639181059581834e-03
9.883161052166264948e-01 4.213922428911821144e-03
9.914488152277208810e-01 3.378478075307125416e-03
9.941043204981111492e-01 2.667605362627709087e-03
9.962802460343396227e-01 2.083268876343396386e-03
9.979746483431892745e-01 1.627089168003799640e-03
9.991860156459448916e-01 1.300334939194801786e-03
9.999132680182757360e-01 1.103916871564960536e-03
1.000000000000000000e+00 1.038383170511694101e-03
