1.000000000000000000e+00 -1.049999999999981504e-03
9.997532801828658000e-01 -1.078843307975890786e-03
9.990133642141357795e-01 -1.165291954863631463e-03
9.977809823015399981e-01 -1.309102675284404271e-03
9.960573506572389935e-01 -1.509871903608524246e-03
9.938441702975688852e-01 -1.767038557148159494e-03
9.911436253643444161e-01 -2.079887869585246574e-03
9.879583809693737173e-01 -2.447556212933688080e-03
9.842915805643155380e-01 -2.869036830594376419e-03
9.801468428384716436e-01 -3.343186389693733607e-03
9.755282581475768211e-01 -3.868732248157528975e-03
9.704403844771127829e-01 -4.444280321090170183e-03
9.648882429441257846e-01 -5.068323422202307416e-03
9.588773128419905145e-01 -5.739249949416817820e-03
9.524135262330097884e-01 -6.455352779513603978e-03
9.455032620941841159e-01 -7.214838234822433527e-03
9.381533400219318475e-01 -8.015834985590102046e-03
9.303710135019719329e-01 -8.856402754727370208e-03
9.221639627510076487e-01 -9.734540697140199594e-03
9.135402871372809708e-01 -1.064819533368446813e-02
9.045084971874737256e-01 -1.159526792982185778e-02
8.950775061878453176e-01 -1.257362122114021735e-02
8.852566213878947377e-01 -1.358108540182096854e-02
8.750555348152297963e-01 -1.461546330766361895e-02
8.644843137107058872e-01 -1.567453474214385717e-02
8.535533905932737309e-01 -1.675605991189989957e-02
8.422735529643443630e-01 -1.785778195669702681e-02
8.306559326618261352e-01 -1.897742857800041941e-02
8.187119948743448727e-01 -2.011271278943763813e-02
8.064535268264882983e-01 -2.126133283133728458e-02
7.938926261462365686e-01 -2.242097130983344844e-02
7.810416889260654028e-01 -2.358929363840965229e-02
7.679133974894984949e-01 -2.476394587589720100e-02
7.545207078751856589e-01 -2.594255206954034984e-02
7.408768370508578283e-01 -2.712271122452714067e-02
7.269952498697733745e-01 -2.830199403209930631e-02
7.128896457825364408e-01 -2.947793949679235193e-02
6.985739453173903657e-01 -3.064805160933252448e-02
6.840622763423390706e-01 -3.180979621509063410e-02
6.693689601226457953e-01 -3.296059822866909822e-02
6.545084971874738367e-01 -3.409783934311963471e-02
6.394955530196146931e-01 -3.521885637744970321e-02
6.243449435824275362e-01 -3.632094039851102574e-02
6.090716206982713654e-01 -3.740133674315892359e-02
5.936906572928624115e-01 -3.845724605385158340e-02
5.782172325201155871e-01 -3.948582642579825941e-02
5.626666167821522402e-01 -4.048419674657473960e-02
5.470541566592572735e-01 -4.144944129005267291e-02
5.313952597646567355e-01 -4.237861560582299736e-02
5.157053795390641460e-01 -4.326875372334295505e-02
5.000000000000001110e-01 -4.411687666714296518e-02
4.842946204609359651e-01 -4.492000225595046969e-02
4.686047402353434310e-01 -4.567515613489758070e-02
4.529458433407428930e-01 -4.637938396645870098e-02
4.373333832178479263e-01 -4.702976468279642525e-02
4.217827674798846904e-01 -4.762342468016310393e-02
4.063093427071378105e-01 -4.815755281527734494e-02
3.909283793017288566e-01 -4.862941604452988148e-02
3.756550564175726858e-01 -4.903637552980205649e-02
3.605044469803854179e-01 -4.937590301991180708e-02
3.454915028125263299e-01 -4.964559730451131164e-02
3.306310398773544268e-01 -4.984320052788512867e-02
3.159377236576611514e-01 -4.996661414373825688e-02
3.014260546826097453e-01 -5.001391428887046187e-02
2.871103542174636702e-01 -4.998336635371693898e-02
2.730047501302266255e-01 -4.987343853115142750e-02
2.591231629491425048e-01 -4.968281413170493044e-02
2.454792921248145632e-01 -4.941040246340649283e-02
2.320866025105017827e-01 -4.905534808771002536e-02
2.189583110739346528e-01 -4.861703827928552657e-02
2.061073738537634870e-01 -4.809510853663441499e-02
1.935464731735118682e-01 -4.748944601229871526e-02
1.812880051256552938e-01 -4.680019075559065794e-02
1.693440673381741424e-01 -4.602773468695747078e-02
1.577264470356556370e-01 -4.517271825095924009e-02
1.464466094067262691e-01 -4.423602472399820740e-02
1.355156862892943348e-01 -4.321877218298729451e-02
1.249444651847702037e-01 -4.212230317166570925e-02
1.147433786121054289e-01 -4.094817213182298798e-02
1.049224938121547934e-01 -3.969813069684416384e-02
9.549150281252632988e-02 -3.837411097430223211e-02
8.645971286271914025e-02 -3.697820697236773452e-02
7.783603724899246235e-02 -3.551265435117152702e-02
6.962898649802823359e-02 -3.397980870454790636e-02
6.184665997806820803e-02 -3.238212259944030225e-02
5.449673790581610611e-02 -3.072212161933519578e-02
4.758647376699032261e-02 -2.900237967410788931e-02
4.112268715800942998e-02 -2.722549385136396882e-02
3.511175705587432638e-02 -2.539405909353489518e-02
2.955961552288727257e-02 -2.351064299047873202e-02
2.447174185242323441e-02 -2.157776097904404514e-02
1.985315716152852294e-02 -1.959785223892144754e-02
1.570841943568446197e-02 -1.757325656814128292e-02
1.204161903062633820e-02 -1.550619251183298422e-02
8.856374635655639427e-03 -1.339873700445420000e-02
6.155829702431170336e-03 -1.125280676879570479e-02
3.942649342761117559e-03 -9.070141694879544844e-03
2.219017698460001853e-03 -6.852290398667159645e-03
9.866357858642205159e-04 -4.600598134576688349e-03
2.467198171341999924e-04 -2.316197207531379976e-03
0.000000000000000000e+00 0.000000000000000000e+00
2.467198171341999924e-04 2.316197207531379976e-03
9.866357858642205159e-04 4.600598134576688349e-03
2.219017698460001853e-03 6.852290398667159645e-03
3.942649342761117559e-03 9.070141694879544844e-03
6.155829702431170336e-03 1.125280676879570479e-02
8.856374635655639427e-03 1.339873700445420000e-02
1.204161903062633820e-02 1.550619251183298422e-02
1.570841943568446197e-02 1.757325656814128292e-02
1.985315716152852294e-02 1.959785223892144754e-02
2.447174185242323441e-02 2.157776097904404514e-02
2.955961552288727257e-02 2.351064299047873202e-02
3.511175705587432638e-02 2.539405909353489518e-02
4.112268715800942998e-02 2.722549385136396882e-02
4.758647376699032261e-02 2.900237967410788931e-02
5.449673790581610611e-02 3.072212161933519578e-02
6.184665997806820803e-02 3.238212259944030225e-02
6.962898649802823359e-02 3.397980870454790636e-02
7.783603724899246235e-02 3.551265435117152702e-02
8.645971286271914025e-02 3.697820697236773452e-02
9.549150281252632988e-02 3.837411097430223211e-02
1.049224938121547934e-01 3.969813069684416384e-02
1.147433786121054289e-01 4.094817213182298798e-02
1.249444651847702037e-01 4.212230317166570925e-02
1.355156862892943348e-01 4.321877218298729451e-02
1.464466094067262691e-01 4.423602472399820740e-02
1.577264470356556370e-01 4.517271825095924009e-02
1.693440673381741424e-01 4.602773468695747078e-02
1.812880051256552938e-01 4.680019075559065794e-02
1.935464731735118682e-01 4.748944601229871526e-02
2.061073738537634870e-01 4.809510853663441499e-02
2.189583110739346528e-01 4.861703827928552657e-02
2.320866025105017827e-01 4.905534808771002536e-02
2.454792921248145632e-01 4.941040246340649283e-02
2.591231629491425048e-01 4.968281413170493044e-02
2.730047501302266255e-01 4.987343853115142750e-02
2.871103542174636702e-01 4.998336635371693898e-02
3.014260546826097453e-01 5.001391428887046187e-02
3.159377236576611514e-01 4.996661414373825688e-02
3.306310398773544268e-01 4.984320052788512867e-02
3.454915028125263299e-01 4.964559730451131164e-02
3.605044469803854179e-01 4.937590301991180708e-02
3.756550564175726858e-01 4.903637552980205649e-02
3.909283793017288566e-01 4.862941604452988148e-02
4.063093427071378105e-01 4.815755281527734494e-02
4.217827674798846904e-01 4.762342468016310393e-02
4.373333832178479263e-01 4.702976468279642525e-02
4.529458433407428930e-01 4.637938396645870098e-02
4.686047402353434310e-01 4.567515613489758070e-02
4.842946204609359651e-01 4.492000225595046969e-02
5.000000000000001110e-01 4.411687666714296518e-02
5.157053795390641460e-01 4.326875372334295505e-02
5.313952597646567355e-01 4.237861560582299736e-02
5.470541566592572735e-01 4.144944129005267291e-02
5.626666167821522402e-01 4.048419674657473960e-02
5.782172325201155871e-01 3.948582642579825941e-02
5.936906572928624115e-01 3.845724605385158340e-02
6.090716206982713654e-01 3.740133674315892359e-02
6.243449435824275362e-01 3.632094039851102574e-02
6.394955530196146931e-01 3.521885637744970321e-02
6.545084971874738367e-01 3.409783934311963471e-02
6.693689601226457953e-01 3.296059822866909822e-02
6.840622763423390706e-01 3.180979621509063410e-02
6.985739453173903657e-01 3.064805160933252448e-02
7.128896457825364408e-01 2.947793949679235193e-02
7.269952498697733745e-01 2.830199403209930631e-02
7.408768370508578283e-01 2.712271122452714067e-02
7.545207078751856589e-01 2.594255206954034984e-02
7.679133974894984949e-01 2.476394587589720100e-02
7.810416889260654028e-01 2.358929363840965229e-02
7.938926261462365686e-01 2.242097130983344844e-02
8.064535268264882983e-01 2.126133283133728458e-02
8.187119948743448727e-01 2.011271278943763813e-02
8.306559326618261352e-01 1.897742857800041941e-02
8.422735529643443630e-01 1.785778195669702681e-02
8.535533905932737309e-01 1.675605991189989957e-02
8.644843137107058872e-01 1.567453474214385717e-02
8.750555348152297963e-01 1.461546330766361895e-02
8.852566213878947377e-01 1.358108540182096854e-02
8.950775061878453176e-01 1.257362122114021735e-02
9.045084971874737256e-01 1.159526792982185778e-02
9.135402871372809708e-01 1.064819533368446813e-02
9.221639627510076487e-01 9.734540697140199594e-03
9.303710135019719329e-01 8.856402754727370208e-03
9.381533400219318475e-01 8.015834985590102046e-03
9.455032620941841159e-01 7.214838234822433527e-03
9.524135262330097884e-01 6.455352779513603978e-03
9.588773128419905145e-01 5.739249949416817820e-03
9.648882429441257846e-01 5.068323422202307416e-03
9.704403844771127829e-01 4.444280321090170183e-03
9.755282581475768211e-01 3.868732248157528975e-03
9.801468428384716436e-01 3.343186389693733607e-03
9.842915805643155380e-01 2.869036830594376419e-03
9.879583809693737173e-01 2.447556212933688080e-03
9.911436253643444161e-01 2.079887869585246574e-03
9.938441702975688852e-01 1.767038557148159494e-03
9.960573506572389935e-01 1.509871903608524246e-03
9.977809823015399981e-01 1.309102675284404271e-03
9.990133642141357795e-01 1.165291954863631463e-03
9.997532801828658000e-01 1.078843307975890786e-03
1.000000000000000000e+00 1.049999999999981504e-03
