1.000000000000000000e+00 -1.255987250955495176e-03
9.996500916821364768e-01 -1.270760323812154943e-03
9.989020711027554178e-01 -1.315061477184781020e-03
9.976562611374854006e-01 -1.388836863211324749e-03
9.959139967281687156e-01 -1.491997885210558181e-03
9.936771436871305596e-01 -1.624422889793852246e-03
9.909480956167261434e-01 -1.785959471420944539e-03
9.877297699850143831e-01 -1.976427326490916118e-03
9.840256033837252447e-01 -2.195621578187611535e-03
9.798395459993822776e-01 -2.443316478954685005e-03
9.751760553325264924e-01 -2.719269384947036773e-03
9.700400892033681499e-01 -3.023224886348287004e-03
9.644370980848209207e-01 -3.354918969277588450e-03
9.583730168057176257e-01 -3.714083079317419354e-03
9.518542556680362754e-01 -4.100447953618756129e-03
9.448876910221971626e-01 -4.513747088170259533e-03
9.374806553439464230e-01 -4.953719709209454709e-03
9.296409268550593907e-01 -5.420113122900823040e-03
9.213767187281414195e-01 -5.912684325261675748e-03
9.126966679132673121e-01 -6.431200764786491712e-03
9.036098236211548285e-01 -6.975440163153604628e-03
8.941256354941397033e-01 -7.545189314615963379e-03
8.842539414925206787e-01 -8.140241801934514770e-03
8.740049555199886910e-01 -8.760394585747809104e-03
8.633892548079799001e-01 -9.405443444771221032e-03
8.524177670750173741e-01 -1.007517726584950153e-02
8.411017574735629720e-01 -1.076937120527732099e-02
8.294528153336753196e-01 -1.148777876558457027e-02
8.174828407100130923e-01 -1.223012285474011675e-02
8.052040307364769500e-01 -1.299608591707868480e-02
7.926288657911459978e-01 -1.378529924677593908e-02
7.797700954732057488e-01 -1.459733161500689595e-02
7.666407243932774618e-01 -1.543167736062807729e-02
7.532539977790092545e-01 -1.628774411096382130e-02
7.396233868989254834e-01 -1.716484031372186858e-02
7.257625743093478743e-01 -1.806216277289721464e-02
7.116854389316549234e-01 -1.897878439049337576e-02
6.974060409701191565e-01 -1.991364232176722621e-02
6.829386066840417158e-01 -2.086552675431814496e-02
6.682975130316894941e-01 -2.183307052057290032e-02
6.534972722075993445e-01 -2.281473974899672630e-02
6.385525160989502513e-01 -2.380882575168078927e-02
6.234779806908166133e-01 -2.481343833486247125e-02
6.082884904540420967e-01 -2.582650070453736818e-02
5.929989427530898416e-01 -2.684574612177871231e-02
5.776242923143677377e-01 -2.786871644191362199e-02
5.621795357981044239e-01 -2.889276264858411589e-02
5.466796965187076252e-01 -2.991504746826067346e-02
5.311398093596018111e-01 -3.093255012334419560e-02
5.155749059287130232e-01 -3.194207325298197703e-02
5.000000000000001110e-01 -3.294025200057155989e-02
4.844300732846707480e-01 -3.392356523608598684e-02
4.688800615729758481e-01 -3.488834885030132893e-02
4.533648412837344988e-01 -3.583081102722487921e-02
4.378992164540766452e-01 -3.674704937099596003e-02
4.224979061963387017e-01 -3.763306973474245254e-02
4.071755326427236032e-01 -3.848480657178727365e-02
3.919466093913430704e-01 -3.929814460465734516e-02
3.768255304597365463e-01 -4.006894158496572544e-02
3.618265597440677994e-01 -4.079305189779355856e-02
3.469638209740945611e-01 -4.146635074803006749e-02
3.322512881458795642e-01 -4.208475865351950229e-02
3.177027764062397286e-01 -4.264426596105247436e-02
3.033319333553093355e-01 -4.314095709639680087e-02
2.891522307264990932e-01 -4.357103425881069664e-02
2.751769563967534360e-01 -4.393084027386894019e-02
2.614192066745020249e-01 -4.421688032595344486e-02
2.478918788082204727e-01 -4.442584230333692513e-02
2.346076636551940042e-01 -4.455461550429014317e-02
2.215790384480135211e-01 -4.460030747186846667e-02
2.088182595956188103e-01 -4.456025874773150708e-02
1.963373554563815349e-01 -4.443205536121146160e-02
1.841481190228202725e-01 -4.421353889851344088e-02
1.722621004610389861e-01 -4.390281402800810806e-02
1.606905994528576576e-01 -4.349825339062150797e-02
1.494446572947661367e-01 -4.299849979887505197e-02
1.385350487151926768e-01 -4.240246572368593092e-02
1.279722733799996126e-01 -4.170933008410043080e-02
1.177665470654448154e-01 -4.091853239118065089e-02
1.079277924879003953e-01 -4.002976433278498947e-02
9.846562979021346307e-02 -3.904295892046560912e-02
8.938936669549207847e-02 -3.795827735265394631e-02
8.070798835011508410e-02 -3.677609377924928591e-02
7.243014688863835815e-02 -3.549697818121787946e-02
6.456415076380021822e-02 -3.412167760444397707e-02
5.711795389478310780e-02 -3.265109600947925517e-02
5.009914469605099285e-02 -3.108627301769242846e-02
4.351493505726863192e-02 -2.942836184935393451e-02
3.737214935182488901e-02 -2.767860676018340377e-02
3.167721355718003395e-02 -2.583832028968059344e-02
2.643614457450925090e-02 -2.390886063705283116e-02
2.165453983780601249e-02 -2.189160947870108856e-02
1.733756730368747612e-02 -1.978795053505602933e-02
1.348995591255901065e-02 -1.759924918414416950e-02
1.011598660954866370e-02 -1.532683340475095649e-02
7.219484009750185005e-03 -1.297197631363525457e-02
4.803808786868746933e-03 -1.053588053918065419e-02
2.871850857460516663e-03 -8.019664648457032127e-03
1.426023424705089460e-03 -5.424351816247001412e-03
4.682579362211347152e-04 -2.750860893566673283e-03
0.000000000000000000e+00 0.000000000000000000e+00
2.518169804726526958e-05 2.790326325001238252e-03
5.472481470233515714e-04 5.582057789957444588e-03
1.566184539459487043e-03 8.373919633883260619e-03
3.081489898653487752e-03 1.116421731660803725e-02
5.092175395112155667e-03 1.395084598773218935e-02
7.596762661762615151e-03 1.673130368698592593e-02
1.059328214869366576e-02 1.950270813482378462e-02
1.407927156768144956e-02 2.226181693417876237e-02
1.805177448525103340e-02 2.500505096866079482e-02
2.250733913033721792e-02 2.772852074955388380e-02
2.744201748859451118e-02 3.042805543416480726e-02
3.285136475992376376e-02 3.309923421175518105e-02
3.873043925875022803e-02 3.573741973078016498e-02
4.507380283792965237e-02 3.833779322271864409e-02
5.187552191684910441e-02 4.089539096362979076e-02
5.912916919233619784e-02 4.340514170486404338e-02
6.682782610741810903e-02 4.586190469918358797e-02
7.496408614786984059e-02 4.826050794794783938e-02
8.353005902994620202e-02 5.059578629896040181e-02
9.251737583483919669e-02 5.286261903296667064e-02
1.019171951364091916e-01 5.505596658948788691e-02
1.117202101587660423e-01 5.717090609946616497e-02
1.219166569895408087e-01 5.920266541281434675e-02
1.324963238633959928e-01 6.114665533309968093e-02
1.434485615186864016e-01 6.299849979887506279e-02
1.547622946184536163e-01 6.475406378120777962e-02
1.664260342153092986e-01 6.640947869929419989e-02
1.784278912284903151e-01 6.796116519022794844e-02
1.907555908906422015e-01 6.940585310450857193e-02
2.033964881119081636e-01 7.074059863523045333e-02
2.163375836998557844e-01 7.196279852556201895e-02
2.295655413658095612e-01 7.307020133559161135e-02
2.430667054414086536e-01 7.406091578537124520e-02
2.568271192237829847e-01 7.493341622553338632e-02
2.708325438636998150e-01 7.568654531971839849e-02
2.850684777084282473e-01 7.631951405378448183e-02
2.995201760099101551e-01 7.683189921497057817e-02
3.141726709090825742e-01 7.722363850948070485e-02
3.290107916088292894e-01 7.749502350903529624e-02
3.440191846509580986e-01 7.764669063552902262e-02
3.591823342167030364e-01 7.767961040783386006e-02
3.744845823754088254e-01 7.759507518584300712e-02
3.899101492121146428e-01 7.739468565397773780e-02
4.054431527715520178e-01 7.708033628955229810e-02
4.210676287634306791e-01 7.665420006064552205e-02
4.367675499816192075e-01 7.611871259356857433e-02
4.525268453977512872e-01 7.547655604179864808e-02
4.683294188977110140e-01 7.473064287659088312e-02
4.841591676372011821e-01 7.388409980465142357e-02
5.000000000000001110e-01 7.294025200057155378e-02
5.158358531494152688e-01 7.190260782154742070e-02
5.316507101697116600e-01 7.077484414963375325e-02
5.474286167998069219e-01 6.956079248283444927e-02
5.631536977662000565e-01 6.826442587115673366e-02
5.788101727258634366e-01 6.688984676781668803e-02
5.943823718326349814e-01 6.544127583954373328e-02
6.098547509425006341e-01 6.392304175385776777e-02
6.252119064740384591e-01 6.233957193573973904e-02
6.404385899402791349e-01 6.069538426172108037e-02
6.555197221673483288e-01 5.899507963649566755e-02
6.704404072136020964e-01 5.724333537608868039e-02
6.851859460006364255e-01 5.544489930274637546e-02
6.997418496646615749e-01 5.360458444034098963e-02
7.140938526334179581e-01 5.172726418546716443e-02
7.282279254301988747e-01 4.981786781874668335e-02
7.421302872027901731e-01 4.788137621330178229e-02
7.557874179713620633e-01 4.592281759299812749e-02
7.691860705857195279e-01 4.394726319192951425e-02
7.823132823789250567e-01 4.195982266870044303e-02
7.951563865013271393e-01 3.996563913427488707e-02
8.077030229164996467e-01 3.796988366037576390e-02
8.199411490386766532e-01 3.597774914645461564e-02
8.318590499899769508e-01 3.399444343687063608e-02
8.434453484551257541e-01 3.202518159586358742e-02
8.546890141115300876e-01 3.007517726584950368e-02
8.655793726134318744e-01 2.814963305418493461e-02
8.761061141104709016e-01 2.625372991446172505e-02
8.862593012832687966e-01 2.439261551022000110e-02
8.960293768815509319e-01 2.257139157131884608e-02
9.054071707537926228e-01 2.079510027565465574e-02
9.143839063612946294e-01 1.906870971109292379e-02
9.229512067738738779e-01 1.739709849396019886e-02
9.311011001488844752e-01 1.578503964086650294e-02
9.388260246999172720e-01 1.423718380962950628e-02
9.461188331661710693e-01 1.275804204232077431e-02
9.529727967979833014e-01 1.135196815864495182e-02
9.593816088782634033e-01 1.002314096074365460e-02
9.653393878034306486e-01 8.775546420849352283e-03
9.708406797508574160e-01 7.612960030832488685e-03
9.758804609626271498e-01 6.538929497448087678e-03
9.804541396775610096e-01 5.556757968914361780e-03
9.845575577449058313e-01 4.669487977310341972e-03
9.881869919537330516e-01 3.879886277170515631e-03
9.913391551119626888e-01 3.190429753655908782e-03
9.940111969080072107e-01 2.603292563890779229e-03
9.962007045863092713e-01 2.120334662637918689e-03
9.979057034655945957e-01 1.743091848637548036e-03
9.991246573255161412e-01 1.472767450895230267e-03
9.998564686835951232e-01 1.310225755246719479e-03
1.000000000000000000e+00 1.255987250955495176e-03
