1.000000000000000000e+00 -2.519081779217345433e-03
9.996833896526341467e-01 -2.581618396798181919e-03
9.989378732952989282e-01 -2.769039830407767338e-03
9.976961749162349680e-01 -3.080782173442968980e-03
9.959595368717291120e-01 -3.515910062306374598e-03
9.937296965266460003e-01 -4.073123321224867560e-03
9.910088843273903159e-01 -4.750766113794979532e-03
9.877998213340410949e-01 -5.546838453271474290e-03
9.841057162188059371e-01 -6.459009885864959444e-03
9.799302617393337300e-01 -7.484635126856433243e-03
9.752776306967235742e-01 -8.620771398787155371e-03
9.701524713892317742e-01 -9.864197194888466372e-03
9.645599025737082721e-01 -1.121143216975044668e-02
9.585055079476826334e-01 -1.265875784337609430e-02
9.519953301657430034e-01 -1.420223879453614765e-02
9.450358644044181133e-01 -1.583774401491060482e-02
9.376340514901769785e-01 -1.756096809699535938e-02
9.297972706053928560e-01 -1.936745193615133781e-02
9.215333315871908626e-01 -2.125260264037797178e-02
9.128504668340177153e-01 -2.321171236020091663e-02
9.037573228345328058e-01 -2.523997577515842139e-02
8.942629513330477842e-01 -2.733250600237690370e-02
8.843768001452384508e-01 -2.948434872613105162e-02
8.741087036372430230e-01 -3.169049438454691475e-02
8.634688728805464120e-01 -3.394588829008125114e-02
8.524678854942678852e-01 -3.624543860340863344e-02
8.411166751856272716e-01 -3.858402212511402585e-02
8.294265209984786891e-01 -4.095648791537388062e-02
8.174090362789134812e-01 -4.335765879776413284e-02
8.050761573660409898e-01 -4.578233084869898217e-02
7.924401320151907013e-01 -4.822527101792374593e-02
7.795135075599762819e-01 -5.068121306720088648e-02
7.663091188189083969e-01 -5.314485205306074961e-02
7.528400757515972819e-01 -5.561083761451789120e-02
7.391197508690294793e-01 -5.807376635733769304e-02
7.251617664019768261e-01 -6.052817365215030360e-02
7.109799812313116751e-01 -6.296852518395974763e-02
6.965884775838393494e-01 -6.538920860493772913e-02
6.820015474972903613e-01 -6.778452565049170042e-02
6.672336790582654720e-01 -7.014868508022457927e-02
6.522995424172803869e-01 -7.247579680042180728e-02
6.372139755855471543e-01 -7.475986751309611489e-02
6.219919700187993561e-01 -7.699479821847633743e-02
6.066486559942898538e-01 -7.917438387334881089e-02
5.911992877880583031e-01 -8.129231547714793615e-02
5.756592286606746489e-01 -8.334218482156499630e-02
5.600439356608969410e-01 -8.531749209820470303e-02
5.443689442580208482e-01 -8.721165651306653221e-02
5.286498528151233334e-01 -8.901803000704901214e-02
5.129023069169043048e-01 -9.072991412901437736e-02
4.971419835673669962e-01 -9.234058005302921146e-02
4.813845752741460760e-01 -9.384329167506824665e-02
4.656457740378600607e-01 -9.523133166763321500e-02
4.499412552663958342e-01 -9.649803031431054834e-02
4.342866616355287035e-01 -9.763679689118803795e-02
4.186975869186882471e-01 -9.864115330919649705e-02
4.031895598099962119e-01 -9.950476968171083347e-02
3.877780277658929298e-01 -1.002215014360060275e-01
3.724783408917131666e-01 -1.007854275462053695e-01
3.573057359004574440e-01 -1.011908894299252820e-01
3.422753201717037008e-01 -1.014325300215715014e-01
3.274020559391098151e-01 -1.015053325127462241e-01
3.127007446352499942e-01 -1.014046582349655418e-01
2.981860114226037028e-01 -1.011262831522219130e-01
2.838722899393631427e-01 -1.006664324311242198e-01
2.697738072883434923e-01 -1.000218125645380429e-01
2.559045692966679386e-01 -9.918964054085609161e-02
2.422783460730600913e-01 -9.816766957514194702e-02
2.289086578885147494e-01 -9.695421095019186863e-02
2.158087614048476988e-01 -9.554815155469340016e-02
2.029916362741503999e-01 -9.394896675167227484e-02
1.939907619956262319e-01 -9.319089042162125025e-02
1.826640283376098073e-01 -9.162708180740140873e-02
1.717021263029205047e-01 -8.995617834470955032e-02
1.610977271006392431e-01 -8.818075658815695272e-02
1.508429439853486709e-01 -8.630247600165556754e-02
1.409296159955384653e-01 -8.432220253330019455e-02
1.313495971615556146e-01 -8.224011706548613188e-02
1.220950435497888398e-01 -8.005580601589992740e-02
1.131586900938231222e-01 -7.776833271258325186e-02
1.045341092174891240e-01 -7.537628957942192620e-02
9.621594378859665841e-02 -7.287783254048059434e-02
8.820010792290010337e-02 -7.027070027608381397e-02
8.048395051297985159e-02 -6.755222194652459045e-02
7.306637798178028387e-02 -6.471931767030768279e-02
6.594793453065038447e-02 -6.176849636347212652e-02
5.913083993534421628e-02 -5.869585550962490295e-02
5.261898661611073835e-02 -5.549708706460199092e-02
4.641789916417454059e-02 -5.216749306033686973e-02
4.053466066838824766e-02 -4.870201363381542609e-02
3.497781100604129001e-02 -4.509526925244430884e-02
2.975722272583950292e-02 -4.134161791987379236e-02
2.488396027232240432e-02 -3.743522720078009541e-02
2.037012811517376065e-02 -3.337016005920178524e-02
1.622871290494584673e-02 -2.914047280466166776e-02
1.247342413759056426e-02 -2.474032290665659564e-02
9.118537034400176627e-03 -2.016408407678658629e-02
6.178740488740942956e-03 -1.540646581970697357e-02
3.668992046905004446e-03 -1.046263459883462442e-02
1.604381019907025457e-03 -5.328333822557741739e-03
0.000000000000000000e+00 0.000000000000000000e+00
-1.110941385638625472e-03 5.452728908460964877e-03
-1.695720475176563415e-03 1.095868779704648778e-02
-1.740705091820939250e-03 1.651687771321806372e-02
-1.233238348877940642e-03 2.212401429176374598e-02
-1.617647327282227196e-04 2.777450559599642724e-02
1.484036366365432125e-03 3.346046238115975291e-02
3.713109946078914023e-03 3.917174210007155072e-02
6.532878599046521365e-03 4.489602775565016551e-02
9.949091597217542965e-03 5.061894242201530475e-02
1.396567269880518054e-02 5.632419987697735719e-02
1.858457037738629400e-02 6.199379128923514920e-02
2.380561494757411217e-02 6.760820726595716257e-02
2.962638769990812160e-02 7.314669378415020184e-02
3.604210759863642893e-02 7.858753961032306778e-02
4.304554128098182775e-02 8.390839178270359522e-02
5.062694197435613219e-02 8.908659463240488352e-02
5.877402248307662253e-02 9.409954671582791697e-02
6.747196657508482132e-02 9.892506899590655656e-02
7.670348193684162208e-02 1.035417767284965568e-01
8.644889640756353577e-02 1.079294468662983925e-01
9.668629753048646469e-02 1.120693724605931890e-01
1.073917136744220180e-01 1.159446955757387210e-01
1.185393332079847928e-01 1.195407106600210739e-01
1.301017565830502043e-01 1.228451311330323870e-01
1.420502748281038674e-01 1.258483131135788580e-01
1.543551669706720308e-01 1.285434316512122921e-01
1.669860083734277800e-01 1.309266064430358312e-01
1.799119819137007803e-01 1.329969757068005798e-01
1.931021843513975045e-01 1.347567185323622352e-01
2.092231114333765740e-01 1.368234362656963188e-01
2.221078607430216068e-01 1.377286013764733585e-01
2.352645471324888160e-01 1.384256624610785413e-01
2.486802381765690351e-01 1.389158438522205830e-01
2.623417566016170710e-01 1.392009724485194222e-01
2.762356929721097587e-01 1.392834641416373365e-01
2.903484184955641978e-01 1.391663055604870081e-01
3.046660979426157878e-01 1.388530315000330306e-01
3.191747026800723086e-01 1.383476984482286953e-01
3.338600238155990385e-01 1.376548546637756942e-01
3.487076854533489589e-01 1.367795072892064590e-01
3.637031580603133918e-01 1.357270870079123060e-01
3.788317719434322051e-01 1.345034107699581705e-01
3.940787308375647835e-01 1.331146431197216540e-01
4.094291256042794092e-01 1.315672566586021108e-01
4.248679480410811338e-01 1.298679921683856819e-01
4.403801048001671492e-01 1.280238189056005227e-01
4.559504314150899518e-01 1.260418955547052411e-01
4.715637064328268013e-01 1.239295322987094133e-01
4.872046656477258542e-01 1.216941544303963008e-01
5.028580164326331703e-01 1.193432678863625279e-01
5.185084521612239872e-01 1.168844270403529562e-01
5.341406667141901377e-01 1.143252050426394745e-01
5.497393690604936989e-01 1.116731669393384863e-01
5.652892979034075394e-01 1.089358457504588512e-01
5.807752363795565254e-01 1.061207216290424582e-01
5.961820267976665200e-01 1.032352041669233056e-01
6.114945854022528771e-01 1.002866178562998173e-01
6.266979171460557163e-01 9.728219066139019711e-02
6.417771304536822319e-01 9.422904560177573774e-02
6.567174519576672864e-01 9.113419519945349656e-02
6.715042411870261185e-01 8.800453859586172822e-02
6.861230051873877800e-01 8.484686110389519365e-02
7.005594130509413819e-01 8.166783592379327217e-02
7.147993103337612064e-01 7.847402772126359227e-02
7.288287333375699228e-01 7.527189774171764991e-02
7.426339232326861772e-01 7.206781011634098844e-02
7.562013399987740359e-01 6.886803900410590207e-02
7.695176761600885929e-01 6.567877620884071677e-02
7.825698702921545236e-01 6.250613891208758877e-02
7.953451202772824358e-01 5.935617717056634879e-02
8.078308962869356069e-01 5.623488084139290077e-02
8.200149534697762643e-01 5.314818561843572681e-02
8.318853443251735813e-01 5.010197788889324960e-02
8.434304307430614545e-01 4.710209814984321619e-02
8.546388956922795765e-01 4.415434275952848098e-02
8.654997545408653625e-01 4.126446383686072777e-02
8.760023659932165696e-01 3.843816716432118391e-02
8.861364426305510245e-01 3.568110799334035799e-02
8.958920610426428510e-01 3.299888469658582291e-02
9.052596715404146455e-01 3.039703025752345938e-02
9.142301074405442263e-01 2.788100163338419132e-02
9.227945939148244348e-01 2.545616707241446161e-02
9.309447563985510099e-01 2.312779150926660282e-02
9.386726285536867165e-01 2.090102020283952922e-02
9.459706597839501185e-01 1.878086081812206307e-02
9.528317223002765735e-01 1.677216418697443159e-02
9.592491177362983956e-01 1.487960401176720640e-02
9.652165833145432972e-01 1.310765579986966634e-02
9.707282975649937917e-01 1.146057533576422087e-02
9.757788855984300680e-01 9.942377010744959248e-03
9.803634239376095572e-01 8.556812337534145177e-03
9.844774449098251390e-01 7.307348978618666974e-03
9.881169406047063397e-01 6.197150612655329474e-03
9.912783664012985163e-01 5.229057953038297214e-03
9.939586440684917701e-01 4.405571216844685056e-03
9.961551644427488750e-01 3.728834321184119113e-03
9.978657896868450283e-01 3.200621057859283185e-03
9.990888551329726308e-01 2.822323466669541831e-03
9.998231707130974533e-01 2.594942593206925677e-03
1.000000000000000000e+00 2.519081779217345433e-03
