1.000000000000000000e+00 -1.246059804614032835e-03
9.995612947803739212e-01 -1.243295260798967872e-03
9.988061824959648671e-01 -1.235012891796943542e-03
9.975485830515609109e-01 -1.221246744269134221e-03
9.957898762047182606e-01 -1.202054418292948816e-03
9.935319900569182794e-01 -1.177518320211830803e-03
9.907773975282926360e-01 -1.147747356012673945e-03
9.875291118726703399e-01 -1.112879006043766827e-03
9.837906812672789769e-01 -1.073081706986393942e-03
9.795661825176208426e-01 -1.028557453553339239e-03
9.748602139234312514e-01 -9.795445206869559523e-04
9.696778873561084922e-01 -9.263201973131931360e-04
9.640248196014945536e-01 -8.692034151865654992e-04
9.579071230243579871e-01 -8.085571512167757588e-04
9.513313956123201631e-01 -7.447904790353586379e-04
9.443047104573044637e-01 -6.783601455312964629e-04
9.368346047318810710e-01 -6.097715507150259368e-04
9.289290682161798207e-01 -5.395790145581377817e-04
9.205965314284233481e-01 -4.683852223609508147e-04
9.118458534086956169e-01 -3.968397506361864141e-04
9.026863092014063561e-01 -3.256365883196679634e-04
8.931275770771824885e-01 -2.555105831639186559e-04
8.831797255297603177e-01 -1.872327602002767100e-04
8.728532000780119260e-01 -1.216044779226363448e-04
8.621588098976822323e-01 -5.945040804919421440e-05
8.511077143019049052e-01 -1.610346034859599929e-06
8.397114090842607848e-01 5.107011842153674763e-05
8.279817127331871029e-01 9.775001916514924893e-05
8.159307525221038970e-01 1.376044455027765345e-04
8.035709504757962973e-01 1.698368920161445750e-04
7.909150092104941798e-01 1.936924087712829645e-04
7.779758976428383654e-01 2.084714143389884700e-04
7.647668365615237773e-01 2.135440155292579745e-04
7.513012840549647686e-01 2.083646611622108624e-04
7.375929207887992334e-01 1.924869428842693186e-04
7.236556351284448851e-01 1.655783443080469097e-04
7.095035081042079250e-01 1.274347308671403001e-04
6.951507982195060942e-01 7.799436696963313320e-05
6.806119261065890491e-01 1.735124448181551982e-05
6.659014590385102794e-01 -5.423249259034479408e-05
6.510340953109771123e-01 -1.363152380560936350e-04
6.360246485128595584e-01 -2.282659311851412132e-04
6.208880317094562784e-01 -3.292555738739350035e-04
6.056392415678969465e-01 -4.382504345970608672e-04
5.902933424591529921e-01 -5.540070986496253846e-04
5.748654505758324929e-01 -6.750695034530851402e-04
5.593707181091188696e-01 -7.997680742501817042e-04
5.438243175316880285e-01 -9.262210496713829677e-04
5.282414260360843716e-01 -1.052338058777288476e-03
5.126372101797330716e-01 -1.175825981667516507e-03
4.970268107884044939e-01 -1.294197095033047806e-03
4.814253281694698128e-01 -1.404779472576569987e-03
4.658478076846478966e-01 -1.504729578515058563e-03
4.503092257291272937e-01 -1.591046960902606222e-03
4.348244761599834307e-01 -1.660590920764905276e-03
4.194083572117391912e-01 -1.710099003512280391e-03
4.040755589308335227e-01 -1.736207131268326098e-03
3.888406511537635946e-01 -1.735471169079516596e-03
3.737180720458991301e-01 -1.704389694874859640e-03
3.587221172095932387e-01 -1.639427722922928710e-03
3.438669293614086686e-01 -1.537041113726801689e-03
3.291664885692421327e-01 -1.393701390104570836e-03
3.146346030310713804e-01 -1.205920669869929573e-03
3.002849003681777873e-01 -9.702764202322231024e-04
2.861308193972296188e-01 -6.834357379060101989e-04
2.721856023377550726e-01 -3.421788620094831646e-04
2.584622874044880669e-01 5.657836586529796374e-05
2.449737017280156637e-01 5.157633685859419614e-04
2.317324545422592141e-01 1.038127286147660922e-03
2.187509305737188048e-01 1.626227253560923180e-03
2.060412835652131458e-01 2.282410720655408953e-03
1.946495743437657577e-01 2.960870111524536996e-03
1.844356592524180050e-01 3.402841804412151672e-03
1.744024037713049202e-01 3.589151323891377754e-03
1.645464220095271546e-01 3.542890030054111905e-03
1.548669904145051068e-01 3.286922412793318038e-03
1.453660179559312648e-01 2.844169834167707689e-03
1.360479158742059214e-01 2.237844195753221910e-03
1.269193909269904774e-01 1.491618973299344009e-03
1.179891863926738477e-01 6.297324291604303181e-04
1.092677931815188019e-01 -3.229760462537603627e-04
1.007671500787435948e-01 -1.341090957525492566e-03
9.250034815534742549e-02 -2.398698656612963109e-03
8.448135033434002461e-02 -3.469508308981253397e-03
7.672473340520580276e-02 -4.527005629485707228e-03
6.924545667107617763e-02 -5.544629637145047363e-03
6.205865897899385392e-02 -6.495963685036913043e-03
5.517948410935566428e-02 -7.354933289138908259e-03
4.862293331003822439e-02 -8.096004619415453352e-03
4.240374304890558860e-02 -8.694378801293832504e-03
3.653628571456729590e-02 -9.126178331497701232e-03
3.103449091685739000e-02 -9.368622904279932245e-03
2.591178513848791526e-02 -9.400192765231662681e-03
2.118104769837754822e-02 -9.200778370215323410e-03
1.685458125306217581e-02 -8.751815646299218598e-03
1.294409534800523495e-02 -8.036406553651042825e-03
9.460701810157207126e-03 -7.039424956472834817e-03
6.414921030539318114e-03 -5.747608049965213795e-03
3.816698411209975238e-03 -4.149633779124905011e-03
1.675430439386830844e-03 -2.236184841087638341e-03
0.000000000000000000e+00 0.000000000000000000e+00
-1.181990805118430859e-03 2.532066009644178169e-03
-1.843426839481534206e-03 5.330676371640126129e-03
-1.976885633619314409e-03 8.395657169478978540e-03
-1.575403124634971140e-03 1.172397071626625140e-02
-6.324359431428942802e-04 1.530971947859244460e-02
8.581680182491013137e-04 1.914415909402472638e-02
2.902190362875128188e-03 2.321571944033069823e-02
5.505053732881010423e-03 2.751003276455084301e-02
8.671823406199655887e-03 3.200996795027309660e-02
1.240719799027916945e-02 3.669567010653064509e-02
1.671548799686895653e-02 4.154460481917579551e-02
2.160058080171043185e-02 4.653160663581241280e-02
2.706589020666319914e-02 5.162893168146367312e-02
3.311428855498679130e-02 5.680631474869592135e-02
3.974801914055602764e-02 6.203103179699872433e-02
4.696858655093061330e-02 6.726796955183919624e-02
5.477662266171644256e-02 7.247970482438732820e-02
6.317172634263749920e-02 7.762659727152428080e-02
7.215227564669468574e-02 8.266690054787692588e-02
8.171521244353385782e-02 8.755689809310115979e-02
9.185580123163573918e-02 9.225107102214030741e-02
1.025673662972203803e-01 9.670230655526423913e-02
1.138410144953344860e-01 1.008621558850462535e-01
1.256653546226574047e-01 1.046811500216101587e-01
1.380262283989474315e-01 1.081091806550994183e-01
1.509064720617841193e-01 1.110959501292582141e-01
1.642857309050433645e-01 1.135914900540094252e-01
1.781403509988925826e-01 1.155467419390552863e-01
1.924433720032579787e-01 1.169141858629748620e-01
2.061734641423138281e-01 1.177105955264590026e-01
2.191656915741505007e-01 1.183063819541685102e-01
2.324407504787443512e-01 1.187688320774772516e-01
2.459848825216134627e-01 1.190964180041313575e-01
2.597840384937969427e-01 1.192880063096763837e-01
2.738238979226981784e-01 1.193428613229637891e-01
2.880898890376977217e-01 1.192606456481762195e-01
3.025672089970417034e-01 1.190414180636422403e-01
3.172408442842509224e-01 1.186856289635723483e-01
3.320955911854667209e-01 1.181941135314597546e-01
3.471160762636439912e-01 1.175680828529803990e-01
3.622867767511775972e-01 1.168091131915830333e-01
3.775920407892462416e-01 1.159191336614259493e-01
3.930161074496941187e-01 1.149004125398073450e-01
4.085431264834420984e-01 1.137555424647211932e-01
4.241571777480301897e-01 1.124874247626928697e-01
4.398422902757124220e-01 1.110992531477092982e-01
4.555824609523584923e-01 1.095944970240226302e-01
4.713616727860389655e-01 1.079768846140969629e-01
4.871639127524021173e-01 1.062503861182588633e-01
5.029731892115957281e-01 1.044191970950330006e-01
5.187735488983952203e-01 1.024877222310603964e-01
5.345490934932290994e-01 1.004605596473114454e-01
5.502839957868265186e-01 9.834248586445853979e-02
5.659625154551856108e-01 9.613844152521031083e-02
5.815690144643986814e-01 9.385351794560771455e-02
5.970879721265718310e-01 9.149294454120845965e-02
6.125039998286457843e-01 8.906207714821381960e-02
6.278018554553987940e-01 8.656638723437885818e-02
6.429664575263698278e-01 8.401145197043194401e-02
6.579828990639705610e-01 8.140294511012810541e-02
6.728364612067813111e-01 7.874662860635021910e-02
6.875126265780890922e-01 7.604834487219433448e-02
7.019970924152746372e-01 7.331400958002755319e-02
7.162757834608649565e-01 7.054960487833239480e-02
7.303348646111018638e-01 6.776117289594726922e-02
7.441607533129164231e-01 6.495480939621442462e-02
7.577401316954065491e-01 6.213665743963832366e-02
7.710599584174732124e-01 5.931290091295851608e-02
7.841074802092924401e-01 5.648975778502576817e-02
7.968702430819789573e-01 5.367347295543992841e-02
8.093361031771802994e-01 5.087031057043017723e-02
8.214932372265858485e-01 4.808654569173632931e-02
8.333301525904651674e-01 4.532845521804276107e-02
8.448356968444279413e-01 4.260230797455798885e-02
8.559990668846425566e-01 3.991435390429155100e-02
8.668098175237295422e-01 3.727081231412645440e-02
8.772578695524476666e-01 3.467785914954588794e-02
8.873335172460291576e-01 3.214161329345917306e-02
8.970274352985081467e-01 2.966812190660500503e-02
9.063306851735410952e-01 2.726334484906602768e-02
9.152347208658663247e-01 2.493313824414492702e-02
9.237313940735919493e-01 2.268323726681617525e-02
9.318129587877640452e-01 2.051923825882730895e-02
9.394720753119826240e-01 1.844658029092743207e-02
9.467018137310637682e-01 1.647052630933071304e-02
9.534956568536994137e-01 1.459614401808683598e-02
9.598475026596230419e-01 1.282828666128920866e-02
9.657516662867570156e-01 1.117157387878306776e-02
9.712028815981170737e-01 9.630372816080427084e-03
9.761963023717223908e-01 8.208779673421730955e-03
9.807275031593224446e-01 6.910601880271764925e-03
9.847924798613520991e-01 5.739341079972852359e-03
9.883876500660770947e-01 4.698177104816874360e-03
9.915098532003961962e-01 3.789953114518016582e-03
9.941563505382194910e-01 3.017162061067666864e-03
9.963248251097597263e-01 2.381934630401245576e-03
9.980133815515190854e-01 1.886028796392248252e-03
9.992205459323066918e-01 1.530821105648596777e-03
9.999452655853576788e-01 1.317299792688953830e-03
1.000000000000000000e+00 1.246059804614032835e-03
