1.000000000000000000e+00 -1.679387852811563839e-03
9.997066864960446608e-01 -1.718858231797330653e-03
9.989630369349111749e-01 -1.837145947561549288e-03
9.977244440446699780e-01 -2.033881634892593330e-03
9.959921414668990725e-01 -2.308452665057958691e-03
9.937678544502870359e-01 -2.660007564879942124e-03
9.910537980063749419e-01 -3.087462102656099786e-03
9.878526745458185987e-01 -3.589506942283673951e-03
9.841676710006423967e-01 -4.164616741784354752e-03
9.800024554390464049e-01 -4.811060549458003217e-03
9.753611731803413232e-01 -5.526913330531804669e-03
9.702484424185254808e-01 -6.310068439779683430e-03
9.646693493638474060e-01 -7.158250841480428422e-03
9.586294429124518901e-01 -8.069030867518877520e-03
9.521347288548319687e-01 -9.039838297617716623e-03
9.451916636343401512e-01 -1.006797654273849235e-02
9.378071476674285645e-01 -1.115063671368954692e-02
9.299885182375858816e-01 -1.228491136191501437e-02
9.217435419751297543e-01 -1.346780768824589782e-02
9.130804069351055041e-01 -1.469626002793673024e-02
9.040077142855130754e-01 -1.596714143637810793e-02
8.945344696179803323e-01 -1.727727421921644926e-02
8.846700738927906205e-01 -1.862343927288581669e-02
8.744243140299052808e-01 -2.000238412640223049e-02
8.638073531572663111e-01 -2.141082960225758683e-02
8.528297205272697967e-01 -2.284547504291910974e-02
8.415023011118663021e-01 -2.430300207928782000e-02
8.298363248862611341e-01 -2.578007694799601748e-02
8.178433558107238710e-01 -2.727335139506415623e-02
8.055352805195233890e-01 -2.877946223368366835e-02
7.929242967255393237e-01 -3.029502965317539681e-02
7.800229013486725815e-01 -3.181665440398614986e-02
7.668438783757717259e-01 -3.334091400941049943e-02
7.534002864594601112e-01 -3.486435817808059001e-02
7.397054462629722993e-01 -3.638350361172457137e-02
7.257729275579090089e-01 -3.789482841983897454e-02
7.116165360817199304e-01 -3.939476636642252200e-02
6.972503001616897622e-01 -4.087970118348255993e-02
6.826884571123065237e-01 -4.234596119142720883e-02
6.679454394130589501e-01 -4.378981446754352802e-02
6.530358606740115368e-01 -4.520746480044258997e-02
6.379745013969029266e-01 -4.659504866061747047e-02
6.227762945400087125e-01 -4.794863340516524602e-02
6.074563108956170243e-01 -4.926421691840736361e-02
5.920297442896597095e-01 -5.053772886980271994e-02
5.765118966138216283e-01 -5.176503374646375388e-02
5.609181627013154481e-01 -5.294193579009410372e-02
5.452640150584330270e-01 -5.406418593766569580e-02
5.295649884649678008e-01 -5.512749083210091716e-02
5.138366644576243258e-01 -5.612752393411981483e-02
4.980946557115780715e-01 -5.705993872979724102e-02
4.823545903364093723e-01 -5.792038399082415079e-02
4.666320961036878323e-01 -5.870452100657611721e-02
4.509427846245114835e-01 -5.940804266947457418e-02
4.353022354963017593e-01 -6.002669425838993988e-02
4.197259804390870430e-01 -6.055629572959946028e-02
4.042294874423767448e-01 -6.099276529165867378e-02
3.888281449445049054e-01 -6.133214401005140926e-02
3.735372460669996730e-01 -6.157062116017811976e-02
3.583719729271001020e-01 -6.170456002361901504e-02
3.433473810519778735e-01 -6.173052380310850573e-02
3.284783839185246856e-01 -6.164530131665924007e-02
3.137797376427203799e-01 -6.144593212109984715e-02
2.992660258426056985e-01 -6.112973071017942239e-02
2.849516446987299667e-01 -6.069430943252235311e-02
2.708507882356378516e-01 -6.013759978017547969e-02
2.569774338474928310e-01 -5.945787170929349441e-02
2.433453280903115634e-01 -5.865375067058153924e-02
2.299679727625104364e-01 -5.772423204831346466e-02
2.168586112945433408e-01 -5.666869273283227371e-02
2.040302154673547530e-01 -5.548689958211083795e-02
1.938426657215880922e-01 -5.519962226262399574e-02
1.822053539336249695e-01 -5.418973888836774166e-02
1.709161066480050506e-01 -5.314238088008531313e-02
1.599739670789780410e-01 -5.206005854826208090e-02
1.493774991258078888e-01 -5.094401114911648043e-02
1.391249727601237551e-01 -4.979431358891142634e-02
1.292145531692938110e-01 -4.860997911123492166e-02
1.196444885705610361e-01 -4.738905575062682396e-02
1.104132913332670080e-01 -4.612871518372051172e-02
1.015199070825015260e-01 -4.482533350513519949e-02
9.296386681330415236e-02 -4.347456432898439554e-02
8.474541769826421378e-02 -4.207140539741874991e-02
7.686562917466263634e-02 -4.061026050279917254e-02
6.932647198054292526e-02 -3.908499895318892636e-02
6.213086898903896066e-02 -3.748901500577617868e-02
5.528271787922624941e-02 -3.581528965630025041e-02
4.878688679674363093e-02 -3.405645692314328288e-02
4.264918512807446688e-02 -3.220487633928786897e-02
3.687631228655459392e-02 -3.025271281330699225e-02
3.147578795483527148e-02 -2.819202439754069783e-02
2.645586753773584293e-02 -2.601485786289227387e-02
2.182544666010975687e-02 -2.371335137470838988e-02
1.759395842032462215e-02 -2.127984303265623156e-02
1.377126681518244314e-02 -1.870698360702476026e-02
1.036755932587076628e-02 -1.598785148954775734e-02
7.393241137187156649e-03 -1.311606768202819989e-02
4.858832891980628677e-03 -1.008590856421946735e-02
2.774873293224742847e-03 -6.892414199521104852e-03
1.151827285649416679e-03 -3.531490034054624114e-03
0.000000000000000000e+00 0.000000000000000000e+00
-6.583876513810168031e-04 3.655885119957847252e-03
-8.016017214963018153e-04 7.388467397732968213e-03
-4.207974950606254046e-04 1.119632045773055751e-02
4.920575483350784693e-04 1.507599789700535611e-02
1.944100078991575255e-03 1.902203417888758893e-02
3.941482456128834848e-03 2.302697318352284889e-02
6.489279640928055128e-03 2.708142507352599704e-02
9.591392211259168812e-03 3.117415192957845305e-02
1.325044678532120296e-02 3.529218236503378625e-02
1.746769575001119734e-02 3.942095502207374619e-02
2.224291875921995468e-02 4.354449046872671536e-02
2.757432898367418589e-02 4.764559054490816181e-02
3.345848751927522902e-02 5.170606364269150768e-02
3.989022965475439580e-02 5.570697375699840137e-02
4.686260682259325155e-02 5.962891042500764044e-02
5.436684797559349080e-02 6.345227591528612709e-02
6.239234382139382390e-02 6.715758527210249906e-02
7.092665679972071091e-02 7.072577411724148555e-02
7.995555891213412814e-02 7.413850851700035105e-02
8.946309854255113381e-02 7.737849079201167268e-02
9.943169629104257889e-02 8.042975493173044887e-02
1.098422686536498216e-01 8.327794531046561755e-02
1.206743772002465964e-01 8.591057270576986371e-02
1.319063998184649145e-01 8.831724218864361875e-02
1.435157196876446495e-01 9.048984826103978474e-02
1.554789269923332329e-01 9.242273361131740639e-02
1.677720280283432341e-01 9.411280897841158011e-02
1.803706563176856181e-01 9.555963278776689884e-02
1.932502806254356442e-01 9.676545037336496680e-02
2.081845322401722209e-01 9.836136909613488188e-02
2.210580108533259647e-01 9.884914255461223209e-02
2.342052322584931290e-01 9.919568355920012348e-02
2.476132561593175629e-01 9.940192494766017517e-02
2.612688920507921786e-01 9.946920361695683888e-02
2.751587120248153995e-01 9.939925135727477323e-02
2.892690637361973738e-01 9.919418256188514138e-02
3.035860835226137922e-01 9.885647905799054003e-02
3.180957096726019229e-01 9.838897233436298684e-02
3.327836958361841679e-01 9.779482346768872403e-02
3.476356245730747863e-01 9.707750107074344936e-02
3.626369210336707338e-01 9.624075760160605286e-02
3.777728667681456987e-01 9.528860438393091381e-02
3.930286136589528079e-01 9.422528569376703578e-02
4.083891979718988763e-01 9.305525226854993726e-02
4.238395545206823378e-01 9.178313458878863129e-02
4.393645309393940934e-01 9.041371627280242462e-02
4.549489020569743025e-01 8.895190790986925999e-02
4.705773843669990297e-01 8.740272163765230862e-02
4.862346505854625578e-01 8.577124674615220490e-02
5.019053442884221505e-01 8.406262656313055748e-02
5.175740946205039661e-01 8.228203684545840058e-02
5.332255310643456703e-01 8.043466586769137949e-02
5.488442982600815201e-01 7.852569636393764985e-02
5.644150708629890323e-01 7.656028944234825884e-02
5.799225684264095459e-01 7.454357055394121578e-02
5.953515702960651135e-01 7.248061755957808938e-02
6.106869305009257065e-01 7.037645090135837000e-02
6.259135926248463599e-01 6.823602584807909877e-02
6.410166046423264596e-01 6.606422674929708638e-02
6.559811337009361365e-01 6.386586319947427925e-02
6.707924808322326404e-01 6.164566798318067697e-02
6.854360955723716176e-01 5.940829664483070205e-02
6.998975904730909692e-01 5.715832850233810297e-02
7.141627554833529512e-01 5.490026890372636664e-02
7.282175721816377401e-01 5.263855250940632780e-02
7.420482278387433572e-01 5.037754737072787370e-02
7.556411292909112065e-01 4.812155956766860088e-02
7.689829166032252639e-01 4.587483816519047353e-02
7.820604765034582240e-01 4.364158024887283827e-02
7.948609555669338134e-01 4.142593580581799967e-02
8.073717731334532077e-01 3.923201222637758695e-02
8.195806339379658745e-01 3.706387821573575020e-02
8.314755404373911363e-01 3.492556692151538994e-02
8.430448048168224240e-01 3.282107810401700687e-02
8.542770606592776650e-01 3.075437919903896422e-02
8.651612742641454634e-01 2.872940514903706347e-02
8.756867556005543118e-01 2.675005690617649964e-02
8.858431688829988548e-01 2.482019854009512305e-02
8.956205427577103029e-01 2.294365291342536847e-02
9.050092800894343759e-01 2.112419591874314592e-02
9.140001673394564374e-01 1.936554930112000319e-02
9.225843835268855431e-01 1.767137212028238938e-02
9.307535087663579842e-01 1.604525093503027938e-02
9.384995323764351305e-01 1.449068881953371329e-02
9.458148605540280807e-01 1.301109334594995059e-02
9.526923236111876081e-01 1.160976369005600056e-02
9.591251827715291389e-01 1.028987703590998962e-02
9.651071365244041633e-01 9.054474471599648078e-03
9.706323265357000851e-01 7.906446580655437928e-03
9.756953431148123190e-01 6.848518942489606812e-03
9.802912302378968823e-01 5.883237760135715151e-03
9.844154901279886793e-01 5.012955834538062282e-03
9.880640873929288359e-01 4.239819101667529136e-03
9.912334527223138902e-01 3.565753941899417467e-03
9.939204861448507344e-01 2.992455460499759620e-03
9.961225598475789145e-01 2.521376923935703205e-03
9.978375205584100183e-01 2.153720519308907535e-03
9.990636914933603840e-01 1.890429583823323347e-03
9.997998738696869392e-01 1.732182428206074411e-03
1.000000000000000000e+00 1.679387852811563839e-03
