1.000000000000000000e+00 -8.279226940431294243e-04
9.996075017295033005e-01 -8.083867649917272132e-04
9.988560661618546277e-01 -7.498487308428282124e-04
9.976045745200579073e-01 -6.525177753100816795e-04
9.958543766482941262e-01 -5.167422821955668750e-04
9.936073591158102181e-01 -3.430094354241926009e-04
9.908659420317970090e-01 -1.319446266993097930e-04
9.876330749888758698e-01 1.156893607355447169e-04
9.839122321631076362e-01 3.989934315119661803e-04
9.797074066034822115e-01 7.169335668808819728e-04
9.750231037482472995e-01 1.068342574735796184e-03
9.698643342091020081e-01 1.451922257441502599e-03
9.642366058671577589e-01 1.866246057218590333e-03
9.581459153266194129e-01 2.309762240593354193e-03
9.515987387733279013e-01 2.780797683633737076e-03
9.446020222856423842e-01 3.277562318298244022e-03
9.371631716446449101e-01 3.798154297191523761e-03
9.292900416893575821e-01 4.340565929350692111e-03
9.209909252606279795e-01 4.902690433404742996e-03
9.122745417746682683e-01 5.482329546613271334e-03
9.031500254639772685e-01 6.077202018990292276e-03
8.936269133196802494e-01 6.684953011062932243e-03
8.837151327652847943e-01 7.303164401952919743e-03
8.734249890876126798e-01 7.929366001562939206e-03
8.627671526463409624e-01 8.561047646896637400e-03
8.517526458793265309e-01 9.195672148147714803e-03
8.403928301168125392e-01 9.830689035396474040e-03
8.286993922138393698e-01 1.046354904178834443e-02
8.166843310068515605e-01 1.109171924420328248e-02
8.043599435976763745e-01 1.171269876790758183e-02
7.917388114658441278e-01 1.232403494778922318e-02
7.788337864087249152e-01 1.292333982576070531e-02
7.656579763081651224e-01 1.350830685203962059e-02
7.522247307222991175e-01 1.407672764752130115e-02
7.385476263019645771e-01 1.462650867557106077e-02
7.246404520326420462e-01 1.515568766449659766e-02
7.105171943050626604e-01 1.566244961689160914e-02
6.961920218204578070e-01 1.614514223913208688e-02
6.816792703398564246e-01 1.660229062367228961e-02
6.669934272906802297e-01 1.703261101852429626e-02
6.521491162481004578e-01 1.743502352245730747e-02
6.371610813130145212e-01 1.780866355103730148e-02
6.220441714129667510e-01 1.815289192761207482e-02
6.068133245567045586e-01 1.846730346466269462e-02
5.914835520772032673e-01 1.875173391448002602e-02
5.760699229017295364e-01 1.900626518373228074e-02
5.605875478907388354e-01 1.923122872397961536e-02
5.450515642899590452e-01 1.942720702934271071e-02
5.294771203417967254e-01 1.959503319308415065e-02
5.138793601031159675e-01 1.973578849653644107e-02
4.982734085164067794e-01 1.985079802629598211e-02
4.826743567803206125e-01 1.994162433857611660e-02
4.670972480634956181e-01 2.001005921273284888e-02
4.515570636025009188e-01 2.005811355889857567e-02
4.360687092206533277e-01 2.008800556703382867e-02
4.206470022994350799e-01 2.010214720618960088e-02
4.053066592283664504e-01 2.010312920303419099e-02
3.900622833525656530e-01 2.009370464741500051e-02
3.749283534299875376e-01 2.007677138961170421e-02
3.599192126026369287e-01 2.005535340871696798e-02
3.450490578780523454e-01 2.003258134402411544e-02
3.303319301092483840e-01 2.001167239120758140e-02
3.157817044532634232e-01 1.999590977228777461e-02
3.014120812806862504e-01 1.998862199276611046e-02
2.877974718294197265e-01 1.990844897058362262e-02
2.744399230969351566e-01 1.964124037318890764e-02
2.612862206822320621e-01 1.919870708533287507e-02
2.483452124780096693e-01 1.859403705327625916e-02
2.356257389009620840e-01 1.784081121592447777e-02
2.231366626477524762e-01 1.695295778901221434e-02
2.108868935474776385e-01 1.594470766618066859e-02
1.988854081220290670e-01 1.483055053232858883e-02
1.871412636271674312e-01 1.362519129112056693e-02
1.756636064989312296e-01 1.234350643798547836e-02
1.644616752675475135e-01 1.100050005784743157e-02
1.535447981211188195e-01 9.611259188298366951e-03
1.429223854022798335e-01 8.190908359047656406e-03
1.326039174022686229e-01 6.754563192668268379e-03
1.225989278789888226e-01 5.317283025845637168e-03
1.129169837700109563e-01 3.894022581155592855e-03
1.035676615999597400e-01 2.499582784237171923e-03
9.456052109653022286e-02 1.148560878226598941e-03
8.590507653278182942e-02 -1.446999646720938115e-04
7.761076630756978678e-02 -1.366161296124247804e-03
6.968692126305373047e-02 -2.502140041825900302e-03
6.214273221995354757e-02 -3.539358861855849969e-03
5.498721718909183737e-02 -4.464995922955468377e-03
4.822918869297623812e-02 -5.266733780910354615e-03
4.187722160461450349e-02 -5.932807074365397532e-03
3.593962188306477207e-02 -6.452048740297313192e-03
3.042439655681370217e-02 -6.813934475032042137e-03
2.533922527715297413e-02 -7.008625182225562862e-03
2.069143373438679656e-02 -7.027007169798291791e-03
1.648796919990899723e-02 -6.860729880697134450e-03
1.273537842684568759e-02 -6.502240966920791107e-03
9.439788110938245741e-03 -5.944818541946162577e-03
6.606888081475336891e-03 -5.182600473082143652e-03
4.241917359243204191e-03 -4.210610601976748878e-03
2.349653184498075829e-03 -3.024781808195330362e-03
9.344030827897075895e-04 -1.621975857204373999e-03
0.000000000000000000e+00 0.000000000000000000e+00
-4.409634485213076048e-04 1.819270550020845060e-03
-3.763816127696350145e-04 3.812792503321442861e-03
1.961180376767995143e-04 5.979259374683311944e-03
1.278410604046897794e-03 8.315993968837738157e-03
2.871871293924095365e-03 1.081895665145731975e-02
4.977370844465591262e-03 1.348276017986252233e-02
7.595268861343678311e-03 1.630069098669321287e-02
1.072540513698212565e-02 1.926473679678934042e-02
1.436708904590407350e-02 2.236562044574124525e-02
1.851908714803276665e-02 2.559283975791510485e-02
2.317960916270977653e-02 2.893471333212590396e-02
2.834629250713414927e-02 3.237843207433054038e-02
3.401618562304262183e-02 3.591011630852387893e-02
4.018573034488880785e-02 3.951487828911244560e-02
4.685074359167866465e-02 4.317688993000844827e-02
5.400639869308267865e-02 4.687945555702342781e-02
6.164720668848667345e-02 5.060508948022336695e-02
6.976699796520309527e-02 5.433559817103066070e-02
7.835890462890805763e-02 5.805216681421025704e-02
8.741534402509291979e-02 6.173544998659091787e-02
9.692800385429863053e-02 6.536566619155267932e-02
1.068878293452220352e-01 6.892269595007738392e-02
1.172850129672717984e-01 7.238618311473687950e-02
1.281089871763088361e-01 7.573563903177657486e-02
1.393484206923337188e-01 7.895054912811433345e-02
1.509912188037637604e-01 8.201048144468842116e-02
1.630245281774170552e-01 8.489519657570573918e-02
1.754347466241431563e-01 8.758475840615083385e-02
1.882075382249946693e-01 9.005964496927426621e-02
2.013278541600493354e-01 9.230085867430340429e-02
2.147799595001168294e-01 9.429003508566891067e-02
2.285474661200414814e-01 9.600954937265340772e-02
2.426133717716194571e-01 9.744261949710864013e-02
2.569601052160529475e-01 9.857340517162398175e-02
2.715695771635180944e-01 9.938710160610242372e-02
2.864232366055076140e-01 9.987002707155069603e-02
3.014400280845332403e-01 1.000108799749176991e-01
3.160937428620588796e-01 9.994188344353560627e-02
3.309301496454604696e-01 9.975854950169818491e-02
3.459339477470003144e-01 9.946060800418599079e-02
3.610896813581339071e-01 9.904812705551108154e-02
3.763817594051578341e-01 9.852150920756067021e-02
3.917944752508920603e-01 9.788148633321216985e-02
4.073120261859091706e-01 9.712911332427431876e-02
4.229185326603343009e-01 9.626576076399986914e-02
4.385980572150425250e-01 9.529310672372694191e-02
4.543346230789848672e-01 9.421312783002930291e-02
4.701122324071912439e-01 9.302808974322773761e-02
4.859148841415513176e-01 9.174053718040177385e-02
5.017265914835934426e-01 9.035328360635708211e-02
5.175313989750123245e-01 8.886940070458396179e-02
5.333133991875167457e-01 8.729220772735188372e-02
5.490567490285555019e-01 8.562526081001645140e-02
5.647456856735656450e-01 8.387234231966561593e-02
5.803645421385016379e-01 8.203745029272030420e-02
5.958977625085215557e-01 8.012478800034932014e-02
6.113299168398381722e-01 7.813875366487460505e-02
6.266457157518883214e-01 7.608393033504393110e-02
6.418300247262148650e-01 7.396507591342947607e-02
6.568678781268472155e-01 7.178711331555386044e-02
6.717444929546113608e-01 6.955512072790395739e-02
6.864452823448217167e-01 6.727432192099891406e-02
7.009558688143229244e-01 6.495007656432828791e-02
7.152620972600102212e-01 6.258787048243205642e-02
7.293500477069047028e-01 6.019330578578502289e-02
7.432060477997510795e-01 5.777209080655907464e-02
7.568166850280722002e-01 5.533002976781915827e-02
7.701688186708318673e-01 5.287301211526682088e-02
7.832495914434058903e-01 5.040700144325771515e-02
7.960464408266290093e-01 4.793802395140438211e-02
8.085471100553002222e-01 4.547215637454421477e-02
8.207396587418381850e-01 4.301551333705656149e-02
8.326124731098129006e-01 4.057423409228694960e-02
8.441542758118761869e-01 3.815446861899368658e-02
8.553541353072209308e-01 3.576236305904180457e-02
8.662014747750708121e-01 3.340404449381031982e-02
8.766860805428469128e-01 3.108560507069096923e-02
8.867981100105046810e-01 2.881308550538415683e-02
8.965280990560103858e-01 2.659245800018315495e-02
9.058669689109701828e-01 2.442960863279961675e-02
9.148060324998936732e-01 2.233031928428537427e-02
9.233370002413873179e-01 2.030024918797387196e-02
9.314519853145862838e-01 1.834491619387300723e-02
9.391435083992187849e-01 1.646967785436421333e-02
9.464045019027258476e-01 1.467971244719573631e-02
9.532283136926916756e-01 1.298000006041763466e-02
9.596087103573616162e-01 1.137530387094569037e-02
9.655398800210938104e-01 9.870151753721793930e-03
9.710164347451235578e-01 8.468818361868166861e-03
9.760334125469063427e-01 7.175307819737879698e-03
9.805862790734610757e-01 5.993337170309166566e-03
9.846709289655234398e-01 4.926320715947007066e-03
9.882836869498715648e-01 3.977355387182341870e-03
9.914213086968918232e-01 3.149207267898690866e-03
9.940809814793275523e-01 2.444299397239272330e-03
9.962603246661838607e-01 1.864700958773223092e-03
9.979573900830220889e-01 1.412117956117718912e-03
9.991706622664169313e-01 1.087885461463893814e-03
9.998990586362282995e-01 8.929615094781752013e-04
1.000000000000000000e+00 8.279226940431294243e-04
