1.000000000000000000e+00 -8.340165443289998754e-04
9.996504989849391842e-01 -8.273337537670116728e-04
9.989025091118632904e-01 -8.073395363459830512e-04
9.976567496024096870e-01 -7.741963114406495271e-04
9.959145543328836725e-01 -7.281746283711392452e-04
9.936777876564631962e-01 -6.696529248941567774e-04
9.909488413544302876e-01 -5.991171553750335079e-04
9.877306307512944139e-01 -5.171602558284127231e-04
9.840265900190575676e-01 -4.244814049140851076e-04
9.798406667004123660e-01 -3.218850327987268951e-04
9.751773154846211655e-01 -2.102795237201083613e-04
9.700414912731145645e-01 -9.067555327366616166e-05
9.644386415744107266e-01 3.581600198546922714e-05
9.583746982697710637e-01 1.679866469530780920e-04
9.518560687920490926e-01 3.045334070588866585e-04
9.448896267604498522e-01 4.440625873667197743e-04
9.374827021134447547e-01 5.850942120410526637e-04
9.296430707808995830e-01 7.260671998572535216e-04
9.213789439346313781e-01 8.653453251125844264e-04
9.126989568542193121e-01 1.001224005386503954e-03
9.036121574419991864e-01 1.131937948197216451e-03
8.941279944179139072e-01 1.255669677819192323e-03
8.842563052213631147e-01 1.370558951520363389e-03
8.740073036435229703e-01 1.474713061414327508e-03
8.633915672099049532e-01 1.566218004204303002e-03
8.524200243293228452e-01 1.643150486537165930e-03
8.411039412220534528e-01 1.703590718728288309e-03
8.294549086369104041e-01 1.745635934503685094e-03
8.174848283643312286e-01 1.767414559406703389e-03
8.052058995504596250e-01 1.767100935886035951e-03
7.926306048156848139e-01 1.742930499101017633e-03
7.797716961802321212e-01 1.693215284402641713e-03
7.666421807991997683e-01 1.616359635540496470e-03
7.532553065099474310e-01 1.510875972148165852e-03
7.396245471959350670e-01 1.375400466198339194e-03
7.257635879729581463e-01 1.208708470106765326e-03
7.116863102062001012e-01 1.009729534175173721e-03
6.974067763695048772e-01 7.775618482541331311e-04
6.829392147617354691e-01 5.114859419929444762e-04
6.682980040988530934e-01 2.109774799093563913e-04
6.534976580043655447e-01 -1.242810081984770110e-04
6.385528094248764663e-01 -4.943896142573858676e-04
6.234781950015020335e-01 -8.992218999896370302e-04
6.082886394317631451e-01 -1.338417238269405674e-03
5.929990398600628598e-01 -1.811374766359730160e-03
5.776243503378792887e-01 -2.317249053956457749e-03
5.621795663972337653e-01 -2.854947571449932553e-03
5.466797097826882057e-01 -3.423130024679189171e-03
5.311398133880103067e-01 -4.020209601958275175e-03
5.155749064436264684e-01 -4.644356157585658590e-03
5.000000000000001110e-01 -5.293501333714367707e-03
4.844300727501069104e-01 -5.965345599689711453e-03
4.688800572312061821e-01 -6.657367165090220112e-03
4.533648264421533680e-01 -7.366832700081142604e-03
4.378991809076172581e-01 -8.090809774650327413e-03
4.224978362148141819e-01 -8.826180907185801616e-03
4.071754110418639439e-01 -9.569659092994377281e-03
3.919464156897214946e-01 -1.031780466506550253e-02
3.768252411219844000e-01 -1.106704332293607929e-02
3.618261485088951068e-01 -1.181368515117195428e-02
3.469632592636969215e-01 -1.255394443697454773e-02
3.322505455513751760e-01 -1.328396008693662547e-02
3.177018212418843968e-01 -1.399981643616255572e-02
3.033307332724355931e-01 -1.469756423894094666e-02
2.891507533764695048e-01 -1.537324162897976340e-02
2.751751701307504905e-01 -1.602289483890544097e-02
2.614170812667508947e-01 -1.664259847326470323e-02
2.478893861882885963e-01 -1.722847513658263413e-02
2.346047786343724573e-01 -1.777671422801467907e-02
2.215757394244832756e-01 -1.828358972663041496e-02
2.088145292231571026e-01 -1.874547680619651630e-02
1.963331812617794270e-01 -1.915886713526240501e-02
1.841434939579560670e-01 -1.952038273713948072e-02
1.722570233766737013e-01 -1.982678830472738712e-02
1.606850754826620875e-01 -2.007500188677299041e-02
1.494386981398223846e-01 -2.026210388473544469e-02
1.385286728211941043e-01 -2.038534432264168389e-02
1.279655060015519041e-01 -2.044214837581629154e-02
1.177594202141918761e-01 -2.043012016781961537e-02
1.079203447636016694e-01 -2.034704486799430306e-02
9.845790609632242008e-02 -2.019088914437887697e-02
8.938141784316401550e-02 -1.995980004808313446e-02
8.069987055684704758e-02 -1.965210242524172146e-02
7.242192117985514488e-02 -1.926629497109402789e-02
6.455588228759694125e-02 -1.880104505733349446e-02
5.710971116167053163e-02 -1.825518247840631630e-02
5.009099875688807768e-02 -1.762769227473066219e-02
4.350695863358063076e-02 -1.691770680069499058e-02
3.736441593337717221e-02 -1.612449721265781996e-02
3.166979648200137637e-02 -1.524746455692507947e-02
2.642911610653809334e-02 -1.428613063977695642e-02
2.164797025698323926e-02 -1.324012886104053086e-02
1.733152402266345538e-02 -1.210919518948412252e-02
1.348450263325339828e-02 -1.089315945250305014e-02
1.011118253163750813e-02 -9.591937104269646769e-03
7.215383101801243343e-03 -8.205521625863364948e-03
4.800459129350004642e-03 -6.733977698034671229e-03
2.869294065259102907e-03 -5.177435272383915967e-03
1.424294155163276319e-03 -3.536084650060449582e-03
4.673834870707230900e-04 -1.810172658852555279e-03
0.000000000000000000e+00 0.000000000000000000e+00
2.605614719767686770e-05 1.869370806004403167e-03
5.489774165651647130e-04 3.772643610626115213e-03
1.568741331660900799e-03 5.708817750523256969e-03
3.084839556172230476e-03 7.676482864175745817e-03
5.096276303061097329e-03 9.673826137008765397e-03
7.601566739673769856e-03 1.169864252762210094e-02
1.059873542799927813e-02 1.374834787852247282e-02
1.408531484870546684e-02 1.581999478816821861e-02
1.805834406607380663e-02 1.791029109598009372e-02
2.251436759830837547e-02 2.001562080852854059e-02
2.744943456377316876e-02 2.213206727365140541e-02
3.285909817837148056e-02 2.425543839001547894e-02
3.873841568243822919e-02 2.638129362283432935e-02
4.508194877709256754e-02 2.850497258226998565e-02
5.188376464996168058e-02 3.062162490963212663e-02
5.913743766853947481e-02 3.272624120796359393e-02
6.683605181620132230e-02 3.481368474804258373e-02
7.497220394113787711e-02 3.687872367828954473e-02
8.353800788227426499e-02 3.891606346754281076e-02
9.252509952873023968e-02 4.092037931313045884e-02
1.019246428607079175e-01 4.288634825304864923e-02
1.117273370100189817e-01 4.480868073024787956e-02
1.219234243679885032e-01 4.668215136888716199e-02
1.325026997573945653e-01 4.850162873676230196e-02
1.434545206736301537e-01 5.026210388473545398e-02
1.547678185886491864e-01 5.195871747265238400e-02
1.664311112996745834e-01 5.358678531165652487e-02
1.784325162933545206e-01 5.514182217471123859e-02
1.907597650852443094e-01 5.661956375020806009e-02
2.034002184843698713e-01 5.801598663744494261e-02
2.163408827233860299e-01 5.932732630717074684e-02
2.295684263866311081e-01 6.055009297496687093e-02
2.430691980613405301e-01 6.168108535963411770e-02
2.568292446315341149e-01 6.271740232263461889e-02
2.708343301297027605e-01 6.365645240767964230e-02
2.850699550584578357e-01 6.449596132144044813e-02
2.995213760927838975e-01 6.523397741680160566e-02
3.141736260734379060e-01 6.586887525880491534e-02
3.290115342033336776e-01 6.639935737021031292e-02
3.440197463613557383e-01 6.682445426822296308e-02
3.591827454518757290e-01 6.714352291623240654e-02
3.744848717131609717e-01 6.735624372425198791e-02
3.899103429137362187e-01 6.746261623904609150e-02
4.054432743724116772e-01 6.746295366964191742e-02
4.210676987449551989e-01 6.735787639604040589e-02
4.367675855280785946e-01 6.714830460850926275e-02
4.525268602393324180e-01 6.683545022194178897e-02
4.683294232394806800e-01 6.642080820452456180e-02
4.841591681717650197e-01 6.590614745253785267e-02
5.000000000000001110e-01 6.529350133371436549e-02
5.158358526345018236e-01 6.458515801043381022e-02
5.316507061413031643e-01 6.378365064139261686e-02
5.474286035358263414e-01 6.289174754653983901e-02
5.631536671670707150e-01 6.191244240530886095e-02
5.788101147023518855e-01 6.084894454281104814e-02
5.943822747256619632e-01 5.970466934300727030e-02
6.098546019647795857e-01 5.848322881224998770e-02
6.252116921633530389e-01 5.718842230130553872e-02
6.404382966143529199e-01 5.582422737931783119e-02
6.555193363705821286e-01 5.439479083944688542e-02
6.704399161464384971e-01 5.290441980336431371e-02
6.851853379229426722e-01 5.135757288064939086e-02
6.997411142652758542e-01 4.975885132960651547e-02
7.140929813588727804e-01 4.811299015828550407e-02
7.282269117665886027e-01 4.642484909866743947e-02
7.421291269057805895e-01 4.469940338317153483e-02
7.557861092404238867e-01 4.294173425090329344e-02
7.691846141797972214e-01 4.115701911141166069e-02
7.823116816718986843e-01 3.935052129613768324e-02
7.951546474767883232e-01 3.752757933214739827e-02
8.077011541025169716e-01 3.569359567905958791e-02
8.199391613843585169e-01 3.385402487816503714e-02
8.318569566867418663e-01 3.201436107242541795e-02
8.434431647066352733e-01 3.018012486715111048e-02
8.546867568572246165e-01 2.835684951346283122e-02
8.655770602115068213e-01 2.655006640991626476e-02
8.761037659869366223e-01 2.476528993165654294e-02
8.862569375544263606e-01 2.300800161090786264e-02
8.960270179577767280e-01 2.128363370723512782e-02
9.054048369329482648e-01 1.959755222055435675e-02
9.143816174203426295e-01 1.795503941407314286e-02
9.229489815673839193e-01 1.636127592793520241e-02
9.310989562230442829e-01 1.482132257709126155e-02
9.388239779304189403e-01 1.334010193858902425e-02
9.461168974279183796e-01 1.192237984385905239e-02
9.529709836739704842e-01 1.057274690048040644e-02
9.593799274142099653e-01 9.295600175186272823e-03
9.653378443138408427e-01 8.095125175372176740e-03
9.708392776811110014e-01 6.975278269999968250e-03
9.758792008105324767e-01 5.939769692471685153e-03
9.804530189765309212e-01 4.992047267738240757e-03
9.845565711095735084e-01 4.135281003598180981e-03
9.881861311874530207e-01 3.372348681847811992e-03
9.913384093742585446e-01 2.705822578727480089e-03
9.940105529386745742e-01 2.137957436039547576e-03
9.962001469815943144e-01 1.670679794512180440e-03
9.979052150006703092e-01 1.305578789579984458e-03
9.991242193164082686e-01 1.043898496911656705e-03
9.998560613807924158e-01 8.865319009188582598e-04
1.000000000000000000e+00 8.340165443289998754e-04
