1.000000000000000000e+00 -1.049927496983407748e-03
9.997406022262507186e-01 -1.075869301297778958e-03
9.989996703618975182e-01 -1.153616304281422427e-03
9.977655984670209532e-01 -1.282933838934105118e-03
9.960396074962565294e-01 -1.463432660717208563e-03
9.938234050594670910e-01 -1.694571716448594863e-03
9.911191836979968972e-01 -1.975661957737363892e-03
9.879296186725220474e-01 -2.305871137281297577e-03
9.842578652655354920e-01 -2.684229510615928228e-03
9.801075556021406898e-01 -3.109636351542730513e-03
9.754827949934424813e-01 -3.580867176731402247e-03
9.703881578074200487e-01 -4.096581564115853169e-03
9.648286828727209441e-01 -4.655331440882078640e-03
9.588098684213562928e-01 -5.255569710239249223e-03
9.523376665767757654e-01 -5.895659081901227262e-03
9.454184773942657660e-01 -6.573880969359893398e-03
9.380591424610540408e-01 -7.288444317653922956e-03
9.302669380638989294e-01 -8.037494228420658318e-03
9.220495679323038596e-01 -8.819120254522451463e-03
9.134151555658369670e-01 -9.631364244378031597e-03
9.043722361543216071e-01 -1.047222762617202110e-02
8.949297480999404142e-01 -1.133967803420540474e-02
8.850970241505234926e-01 -1.223165519357270054e-02
8.748837821535101478e-01 -1.314607599488266595e-02
8.643001154402502051e-01 -1.408083870760906339e-02
8.533564828504796029e-01 -1.503382629857944255e-02
8.420636984069549413e-01 -1.600290884076814579e-02
8.304329206503522354e-01 -1.698594501664269299e-02
8.184756416446681282e-01 -1.798078273946688080e-02
8.062036756634688439e-01 -1.898525893487152880e-02
7.936291475674368545e-01 -1.999719854330956476e-02
7.807644808837888029e-01 -2.101441282139872996e-02
7.676223855982342581e-01 -2.203469703629871643e-02
7.542158456702765523e-01 -2.305582766186960869e-02
7.405581062827799599e-01 -2.407555919814723111e-02
7.266626608368662588e-01 -2.509162074638792567e-02
7.125432377033666942e-01 -2.610171248037553710e-02
6.982137867422145705e-01 -2.710350216066120463e-02
6.836884656013662021e-01 -2.809462184178247723e-02
6.689816258070325761e-01 -2.907266492318700060e-02
6.541077986572398917e-01 -3.003518369250967462e-02
6.390816809309771696e-01 -3.097968750501534085e-02
6.239181204254542479e-01 -3.190364173545697651e-02
6.086321013342741448e-01 -3.280446762839727554e-02
5.932387294796201971e-01 -3.367954316032439194e-02
5.777532174118655828e-01 -3.452620501183541191e-02
5.621908693903361343e-01 -3.534175173097264117e-02
5.465670662592817530e-01 -3.612344814972885676e-02
5.308972502334450283e-01 -3.686853109507370885e-02
5.151969096079482835e-01 -3.757421641390504274e-02
4.994815634075477906e-01 -3.823770730843803478e-02
4.837667459906230816e-01 -3.885620395506801661e-02
4.680679916235827576e-01 -3.942691435605458206e-02
4.524008190416515252e-01 -3.994706634985563387e-02
4.367807160122806898e-01 -4.041392068297381540e-02
4.212231239176629782e-01 -4.082478502414817884e-02
4.057434223730496115e-01 -4.117702878099697289e-02
3.903569138977454611e-01 -4.146809856015322426e-02
3.750788086557990675e-01 -4.169553409486425471e-02
3.599242092835049922e-01 -4.185698444925794320e-02
3.449080958208889935e-01 -4.195022429628773863e-02
3.300453107643540052e-01 -4.197317005699234549e-02
3.153505442576209350e-01 -4.192389568234585612e-02
3.008383194380058190e-01 -4.180064785577950609e-02
2.865229779549229305e-01 -4.160186039453846185e-02
2.724186656773073256e-01 -4.132616763145061795e-02
2.585393186063931203e-01 -4.097241656543926247e-02
2.448986490099789859e-01 -4.053967757916163150e-02
2.315101317939540493e-01 -4.002725353540974307e-02
2.183869911264504637e-01 -3.943468708022048602e-02
2.055421873295341095e-01 -3.876176599981941834e-02
1.929884040528480615e-01 -3.800852650032832125e-02
1.807380357430874995e-01 -3.717525430331881930e-02
1.688031754226052561e-01 -3.626248347647750142e-02
1.571956027898462060e-01 -3.527099294650602040e-02
1.459267726536719045e-01 -3.420180067053463918e-02
1.350078037129829045e-01 -3.305615547237154145e-02
1.244494676923745685e-01 -3.183552658042436423e-02
1.142621788438773767e-01 -3.054159093467819636e-02
1.044559838241408828e-01 -2.917621836025930879e-02
9.504055195573726800e-02 -2.774145473442171661e-02
8.602516588056548230e-02 -2.623950330183060647e-02
7.741871261267088689e-02 -2.467270431937736846e-02
6.922967499712842643e-02 -2.304351323604568111e-02
6.146612358099975276e-02 -2.135447763519711384e-02
5.413570890175931766e-02 -1.960821318572243677e-02
4.781393643953358447e-02 -1.787650851211438491e-02
4.220320480148385262e-02 -1.622464705958803072e-02
3.721001346233102774e-02 -1.468984719940795609e-02
3.269146992419211945e-02 -1.328187504319702783e-02
2.852769669590779489e-02 -1.199871753729468693e-02
2.462778199071715204e-02 -1.083199523616649139e-02
2.093393470229864411e-02 -9.766878895877535022e-03
1.742134861975770319e-02 -8.779299866277186226e-03
1.409356723307188079e-02 -7.833524275749809834e-03
1.097509752433269495e-02 -6.882069465939825992e-03
8.103622229699954799e-03 -5.868312320612890064e-03
5.523564664147811304e-03 -4.730962675376603616e-03
3.281750864100166365e-03 -3.409211988252632171e-03
1.425115440508455469e-03 -1.847591211800252674e-03
0.000000000000000000e+00 0.000000000000000000e+00
-9.316758062400554846e-04 2.140467593678203016e-03
-1.308479292371725333e-03 4.565234694376705919e-03
-1.085529267227807598e-03 7.274678175361790761e-03
-2.183235441777196806e-04 1.025046865058368978e-02
1.336561880529644857e-03 1.345511990099472824e-02
3.619182038239398061e-03 1.683207663013519886e-02
6.661889441494973224e-03 2.030681474271449349e-02
1.048290416907027983e-02 2.378983945428911687e-02
1.507853233233989385e-02 2.718267404394661413e-02
2.041578700893867393e-02 3.038755378615956571e-02
2.642776112158242569e-02 3.332034901680999001e-02
3.301350064941762502e-02 3.592459964331495142e-02
4.004216951453500734e-02 3.818344046691110605e-02
4.735901109444706075e-02 4.012646684238638933e-02
5.485776690987289456e-02 4.183178729772329268e-02
6.222719637513666330e-02 4.340529556069011585e-02
7.002829799892804075e-02 4.491141152803360126e-02
7.825336188531403780e-02 4.634770005045710933e-02
8.689425984487279819e-02 4.771180391613726729e-02
9.594245366931539176e-02 4.900146771169898441e-02
1.053890038001687041e-01 5.021456068251879679e-02
1.152245783803334811e-01 5.134909834610542484e-02
1.254394626771658250e-01 5.240326263139280516e-02
1.360235688656057651e-01 5.337542033863946350e-02
1.469664461597806338e-01 5.426413973892135062e-02
1.582572912814650679e-01 5.506820515857430848e-02
1.698849592537430286e-01 5.578662942198817781e-02
1.818379745082230881e-01 5.641866405547009411e-02
1.941045422941756748e-01 5.696380718504756580e-02
2.066725603779928644e-01 5.742180909163732000e-02
2.195296310214188418e-01 5.779267541752746568e-02
2.326630732270495161e-01 5.807666804817138151e-02
2.460599352396501405e-01 5.827430372245379075e-02
2.597070072918918893e-01 5.838635045245360589e-02
2.735908345831459254e-01 5.841382185991810666e-02
2.876977304800044100e-01 5.835796956082082987e-02
3.020137899272136717e-01 5.822027375118692810e-02
3.165249030577013678e-01 5.800243216655275730e-02
3.312167689903548484e-01 5.770634760374178385e-02
3.460749098041636662e-01 5.733411420689833726e-02
3.610846846772658436e-01 5.688800272977519862e-02
3.762313041793463042e-01 5.637044499302985151e-02
3.914998447057122521e-01 5.578401775870187040e-02
4.068752630412260096e-01 5.513142624412930431e-02
4.223424110421064026e-01 5.441548749437063320e-02
4.378860504234151629e-01 5.363911382584140436e-02
4.534908676398342608e-01 5.280529654450100141e-02
4.691414888471041045e-01 5.191709012973627635e-02
4.848224949312488485e-01 5.097759706032234384e-02
5.005184365924524315e-01 4.998995344177135924e-02
5.162138494701800084e-01 4.895731557531737832e-02
5.318932692958684427e-01 4.788284758805867736e-02
5.475412470592327940e-01 4.676971022175015202e-02
5.631423641739683461e-01 4.562105085477171501e-02
5.786812476283655915e-01 4.443999480827962034e-02
5.941425851061046259e-01 4.322963796385872332e-02
6.095111400622685860e-01 4.199304069651529220e-02
6.247717667394008245e-01 4.073322310395804252e-02
6.399094251082522167e-01 3.945316149116474824e-02
6.549091957177077816e-01 3.815578604856573880e-02
6.697562944382590144e-01 3.684397964310422852e-02
6.844360870833119392e-01 3.552057762424223886e-02
6.989341038925661609e-01 3.418836853192044889e-02
7.132360538617061874e-01 3.285009558075983882e-02
7.273278389026804902e-01 3.150845878458710669e-02
7.411955678189356966e-01 3.016611757779955050e-02
7.548255700800947654e-01 2.882569378524411224e-02
7.682044093807627316e-01 2.748977479020374079e-02
7.813188969683420027e-01 2.616091675075842005e-02
7.941561047250362826e-01 2.484164771815832590e-02
8.067033779895077528e-01 2.353447051681894012e-02
8.189483481040216173e-01 2.224186525398226880e-02
8.308789446733000350e-01 2.096629133779867940e-02
8.424834075217337848e-01 1.971018889536652052e-02
8.537502983360678588e-01 1.847597949685939392e-02
8.646685119811615694e-01 1.726606610800780414e-02
8.752272874769494448e-01 1.608283221058089824e-02
8.854162186252659827e-01 1.492864004881213486e-02
8.952252642757502210e-01 1.380582797861257607e-02
9.046447582206258442e-01 1.271670691556142305e-02
9.136654187087249746e-01 1.166355589673803012e-02
9.222783575697114378e-01 1.064861679010936993e-02
9.304750889400449365e-01 9.674088203099397501e-03
9.382475375828096542e-01 8.742118658827588082e-03
9.455880467941024659e-01 7.854799124025703752e-03
9.524893858892438114e-01 7.014154986555385003e-03
9.589447572626247362e-01 6.222137592529236594e-03
9.649478030155306252e-01 5.480615463070953423e-03
9.704926111468055172e-01 4.791365318579194829e-03
9.755737213017111609e-01 4.156063043853545566e-03
9.801861300748025974e-01 3.576274730514791833e-03
9.843252958630955840e-01 3.053447933763530405e-03
9.879871432662253872e-01 2.588903278664799607e-03
9.911680670306919350e-01 2.183826546871833665e-03
9.938649355356706794e-01 1.839261368084304160e-03
9.960750938182214576e-01 1.556102631704313170e-03
9.977963661360590431e-01 1.335090723267154866e-03
9.990270580663740407e-01 1.176806677480284622e-03
9.997659581394808814e-01 1.081668325331643175e-03
1.000000000000000000e+00 1.049927496983407748e-03
