1.000000000000000000e+00 -8.335134164394660547e-04
9.996462614550624126e-01 -8.255787186700387246e-04
9.988978752865933508e-01 -8.017988600085020718e-04
9.976514377299064984e-01 -7.622466640327617803e-04
9.959082564974693907e-01 -7.070438963982804458e-04
9.936701596480383980e-01 -6.363618343123907681e-04
9.909394928679756687e-01 -5.504220240876713747e-04
9.877191160039520135e-01 -4.494971880316654157e-04
9.840123988673962208e-01 -3.339122322265778223e-04
9.798232163347549983e-01 -2.040452980390547282e-04
9.751559427708762495e-01 -6.032879266610778266e-05
9.700154458055620932e-01 9.674967216652874055e-05
9.644070794955091896e-01 2.666465089423784157e-04
9.583366769054406653e-01 4.487616292150938685e-04
9.518105421432145885e-01 6.424382446819851267e-04
9.448354418840685387e-01 8.469630742090512865e-04
9.374185964189455378e-01 1.061567034406715564e-03
9.295676702610682351e-01 1.285426487432662045e-03
9.212907623436210613e-01 1.517665114023538514e-03
9.125963958396409170e-01 1.757356472393167834e-03
9.034935076330355974e-01 2.003527294683492624e-03
8.939914374671534825e-01 2.255161562230975636e-03
8.840999167945794435e-01 2.511205389180082986e-03
8.738290573489287949e-01 2.770572731107444342e-03
8.631893394564307265e-01 3.032151921522230342e-03
8.521916001021446752e-01 3.294813024600828921e-03
8.408470207628164772e-01 3.557415977540175078e-03
8.291671150157267078e-01 3.818819480719007342e-03
8.171637159305343845e-01 4.077890578712533437e-03
8.048489632490894996e-01 4.333514860367031207e-03
7.922352903565806903e-01 4.584607191885973348e-03
7.793354110462414885e-01 4.830122883459103678e-03
7.661623060791648010e-01 5.069069177643343443e-03
7.527292095406423744e-01 5.300516936715671951e-03
7.390495949948120424e-01 5.523612396785271966e-03
7.251371614402768451e-01 5.737588848782133183e-03
7.110058190707402304e-01 5.941778100702569537e-03
6.966696748464991096e-01 6.135621571841318178e-03
6.821430178848650883e-01 6.318680868288285152e-03
6.674403046801045125e-01 6.490647689799011744e-03
6.525761441662901730e-01 6.651352921307352589e-03
6.375652826394108130e-01 6.800774767843964508e-03
6.224225885581221585e-01 6.939045799427265293e-03
6.071630372455384395e-01 7.066458782532564209e-03
5.918016955173713844e-01 7.183471186917610163e-03
5.763537062644087383e-01 7.290708270743025132e-03
5.608342730197172221e-01 7.388964662895791680e-03
5.452586445429533635e-01 7.479204378995470137e-03
5.296420994556959583e-01 7.562559226491440134e-03
5.139999309627176771e-01 7.640325574283436671e-03
4.983474316945216698e-01 7.713959483126600625e-03
4.826998787062583562e-01 7.785070214411791978e-03
4.670725186672765594e-01 7.855412156423963177e-03
4.514805532740408522e-01 7.926875228550948893e-03
4.359391249169892180e-01 8.001473844815476522e-03
4.204633026291205167e-01 8.081334538207127216e-03
4.050680683407523186e-01 8.168682366288336494e-03
3.897683034610232022e-01 8.265826236129869553e-03
3.745787758024151093e-01 8.375143302520947353e-03
3.595141268599223450e-01 8.499062607330937213e-03
3.445888594515990055e-01 8.640048139645715997e-03
3.298173257221809207e-01 8.800581505661576875e-03
3.152137155064155816e-01 8.983144404125488480e-03
3.007920450437653881e-01 9.190201107240697498e-03
2.865661460313890241e-01 9.424181148320352752e-03
2.725496549978697614e-01 9.687462416027352308e-03
2.587560029761628022e-01 9.982354850783234368e-03
2.451984054507679867e-01 1.031108493190474595e-02
2.318898525513024278e-01 1.067578113431619236e-02
2.188430994625164272e-01 1.107846052141539528e-02
2.060706570194351661e-01 1.152101662600444471e-02
1.941593422414072956e-01 1.196132681656295049e-02
1.830375417166440477e-01 1.216307324152345049e-02
1.721578620653018143e-01 1.211074600058140854e-02
1.615245180425073090e-01 1.182814895008806738e-02
1.511426864741962084e-01 1.133919048858616357e-02
1.410185045244697899e-01 1.066791064272314821e-02
1.311590332574895101e-01 9.838494367687029840e-03
1.215721927978337807e-01 8.875267220293296677e-03
1.122666757681615446e-01 7.802671378745667380e-03
1.032518455225422821e-01 6.645221601295617231e-03
9.453762514015265350e-02 5.427442039567124954e-03
8.613438234270924532e-02 4.173785810423023129e-03
7.805281458004299788e-02 2.908539887126929124e-03
7.030383759573061164e-02 1.655718231355570585e-03
6.289847991309648056e-02 4.389462047887648932e-04
5.584778491737452111e-02 -7.186607690307100782e-04
4.916272157478841776e-02 -1.794621518862438841e-03
4.285410432808860193e-02 -2.767213919130546984e-03
3.693252233269254947e-02 -3.615597982892300444e-03
3.140827793270214302e-02 -4.319935402870725069e-03
2.629133410298908208e-02 -4.861504007489631310e-03
2.159127048295001947e-02 -5.222805895102012978e-03
1.731724758129248379e-02 -5.387668277025478916e-03
1.347797872336718022e-02 -5.341336296425506017e-03
1.008170932973032410e-02 -5.070557296392859750e-03
7.136203145972080594e-03 -4.563656189515967292e-03
4.648735080925203364e-03 -3.810601736657192977e-03
2.626090346649306677e-03 -2.803063678712881205e-03
1.074569624162701603e-03 -1.534460786055704112e-03
0.000000000000000000e+00 0.000000000000000000e+00
-5.811299898943016184e-04 1.781028426519487302e-03
-6.528187749208658620e-04 3.787265839142231558e-03
-2.106996840052000920e-04 6.017309336251997799e-03
7.490955395501549575e-04 8.467444322677148208e-03
2.229950075132016568e-03 1.113165140051069514e-02
4.234770547944098629e-03 1.400162250286343148e-02
6.765990479960192622e-03 1.706678583545495620e-02
9.825568388418904481e-03 2.031433922786799948e-02
1.341498022006796381e-02 2.372929154581727290e-02
1.753520577214432580e-02 2.729451188206484524e-02
2.218670871308199913e-02 3.099078633112727077e-02
2.736940978366005431e-02 3.479688226612801666e-02
3.308265274123044219e-02 3.868962017913307738e-02
3.932516261660612411e-02 4.264395332207988193e-02
4.609499589853573165e-02 4.663305559508930387e-02
5.338948236040580442e-02 5.062841837060567951e-02
6.120515841601346929e-02 5.459995720904480682e-02
6.953769215527567937e-02 5.851612970200308073e-02
7.838180058528562699e-02 6.234406595239241206e-02
8.773116010251037766e-02 6.604971343774389270e-02
9.757831185614804226e-02 6.959799816400495664e-02
1.079145644263770770e-01 7.295300405350968465e-02
1.187298971120508972e-01 7.607817236631253532e-02
1.300128680541188797e-01 7.893652257042510501e-02
1.417505323392563299e-01 8.149089540132448128e-02
1.539283760288039649e-01 8.370421784933887444e-02
1.665302726110464704e-01 8.553978848100260435e-02
1.795384685346665399e-01 8.696157987803276868e-02
1.929336041056164408e-01 8.793455316218655449e-02
2.061440906880918078e-01 8.847315524659091213e-02
2.190735226853528783e-01 8.886538048502581888e-02
2.322833524697011376e-01 8.916335166870457962e-02
2.457601787988611397e-01 8.936573287869302440e-02
2.594903229221222074e-01 8.947146571216817168e-02
2.734598452625834897e-01 8.947977296810125103e-02
2.876545624035383164e-01 8.939016044357150914e-02
3.020600643214541026e-01 8.920241692893432495e-02
3.166617318089067212e-01 8.891661250729321342e-02
3.314447540325279329e-01 8.853309527880107166e-02
3.463941461734536542e-01 8.805248664306561390e-02
3.614947671008484908e-01 8.747567528321915920e-02
3.767313370327302624e-01 8.680381000293832527e-02
3.920884551424345110e-01 8.603829157280999673e-02
4.075506170735233025e-01 8.518076374492239422e-02
4.231022323306488642e-01 8.423310359444337314e-02
4.387276415187066347e-01 8.319741134430484741e-02
4.544111334074449338e-01 8.207599982404908956e-02
4.701369618034103026e-01 8.087138370656098141e-02
4.858893622156135739e-01 7.958626865699014452e-02
5.016525683054785523e-01 7.822354051687337162e-02
5.174108281154106148e-01 7.678625463354396552e-02
5.331484200736175127e-01 7.527762543062035960e-02
5.488496687755611836e-01 7.370101629999384341e-02
5.644989605445872582e-01 7.205992987957099416e-02
5.800807587758224360e-01 7.035799876438583733e-02
5.955796190683534386e-01 6.859897668188141839e-02
6.109802041510042914e-01 6.678673014548142106e-02
6.262672986067329139e-01 6.492523058432683736e-02
6.414258233998185732e-01 6.301854693152837694e-02
6.564408502086575004e-01 6.107083863875266416e-02
6.712976155651870780e-01 5.908634907166755712e-02
6.859815347998130530e-01 5.706939922894185835e-02
7.004782157882816218e-01 5.502438171732301070e-02
7.147734724943326512e-01 5.295575490696372012e-02
7.288533382992699039e-01 5.086803718476395897e-02
7.427040791069036141e-01 4.876580121913030863e-02
7.563122062097289433e-01 4.665366814728477696e-02
7.696644888998321887e-01 4.453630159609647809e-02
7.827479668058893170e-01 4.241840144934486134e-02
7.955499619358924468e-01 4.030469727829004423e-02
8.080580904038870971e-01 3.819994135833823523e-02
8.202602738181553610e-01 3.610890120232006228e-02
8.321447503079255625e-01 3.403635155028759268e-02
8.437000851658722489e-01 3.198706576660943768e-02
8.549151810844027866e-01 2.996580660727975187e-02
8.657792879649810480e-01 2.797731633354215777e-02
8.762820122815307977e-01 2.602630616191193430e-02
8.864133259812100318e-01 2.411744505520233006e-02
8.961635749085371527e-01 2.225534787396993633e-02
9.055234867419118538e-01 2.044456292260514452e-02
9.144841784349210245e-01 1.868955893886411687e-02
9.230371631583942360e-01 1.699471158968915083e-02
9.311743567428756307e-01 1.536428954945831538e-02
9.388880836249181572e-01 1.380244024910362577e-02
9.461710823042996932e-01 1.231317539562379847e-02
9.530165103228049883e-01 1.090035637119424715e-02
9.594179487785403637e-01 9.567679629178600653e-03
9.653694063927423796e-01 8.318662210721375350e-03
9.708653231486634727e-01 7.156627510139500561e-03
9.759005735242773927e-01 6.084691419945087096e-03
9.804704693421882888e-01 5.105748986971076278e-03
9.845707622612348553e-01 4.222461709715293748e-03
9.881976459347954211e-01 3.437245603675921982e-03
9.913477578607131635e-01 2.752260156175457412e-03
9.940181809470993723e-01 2.169398285025588100e-03
9.962064448170085962e-01 1.690277406488528179e-03
9.979105268731734979e-01 1.316231707468690140e-03
9.991288531416782082e-01 1.048305704884879659e-03
9.998602989106691874e-01 8.872491619116936899e-04
1.000000000000000000e+00 8.335134164394660547e-04
