1.000000000000000000e+00 -1.453736438716371785e-03
9.995292972132918674e-01 -1.456678181922961600e-03
9.987716522096029559e-01 -1.465499058250738966e-03
9.975098498432311001e-01 -1.480186372657583266e-03
9.957452971292981569e-01 -1.500720172350798872e-03
9.934799600168098266e-01 -1.527075018651789448e-03
9.907163595556173208e-01 -1.559222395223564678e-03
9.874575670232197400e-01 -1.597133681948820910e-03
9.837071980511061797e-01 -1.640783605899665334e-03
9.794694057974789869e-01 -1.690154064705431253e-03
9.747488732194070638e-01 -1.745238203529347540e-03
9.695508045026077770e-01 -1.806044615095995544e-03
9.638809157110560522e-01 -1.872601523017370512e-03
9.577454247214192140e-01 -1.944960802258942356e-03
9.511510405088718922e-01 -2.023201687128876880e-03
9.441049518511579475e-01 -2.107434016769797400e-03
9.366148155168726452e-01 -2.197800870851899027e-03
9.286887440018811724e-01 -2.294480454006925588e-03
9.203352928746593165e-01 -2.397687096459048123e-03
9.115634477872647246e-01 -2.507671250201282814e-03
9.023826112037284242e-01 -2.624718374768478246e-03
8.928025888920719799e-01 -2.749146623977996931e-03
8.828335762200713033e-01 -2.881303264671897235e-03
8.724861442884755958e-01 -3.021559780211683505e-03
8.617712259288450305e-01 -3.170305634897171293e-03
8.507001015866767490e-01 -3.327940700228730619e-03
8.392843851042468550e-01 -3.494866369589837152e-03
8.275360094117472087e-01 -3.671475414074656940e-03
8.154672121300637899e-01 -3.858140658350019819e-03
8.030905210840143527e-01 -4.055202581185024524e-03
7.904187397212038002e-01 -4.262955970117776605e-03
7.774649324289671926e-01 -4.481635783218248376e-03
7.642424097401946392e-01 -4.711402392589849469e-03
7.507647134182613424e-01 -4.952326403710807790e-03
7.370456014117894306e-01 -5.204373261559917807e-03
7.230990326715568406e-01 -5.467387868328558997e-03
7.089391518244865242e-01 -5.741079448088305670e-03
6.945802737031920859e-01 -6.025006900785195851e-03
6.800368677339639900e-01 -6.318564891160900754e-03
6.653235421911544156e-01 -6.620970917502064235e-03
6.504550283315609915e-01 -6.931253600404772841e-03
6.354461644284004063e-01 -7.248242422986564404e-03
6.203118797306277354e-01 -7.570559141228346001e-03
6.050671783795013026e-01 -7.896611066497978559e-03
5.897271233202014962e-01 -8.224586401971149818e-03
5.743068202517853660e-01 -8.552451790874826543e-03
5.588214016636133818e-01 -8.877952207538564178e-03
5.432860110104265061e-01 -9.198613292515554762e-03
5.277157870813222740e-01 -9.511746200951361196e-03
5.121258486198444482e-01 -9.814454999394837953e-03
4.965312792531385577e-01 -1.010364661087188864e-02
4.809471127875587504e-01 -1.037604327181286534e-02
4.653883189261985853e-01 -1.062819742789940236e-02
4.498697894605246939e-01 -1.085650895964637014e-02
4.344063249836726537e-01 -1.105724459313776192e-02
4.190126221670482654e-01 -1.122655931736271651e-02
4.037032616347827618e-01 -1.136051959760078778e-02
3.884926964624360601e-01 -1.145512814482009534e-02
3.733952413172868523e-01 -1.150634997456659314e-02
3.584250622477945791e-01 -1.151013946579843017e-02
3.435961671195557066e-01 -1.146246811095241042e-02
3.289223966845567504e-01 -1.135935263356826347e-02
3.144174162599731037e-01 -1.119688313932346718e-02
3.000947079824391461e-01 -1.097125096055510951e-02
2.859675635938572769e-01 -1.067877585341288349e-02
2.720490777056764342e-01 -1.031593221075725875e-02
2.583521414803789940e-01 -9.879373962785639729e-03
2.448894366618825091e-01 -9.365957851042862325e-03
2.316734298808854620e-01 -8.772764779796472789e-03
2.187163671570161727e-01 -8.097118971489722372e-03
2.060302685171214176e-01 -7.336604679828225006e-03
1.948334245388080588e-01 -6.535239534429672370e-03
1.849602682735451142e-01 -5.942483206808117646e-03
1.752454598434934063e-01 -5.577710236951791134e-03
1.656830845051724121e-01 -5.419864978212902973e-03
1.562703872491349177e-01 -5.448265774065534639e-03
1.470077399003707486e-01 -5.642245181452502922e-03
1.378984909891118604e-01 -5.980848445021197390e-03
1.289487263128046568e-01 -6.442604991864400721e-03
1.201669684894270257e-01 -7.005379120254562331e-03
1.115638415763508806e-01 -7.646298891200012382e-03
1.031517229480810038e-01 -8.341756916309027436e-03
9.494439997307325962e-02 -9.067473317291067925e-03
8.695674430705865876e-02 -9.798609403428644449e-03
7.920441230972874447e-02 -1.050992022792945207e-02
7.170357646528620343e-02 -1.117593475665703412e-02
6.447068984766110566e-02 -1.177115355451465936e-02
5.752228360124669870e-02 -1.227025537002246480e-02
5.087479601906554072e-02 -1.264830555735111869e-02
4.454443096990864243e-02 -1.288096076966629977e-02
3.854704302492464874e-02 -1.294466570133340384e-02
3.289804654274553625e-02 -1.281683880882602405e-02
2.761234608895515863e-02 -1.247604489271353888e-02
2.270428580966941945e-02 -1.190215318776082637e-02
1.818761568929660316e-02 -1.107648020799287952e-02
1.407547295560091297e-02 -9.981917056338003580e-03
1.038037722138988872e-02 -8.603041262534426997e-03
7.114238252552538069e-03 -6.926213484918898079e-03
4.288375515434266969e-03 -4.939659625021991518e-03
1.913548876428936311e-03 -2.633539078648623483e-03
0.000000000000000000e+00 0.000000000000000000e+00
-1.420109242160536326e-03 2.929420247205163311e-03
-2.315103943705826370e-03 6.120702217537212636e-03
-2.676202855632534364e-03 9.574262604432663692e-03
-2.495078535867652735e-03 1.328758702232784097e-02
-1.763813550738572294e-03 1.725522998127940535e-02
-4.748664179853225725e-04 2.146882365571838730e-02
1.378952251583258695e-03 2.591709425787620119e-02
3.804492782413767052e-03 3.058588489203271921e-02
6.808267780311509643e-03 3.545818385481919188e-02
1.039644067992182182e-02 4.051415747636635117e-02
1.457480007586590270e-02 4.573118678754826277e-02
1.934871809268311205e-02 5.108390757374807467e-02
2.472309071477215778e-02 5.654425376234722966e-02
3.070225768631953261e-02 6.208150461817366073e-02
3.728989934634600878e-02 6.766233691651071802e-02
4.448890764640767853e-02 7.325088415028294109e-02
5.230122868899780841e-02 7.880880591883471231e-02
6.072767452491166507e-02 8.429537193220237867e-02
6.976770277735727666e-02 8.966756650666046768e-02
7.941916404870177915e-02 9.488022093804741874e-02
8.967801913488256116e-02 9.988618257155530700e-02
1.005380309114062148e-01 1.046365305204279839e-01
1.119904393804285470e-01 1.090808485258206728e-01
1.240236326782179072e-01 1.131675650372303832e-01
1.366228315643176205e-01 1.168443688419582849e-01
1.497698095661388618e-01 1.200587051375252290e-01
1.634426748328548784e-01 1.227583516148525872e-01
1.776157419777654733e-01 1.248920669502755487e-01
1.922595218082156776e-01 1.264102955089290714e-01
2.061844791904055563e-01 1.273296109269426435e-01
2.192002549908531328e-01 1.280297281792191488e-01
2.324997751401181034e-01 1.285797241434213922e-01
2.460691475877466172e-01 1.289781392237601687e-01
2.598941844179060157e-01 1.292239586383273076e-01
2.739604225547768168e-01 1.293166146717115716e-01
2.882531448410700636e-01 1.292559857636830789e-01
3.027574013827803445e-01 1.290423926039651059e-01
3.174580310553491991e-01 1.286765914330258997e-01
3.323396830701521032e-01 1.281597647749234403e-01
3.473868385054969532e-01 1.274935098502059938e-01
3.625838317129762567e-01 1.266798249344585348e-01
3.779148715178585194e-01 1.257210939411176898e-01
3.933640621410216531e-01 1.246200695155479238e-01
4.089154237794928592e-01 1.233798549310536619e-01
4.245529127927211155e-01 1.220038850765433058e-01
4.402604414520231990e-01 1.204959068200821548e-01
4.560218972209610921e-01 1.188599590227663871e-01
4.718211615444882767e-01 1.171003524634813137e-01
4.876421281343131797e-01 1.152216499174951586e-01
5.034687207468616643e-01 1.132286466108718415e-01
5.192849104582838438e-01 1.111263512487877247e-01
5.350747324479911970e-01 1.089199677894855112e-01
5.508223023080880409e-01 1.066148781073027185e-01
5.665118319006910985e-01 1.042166256584986933e-01
5.821276447884458083e-01 1.017309002330294559e-01
5.976541912655233268e-01 9.916352384452997715e-02
6.130760630170414283e-01 9.652043778011473729e-02
6.283780074342273370e-01 9.380769080173326224e-02
6.435449416108289800e-01 9.103142846223336027e-02
6.585619660433866818e-01 8.819788347247678462e-02
6.734143780541371749e-01 8.531336703126193854e-02
6.880876849507141513e-01 8.238426100783705075e-02
7.025676169315886455e-01 7.941701084778238218e-02
7.168401397405863573e-01 7.641811905728784771e-02
7.308914670679899084e-01 7.339413910858386125e-02
7.447080726899262260e-01 7.035166960065861175e-02
7.582767023321099753e-01 6.729734850451134232e-02
7.715843852388023505e-01 6.423784732107762352e-02
7.846184454231636130e-01 6.117986498258300154e-02
7.973665125712693369e-01 5.813012133432898798e-02
8.098165325689622440e-01 5.509535004363134286e-02
8.219567776186259556e-01 5.208229079558912566e-02
8.337758559119050616e-01 4.909768065128256725e-02
8.452627208244418711e-01 4.614824446256936274e-02
8.564066795998707127e-01 4.324068425848542202e-02
8.671974014925667440e-01 4.038166754097442801e-02
8.776249253419839969e-01 3.757781445183493163e-02
8.876796665557181720e-01 3.483568379793079012e-02
8.973524234836186553e-01 3.216175794741908678e-02
9.066343831712190271e-01 2.956242663551483796e-02
9.155171264872972170e-01 2.704396974371002169e-02
9.239926326273559809e-01 2.461253914091427256e-02
9.320532830020626935e-01 2.227413969827609502e-02
9.396918645269910497e-01 2.003460961106430516e-02
9.469015723372102844e-01 1.789960018056921398e-02
9.536760119571476846e-01 1.587455522618035422e-02
9.600092009625618150e-01 1.396469031233137439e-02
9.658955701771955171e-01 1.217497198661387364e-02
9.713299644516177889e-01 1.051009723386323036e-02
9.763076430757465785e-01 8.974473356264122542e-03
9.808242798794643003e-01 7.572198491423856939e-03
9.848759630775248963e-01 6.307042978886123752e-03
9.884591949155276946e-01 5.182431780721928442e-03
9.915708911730715114e-01 4.201428153728907315e-03
9.942083805783279438e-01 3.366718759507625509e-03
9.963694041851798300e-01 2.680600384459095632e-03
9.980521147598488962e-01 2.144968424780696863e-03
9.992550762186686031e-01 1.761307272102392201e-03
9.999772631524397326e-01 1.530682713812947559e-03
1.000000000000000000e+00 1.453736438716371785e-03
