1.000000000000000000e+00 -1.647375535160716924e-03
9.994149552336893949e-01 -1.643340037453755237e-03
9.986485794748718448e-01 -1.631349896970918367e-03
9.973723963121261527e-01 -1.611753883940148999e-03
9.955880670425167889e-01 -1.585132316118820521e-03
9.932979108030893789e-01 -1.552295585533595762e-03
9.905048979680309840e-01 -1.514282047852928258e-03
9.872126417660715969e-01 -1.472355227712351857e-03
9.834253881950875131e-01 -1.428000281923542253e-03
9.791480043245965881e-01 -1.382919652541319405e-03
9.743859650886824708e-01 -1.339027833512011594e-03
9.691453386816143434e-01 -1.298445168339660422e-03
9.634327706758589738e-01 -1.263490592111182059e-03
9.572554669872241906e-01 -1.236673229512725430e-03
9.506211758144368362e-01 -1.220682761315237258e-03
9.435381686805840440e-01 -1.218378475321399423e-03
9.360152207016041448e-01 -1.232776924037688043e-03
9.280615902025269870e-01 -1.267038120391285327e-03
9.196869977956506625e-01 -1.324450214643710377e-03
9.109016050265619224e-01 -1.408412610191336206e-03
9.017159926841457063e-01 -1.522417493069434108e-03
8.921411388598680103e-01 -1.670029769522331231e-03
8.821883968300177070e-01 -1.854865427732537569e-03
8.718694728226832336e-01 -2.080568363444300350e-03
8.611964037194267396e-01 -2.350785734427002921e-03
8.501815347303394166e-01 -2.669141935130615179e-03
8.388374970708295519e-01 -3.039211310042949643e-03
8.271771856594658523e-01 -3.464489751716988419e-03
8.152137368488789892e-01 -3.948365356664873538e-03
8.029605061963518420e-01 -4.494088338814247741e-03
7.904310462775785417e-01 -5.104740425409252935e-03
7.776390845463111434e-01 -5.783203983590251562e-03
7.645985012443006212e-01 -6.532131146825964629e-03
7.513233073701108822e-01 -7.353913228377702282e-03
7.378276227219299210e-01 -8.250650723543244414e-03
7.241256540382484674e-01 -9.224124213082447732e-03
7.102316732709800240e-01 -1.027576648657283626e-02
6.961599960378531682e-01 -1.140663620613063117e-02
6.819249603143723304e-01 -1.261739342770258621e-02
6.675409054397434261e-01 -1.390827728881408737e-02
6.530221515254243103e-01 -1.527908615817184096e-02
6.383829793687673115e-01 -1.672916052389790409e-02
6.236376109870028772e-01 -1.825736887354802163e-02
6.088001908979639998e-01 -1.986209679069507461e-02
5.937769291884833489e-01 -2.153595629579675708e-02
5.785230460309058742e-01 -2.322930311833350248e-02
5.632039892336425657e-01 -2.492735034074466949e-02
5.478343962113819687e-01 -2.662598976581177085e-02
5.324288726004148264e-01 -2.832086316515454449e-02
5.170019780923855723e-01 -3.000737221755470086e-02
5.015682128940083251e-01 -3.168069134148131238e-02
4.861420048781340264e-01 -3.333578337136364894e-02
4.707376974852726659e-01 -3.496741798553177488e-02
4.553695384265931678e-01 -3.657019275263030667e-02
4.400516692296769783e-01 -3.813855662336720909e-02
4.247981156570102557e-01 -3.966683565634737674e-02
4.096227790145747227e-01 -4.114926073107653959e-02
3.945394283541642788e-01 -4.257999696861331645e-02
3.795616935584936735e-01 -4.395317455133348344e-02
3.647030592830767803e-01 -4.526292060835478137e-02
3.499768597135638482e-01 -4.650339181278340811e-02
3.353962740820857769e-01 -4.766880732144378185e-02
3.209743228715083441e-01 -4.875348167743569910e-02
3.067238646227046228e-01 -4.975185729092336528e-02
2.926575932473489683e-01 -5.065853611412643454e-02
2.787880357376493756e-01 -5.146831013258390541e-02
2.651275501551613178e-01 -5.217619030634661204e-02
2.516883237736318168e-01 -5.277743361168166919e-02
2.384823712459314127e-01 -5.326756785592422216e-02
2.255215326627203198e-01 -5.364241396498286435e-02
2.128174713706871557e-01 -5.389810547432154902e-02
2.003816714210706895e-01 -5.403110498956038149e-02
1.882254345247317551e-01 -5.403821742165354491e-02
1.763598763982367756e-01 -5.391659984336395761e-02
1.647959223961506514e-01 -5.366376785785750836e-02
1.535443023378384730e-01 -5.327759841605658048e-02
1.426155444523371507e-01 -5.275632906626459562e-02
1.320199683820063863e-01 -5.209855366683336514e-02
1.217676772043948391e-01 -5.130321463961830947e-02
1.118685484517069340e-01 -5.036959188798736248e-02
1.023322241280655437e-01 -4.929728854757003953e-02
9.316809974600150090e-02 -4.808621378012406522e-02
8.438531242488270245e-02 -4.673656286027440265e-02
7.599272811486670887e-02 -4.524879484088986659e-02
6.799892803002471897e-02 -4.362360811501259095e-02
6.041219439312690148e-02 -4.186191422009956364e-02
5.324049561180590334e-02 -3.996481025349658822e-02
4.649147102108853319e-02 -3.793355028622772546e-02
4.017241534026622096e-02 -3.576951617510430032e-02
3.429026300249830850e-02 -3.347418818066690005e-02
2.885157252318516427e-02 -3.104911580047514663e-02
2.386251107782449976e-02 -2.849588922372971525e-02
1.932883946167929246e-02 -2.581611180420564922e-02
1.525589760207315439e-02 -2.301137393412037643e-02
1.164859078950303967e-02 -2.008322868204887729e-02
8.511376786096537875e-03 -1.703316953360596575e-02
5.848253959361244397e-03 -1.386261054465847027e-02
3.662750575885060332e-03 -1.057286918371392291e-02
1.957915373873884719e-03 -7.165152103282930104e-03
7.363095154692313052e-04 -3.640544039936122883e-03
0.000000000000000000e+00 0.000000000000000000e+00
-2.428698812008313205e-04 3.706322464356761118e-03
1.535619785455620469e-05 7.428038657252512486e-03
7.752848210349431567e-04 1.116351300562635172e-02
2.037044726160991154e-03 1.491052937298588572e-02
3.800282618765803231e-03 1.866630317884864637e-02
6.064158481808240055e-03 2.242749850229325270e-02
8.827340459179522023e-03 2.619024998920323546e-02
1.208799940968963149e-02 2.995018933346208639e-02
1.584380324523254613e-02 3.370247605585279665e-02
2.009191118166130455e-02 3.744183226127875685e-02
2.482896804327623663e-02 4.116258101568996686e-02
3.005109877148242833e-02 4.485868794921506891e-02
3.575390329493032676e-02 4.852380566189790773e-02
4.193245192217474188e-02 5.215132048345479110e-02
4.858128141850531073e-02 5.573440111890047566e-02
5.569439192611169709e-02 5.926604869795461250e-02
6.326524488118975831e-02 6.273914773797681366e-02
7.128676207310222224e-02 6.614651752786648853e-02
7.975132597943677959e-02 6.948096344389276258e-02
8.865078149698711607e-02 7.273532771771157313e-02
9.797643917260265289e-02 7.590253919172604280e-02
1.077190800198160187e-01 7.897566161721954192e-02
1.178689619875340211e-01 8.194794007603692365e-02
1.284158281262515189e-01 8.481284513664122393e-02
1.393489164756140652e-01 8.756411438968886296e-02
1.506569716751606225e-01 9.019579104636757383e-02
1.623282582781115091e-01 9.270225932406904457e-02
1.743505757265788325e-01 9.507827638795282588e-02
1.867112749259530469e-01 9.731900066296245155e-02
1.993972763368398182e-01 9.942001637823735805e-02
2.123950894851489857e-01 1.013773542539543326e-01
2.256908337750721527e-01 1.031875082887541012e-01
2.392702604759973095e-01 1.048474486533877703e-01
2.531187757431236918e-01 1.063546307423917509e-01
2.672214645228038754e-01 1.077070004798293401e-01
2.815631151875783722e-01 1.089029960168106381e-01
2.961282447425148678e-01 1.099415459970584791e-01
3.109011244438139587e-01 1.108220646017042954e-01
3.258658056726230767e-01 1.115444436153203572e-01
3.410061459114888116e-01 1.121090417815331364e-01
3.563058346776940555e-01 1.125166717380945564e-01
3.717484192766516982e-01 1.127685848377773525e-01
3.873173302492934345e-01 1.128664541727462667e-01
4.029959063997008983e-01 1.128123561260674229e-01
4.187674193027591252e-01 1.126087507747631777e-01
4.346150972060188744e-01 1.122584614644002166e-01
4.505221482548926182e-01 1.117646538657935534e-01
4.664717829854141962e-01 1.111308148102825577e-01
4.824472360437379037e-01 1.103607311815239245e-01
4.984317871059918970e-01 1.094584691192590914e-01
5.144087809857427196e-01 1.084283537645206741e-01
5.303616469288986446e-01 1.072749497467636731e-01
5.462739171071325783e-01 1.060030425820201183e-01
5.621292443306619147e-01 1.046176211179689619e-01
5.779114190093253001e-01 1.031238611274262335e-01
5.936043853972414741e-01 1.015271101168198492e-01
6.093430504985787310e-01 9.982094963964840972e-02
6.250522761778521952e-01 9.796103073453221732e-02
6.406081266704620747e-01 9.594921116973528785e-02
6.559948428495233630e-01 9.379349802535341674e-02
6.711970148055481644e-01 9.150225097456546330e-02
6.861995923703058109e-01 8.908416027577467644e-02
7.009878945969275632e-01 8.654822485841265345e-02
7.155476182940928576e-01 8.390373042411955473e-02
7.298648457012982815e-01 8.116022746833939649e-02
7.439260513797857355e-01 7.832750911481625722e-02
7.577181083802604356e-01 7.541558864725345090e-02
7.712282937346963685e-01 7.243467661859277762e-02
7.844442933058196621e-01 6.939515741898912016e-02
7.973542060148945954e-01 6.630756518846711578e-02
8.099465474566247547e-01 6.318255896926647242e-02
8.222102528998107562e-01 6.003089700570717058e-02
8.341346796641864181e-01 5.686341011566852649e-02
8.457096088578591742e-01 5.369097407705948621e-02
8.569252464562080451e-01 5.052448099445797092e-02
8.677722237019850349e-01 4.737480963491548513e-02
8.782415968077763591e-01 4.425279474719830131e-02
8.883248459457717683e-01 4.116919540491412177e-02
8.980138735158226249e-01 3.813466244050331411e-02
9.073010016908017450e-01 3.515970506338263191e-02
9.161789692480000191e-01 3.225465678112700296e-02
9.246409277063646348e-01 2.942964076692731329e-02
9.326804368014168789e-01 2.669453483923125980e-02
9.402914593422595502e-01 2.405893624004352971e-02
9.474683555077841879e-01 2.153212641646016709e-02
9.542058766515827406e-01 1.912303602532303137e-02
9.604991586967568384e-01 1.684021039316875579e-02
9.663437152123925955e-01 1.469177567268554335e-02
9.717354302726112225e-01 1.268540594256406702e-02
9.766705512064711714e-01 1.082829149983547540e-02
9.811456813523466991e-01 9.127108592512514842e-03
9.851577729335435629e-01 7.587990835613582855e-03
9.887041201726758377e-01 6.216502545523493184e-03
9.917823527606578482e-01 5.017614216271676017e-03
9.943904297920483915e-01 3.995680346843380991e-03
9.965266342719611981e-01 3.154419811303243656e-03
9.981895682909538436e-01 2.496898943551052394e-03
9.993781489533997142e-01 2.025517486229672093e-03
1.000091605132042094e+00 1.741997528973304515e-03
1.000000000000000000e+00 1.647375535160716924e-03
