1.000000000000000000e+00 -1.609148159171505969e-03
9.992575555299705314e-01 -1.579442229177912237e-03
9.984788262616720589e-01 -1.490573302556514809e-03
9.971821789911370360e-01 -1.343286969906000742e-03
9.953694619619151140e-01 -1.138822548119015291e-03
9.930432547079246497e-01 -8.789080705970868466e-04
9.902068601289832905e-01 -5.657532567495352632e-04
9.868642944181302834e-01 -2.020404450474039965e-04
9.830202749241637727e-01 2.090865290806350266e-04
9.786802060475485732e-01 6.640355310869126143e-04
9.738501632804632546e-01 1.158781421980485497e-03
9.685368755119964090e-01 1.688883469918275697e-03
9.627477057271773830e-01 2.249504896025128486e-03
9.564906302335521859e-01 2.835434567084200302e-03
9.497742165513178847e-01 3.441110841011098265e-03
9.426076001026836293e-01 4.060647562136213140e-03
9.350004598332432026e-01 4.687862192185887969e-03
9.269629928929287166e-01 5.316306049444642634e-03
9.185058884968460013e-01 5.939296612897611294e-03
9.096403010773427278e-01 6.549951830261028368e-03
9.003778228284210483e-01 7.141226348817312358e-03
8.907304557325729233e-01 7.705949566052940763e-03
8.807105831487975767e-01 8.236865373489322267e-03
8.703309410294973736e-01 8.726673442093005328e-03
8.596045888236986121e-01 9.168071871629383113e-03
8.485448801151472820e-01 9.553800999699366137e-03
8.371654330368214492e-01 9.876688139483818379e-03
8.254801004987134538e-01 1.012969298895097237e-02
8.135029402638191964e-01 1.030595342908214446e-02
8.012481849083779029e-01 1.039883140515502485e-02
7.887302117067712670e-01 1.040195856399598467e-02
7.759635124891834934e-01 1.030928130201398674e-02
7.629626635310430283e-01 1.011510486445989232e-02
7.497422955472502482e-01 9.814136126334131738e-03
7.363170638808170798e-01 9.401524680278605661e-03
7.227016189943353819e-01 8.872901857149610716e-03
7.089105773929683663e-01 8.224417311165271860e-03
6.949584931286358902e-01 7.452772813841761212e-03
6.808598300558932337e-01 6.555252919501812492e-03
6.666289350296793481e-01 5.529752189931229356e-03
6.522800122526880573e-01 4.374798696569752454e-03
6.378270989945731273e-01 3.089573555071972732e-03
6.232840429156039086e-01 1.673926288609725588e-03
6.086644812328654286e-01 1.283858621831807101e-04
5.938200649772993334e-01 -1.538092240974009428e-03
5.786759460687758150e-01 -3.254738454644981460e-03
5.634726407890213729e-01 -5.001996638569643217e-03
5.482244147545896062e-01 -6.775990538963765075e-03
5.329454538968505517e-01 -8.572497238911715167e-03
5.176498511269403968e-01 -1.038695710455014853e-02
5.023515940104963384e-01 -1.221448698155230134e-02
4.870645535379315438e-01 -1.404989657524449709e-02
4.718024740653087856e-01 -1.588770790419009871e-02
4.565789644875480890e-01 -1.772217767445791875e-02
4.414074906899673190e-01 -1.954732238076270501e-02
4.263013693062386311e-01 -2.135694590191434400e-02
4.112737627910917904e-01 -2.314466932218197520e-02
3.963376757948891549e-01 -2.490396267788660967e-02
3.815059528049797866e-01 -2.662817830030993205e-02
3.667912769959976726e-01 -2.831058540233510890e-02
3.522061702085060308e-01 -2.994440553750916251e-02
3.377629939531480718e-01 -3.152284854674601566e-02
3.234739513162646629e-01 -3.303914859990672581e-02
3.093510896233163110e-01 -3.448659993711693239e-02
2.954063036988902602e-01 -3.585859191795760098e-02
2.816513395470536807e-01 -3.714864299553045923e-02
2.680977982637454127e-01 -3.835043324670886489e-02
2.547571399841312423e-01 -3.945783510940091554e-02
2.416406876626788491e-01 -4.046494200206252057e-02
2.287596304823375504e-01 -4.136609452960967465e-02
2.161250266917764673e-01 -4.215590401283736410e-02
2.037478056761779510e-01 -4.282927311494620637e-02
1.916387690775643859e-01 -4.338141337824220900e-02
1.798085907949171780e-01 -4.380785952592108207e-02
1.682678157122257379e-01 -4.410448042744324199e-02
1.570268570237765560e-01 -4.426748667071937759e-02
1.460959920500954079e-01 -4.429343472950568461e-02
1.354853564645610020e-01 -4.417922775941857810e-02
1.252049368793151096e-01 -4.392211310018805104e-02
1.152645617691764740e-01 -4.351967660457514014e-02
1.056738907432591690e-01 -4.296983395520664190e-02
9.644240220528310648e-02 -4.227081916889105506e-02
8.757937947457847261e-02 -4.142117052328277843e-02
7.909389546989112341e-02 -4.041971417261028265e-02
7.099479608673117670e-02 -3.926554574719187674e-02
6.329068242560197122e-02 -3.795801025529255829e-02
5.598989205247510009e-02 -3.649668062526019441e-02
4.910047949387862098e-02 -3.488133524060296753e-02
4.263019618650852605e-02 -3.311193483058848946e-02
3.658647011501369589e-02 -3.118859908397117464e-02
3.097638538126813029e-02 -2.911158335356709564e-02
2.580666195381409872e-02 -2.688125581463068903e-02
2.108363584713375538e-02 -2.449807543044644695e-02
1.681323997693505434e-02 -2.196257106438314136e-02
1.300098592977090746e-02 -1.927532205907547813e-02
9.651946873185478573e-03 -1.643694058066388908e-02
6.770741816394161734e-03 -1.344805599943199766e-02
4.361521411561351119e-03 -1.030930154809695833e-02
2.427955462378602724e-03 -7.021303465801557488e-03
9.732222803071961153e-04 -3.584672799963379078e-03
0.000000000000000000e+00 0.000000000000000000e+00
-4.797826460387961305e-04 3.683340436594336430e-03
-4.546838906501616921e-04 7.415633296755929325e-03
7.651398535865302011e-05 1.119526728096559808e-02
1.114556869128073384e-03 1.501993424192312084e-02
2.659712531676862533e-03 1.888664104852791348e-02
4.711763341540371394e-03 2.279172678944203778e-02
7.269998084317623802e-03 2.673088514700742643e-02
1.033320302423517030e-02 3.069919172433109925e-02
1.389965236924294890e-02 3.469113606281531287e-02
1.796709832357833853e-02 3.870065804477251098e-02
2.253276093076084924e-02 4.272118833650577485e-02
2.759331792524012672e-02 4.674569249175463542e-02
3.314489482214023897e-02 5.076671830410822706e-02
3.918305548150554513e-02 5.477644597019749872e-02
4.570279338603023406e-02 5.876674060349392631e-02
5.269852386940523936e-02 6.272920662160488825e-02
6.016407752616533683e-02 6.665524351824071714e-02
6.809269502340645208e-02 7.053610252467090724e-02
7.647702352015517402e-02 7.436294366454408722e-02
8.530911488179349078e-02 7.812689271041892147e-02
9.458042585513311284e-02 8.181909756018315716e-02
1.042818203448957481e-01 8.543078356658988237e-02
1.144035739049793915e-01 8.895330737322390546e-02
1.249353805284932756e-01 9.237820883507059933e-02
1.358663617896759823e-01 9.569726063116780479e-02
1.471850783590855360e-01 9.890251521020831937e-02
1.588795438814311067e-01 1.019863487469787056e-01
1.709372411737462016e-01 1.049415018276911166e-01
1.833451406708457854e-01 1.077611166250492941e-01
1.960897210157505066e-01 1.104387703687110811e-01
2.091569916655317551e-01 1.129685049630668736e-01
2.225325173583247163e-01 1.153448526513073391e-01
2.362014442654978841e-01 1.175628576719600499e-01
2.501485276345395969e-01 1.196180939007765731e-01
2.643581607133995703e-01 1.215066785163986113e-01
2.788144047360370803e-01 1.232252817719839133e-01
2.935010197419031797e-01 1.247711329963196031e-01
3.084014959990576399e-01 1.261420229863096099e-01
3.234990858015607817e-01 1.273363029875608787e-01
3.387768354165466289e-01 1.283528804906337306e-01
3.542176169647731632e-01 1.291912120969447575e-01
3.698041600301655851e-01 1.298512937299757253e-01
3.855190828085685584e-01 1.303336484840860177e-01
4.013449226231838307e-01 1.306393124146682794e-01
4.172641656535307497e-01 1.307698185795380386e-01
4.332592757457285337e-01 1.307271796423122023e-01
4.493127221939376970e-01 1.305138693442027820e-01
4.654070064053780764e-01 1.301328031413162556e-01
4.815246873839403863e-01 1.295873182904848930e-01
4.976484059895039391e-01 1.288811536482189490e-01
5.137609079511878951e-01 1.280184294249990806e-01
5.298450656324629193e-01 1.270036271113254012e-01
5.458838985639249408e-01 1.258415697632762620e-01
5.618605927752831075e-01 1.245374028044060610e-01
5.777585189714553593e-01 1.230965754682840779e-01
5.935612496084254897e-01 1.215248229725086337e-01
6.094787601636773022e-01 1.198098934112468011e-01
6.254058442492511638e-01 1.178815665028665471e-01
6.411640070446562589e-01 1.157405024136840821e-01
6.567369821222596160e-01 1.133968191042025730e-01
6.721089852156122424e-01 1.108612083386958103e-01
6.872647226287849076e-01 1.081448973526063229e-01
7.021893975061448412e-01 1.052596101645812687e-01
7.168687141721045153e-01 1.022175285951547885e-01
7.312888807452113671e-01 9.903125302573578814e-02
7.454366102208985767e-01 9.571376290663091702e-02
7.592991202031210696e-01 9.227837700197946691e-02
7.728641314479539615e-01 8.873871334319032023e-02
7.861198653629473121e-01 8.510864885108430922e-02
7.990550405857018701e-01 8.140227858059082000e-02
8.116588687445986938e-01 7.763387454052331216e-02
8.239210494848705491e-01 7.381784404448130110e-02
8.358317648249388165e-01 6.996868755697632780e-02
8.473816728918672769e-01 6.610095601104097607e-02
8.585619010714001798e-01 6.222920758929166574e-02
8.693640385977131624e-01 5.836796397910333500e-02
8.797801286009622190e-01 5.453166613353799264e-02
8.898026596269918986e-01 5.073462959228304536e-02
8.994245566431177119e-01 4.699099944041852661e-02
9.086391715465264030e-01 4.331470500665247914e-02
9.174402731972192138e-01 3.971941442614247697e-02
9.258220370051692960e-01 3.621848921552778960e-02
9.337790341110151493e-01 3.282493902881531561e-02
9.413062202106204923e-01 2.955137678182287453e-02
9.483989240856846026e-01 2.640997434957193316e-02
9.550528359147016921e-01 2.341241905500059117e-02
9.612639954504288431e-01 2.056987117839984350e-02
9.670287801610741862e-01 1.789292272483641172e-02
9.723438934422291569e-01 1.539155769141833247e-02
9.772063530146903876e-01 1.307511407750470978e-02
9.816134796293947140e-01 1.095224787886987967e-02
9.855628862044673033e-01 9.030899301454425876e-03
9.890524675206171512e-01 7.318261421764116204e-03
9.920803905997055416e-01 5.820751509377657118e-03
9.946450858872131207e-01 4.543985212561764582e-03
9.967452393525628729e-01 3.492753790895650103e-03
9.983797856119429603e-01 2.671004559322355185e-03
9.995479021665995001e-01 2.081824686444644964e-03
1.000249004835761069e+00 1.727428466457236154e-03
1.000000000000000000e+00 1.609148159171505969e-03
