1.000000000000000000e+00 -1.049617408007227481e-03
9.997241591286025741e-01 -1.071788108046692421e-03
9.989819096646204155e-01 -1.138225535426885858e-03
9.977456458909962356e-01 -1.248706230979812135e-03
9.960165949132765428e-01 -1.402859617121647194e-03
9.937964728930177571e-01 -1.600170747621248481e-03
9.910874832656135780e-01 -1.839984094301940626e-03
9.878923144546517543e-01 -2.121508309042823698e-03
9.842141370870198802e-01 -2.443821883723901883e-03
9.800566007138308278e-01 -2.805879616409181349e-03
9.754238300430546627e-01 -3.206519779340289908e-03
9.703204206904957330e-01 -3.644471873448098826e-03
9.647514344564518396e-01 -4.118364845277912994e-03
9.587223941360288881e-01 -4.626735635625966667e-03
9.522392778716486372e-01 -5.168037924928895951e-03
9.453085130567816519e-01 -5.740650938609408865e-03
9.379369698003673372e-01 -6.342888176210184116e-03
9.301319539617306509e-01 -6.973005931237771793e-03
9.219011997660839786e-01 -7.629211474146845376e-03
9.132528620109212625e-01 -8.309670778738596081e-03
9.041955078737483609e-01 -9.012515682292873698e-03
8.947381083316796602e-01 -9.735850381846107571e-03
8.848900292034546089e-01 -1.047775718295189049e-02
8.746610218244019741e-01 -1.123630143279372162e-02
8.640612133648061244e-01 -1.200953558638984120e-02
8.531010968020212859e-01 -1.279550237255197391e-02
8.417915205565456027e-01 -1.359223704491816648e-02
8.301436778020980789e-01 -1.439776872246262968e-02
8.181690954595817189e-01 -1.521012084303917378e-02
8.058796228846352161e-01 -1.602731077242218471e-02
7.932874202583007905e-01 -1.684734862961413671e-02
7.804049466901948895e-01 -1.766823540657508351e-02
7.672449480434192504e-01 -1.848796047667282047e-02
7.538204444903571222e-01 -1.930449860075262106e-02
7.401447178084293865e-01 -2.011580655251474226e-02
7.262312984248581182e-01 -2.091981949560548296e-02
7.120939522195260940e-01 -2.171444725326960451e-02
6.977466670950774885e-01 -2.249757061739118824e-02
6.832036393235687566e-01 -2.326703784712885748e-02
6.684792596791540031e-01 -2.402066150803273611e-02
6.535880993665599270e-01 -2.475621580045817699e-02
6.385448957554198390e-01 -2.547143452125849583e-02
6.233645379309158407e-01 -2.616400979518193615e-02
6.080620520716124577e-01 -2.683159170220129203e-02
5.926525866658607367e-01 -2.747178891429382513e-02
5.771513975786818351e-01 -2.808217044013782207e-02
5.615738329816292174e-01 -2.866026855901115944e-02
5.459353181587420778e-01 -2.920358300611507196e-02
5.302513402023510958e-01 -2.970958645088987368e-02
5.145374326131642029e-01 -3.017573128794889814e-02
4.988091598197363363e-01 -3.059945773737329094e-02
4.830821016331068307e-01 -3.097820322764108583e-02
4.673718376530586749e-01 -3.130941301078329214e-02
4.516939316430982898e-01 -3.159055193584760918e-02
4.360639158918815927e-01 -3.181911728379137327e-02
4.204972755793861539e-01 -3.199265254490170352e-02
4.050094331666621583e-01 -3.210876199911956441e-02
3.896157328284639010e-01 -3.216512594058544561e-02
3.743314249484645528e-01 -3.215951637065767726e-02
3.591716506970820677e-01 -3.208981296888932522e-02
3.441514267121835724e-01 -3.195401913926126936e-02
3.292856299030858525e-01 -3.175027791959399853e-02
3.145889823983231692e-01 -3.147688753570056230e-02
3.000760366576072369e-01 -3.113231637864756138e-02
2.857611607682550847e-01 -3.071521718357094269e-02
2.716585239461086210e-01 -3.022444019190355727e-02
2.577820822606114448e-01 -2.965904508562156386e-02
2.441455646032502091e-01 -2.901831149216121952e-02
2.307624589180072017e-01 -2.830174787190467209e-02
2.176459987118150863e-01 -2.750909861643643234e-02
2.048091498622580386e-01 -2.664034920493976721e-02
1.937315935160595082e-01 -2.670617114337606526e-02
1.818613481306363411e-01 -2.611173169909249830e-02
1.703265919068184531e-01 -2.553203278161715606e-02
1.591311470627321256e-01 -2.496953501834093397e-02
1.482784154811522814e-01 -2.442516250971219285e-02
1.377714903335627294e-01 -2.389839688061986059e-02
1.276132701750974652e-01 -2.338737564554652440e-02
1.178065723361401834e-01 -2.288899305167198944e-02
1.083542422628499258e-01 -2.239900203707345314e-02
9.925925548126082743e-02 -2.191211644942016312e-02
9.052480908183477282e-02 -2.142211317036225859e-02
8.215440002978731393e-02 -2.092193423841996053e-02
7.415188817092474571e-02 -2.040378942000511259e-02
6.652154247961490630e-02 -1.985925991534985557e-02
5.926806983283038760e-02 -1.927940398750421433e-02
5.239662633713777773e-02 -1.865486526630675060e-02
4.591281193221830731e-02 -1.797598431704926225e-02
3.982264960099941853e-02 -1.723291379850111493e-02
3.413255100017934668e-02 -1.641573719792567554e-02
2.884927066643075758e-02 -1.551459075636299131e-02
2.397985114665809880e-02 -1.451978782015613673e-02
1.953156145095026955e-02 -1.342194450515460553e-02
1.551183114918776480e-02 -1.221210526274706457e-02
1.192818224785989305e-02 -1.088186670879708745e-02
8.788160717080916937e-03 -9.423497926716130346e-03
6.099269214277391882e-03 -7.830055385959409225e-03
3.868902194410394051e-03 -6.095490622603836825e-03
2.104284227964547081e-03 -4.214748900035966694e-03
8.124119849562106387e-04 -2.183857192677286004e-03
0.000000000000000000e+00 0.000000000000000000e+00
-3.189723506878106539e-04 2.308252278580509142e-03
-1.310126562361060495e-04 4.710802098247830055e-03
5.691332025096096543e-04 7.205902516114928713e-03
1.786029471244843236e-03 9.789985600936565446e-03
3.523498687781423302e-03 1.245768061605596194e-02
5.784567023451385806e-03 1.520185628529517260e-02
8.571406912064911607e-03 1.801368730361683004e-02
1.188527742041865440e-02 2.088274506002467390e-02
1.572646317639894709e-02 2.379711232229764911e-02
2.009421303841571124e-02 2.674352138089603967e-02
2.498668004559519845e-02 2.970751485334539865e-02
3.040086451074923771e-02 3.267362800412140084e-02
3.633256238380055264e-02 3.562559103659748011e-02
4.277632119684286749e-02 3.854654936700491197e-02
4.972540597880182461e-02 4.141929940673567956e-02
5.717177747652150976e-02 4.422653687744705631e-02
6.510608482513172146e-02 4.695111418930843911e-02
7.351767446819761076e-02 4.957630295824270311e-02
8.239461664360350768e-02 5.208605735837822104e-02
9.172375014379183233e-02 5.446527373629662938e-02
1.014907453614596611e-01 5.670004178508339376e-02
1.116801848880706743e-01 5.877788261151078303e-02
1.222756601944429561e-01 6.068796924008147686e-02
1.332598822450259402e-01 6.242132548035204953e-02
1.446148033323002569e-01 6.397099962163549369e-02
1.563217470085791483e-01 6.533221008139625252e-02
1.683615427695298317e-01 6.650246087994342303e-02
1.807146621206742465e-01 6.748162559849166242e-02
1.933613528309642282e-01 6.827199925411704673e-02
2.074055978452689353e-01 6.951481871896381115e-02
2.202706234360542192e-01 6.968954843821639766e-02
2.334107461029963637e-01 6.977319938279133438e-02
2.468130196463789172e-01 6.976648576923985545e-02
2.604642436376735648e-01 6.967037699328490485e-02
2.743509763143446301e-01 6.948609176900286122e-02
2.884595476666722558e-01 6.921509031293374137e-02
3.027760727076122538e-01 6.885906472645866860e-02
3.172864649169991336e-01 6.841992774896370200e-02
3.319764498516230011e-01 6.789980007062348943e-02
3.468315789128690874e-01 6.730099640689621299e-02
3.618372432636887681e-01 6.662601054687634916e-02
3.769786878866808189e-01 6.587749959441047132e-02
3.922410257749938123e-01 6.505826762430108601e-02
4.076092522476134627e-01 6.417124897601082789e-02
4.230682593803832270e-01 6.321949140409087453e-02
4.386028505438142600e-01 6.220613929820385801e-02
4.541977550383874962e-01 6.113441717624230193e-02
4.698376428176281872e-01 6.000761364185947661e-02
4.855071392887650994e-01 5.882906598296915035e-02
5.011908401802639412e-01 5.760214557070660740e-02
5.168733264649640891e-01 5.633024419928749082e-02
5.325391793269623752e-01 5.501676148648032560e-02
5.481729951597724693e-01 5.366509343238702601e-02
5.637594005826752630e-01 5.227862221126532150e-02
5.792830674615493391e-01 5.086070724761529438e-02
5.947287279198640864e-01 4.941467760406919457e-02
6.100811893249302731e-01 4.794382568515229842e-02
6.253253492339392317e-01 4.645140223809579583e-02
6.404462102838095472e-01 4.494061260993811868e-02
6.554288950083877463e-01 4.341461419948986628e-02
6.702586605661375874e-01 4.187651502366988854e-02
6.849209133611093847e-01 4.032937330053235070e-02
6.994012235397032429e-01 3.877619793624673128e-02
7.136853393455467875e-01 3.721994979057345609e-02
7.277592013146886307e-01 3.566354358517283274e-02
7.416089562932862700e-01 3.410985031151804459e-02
7.552209712600141955e-01 3.256169999034062845e-02
7.685818469355777394e-01 3.102188463245279457e-02
7.816784311619359160e-01 2.949316125146177886e-02
7.944978320341723466e-01 2.797825478225673956e-02
8.070274307683413806e-01 2.647986076511610332e-02
8.192548942891080266e-01 2.500064766371076774e-02
8.311681875215541915e-01 2.354325869598200560e-02
8.427555853721431234e-01 2.211031306964734988e-02
8.540056843845261758e-01 2.070440652867182318e-02
8.649074140566056501e-01 1.932811113316931784e-02
8.754500478060576185e-01 1.798397421256798731e-02
8.856232135723348664e-01 1.667451645016119685e-02
8.954169040440109750e-01 1.540222907605503025e-02
9.048214865011990904e-01 1.416957016465791169e-02
9.138277122636406791e-01 1.297896005192186730e-02
9.224267257359313188e-01 1.183277590618333520e-02
9.306100730422132150e-01 1.073334550435303680e-02
9.383697102434963577e-01 9.682940282054353087e-03
9.456980111315865800e-01 8.683767741820868843e-03
9.525877745943709396e-01 7.737963317367179891e-03
9.590322315479521409e-01 6.847581804017077028e-03
9.650250514317997297e-01 6.014588475397134384e-03
9.705603482637298329e-01 5.240850014323853757e-03
9.756326862520989796e-01 4.528125391298092918e-03
9.802370849631124594e-01 3.878056827086893282e-03
9.843690240416111958e-01 3.292160976477609413e-03
9.880244474840956803e-01 2.771820468426678015e-03
9.911997674630752542e-01 2.318275933545258308e-03
9.938918677021200132e-01 1.932618643241065543e-03
9.960981064012014441e-01 1.615783875999391708e-03
9.978163187120837607e-01 1.368545115396126340e-03
9.990448187636511435e-01 1.191509171688659918e-03
9.997824012371290259e-01 1.085112304455436178e-03
1.000000000000000000e+00 1.049617408007227481e-03
