1.000000000000000000e+00 -1.021006667079525383e-03
9.995016248080754728e-01 -9.898835729746291098e-04
9.987419240721503444e-01 -8.966778149533886477e-04
9.974767556257366774e-01 -7.418794525593034846e-04
9.957076162472557890e-01 -5.263035374620327706e-04
9.934365966639899792e-01 -2.510875313101801950e-04
9.906663768382093505e-01 8.231233050961291736e-05
9.874002199748189712e-01 4.721257496241746884e-04
9.836419652998280583e-01 9.162741750294947120e-04
9.793960196677785612e-01 1.412377741977486213e-03
9.746673480639246323e-01 1.957763371142825625e-03
9.694614630732736327e-01 2.549474061480321192e-03
9.637844133934663216e-01 3.184279410556177525e-03
9.576427714718319661e-01 3.858687395098043225e-03
9.510436203487409035e-01 4.568957441973565611e-03
9.439945397896122303e-01 5.311114815704081130e-03
9.365035917866575410e-01 6.080966342903917216e-03
9.285793055087232517e-01 6.874117486695471152e-03
9.202306617735648286e-01 7.685990775196891236e-03
9.114670771117062698e-01 8.511845577657443235e-03
9.022983874848727881e-01 9.346799209807609907e-03
8.927348317150755053e-01 1.018584933659726598e-02
8.827870346729923545e-01 1.102389762586811726e-02
8.724659902665994338e-01 1.185577459081305594e-02
8.617830442633009902e-01 1.267626554252614633e-02
8.507498769713841558e-01 1.348013755677551426e-02
8.393784857997204085e-01 1.426216734160614535e-02
8.276811677084983110e-01 1.501716987478173004e-02
8.156705015586585006e-01 1.574002766272427495e-02
8.033593303637642791e-01 1.642572045582039314e-02
7.907607434454833051e-01 1.706935523908593641e-02
7.778880584927858610e-01 1.766619630254256598e-02
7.647548035254424503e-01 1.821169518261571765e-02
7.513746987644850384e-01 1.870152025473746996e-02
7.377616384159192409e-01 1.913158574844570775e-02
7.239296723790699106e-01 1.949807994991234125e-02
7.098929878973835317e-01 1.979749235325831483e-02
6.956658911770575715e-01 2.002663952145337586e-02
6.812627890073466030e-01 2.018268942021929357e-02
6.666981704254538732e-01 2.026318399428630318e-02
6.519865884782851673e-01 2.026605976465101211e-02
6.371426421426467090e-01 2.018966623815302008e-02
6.221809584743530630e-01 2.003278193666026274e-02
6.071161750648051969e-01 1.979462787229407938e-02
5.919629228905447516e-01 1.947487831723451746e-02
5.767358096467302131e-01 1.907366874145528801e-02
5.614494036591211046e-01 1.859160081891723937e-02
5.461182184707017440e-01 1.802974443191372733e-02
5.307566981983241616e-01 1.738963663397521259e-02
5.153792037515380065e-01 1.667327756352768309e-02
5.000000000000001110e-01 1.588312333285703259e-02
4.846332439675244408e-01 1.502207594933011731e-02
4.692929741199816096e-01 1.409347035773466511e-02
4.539931008010336111e-01 1.310105872349310446e-02
4.387473978543074971e-01 1.204899210587274949e-02
4.235694954533442136e-01 1.094179969766773813e-02
4.084728741418608422e-01 9.784365832731498069e-03
3.934708600669297729e-01 8.581904984788835122e-03
3.785766213670526126e-01 7.339934999823514994e-03
3.638031656562722427e-01 6.064248819741921426e-03
3.491633385249080512e-01 4.760884966753850533e-03
3.346698229577281802e-01 3.436097065852593280e-03
3.203351395518720390e-01 2.096322686856472162e-03
3.061716474000832355e-01 7.481517877062152100e-04
2.921915454902339060e-01 -6.017049628272361228e-04
2.784068744601123080e-01 -1.946447712034282684e-03
2.648295185373343297e-01 -3.279218539353895290e-03
2.514712074882907156e-01 -4.593131915005155275e-03
2.383435183974532412e-01 -5.881304271129532413e-03
2.254578770992531345e-01 -7.136882474553178646e-03
2.128255590891493798e-01 -8.353071011582863248e-03
2.004576897483918152e-01 -9.523157718326520638e-03
1.883652437282334613e-01 -1.064053791448109354e-02
1.765590433537633785e-01 -1.169873682395775050e-02
1.650497559248718105e-01 -1.269143019171367626e-02
1.538478898117871252e-01 -1.361246303234710242e-02
1.429637892647761255e-01 -1.445586647201122302e-02
1.324076278815522478e-01 -1.521587267066442511e-02
1.221894007012329225e-01 -1.588692783626907343e-02
1.123189149198478287e-01 -1.646370336598208459e-02
1.028057792489391192e-01 -1.694110517137809024e-02
9.365939196518373311e-02 -1.731428126507464013e-02
8.488892772474744552e-02 -1.757862770458479620e-02
7.650332324073140511e-02 -1.772979300563673824e-02
6.851126194516199419e-02 -1.776368115143587417e-02
6.092115777806593468e-02 -1.767645333629740481e-02
5.374113826487006418e-02 -1.746452859167607272e-02
4.697902705934471623e-02 -1.712458344981968028e-02
4.064232614226000184e-02 -1.665355080506266891e-02
3.473819787562153205e-02 -1.604861813516659033e-02
2.927344711862331708e-02 -1.530722524514566835e-02
2.425450361417091222e-02 -1.442706169374731624e-02
1.968740485395595319e-02 -1.340606405827430951e-02
1.557777962560112292e-02 -1.224241318683859034e-02
1.193083243742268720e-02 -1.093453157854594807e-02
8.751329005016444257e-03 -9.481081021665735756e-03
6.043582969343153088e-03 -7.880960607685514110e-03
3.811443998538309626e-03 -6.133305225458258320e-03
2.058287405576525279e-03 -4.237484624586193224e-03
7.870053915454768316e-04 -2.193103120942462708e-03
0.000000000000000000e+00 0.000000000000000000e+00
-2.935657572770768468e-04 2.311499415246158484e-03
-8.501583384808446449e-05 4.710602545717524486e-03
6.265913983816938631e-04 7.196070181736942059e-03
1.841715716179081596e-03 9.765970939967663286e-03
3.560330399845897283e-03 1.241769004395653665e-02
5.781916833888592518e-03 1.514794242525085641e-02
8.505458435651553489e-03 1.795279003887743571e-02
1.172943401741296902e-02 2.082766325564250343e-02
1.545181070888613194e-02 2.376738616362644024e-02
1.967003658622315174e-02 2.676620558264883321e-02
2.438103317015301308e-02 2.981782356861923874e-02
2.958118796948865092e-02 3.291543315977799034e-02
3.526634725667414372e-02 3.605175709409835783e-02
4.143180926911058104e-02 3.921908920675472310e-02
4.807231803356627753e-02 4.240933819874903588e-02
5.518205801097442187e-02 4.561407345269607311e-02
6.275464975532506207e-02 4.882457255953384645e-02
7.078314677323747917e-02 5.203187021068043927e-02
7.926003376025454739e-02 5.522680810399398232e-02
8.817722637611354053e-02 5.840008550888126093e-02
9.752607270446175813e-02 6.154231013609078038e-02
1.072973565229779352e-01 6.464404896112560528e-02
1.174813024879881596e-01 6.769587865680615213e-02
1.280675833138125441e-01 7.068843530025245570e-02
1.390453290016654131e-01 7.361246303234711408e-02
1.504031381464394634e-01 7.645886136347246342e-02
1.621290913225849062e-01 7.921873083781602598e-02
1.742107665230771263e-01 8.188341678962460235e-02
1.866352565986319212e-01 8.444455094821784469e-02
1.993891886183775941e-01 8.689409067407971587e-02
2.124587450486161710e-01 8.922435563563382854e-02
2.258296866235503242e-01 9.142806176503390225e-02
2.394873767613384108e-01 9.349835236110812242e-02
2.534168073609506799e-01 9.542882623809371967e-02
2.676026258003409430e-01 9.721356284958268534e-02
2.820291629446934345e-01 9.884714434774860559e-02
2.966804619651362551e-01 1.003246745680151097e-01
3.115403077634502638e-01 1.016417949584282332e-01
3.265922567969806734e-01 1.027946975006947816e-01
3.418196671001446085e-01 1.037801346957429871e-01
3.572057283044985931e-01 1.045954267103789831e-01
3.727334914680927591e-01 1.052384658028082953e-01
3.883858985365279404e-01 1.057077181631723428e-01
4.041458112724147789e-01 1.060022233205635961e-01
4.199960395064251673e-01 1.061215912800414773e-01
4.359193685813883556e-01 1.060659975618451073e-01
4.518985858804521749e-01 1.058361763202282091e-01
4.679165063507052524e-01 1.054334117211340183e-01
4.839559969543474893e-01 1.048595277563661721e-01
5.000000000000001110e-01 1.041168766671429630e-01
5.160315553265902855e-01 1.032083261421686132e-01
5.320338213309893094e-01 1.021372454448934708e-01
5.479900948478128031e-01 1.009074906118075654e-01
5.638838299051833758e-01 9.952338884880061742e-02
5.796986553935009612e-01 9.798972223625389277e-02
5.954183916951800715e-01 9.631171083606056282e-02
6.110270663317375339e-01 9.449499527566708468e-02
6.265089286905020094e-01 9.254561886597154063e-02
6.418484638965826772e-01 9.047000929196787056e-02
6.570304058966625060e-01 8.827495989784579777e-02
6.720397498198377173e-01 8.596761057226104397e-02
6.868617636773315382e-01 8.355542822506538403e-02
7.014819994577231599e-01 8.104618683426791093e-02
7.158863036676893499e-01 7.844794703166303729e-02
7.300608273604768383e-01 7.576903518763605794e-02
7.439920356857964157e-01 7.301802195029402642e-02
7.576667169858862794e-01 7.020370019136544515e-02
7.710719914535545394e-01 6.733506231128860708e-02
7.841953193593449445e-01 6.442127685853807351e-02
7.970245088469898320e-01 6.147166442341089887e-02
8.095477232892123176e-01 5.849567277407085458e-02
8.217534881900312449e-01 5.550285121241920611e-02
8.336306976151539594e-01 5.250282413907647605e-02
8.451686201289683176e-01 4.950526383015265569e-02
8.563569042151633059e-01 4.651986244322448005e-02
8.671855831581107843e-01 4.355630328571499094e-02
8.776450793638601588e-01 4.062423139532868321e-02
8.877262081027971208e-01 3.773322349898833306e-02
8.974201806606151299e-01 3.489275743351137604e-02
9.067186068900746632e-01 3.211218112769553823e-02
9.156134971628556718e-01 2.940068126126185385e-02
9.240972637284504687e-01 2.676725173089868071e-02
9.321627214952206142e-01 2.422066206720156073e-02
9.398030882572061540e-01 2.176942595835623662e-02
9.470119843987560015e-01 1.942177004674746493e-02
9.537834321172786733e-01 1.718560317310502406e-02
9.601118542121490629e-01 1.506848624918065774e-02
9.659920724947852477e-01 1.307760294415911614e-02
9.714193058809519332e-01 1.121973137197228299e-02
9.763891682312290099e-01 9.501216966360326657e-03
9.808976660091647259e-01 7.927946727901542812e-03
9.849411958288030178e-01 6.505325022338696167e-03
9.885165419639284634e-01 5.238251102414623848e-03
9.916208738904794817e-01 4.131098516195279811e-03
9.942517439311477911e-01 3.187696553600961359e-03
9.964070850672221979e-01 2.411313869744114834e-03
9.980852089773433189e-01 1.804644408837973672e-03
9.992848043561212146e-01 1.369795736084735956e-03
1.000004935557656127e+00 1.108279867278322284e-03
1.000000000000000000e+00 1.021006667079525383e-03
