1.000000000000000000e+00 -1.049744052648184447e-03
9.997294609608163851e-01 -1.073131802741758654e-03
9.989876363372327539e-01 -1.143219172832928097e-03
9.977520793023022527e-01 -1.259779082649811191e-03
9.960240149783018415e-01 -1.422434923600406206e-03
9.938051567694212718e-01 -1.630663314780636097e-03
9.910977045984303846e-01 -1.883797898395711979e-03
9.879043426447317033e-01 -2.181034112945487696e-03
9.842282365876410255e-01 -2.521434866798281937e-03
9.800730303595138748e-01 -2.903937020423490688e-03
9.754428424140895171e-01 -3.327358572827867483e-03
9.703422615161273468e-01 -3.790406436871684298e-03
9.647763420590582673e-01 -4.291684679325781862e-03
9.587505989179835320e-01 -4.829703094929589657e-03
9.522710018458946379e-01 -5.402885979451481357e-03
9.453439694214712530e-01 -6.009580964911859224e-03
9.379763625572512531e-01 -6.648067780756177284e-03
9.301754775773253270e-01 -7.316566807853014560e-03
9.219490388740182452e-01 -8.013247297699485974e-03
9.133051911532734657e-01 -8.736235137058520964e-03
9.042524912786443769e-01 -9.483620048297633151e-03
8.947998997239432484e-01 -1.025346212779052954e-02
8.849567716446870014e-01 -1.104379763866763370e-02
8.747328475785323132e-01 -1.185264398973400433e-02
8.641382437849027820e-01 -1.267800384924381435e-02
8.531834422339854562e-01 -1.351786836014270271e-02
8.418792802552382826e-01 -1.437021944204820018e-02
8.302369398554709790e-01 -1.523303118432157814e-02
8.182679367164956696e-01 -1.610427035373892743e-02
8.059841088822584654e-01 -1.698189605917710746e-02
7.933976051452772404e-01 -1.786385863403596591e-02
7.805208731421530155e-01 -1.874809781450518381e-02
7.673666471678560752e-01 -1.963254030792783295e-02
7.539479357184651898e-01 -2.051509686011327577e-02
7.402780087720309821e-01 -2.139365894324141149e-02
7.263703848172603506e-01 -2.226609519671806162e-02
7.122388176398003479e-01 -2.313024776178279965e-02
6.978972828759889557e-01 -2.398392865664954882e-02
6.833599643441162774e-01 -2.482491634233829209e-02
6.686412401634209690e-01 -2.565095263003679127e-02
6.537556686713079657e-01 -2.645974007875748213e-02
6.387179741495609964e-01 -2.724894002722060005e-02
6.235430323706698807e-01 -2.801617139633566511e-02
6.082458559757727423e-01 -2.875901038845468660e-02
5.928415796961498119e-01 -2.947499119685734192e-02
5.773454454306583550e-01 -3.016160782387486763e-02
5.617727871920071836e-01 -3.081631708887528492e-02
5.461390159352866869e-01 -3.143654288826815135e-02
5.304596042827168789e-01 -3.201968174902734138e-02
5.147500711591370681e-01 -3.256310969528679322e-02
4.990259663533227474e-01 -3.306419042467777930e-02
4.833028550207794649e-01 -3.352028476760372105e-02
4.675963021442179346e-01 -3.392876137896500000e-02
4.519218569684450015e-01 -3.428700858833110682e-02
4.362950374269166098e-01 -3.459244731159588637e-02
4.207313145776661600e-01 -3.484254490512509600e-02
4.052460970667532414e-01 -3.503482982268218970e-02
3.898547156377523137e-01 -3.516690691635698807e-02
3.745724077061169388e-01 -3.523647320565338054e-02
3.594143020175101788e-01 -3.524133392412610866e-02
3.443954034093696936e-01 -3.517941864076658265e-02
3.295305776950802068e-01 -3.504879724396281482e-02
3.148345366901487141e-01 -3.484769556949757208e-02
3.003218233997165809e-01 -3.457451045085413455e-02
2.860067973865925706e-01 -3.422782397017920530e-02
2.719036203387557582e-01 -3.380641669166406516e-02
2.580262418549540415e-01 -3.330927966585715827e-02
2.443883854666133448e-01 -3.273562500346721693e-02
2.310035349137766758e-01 -3.208489483046664259e-02
2.178849206922194581e-01 -3.135676845260981782e-02
2.050455068882316434e-01 -3.055116757665314250e-02
1.924979783168372649e-01 -2.966825945736280973e-02
1.802547279784356971e-01 -2.870845786354148804e-02
1.683278448479989531e-01 -2.767242178248138784e-02
1.567291020100708698e-01 -2.656105181010095032e-02
1.465786287339340688e-01 -2.585445803699525091e-02
1.361083696700267354e-01 -2.492287100752822032e-02
1.260353071143111015e-01 -2.402418688871749142e-02
1.163538662042073318e-01 -2.316398134566557965e-02
1.070584253281140763e-01 -2.234472302525476045e-02
9.814357022001884978e-02 -2.156609281667729375e-02
8.960434843956016637e-02 -2.082528357833460589e-02
8.143651270091181726e-02 -2.011727704658951982e-02
7.363674107817355652e-02 -1.943509741637617499e-02
6.620282302631010085e-02 -1.877004380161104852e-02
5.913380227600433664e-02 -1.811190608213254782e-02
5.243007068970964579e-02 -1.744917021884016817e-02
4.609341069434305660e-02 -1.676921978171639488e-02
4.012698748113911057e-02 -1.605854014643866637e-02
3.453529536638948183e-02 -1.530293068052608271e-02
2.932406521567531427e-02 -1.448772848019611384e-02
2.450014146004526883e-02 -1.359804511888873177e-02
2.007133792778633199e-02 -1.261901572036119856e-02
1.604628155422279517e-02 -1.153605772635810794e-02
1.243425217414186219e-02 -1.033513517326107439e-02
9.245025249920985413e-03 -9.003023222915115809e-03
6.488722750702152070e-03 -7.527567130433890884e-03
4.175675657546265053e-03 -5.897929733546616350e-03
2.316299869757131296e-03 -4.104821828836841859e-03
9.209857271465269430e-04 -2.140710352987942357e-03
0.000000000000000000e+00 0.000000000000000000e+00
-4.275460928781269583e-04 2.291054526502580083e-03
-3.430282980286902643e-04 4.703696007865478500e-03
2.623597393737386527e-04 7.236052653956500692e-03
1.396575934820083482e-03 9.883346753284895717e-03
3.066634154941354825e-03 1.263791308263539220e-02
5.278497097169416660e-03 1.548926767630166845e-02
8.036956507029881236e-03 1.842422827268585042e-02
1.134550094358259195e-02 2.142708764792435744e-02
1.520617286301177880e-02 2.447984081549251303e-02
1.961941848917115455e-02 2.756246661315363625e-02
2.458393567938506677e-02 3.065326341431656373e-02
3.009652663060954220e-02 3.372923751143397375e-02
3.615196362167580335e-02 3.676654108804228854e-02
4.274287684427099943e-02 3.974095464940365779e-02
4.985967353562787557e-02 4.262840642348282583e-02
5.749049692982631521e-02 4.540551876054540331e-02
6.562123191788291066e-02 4.805016920747273018e-02
7.423556179707310743e-02 5.054205200728440622e-02
8.331507728587811412e-02 5.286322456181249962e-02
9.283943540503380998e-02 5.499862311786213320e-02
1.027865622961955105e-01 5.693653270099752889e-02
1.131328910200035259e-01 5.866899808568815100e-02
1.238536232552293059e-01 6.019216516646178072e-02
1.349230029085619342e-01 6.150654517504609148e-02
1.463145900795184695e-01 6.261719740765943343e-02
1.587237920612404041e-01 6.376236214398932345e-02
1.703602898283493317e-01 6.436060820704814223e-02
1.823212822728748905e-01 6.486910767642556364e-02
1.945949680301864715e-01 6.528748057114860948e-02
2.071692408192953305e-01 6.561560222868359493e-02
2.200317014556498474e-01 6.585360638748542772e-02
2.331696701072268896e-01 6.600188594222096417e-02
2.465701987830157815e-01 6.606109142494245856e-02
2.602200840433309681e-01 6.603212729334920206e-02
2.741058799216974928e-01 6.591614613346342966e-02
2.882139110483347699e-01 6.571454090820298688e-02
3.025302859655029097e-01 6.542893540514346795e-02
3.170409106251735887e-01 6.506117305594398548e-02
3.317315020596286468e-01 6.461330431622611115e-02
3.465876022156829661e-01 6.408757280795418509e-02
3.615945919432606570e-01 6.348640043642030106e-02
3.767377051290284329e-01 6.281237170069628450e-02
3.920020429657053995e-01 6.206821741983413465e-02
4.073725883475223797e-01 6.125679809718279079e-02
4.228342203821032208e-01 6.038108714200036281e-02
4.383717290087792429e-01 5.944415416118514761e-02
4.539698297130407845e-01 5.844914852457831073e-02
4.696131783264689274e-01 5.739928339510512456e-02
4.852863859010924652e-01 5.629782040025887307e-02
5.009740336466774746e-01 5.514805510436527475e-02
5.166606879189912238e-01 5.395330342200664597e-02
5.323309152465965921e-01 5.271688909226220771e-02
5.479692973832278602e-01 5.144213231139593834e-02
5.635604463722972968e-01 5.013233959866101458e-02
5.790890196095728193e-01 4.879079494637460213e-02
5.945397348895750111e-01 4.742075228173174561e-02
6.098973854207699885e-01 4.602542924435253091e-02
6.251468547941851917e-01 4.460800226066775898e-02
6.402731318896683899e-01 4.317160287430141241e-02
6.552613257036397076e-01 4.171931527094488446e-02
6.700966800818706215e-01 4.025417491714849971e-02
6.847645883405618639e-01 3.877916821526686958e-02
6.992506077587917757e-01 3.729723306173522018e-02
7.135404739252725337e-01 3.581126018313401937e-02
7.276201149222863984e-01 3.432409511429371229e-02
7.414756653296846745e-01 3.283854067512435165e-02
7.550934800319061280e-01 3.135735979801303197e-02
7.684601478111409145e-01 2.988327855554850920e-02
7.815625047099777900e-01 2.841898923900457175e-02
7.943876471471958967e-01 2.696715334138051479e-02
8.069229447707181313e-01 2.553040430476630554e-02
8.191560530321940758e-01 2.411134990022984967e-02
8.310749254681812914e-01 2.271257411912981639e-02
8.426678256734504435e-01 2.133663846753483528e-02
8.539233389525620055e-01 1.998608257001709132e-02
8.648303836365089925e-01 1.866342400521932288e-02
8.753782220519272794e-01 1.737115731296678955e-02
8.855564711311024739e-01 1.611175213098739803e-02
8.953551126517473868e-01 1.488765043819647790e-02
9.047645030963030743e-01 1.370126290064129122e-02
9.137753831212884759e-01 1.255496433526836868e-02
9.223788866279970522e-01 1.145108832531921243e-02
9.305665494266185389e-01 1.039192103906549404e-02
9.383303174866124419e-01 9.379694320448781278e-03
9.456625547668969789e-01 8.416578135704727917e-03
9.525560506201249389e-01 7.504672473958903800e-03
9.590040267659974971e-01 6.645998811854798849e-03
9.650001438291933020e-01 5.842491262301760177e-03
9.705385074380982191e-01 5.095987535253747314e-03
9.756136738810641251e-01 4.408219843918185013e-03
9.802206553174294124e-01 3.780805892863012621e-03
9.843549245409900506e-01 3.215240085097139690e-03
9.880124192940157313e-01 2.712885083338889124e-03
9.911895461302584476e-01 2.274963856408581276e-03
9.938831838257164986e-01 1.902552335060015386e-03
9.960906863361761454e-01 1.596572792730392059e-03
9.978098853007777436e-01 1.357788055799055661e-03
9.990390920910388051e-01 1.186796635199253384e-03
9.997770994049152149e-01 1.084028856852536308e-03
1.000000000000000000e+00 1.049744052648184447e-03
