1.000000000000000000e+00 -8.236877675803583538e-04
9.995840842443520780e-01 -7.969938839462788758e-04
9.988308272728187998e-01 -7.170230754193070936e-04
9.975763239187623865e-01 -5.841076006611566063e-04
9.958219597719369931e-01 -3.988003256004183077e-04
9.935696710562701428e-01 -1.618733630740179941e-04
9.908219410611183164e-01 1.256838565321385329e-04
9.875817955992388653e-01 4.626671077185616574e-04
9.838527975249550250e-01 8.476605152319921337e-04
9.796390403520078838e-01 1.279040357168441909e-03
9.749451410158398446e-01 1.754979564649584295e-03
9.697762318294034234e-01 2.273452959816384816e-03
9.641379516849805098e-01 2.832243275584494374e-03
9.580364365568795337e-01 3.428948000985558228e-03
9.514783093612189102e-01 4.060987094902465504e-03
9.444706692293032280e-01 4.725611608539218370e-03
9.370210802503931014e-01 5.419913253012001268e-03
9.291375597379954998e-01 6.140834943008851091e-03
9.208285660712322018e-01 6.885182340558466084e-03
9.121029861595112420e-01 7.649636414624983241e-03
9.029701225746873394e-01 8.430767022586112269e-03
8.934396803903548179e-01 9.225047508755237699e-03
8.835217537629649343e-01 1.002887030311205852e-02
8.732268122842941072e-01 1.083856349046370335e-02
8.625656871295525052e-01 1.165040830655292292e-02
8.515495570202961106e-01 1.246065750336051992e-02
8.401899340164482588e-01 1.326555451124429227e-02
8.284986491472908776e-01 1.406135331084529087e-02
8.164878378874297349e-01 1.484433891313504533e-02
8.041699254805582120e-01 1.561084833182363810e-02
7.915576121114737962e-01 1.635729191887290088e-02
7.786638579253319925e-01 1.708017492131526024e-02
7.655018678925705755e-01 1.777611910623573196e-02
7.520850765183894060e-01 1.844188429087698783e-02
7.384271323970701406e-01 1.907438960661091837e-02
7.245418826137719481e-01 1.967073431920536575e-02
7.104433569996706499e-01 2.022821802358716614e-02
6.961457522503003981e-01 2.074436002933261608e-02
6.816634159216480304e-01 2.121691775352738465e-02
6.670108303237172187e-01 2.164390394052903566e-02
6.522025963368278667e-01 2.202360253358720890e-02
6.372534171816128801e-01 2.235458303124177037e-02
6.221780821793481131e-01 2.263571317189598878e-02
6.069914505446855069e-01 2.286616980287227083e-02
5.917084352578720896e-01 2.304544780548022434e-02
5.763439870678935817e-01 2.317336696499698590e-02
5.609130786815427205e-01 2.325007669376753100e-02
5.454306891959651571e-01 2.327605853663564789e-02
5.299117888336586368e-01 2.325212641032902566e-02
5.143713240390692665e-01 2.317942455193634788e-02
4.988242029947519973e-01 2.305942317589051299e-02
4.832852816124852402e-01 2.289391186355561186e-02
4.677693500507520419e-01 2.268499073423539680e-02
4.522911198046224990e-01 2.243505947080524920e-02
4.368652114073877657e-01 2.214680429684212637e-02
4.215061427753791223e-01 2.182318302472237292e-02
4.062283182184205921e-01 2.146740831532907567e-02
3.911930617459331017e-01 2.106650720269844651e-02
3.763712097292352121e-01 2.055518344406392223e-02
3.616740111373065170e-01 1.993163398898832595e-02
3.471138118473929279e-01 1.920247832321209797e-02
3.327027804934178379e-01 1.837477635677252363e-02
3.184529142113650679e-01 1.745599242907031057e-02
3.043760450798592698e-01 1.645395853098471223e-02
2.904838470133884742e-01 1.537683699731620668e-02
2.767878428568158466e-01 1.423308290720033675e-02
2.632994114261938412e-01 1.303140641260773502e-02
2.500297942424648534e-01 1.178073519618598464e-02
2.369901017112905350e-01 1.049017724004443902e-02
2.241913185137771880e-01 9.168984067131909221e-03
2.116443079889112622e-01 7.826514597051616173e-03
1.993598153086604263e-01 6.472199738881079245e-03
1.873484692704253662e-01 5.115507825135860720e-03
1.756207825582788706e-01 3.765910973677767670e-03
1.641871503536163901e-01 2.432852448308868432e-03
1.530578472068327700e-01 1.125715074127779658e-03
1.422430221138208661e-01 -1.462092494818462152e-04
1.317526917738389702e-01 -1.373748907093290395e-03
1.215967320380194200e-01 -2.547880775858522157e-03
1.117848675899266730e-01 -3.659757272557698227e-03
1.023266599306002916e-01 -4.700732234717036606e-03
9.323149376992777293e-02 -5.662385637823237616e-03
8.450856195357998868e-02 -6.536547155950315352e-03
7.616684907968589158e-02 -7.315318577416698997e-03
6.821511398161246575e-02 -7.991095090515230870e-03
6.066187127235470045e-02 -8.556585457009970030e-03
5.351537216189290735e-02 -9.004831093070370454e-03
4.678358477127664977e-02 -9.329224078698296688e-03
4.047417417599954992e-02 -9.523524117574058354e-03
3.459448241637003152e-02 -9.581874469667019459e-03
2.915150871403290878e-02 -9.498816878976221872e-03
2.415189013156029962e-02 -9.269305518429946794e-03
1.960188290619058540e-02 -8.888719973311259501e-03
1.550734467944675510e-02 -8.352877283614381851e-03
1.187371783166701715e-02 -7.658043064488705837e-03
8.706014114628738559e-03 -6.800941722406369551e-03
6.008800756659713957e-03 -5.778765782897472489e-03
3.786188193193289718e-03 -4.589184343639659755e-03
2.041819551915651475e-03 -3.230350664360504866e-03
7.788619958231222549e-04 -1.700908902411872982e-03
0.000000000000000000e+00 0.000000000000000000e+00
-2.854223615547222702e-04 1.848895139691268024e-03
-6.854798018721044300e-05 3.821602048248575606e-03
6.518472037267139876e-04 5.916901933056101584e-03
1.876497928862520728e-03 8.132697025674161945e-03
3.605645290233602546e-03 1.046601886437107005e-02
5.839031439644261703e-03 1.291304131711677392e-02
8.575893381805921312e-03 1.546909826033112702e-02
1.181495596517834028e-02 1.812870580384639413e-02
1.555442419149674627e-02 2.088558892838679459e-02
1.979197499081356004e-02 2.373271237846142842e-02
2.452474862940451361e-02 2.666231563100369267e-02
2.974933993574910285e-02 2.966595173843559335e-02
3.546178954474221018e-02 3.273452982418231794e-02
4.165757537208773786e-02 3.585836098908221775e-02
4.833160453927751177e-02 3.902720736871821694e-02
5.547820597452395031e-02 4.223033406452406102e-02
6.309112391637057560e-02 4.545656365567667806e-02
7.116351254440493601e-02 4.869433298437587931e-02
7.968793195551050756e-02 5.193175189422683663e-02
8.865634569445236812e-02 5.515666359018678300e-02
9.806012003438291380e-02 5.835670627902931479e-02
1.078900251861914378e-01 6.151937574163103550e-02
1.181362385957014510e-01 6.463208848272419815e-02
1.287883504647678035e-01 6.768224510021460250e-02
1.398353716066197683e-01 7.065729351486327303e-02
1.512657437176948838e-01 7.354479170221589479e-02
1.630673521180694141e-01 7.633246957224965046e-02
1.752275409808852213e-01 7.900828964842757096e-02
1.877331310383633101e-01 8.156050620679732022e-02
2.005704397186157117e-01 8.397772254753518850e-02
2.137253036340921175e-01 8.624894608596639367e-02
2.271831033097130303e-01 8.836364096760587761e-02
2.409287900071642452e-01 9.031177793212770422e-02
2.549469144720911684e-01 9.208388117430184316e-02
2.692216574036374044e-01 9.367107197568502741e-02
2.837368614215388662e-01 9.506510890900389532e-02
2.984760642853602208e-01 9.625842444743837323e-02
3.134225331039572349e-01 9.724415784303785948e-02
3.285592992612910157e-01 9.801618417185456456e-02
3.438691937776597318e-01 9.856913947756024141e-02
3.593348828234643189e-01 9.889844197976775664e-02
3.749389031059101596e-01 9.900030934741238520e-02
3.906636968575246116e-01 9.887177207073155616e-02
4.063903671958550290e-01 9.851932241620557640e-02
4.220593921843902585e-01 9.801865398891668191e-02
4.378015550283080870e-01 9.738860186899431226e-02
4.536005668768632870e-01 9.663051975350724077e-02
4.694401304199348202e-01 9.574613913817829614e-02
4.853039593093866899e-01 9.473756045689332717e-02
5.011757970052481692e-01 9.360724349077614859e-02
5.170394350390590255e-01 9.235799716330404807e-02
5.328787306956548342e-01 9.099296882679711040e-02
5.486776241225493900e-01 8.951563313310922920e-02
5.644201548827617598e-01 8.792978056778194551e-02
5.800904779723375926e-01 8.623950571262670173e-02
5.956728793278527334e-01 8.444919528700607636e-02
6.111517908518572240e-01 8.256351600332707819e-02
6.265118049855069593e-01 8.058740225776979405e-02
6.417376888576165062e-01 7.852604366336786434e-02
6.568143980381198066e-01 7.638487241953731410e-02
6.717270899215743718e-01 7.416955050028578578e-02
6.864611367630301109e-01 7.188595663287548898e-02
7.010021383844803333e-01 6.954017302987003379e-02
7.153359345654022317e-01 6.713847183043912537e-02
7.294486171257748008e-01 6.468730120166277242e-02
7.433265417046455159e-01 6.219327104745669271e-02
7.569563392319819117e-01 5.966313827168210487e-02
7.703249270864264142e-01 5.710379154300904148e-02
7.834195199267988130e-01 5.452223551214192832e-02
7.962276401809993409e-01 5.192557443700078490e-02
8.087371281724183847e-01 4.932099517827938373e-02
8.209361518612600106e-01 4.671574953631381366e-02
8.328132161763613928e-01 4.411713591021228231e-02
8.443571719122404673e-01 4.153248027152078858e-02
8.555572241662513511e-01 3.896911645708789340e-02
8.664029402918592693e-01 3.643436579901192240e-02
8.768842573461654855e-01 3.393551612334164136e-02
8.869914890128245410e-01 3.147980016328973119e-02
8.967153319853358173e-01 2.907437344685272901e-02
9.060468718002601118e-01 2.672629173262616731e-02
9.149775881150506995e-01 2.444248808102803677e-02
9.234993594307830955e-01 2.222974966082960635e-02
9.316044672659483661e-01 2.009469440262152268e-02
9.392855997934705936e-01 1.804374762140098162e-02
9.465358549590650039e-01 1.608311873966208200e-02
9.533487431048006666e-01 1.421877825003478243e-02
9.597181891271014953e-01 1.245643506251972905e-02
9.656385342032710595e-01 1.080151438558161342e-02
9.711045371248221425e-01 9.259136292718182434e-03
9.761113752793137976e-01 7.834095126555817162e-03
9.806546453249354034e-01 6.530839891016114278e-03
9.847303636036760510e-01 5.353455778652652791e-03
9.883349663395085694e-01 4.305646974905675065e-03
9.914653096675705157e-01 3.390720873834416130e-03
9.941186695388676275e-01 2.611573830938023963e-03
9.962927415425409938e-01 1.970678568091472314e-03
9.979856406843176098e-01 1.470073333529781177e-03
9.991959011554527592e-01 1.111352906373676112e-03
9.999224761213795221e-01 8.956615205772273372e-04
1.000000000000000000e+00 8.236877675803583538e-04
