1.000000000000000000e+00 -1.469464371210118386e-03
9.997125107068973726e-01 -1.503168190547118270e-03
9.989693278448142921e-01 -1.604172476849995100e-03
9.977315113267787305e-01 -1.772156500254999743e-03
9.960002926156915626e-01 -2.006588315745855364e-03
9.937773939311972393e-01 -2.306728625793711199e-03
9.910650264261211539e-01 -2.671636099871380499e-03
9.878658878487630579e-01 -3.100174064536724734e-03
9.841831596961015949e-01 -3.591018455764204663e-03
9.800205038639745458e-01 -4.142666905108395928e-03
9.753820588012457327e-01 -4.753448813467966994e-03
9.702724351758488242e-01 -5.421536251002490731e-03
9.646967110613822172e-01 -6.144955509412923858e-03
9.586604266536442598e-01 -6.921599123554575926e-03
9.521695785271041546e-01 -7.749238173388111467e-03
9.452306134418206884e-01 -8.625534674695466836e-03
9.378504217117414887e-01 -9.548053867863091210e-03
9.300363301456341381e-01 -1.051427621835593351e-02
9.217960945721145327e-01 -1.152160895021288323e-02
9.131378919603774236e-01 -1.256739694487069015e-02
9.040703121482581706e-01 -1.364893285168303216e-02
8.946023491892134416e-01 -1.476346627342633652e-02
8.847433923296785796e-01 -1.590821190957450795e-02
8.745032166280708452e-01 -1.708035656186606202e-02
8.638919732264461748e-01 -1.827706493030167856e-02
8.529201792855203301e-01 -1.949548415279673402e-02
8.415987075934260320e-01 -2.073274706783127461e-02
8.299387758582067454e-01 -2.198597420615156298e-02
8.179519356936765240e-01 -2.325227454438916208e-02
8.056500613078940720e-01 -2.452874507992984163e-02
7.930453379031264793e-01 -2.581246931198831474e-02
7.801502497958466842e-01 -2.710051473818246223e-02
7.669775682649876414e-01 -2.838992949849794556e-02
7.535403391364258185e-01 -2.967773831897127859e-02
7.398518701114580320e-01 -3.096093792532129962e-02
7.259257178468920824e-01 -3.223649211176114748e-02
7.117756747943220219e-01 -3.350132666203822773e-02
6.974157558061523376e-01 -3.475232432811876937e-02
6.828601845160606754e-01 -3.598632007666110327e-02
6.681233795017572641e-01 -3.720009681437326521e-02
6.532199402381944076e-01 -3.839038180044779258e-02
6.381646328497418974e-01 -3.955384394749782151e-02
6.229723756703110515e-01 -4.068709220183748532e-02
6.076582246209488725e-01 -4.178667517967202261e-02
5.922373584150600889e-01 -4.284908221796644018e-02
5.767250636021084009e-01 -4.387074597768844675e-02
5.611367194614199638e-01 -4.484804671306646257e-02
5.454877827585360439e-01 -4.577731829381549711e-02
5.297937723774288621e-01 -4.665485603836391770e-02
5.140702538428042478e-01 -4.747692638539617593e-02
4.983328237476308264e-01 -4.823977839898926923e-02
4.825970941019752103e-01 -4.893965706976313723e-02
4.668786766201447613e-01 -4.957281834131185144e-02
4.511931669640404374e-01 -5.013554575826558585e-02
4.355561289614950371e-01 -5.062416860019042231e-02
4.199830788191867836e-01 -5.103508133470022190e-02
4.044894693504718641e-01 -5.136476419414563732e-02
3.890906742391578854e-01 -5.160980465356276858e-02
3.738019723608212996e-01 -5.176691956367130559e-02
3.586385321837607387e-01 -5.183297767204245177e-02
3.436153962720464583e-01 -5.180502224849277415e-02
3.287474659133783894e-01 -5.168029351763750445e-02
3.140494858945879764e-01 -5.145625059263342349e-02
2.995360294476062113e-01 -5.113059259966881709e-02
2.852214833885716727e-01 -5.070127868287190032e-02
2.711200334724614414e-01 -5.016654658408485623e-02
2.572456499851989986e-01 -4.952492950140287287e-02
2.436120735946244453e-01 -4.877527094444143729e-02
2.302328014810093582e-01 -4.791673732284387754e-02
2.171210737669672652e-01 -4.694882802736699556e-02
2.042898602656558482e-01 -4.587138278972048566e-02
1.938056416530785642e-01 -4.570180522287470293e-02
1.820906853326287600e-01 -4.483040315860933878e-02
1.707196017342761940e-01 -4.393893151392927465e-02
1.596930270735627266e-01 -4.302988403828837682e-02
1.490111379109226863e-01 -4.210439493598173988e-02
1.386738119512700707e-01 -4.116234135281425510e-02
1.286807921712283531e-01 -4.020244462267212604e-02
1.190318498257540852e-01 -3.922236818430855504e-02
1.097269416431279898e-01 -3.821881080150482668e-02
1.007663565487546264e-01 -3.718759448656352995e-02
9.215084756948102584e-02 -3.612374727611035452e-02
8.388174514210525179e-02 -3.502158167775249603e-02
7.596104884008333946e-02 -3.387477014186782154e-02
6.839149548023358560e-02 -3.267641927390924073e-02
6.117660260363610297e-02 -3.141914466635219866e-02
5.432068736519676116e-02 -3.009514819296909074e-02
4.782886184190186102e-02 -2.869629938777861974e-02
4.170700661904945539e-02 -2.721422215902562572e-02
3.596172519109617355e-02 -2.564038760817988899e-02
3.060028219203376684e-02 -2.396621318381480029e-02
2.563052874070993054e-02 -2.218316784864689944e-02
2.106081825705659327e-02 -2.028288241819046350e-02
1.689991599661233579e-02 -1.825726377601984488e-02
1.315690529274159484e-02 -1.609861130761553599e-02
9.841093122940815924e-03 -1.379973363527055123e-02
6.961917162883902305e-03 -1.135406358333860416e-02
4.528855992790551191e-03 -8.755769250347593402e-03
2.551343604804677881e-03 -5.999859099692726044e-03
1.038688852085014810e-03 -3.082279086928845467e-03
0.000000000000000000e+00 0.000000000000000000e+00
-5.452492178166149341e-04 3.206674172832068605e-03
-5.780720330762368492e-04 6.495912297904589405e-03
-9.082059587054748528e-05 9.866181143858683555e-03
9.233815226383332471e-04 1.331399379831576038e-02
2.470566281921523881e-03 1.683391632461038456e-02
4.555843978569684878e-03 2.041860088411362462e-02
7.183322064640340621e-03 2.405884581688961035e-02
1.035602061431233067e-02 2.774368297306052666e-02
1.407578558234711709e-02 3.146049235078841183e-02
1.834320151281270198e-02 3.519514380834784517e-02
2.315750585467836811e-02 3.893216526359961210e-02
2.851650749269920085e-02 4.265493636464591509e-02
3.441651247411699893e-02 4.634590610732683413e-02
4.085226016878388405e-02 4.998683229366725211e-02
4.781687320799610924e-02 5.355904008558366042e-02
5.530182447590283046e-02 5.704369623600644146e-02
6.329692415597312771e-02 6.042209491117114806e-02
7.179032935587967290e-02 6.367595039757523168e-02
8.076857815595725465e-02 6.678769146412631696e-02
9.021664907629803332e-02 6.974075177343999621e-02
1.001180459811815970e-01 7.251985054951477772e-02
1.104549073984567725e-01 7.511125774414734169e-02
1.212081381983120543e-01 7.750303821720708197e-02
1.323575606273185989e-01 7.968526995254643364e-02
1.438820809025298519e-01 8.165023204790503031e-02
1.557598669977485473e-01 8.339255910134370231e-02
1.679685329420720907e-01 8.490935961225554163e-02
1.804853249186818276e-01 8.620029705800849595e-02
1.932873046939451722e-01 8.726763333361567399e-02
2.079248874418711257e-01 8.874585230374452960e-02
2.207955483809020403e-01 8.912927784914695395e-02
2.339404035399942072e-01 8.938818883373053636e-02
2.473465106550046810e-01 8.952344522152007322e-02
2.610006759130860110e-01 8.953626140906621733e-02
2.748894667879918097e-01 8.942819816118414977e-02
2.889992250463556678e-01 8.920115181223468859e-02
3.033160799176132794e-01 8.885734094747993472e-02
3.178259614207343264e-01 8.839929080589656318e-02
3.325146138413304642e-01 8.782981566866698842e-02
3.473676093530062015e-01 8.715199951612771778e-02
3.623703617770100971e-01 8.636917525002948959e-02
3.775081404743240721e-01 8.548490278742409965e-02
3.927660843642998278e-01 8.450294633727839511e-02
4.081292160638037569e-01 8.342725117103690080e-02
4.235824561405825972e-01 8.226192019388939292e-02
4.391106374742008156e-01 8.101119061460290705e-02
4.546985197174453486e-01 7.967941099866027166e-02
4.703308038505421007e-01 7.827101897238804284e-02
4.859921468198967198e-01 7.679051982509119134e-02
5.016671762523694511e-01 7.524246623232258568e-02
5.173405052353240441e-01 7.363143929673476862e-02
5.329967471518846089e-01 7.196203107395438003e-02
5.486205305599785031e-01 7.023882872008745115e-02
5.641965141028845165e-01 6.846640036532061768e-02
5.797094014381227733e-01 6.664928278516592253e-02
5.951439561706647341e-01 6.479197090774180268e-02
6.104850167755938584e-01 6.289890916262302900e-02
6.257175114945440209e-01 6.097448464475134500e-02
6.408264731894874888e-01 5.902302203617744436e-02
6.557970541367532658e-01 5.704878019947948187e-02
6.706145407435343264e-01 5.505595033001041416e-02
6.852643681686174659e-01 5.304865553006459650e-02
6.997321348286283937e-01 5.103095164697431241e-02
7.140036167707508596e-01 4.900682919934207238e-02
7.280647818926546666e-01 4.698021620132850074e-02
7.419018039902576245e-01 4.495498168432460195e-02
7.555010766139454992e-01 4.293493970855928599e-02
7.688492267140093483e-01 4.092385365427791966e-02
7.819331280562841213e-01 3.892544058306915411e-02
7.947399143893466578e-01 3.694337546463091759e-02
8.072569923450825247e-01 3.498129507262376370e-02
8.194720540550132215e-01 3.304280136506075605e-02
8.313730894654455250e-01 3.113146417967093890e-02
8.429483983352626941e-01 2.925082309256045801e-02
8.541866019010271316e-01 2.740438830891658850e-02
8.650766541949655997e-01 2.559564047708115520e-02
8.756078530023887474e-01 2.382802934164033118e-02
8.857698504461108957e-01 2.210497117678381432e-02
8.955526631864771936e-01 2.042984496763525573e-02
9.049466822266892807e-01 1.880598733404807016e-02
9.139426823141845180e-01 1.723668621805396137e-02
9.225318309299007646e-01 1.572517338224937306e-02
9.307056968583097278e-01 1.427461579147119852e-02
9.384562583321222062e-01 1.288810597370726105e-02
9.457759107465475434e-01 1.156865147790692508e-02
9.526574739389154223e-01 1.031916356582639541e-02
9.590941990303367692e-01 9.142445291945687155e-03
9.650797748268693521e-01 8.041179139532145248e-03
9.706083337783767417e-01 7.017914391878245228e-03
9.756744574939079095e-01 6.075054425425769136e-03
9.802731818129687413e-01 5.214844115786107862e-03
9.844000014325294812e-01 4.439357548517912193e-03
9.880508740899843767e-01 3.750486223920579051e-03
9.912222243025676782e-01 3.149927939114698181e-03
9.939109466639405310e-01 2.639176521413528695e-03
9.961144086987864243e-01 2.219512574623599879e-03
9.978304532763012658e-01 1.891995384671314381e-03
9.990574005834572668e-01 1.657456113111769160e-03
9.997940496588342274e-01 1.516492386955862028e-03
1.000000000000000000e+00 1.469464371210118386e-03
