1.000000000000000000e+00 -2.309158297615900197e-03
9.996892138634867475e-01 -2.365928355547968886e-03
9.989441642052019343e-01 -2.536066359696212500e-03
9.977032421983437205e-01 -2.819057038805374959e-03
9.959676880205216021e-01 -3.214045712994270405e-03
9.937392360075563147e-01 -3.719844382138636201e-03
9.910201127471364169e-01 -4.334940111010258945e-03
9.878130346369854431e-01 -5.057505575524524205e-03
9.841212049142650242e-01 -5.885411599844807620e-03
9.799483101642618710e-01 -6.816241482506824219e-03
9.752985163176279837e-01 -7.847306881723317695e-03
9.701764641465552286e-01 -8.975665006111268468e-03
9.645872642712430833e-01 -1.019813683768294212e-02
9.585364916888748921e-01 -1.151132609941179011e-02
9.520301798380151892e-01 -1.291163867030653903e-02
9.450748142118986506e-01 -1.439530214686757584e-02
9.376773255344899027e-01 -1.595838525116890713e-02
9.298450825134411124e-01 -1.759681679259225695e-02
9.215858841841756410e-01 -1.930640390234494852e-02
9.129079518592896347e-01 -2.108284927713486787e-02
9.038199206972779010e-01 -2.292176719046334216e-02
8.943308309042810045e-01 -2.481869805658678749e-02
8.844501185821265210e-01 -2.676912136281973942e-02
8.741876062354085875e-01 -2.876846682001073935e-02
8.635534929497263867e-01 -3.081212361812533246e-02
8.525583442525184186e-01 -3.289544771328625078e-02
8.412130816671870015e-01 -3.501376711365747352e-02
8.295289719704243003e-01 -3.716238517352941223e-02
8.175176161618660231e-01 -3.933658194708913175e-02
8.051909381544115618e-01 -4.153161369494515198e-02
7.925611731927778569e-01 -4.374271067673664998e-02
7.796408560071502736e-01 -4.596507340139720232e-02
7.664428087081242014e-01 -4.819386754214818186e-02
7.529801284285629892e-01 -5.042421775540856244e-02
7.392661747175152120e-01 -5.265120067093440742e-02
7.253145566909598996e-01 -5.486983734407246266e-02
7.111391199439137667e-01 -5.707508547957543255e-02
6.967539332283020359e-01 -5.926183174957393163e-02
6.821732749010444019e-01 -6.142488453572557405e-02
6.674116191469637860e-01 -6.355896742705430258e-02
6.524836219814632576e-01 -6.565871380042699601e-02
6.374041070383861252e-01 -6.771866279997644511e-02
6.221880511491016952e-01 -6.973325701514855590e-02
6.068505697196217019e-01 -7.169684213461344213e-02
5.914069019134586824e-01 -7.360366882531162169e-02
5.758723956489614215e-01 -7.544789705278968917e-02
5.602624924210015678e-01 -7.722360302117704800e-02
5.445927119581238651e-01 -7.892478886921631964e-02
5.288786367275843947e-01 -8.054539521331197105e-02
5.131358963020843378e-01 -8.207931658029071764e-02
4.973801516034197512e-01 -8.352041972222121191e-02
4.816270790397119139e-01 -8.486256475400720534e-02
4.658923545543169897e-01 -8.609962900236893535e-02
4.501916376059247327e-01 -8.722553340310154613e-02
4.345405551007219813e-01 -8.823427123298850649e-02
4.189546852987879322e-01 -8.911993891429723091e-02
4.034495417180913313e-01 -8.987676858419778314e-02
3.880405570605459098e-01 -9.049916207951737290e-02
3.727430671855347932e-01 -9.098172594969855531e-02
3.575722951571180808e-01 -9.131930707834870486e-02
3.425433353917722301e-01 -9.150702846695574211e-02
3.276711379339635744e-01 -9.154032471372447466e-02
3.129704928871175906e-01 -9.141497670649911811e-02
2.984560150276042156e-01 -9.112714504171127994e-02
2.841421286292048487e-01 -9.067340168147373924e-02
2.700430525251670821e-01 -9.005075936844740558e-02
2.561727854343741617e-01 -8.925669833296544231e-02
2.425450915773729454e-01 -8.828918984900184508e-02
2.291734866070136711e-01 -8.714671622472226764e-02
2.160712238772715954e-01 -8.582828684922810814e-02
2.032512810724514951e-01 -8.433344995928190868e-02
1.939537379271167039e-01 -8.369307338187191581e-02
1.825493597366135978e-01 -8.226774607764297809e-02
1.715056213891916481e-01 -8.075272897855348408e-02
1.608167870952239287e-01 -7.915058207818323477e-02
1.504765827704634962e-01 -7.746285978852078535e-02
1.404784551866848086e-01 -7.569023029720299556e-02
1.308158361634901568e-01 -7.383258257692332238e-02
1.214824048049818889e-01 -7.188911844958163766e-02
1.124723404036840901e-01 -6.985842833036756683e-02
1.037805586837422245e-01 -6.773855056085023585e-02
9.540292454477353190e-02 -6.552701548760653250e-02
8.733643536674112751e-02 -6.322087655641754622e-02
7.957937017840054084e-02 -6.081673158559322556e-02
7.213140148147094421e-02 -5.831073799102799715e-02
6.499366814524752678e-02 -5.569862602404814650e-02
5.816880942131472110e-02 -5.297571404629373981e-02
5.166096166126896150e-02 -5.013692952923730350e-02
4.547572065514952216e-02 -4.717683888007462301e-02
3.962007357292983423e-02 -4.408968842868830895e-02
3.410230524323978191e-02 -4.086945803871840088e-02
2.893188392881358706e-02 -3.750992790562841100e-02
2.411933186926924072e-02 -3.400475824426216209e-02
1.967608569146147776e-02 -3.034758080256539509e-02
1.561435138250499496e-02 -2.653210050525243655e-02
1.194695793466061390e-02 -2.255220505237938433e-02
8.687213060096919681e-03 -1.840207997809698709e-02
5.848763589550864603e-03 -1.407632650583509615e-02
3.445462358484938613e-03 -9.570079499006243010e-03
1.491242586342623154e-03 -4.879122875431961791e-03
0.000000000000000000e+00 0.000000000000000000e+00
-9.978029520742231692e-04 5.003517961335184928e-03
-1.472190786756497581e-03 1.006613269721810637e-02
-1.410728192630860463e-03 1.518673839934618630e-02
-8.019143745746854304e-04 2.036201019307414678e-02
3.647014702017267740e-04 2.558638774171921593e-02
2.098397888806283022e-03 3.085209008175052517e-02
4.407152369791199516e-03 3.614916284343516056e-02
7.297507002099684961e-03 4.146555879913223219e-02
1.077443039424345883e-02 4.678725240776992339e-02
1.484117846160668518e-02 5.209838866325144924e-02
1.949915747284471090e-02 5.738146608410803207e-02
2.474779345659913060e-02 6.261755308569490197e-02
3.058441265474989845e-02 6.778653624878551442e-02
3.700413811266592412e-02 7.286739814699190465e-02
4.399980766638468543e-02 7.783852144327960132e-02
5.156191847466547185e-02 8.267801495312519788e-02
5.967860281765592634e-02 8.736405635489655208e-02
6.833563913124379718e-02 9.187524527624028881e-02
7.751650118066474859e-02 9.619095967562249494e-02
8.720244694131043528e-02 1.002917078477267021e-01
9.737264722062549671e-02 1.041594680783775040e-01
1.080043524192289689e-01 1.077780080094204312e-01
1.190730942060502506e-01 1.111331761714582644e-01
1.305529173919038610e-01 1.142131588969351880e-01
1.424166360429890421e-01 1.170086969004440897e-01
1.546361069760873452e-01 1.195132571412385603e-01
1.671825132871566366e-01 1.217231570768797511e-01
1.800266505146969898e-01 1.236376399770421353e-01
1.931392084199070325e-01 1.252589014926129007e-01
2.089634666350754788e-01 1.272079194733059526e-01
2.218453982705977101e-01 1.280087366710080665e-01
2.349997184139898943e-01 1.286181677356089403e-01
2.484134926722561809e-01 1.290373641260804671e-01
2.620735404639108479e-01 1.292680302406287729e-01
2.759664477352861689e-01 1.293124109455467130e-01
2.900785798057224918e-01 1.291732748108365414e-01
3.043960943376152750e-01 1.288538933895223837e-01
3.189049544282047122e-01 1.283580169197622578e-01
3.335909418207452792e-01 1.276898468647539586e-01
3.484396702332804296e-01 1.268540057345906857e-01
3.634365988036527551e-01 1.258555046563357427e-01
3.785670456496105785e-01 1.246997091734513285e-01
3.938162015429118035e-01 1.233923037632329994e-01
4.091691436961842898e-01 1.219392555610890466e-01
4.246108496609814487e-01 1.203467777734864019e-01
4.401262113349738714e-01 1.186212932474009912e-01
4.557000490755610533e-01 1.167693986434962250e-01
4.713171259163698723e-01 1.147978296334451337e-01
4.869621618821600162e-01 1.127134275093352594e-01
5.026198483965804709e-01 1.105231075555545284e-01
5.182748627760439541e-01 1.082338294916292964e-01
5.339118828017290763e-01 1.058525702489024334e-01
5.495156013603906819e-01 1.033862992954882737e-01
5.650707411433029126e-01 1.008419566734311962e-01
5.805620693912697527e-01 9.822643386026715107e-02
5.959744126722661406e-01 9.554655751508699113e-02
6.112926716769210289e-01 9.280907611756444853e-02
6.265018360157533772e-01 9.002064945806241558e-02
6.415869990008432611e-01 8.718784088865606796e-02
6.565333723934844157e-01 8.431711219945868530e-02
6.713263010983278045e-01 8.141482094269145153e-02
6.859512777836337394e-01 7.848721998912906728e-02
7.003939574064786955e-01 7.554045906842947466e-02
7.146401716211591149e-01 7.258058801687927719e-02
7.286759430485868494e-01 6.961356143363980897e-02
7.424874993842004445e-01 6.664524442993770281e-02
7.560612873218083285e-01 6.368141914499655942e-02
7.693839862708727884e-01 6.072779169792815596e-02
7.824425218449805319e-01 5.778999924628389073e-02
7.952240790996952802e-01 5.487361682937925283e-02
8.077161154985650349e-01 5.198416368763907058e-02
8.199063735868237224e-01 4.912710876776072572e-02
8.317828933532279700e-01 4.630787514704878122e-02
8.433340242615017246e-01 4.353184313838666386e-02
8.545484369340290431e-01 4.080435186940609832e-02
8.654151344716853878e-01 3.813069916490480910e-02
8.759234633950510052e-01 3.551613959978500851e-02
8.860631241936629543e-01 3.296588063002904578e-02
8.958241814714096307e-01 3.048507675079570670e-02
9.051970736776695503e-01 2.807882167282838015e-02
9.141726224152723068e-01 2.575213855031814256e-02
9.227420413178396563e-01 2.350996833438143835e-02
9.308969444905027535e-01 2.135715636570752196e-02
9.386293545093737922e-01 1.929843735701307697e-02
9.459317099764695813e-01 1.733841895007903408e-02
9.527968726280043876e-01 1.548156406274482297e-02
9.592181339951061370e-01 1.373217226780290220e-02
9.651892216170084859e-01 1.209436046780216177e-02
9.707043048076703373e-01 1.057204314698702297e-02
9.757579999775256585e-01 9.168912493681121573e-03
9.803453755126814162e-01 7.888418693184537020e-03
9.844619562143660518e-01 6.733750692598515150e-03
9.881037273017619915e-01 5.707817734908379390e-03
9.912671379815524153e-01 4.813231950253576627e-03
9.939491045875814557e-01 4.052292277758453264e-03
9.961470132939563848e-01 3.426969971872014919e-03
9.978587224047362758e-01 2.938895923221689164e-03
9.990825642230696246e-01 2.589349995957986993e-03
9.998173465022448525e-01 2.379252551956712643e-03
1.000000000000000000e+00 2.309158297615900197e-03
