1.000000000000000000e+00 -1.235531651370537585e-03
9.994995364709835517e-01 -1.220172841650372713e-03
9.987397756596878562e-01 -1.174241474070844560e-03
9.974745428094795585e-01 -1.098172280503749258e-03
9.957053879461973400e-01 -9.926883001910625798e-04
9.934344756767092832e-01 -8.587985939864739657e-04
9.906645798171094253e-01 -6.977950148373528866e-04
9.873990765668971825e-01 -5.112480060578713896e-04
9.836419362873944916e-01 -3.010013922314022650e-04
9.793977139530652964e-01 -6.916612190958990741e-05
9.746715383534060306e-01 1.818870831564239551e-04
9.694691001304889255e-01 4.495362205233048580e-04
9.637966387429256487e-01 7.309176909884081835e-04
9.576609284509157716e-01 1.022937223322460155e-03
9.510692634190800465e-01 1.322282087014545887e-03
9.440294420339840897e-01 1.625434636151295090e-03
9.365497505316860982e-01 1.928687221472465477e-03
9.286389460273881680e-01 2.228158499561533681e-03
9.203062390344899368e-01 2.519811158052666714e-03
9.115612755542417123e-01 2.799471063723456624e-03
9.024141188099776834e-01 3.062847826487073710e-03
8.928752306918623649e-01 3.305556756730875304e-03
8.829554529694869647e-01 3.523142176348293547e-03
8.726659883208198742e-01 3.711102025386023989e-03
8.620183812172464988e-01 3.864913686740807652e-03
8.510244986960729952e-01 3.980060931067959384e-03
8.396965110442082825e-01 4.052061863344853104e-03
8.280468724100559230e-01 4.076497731706200944e-03
8.160883013552454601e-01 4.049042438631630242e-03
8.038337613538859561e-01 3.965492574695840544e-03
7.912964412447430762e-01 3.821797776325290552e-03
7.784897356412496805e-01 3.614091191732168168e-03
7.654272253056000341e-01 3.338719823851372948e-03
7.521226574963796319e-01 2.992274506076190999e-03
7.385899263041618701e-01 2.571619256251690688e-03
7.248430529961297220e-01 2.073919747095281929e-03
7.108961663988691004e-01 1.496670627263704811e-03
6.967634833577374120e-01 8.377214269372768030e-04
6.824592893213640155e-01 9.530078523206642060e-05
6.679979191104690184e-01 -7.319612558916444023e-04
6.533937379409366919e-01 -1.645013135231188084e-03
6.386611227814791292e-01 -2.644364062193760301e-03
6.238144441358590697e-01 -3.730068922537993492e-03
6.088680483480407579e-01 -4.901715986902144273e-03
5.937553612145780590e-01 -6.153072994219688230e-03
5.784465926532083024e-01 -7.435157587613538954e-03
5.630696461207700398e-01 -8.734228908405472502e-03
5.476393363233508227e-01 -1.004736072233278904e-02
5.321704693914752760e-01 -1.137138655116477770e-02
5.166778284540551880e-01 -1.270290646979527899e-02
5.011761596705063271e-01 -1.403829628388877232e-02
4.856801587738345249e-01 -1.537371905225270313e-02
4.702044581727903849e-01 -1.670513888605498765e-02
4.547636146551305991e-01 -1.802833692532732762e-02
4.393720977267197014e-01 -1.933892936239628435e-02
4.240442786127288644e-01 -2.063238735245856437e-02
4.087944199377154808e-01 -2.190405862393354774e-02
3.936366660910554094e-01 -2.314919057594337637e-02
3.785850342732633989e-01 -2.436295462769462461e-02
3.636534062074039397e-01 -2.554047156504861416e-02
3.488555204883044270e-01 -2.667683761349384786e-02
3.342049655309028977e-01 -2.776715095434826447e-02
3.197151730680465320e-01 -2.880653839254319198e-02
3.053994121376809034e-01 -2.979018187992563474e-02
2.912707834898776715e-01 -3.071334459775929351e-02
2.773422143357937020e-01 -3.157139630603224278e-02
2.636264533536566423e-01 -3.235983767525431321e-02
2.501360658614275034e-01 -3.307432332854798318e-02
2.368834290620740191e-01 -3.371068333783942828e-02
2.238807272655239100e-01 -3.426494293761571386e-02
2.111399469914562455e-01 -3.473334024275168130e-02
1.986728718591810050e-01 -3.511234178299502823e-02
1.864910771749626328e-01 -3.539865569545274510e-02
1.746059241332211243e-01 -3.558924244743483234e-02
1.630285535560268839e-01 -3.568132299482937309e-02
1.517698791050604290e-01 -3.567238431533840959e-02
1.408405799115764467e-01 -3.556018229090136817e-02
1.302510925826973476e-01 -3.534274194897458338e-02
1.200116025563224831e-01 -3.501835510751358238e-02
1.101320347918188919e-01 -3.458557550302318595e-02
1.006220437991807298e-01 -3.404321151440983795e-02
9.149100302518090033e-02 -3.339031662712196175e-02
8.274799363091014937e-02 -3.262617781175679299e-02
7.440179271065708311e-02 -3.175030201853153156e-02
6.646086101703559124e-02 -3.076240101339169572e-02
5.893333027129920437e-02 -2.966237480272455873e-02
5.182699015060200642e-02 -2.845029391137766928e-02
4.514927505531875912e-02 -2.712638079271202651e-02
3.890725076916824732e-02 -2.569099065956437916e-02
3.310760113259555298e-02 -2.414459203112229169e-02
2.775661485549468094e-02 -2.248774729275590870e-02
2.286017259875050556e-02 -2.072109356378190256e-02
1.842373445518058483e-02 -1.884532416199718313e-02
1.445232795921145078e-02 -1.686117094370492495e-02
1.095053675104118961e-02 -1.476938778400611191e-02
7.922490015180196424e-03 -1.257073544454914010e-02
5.371852805211212688e-03 -1.026596805495292621e-02
3.301817356528795929e-03 -7.855821410046388148e-03
1.715095476871468776e-03 -5.341003258216001082e-03
6.139120908854735041e-04 -2.722185726899512600e-03
0.000000000000000000e+00 0.000000000000000000e+00
-1.204724566170735194e-04 2.787964151320150834e-03
2.581760948569722554e-04 5.603889812185581729e-03
1.136218040391207777e-03 8.446465231958816960e-03
2.513445880311022430e-03 1.131388688328034166e-02
4.389169389682145116e-03 1.420386908979182072e-02
6.762212520270089247e-03 1.711365760425048732e-02
9.630910102041225634e-03 2.004004699878778398e-02
1.299310441618833911e-02 2.297940169125362031e-02
1.684614172430654033e-02 2.592768039590498744e-02
2.118686884935178788e-02 2.888046375355951892e-02
2.601162991317899562e-02 3.183298486614535849e-02
3.131626334258040545e-02 3.478016243367514776e-02
3.709609926070010083e-02 3.771663616838220878e-02
4.334595738337863879e-02 4.063680414133587215e-02
5.006014554033300784e-02 4.353486170152547075e-02
5.723245893910082482e-02 4.640484159633370687e-02
6.485618028539938407e-02 4.924065491561847863e-02
7.292408086707477533e-02 5.203613247934887887e-02
8.142842270025738016e-02 5.478506629089065910e-02
9.036096182587192993e-02 5.748125068455137154e-02
9.971295283249069497e-02 6.011852280676187321e-02
1.094751546678883747e-01 6.269080208511480790e-02
1.196378377868430737e-01 6.519212835817814189e-02
1.301907926670122229e-01 6.761669836127799649e-02
1.411233397083921093e-01 6.995890028897069901e-02
1.524243405152843900e-01 7.221334618333943856e-02
1.640822105431271605e-01 7.437490192813993317e-02
1.760849330763479548e-01 7.643871466175203300e-02
1.884200744878427314e-01 7.840023745639709829e-02
2.010748007160707285e-01 8.025525114666749726e-02
2.140358948823453955e-01 8.199988322658718909e-02
2.272897759589295463e-01 8.363062377066930730e-02
2.408225183882016229e-01 8.514433837025407736e-02
2.546198725446283673e-01 8.653827811129946590e-02
2.686672859246595491e-01 8.781008665327769136e-02
2.829499249450496690e-01 8.895780450044350751e-02
2.974526972275385872e-01 8.997987058606075894e-02
3.121602742472757708e-01 9.087512131681180216e-02
3.270571142238059559e-01 9.164278724822483291e-02
3.421274851367482328e-01 9.228248758224356918e-02
3.573554877533668961e-01 9.279422269478838914e-02
3.727250785618819728e-01 9.317836491413850064e-02
3.882200925124023039e-01 9.343564778007631966e-02
4.038242654765601403e-01 9.356715401892443107e-02
4.195212563470405165e-01 9.357430247087436537e-02
4.352946687089761513e-01 9.345883420342929182e-02
4.511280720263551869e-01 9.322279803849056745e-02
4.670050222978964771e-01 9.286853571080576353e-02
4.829090821480374052e-01 9.239866686241296478e-02
4.988238403294939505e-01 9.181607406166655827e-02
5.147329306240731039e-01 9.112388801676124528e-02
5.306200501378381951e-01 9.032547313277390633e-02
5.464689769951637244e-01 8.942441353854113650e-02
5.622635874435344405e-01 8.842449968562976492e-02
5.779878723870228718e-01 8.732971559670626993e-02
5.936259533711467640e-01 8.614422681524278036e-02
6.092751930485019729e-01 8.486056883585547939e-02
6.248754430289960027e-01 8.343373078352218919e-02
6.403299832577502571e-01 8.186441470803114406e-02
6.556232564340109814e-01 8.015942500241275692e-02
6.707400011348225721e-01 7.832593494164301340e-02
6.856652633633141258e-01 7.637146606284002381e-02
7.003844072770433193e-01 7.430386722534475241e-02
7.148831251662037811e-01 7.213129331028300673e-02
7.291474467434170270e-01 6.986218350816165990e-02
7.431637477975537864e-01 6.750523913502132212e-02
7.569187582539916859e-01 6.506940091279955762e-02
7.703995696733969556e-01 6.256382564791543310e-02
7.835936422108811250e-01 5.999786224366669696e-02
7.964888110477300609e-01 5.738102698673257923e-02
8.090732922990906406e-01 5.472297805575638413e-02
8.213356883934442854e-01 5.203348921041066333e-02
8.332649929135963474e-01 4.932242263224533713e-02
8.448505948844804436e-01 4.659970090367168694e-02
8.560822824904744666e-01 4.387527812825939982e-02
8.669502462041652757e-01 4.115911021374767109e-02
8.774450813096397184e-01 3.846112435836797350e-02
8.875577898063025106e-01 3.579118780083329066e-02
8.972797816838282703e-01 3.315907591425010931e-02
9.066028755649697679e-01 3.057443974382612062e-02
9.155192987203202293e-01 2.804677310721221534e-02
9.240216864675253605e-01 2.558537939423093793e-02
9.321030809765556979e-01 2.319933821927844253e-02
9.397569295121775967e-01 2.089747209453337445e-02
9.469770821543841421e-01 1.868831330498747084e-02
9.537577890469395303e-01 1.658007117699324823e-02
9.600936972330652575e-01 1.458059994033357107e-02
9.659798471453259205e-01 1.269736738958595311e-02
9.714116688237366404e-01 1.093742455370110174e-02
9.763849779417476116e-01 9.307376583167041584e-03
9.808959717238779907e-01 7.813355061880786212e-03
9.849412248412365845e-01 6.460991945921442867e-03
9.885176853718502521e-01 5.255395323869012716e-03
9.916226709115794069e-01 4.201127183256101079e-03
9.942538649184284871e-01 3.302183355296259629e-03
9.964093133682806469e-01 2.561975795375486149e-03
9.980874217936004378e-01 1.983317340114652220e-03
9.992869527685837028e-01 1.568409063329598285e-03
1.000007023894748048e+00 1.318830333169921992e-03
1.000000000000000000e+00 1.235531651370537585e-03
