1.000000000000000000e+00 -1.048689955821718433e-03
9.996994218925905340e-01 -1.065164017026564141e-03
9.989552438999919071e-01 -1.114540273669341764e-03
9.977157897143821286e-01 -1.196681381580297961e-03
9.959823219244086090e-01 -1.311359881043278486e-03
9.937566059302090915e-01 -1.458260337759556503e-03
9.910409077307883452e-01 -1.636982280989595674e-03
9.878379910951924359e-01 -1.847043880976419455e-03
9.841511141290666398e-01 -2.087886293059794049e-03
9.799840252503281279e-01 -2.358878582537517372e-03
9.753409585895886913e-01 -2.659323132570779770e-03
9.702266288325998023e-01 -2.988461427487482461e-03
9.646462255233319016e-01 -3.345480095901936634e-03
9.586054068473351952e-01 -3.729517092300023862e-03
9.521102929157503336e-01 -4.139667892258424783e-03
9.451674585707309229e-01 -4.574991575349430031e-03
9.377839257331419542e-01 -5.034516671076305801e-03
9.299671553131907409e-01 -5.517246646880438928e-03
9.217250387041687754e-01 -6.022164923317896955e-03
9.130658888787742677e-01 -6.548239309835294543e-03
9.039984311065433209e-01 -7.094425765050577266e-03
8.945317933098242413e-01 -7.659671397908276481e-03
8.846754960744913632e-01 -8.242916640317864141e-03
8.744394423302866981e-01 -8.843096537673879320e-03
8.638339067143121497e-01 -9.459141120729276306e-03
8.528695246298581001e-01 -1.008997484036338980e-02
8.415572810114624325e-01 -1.073451506553948880e-02
8.299084988058904599e-01 -1.139166966387238251e-02
8.179348271776852863e-01 -1.206033370337279177e-02
8.056482294470470595e-01 -1.273938533278398504e-02
7.930609707671200104e-01 -1.342768091612331176e-02
7.801856055473299634e-01 -1.412404951427059623e-02
7.670349646291974022e-01 -1.482728682238159366e-02
7.536221422211153431e-01 -1.553614868624949262e-02
7.399604825988899126e-01 -1.624934433322103300e-02
7.260635665793996329e-01 -1.696552946363706627e-02
7.119451977755532068e-01 -1.768329935680438419e-02
6.976193886417251244e-01 -1.840118215103067958e-02
6.831003463200957526e-01 -1.911763246012873618e-02
6.684024582996782593e-01 -1.983102548892344552e-02
6.535402779013316232e-01 -2.053965180761917891e-02
6.385285096036316110e-01 -2.124171293940094879e-02
6.233819942260897529e-01 -2.193531790738664777e-02
6.081156939878072931e-01 -2.261848087610667662e-02
5.927446774611914160e-01 -2.328912000918938879e-02
5.772841044417857947e-01 -2.394505764905176942e-02
5.617492107565376092e-01 -2.458402190634905587e-02
5.461552930338970935e-01 -2.520364972697732367e-02
5.305176934599723504e-01 -2.580149148284001728e-02
5.148517845455324871e-01 -2.637501710969818516e-02
4.991729539289081474e-01 -2.692162379157168189e-02
4.834965892397888876e-01 -2.743864516670652814e-02
4.678380630485365343e-01 -2.792336200545333935e-02
4.522127179249104123e-01 -2.837301428589813351e-02
4.366358516290654856e-01 -2.878481456914107686e-02
4.211227024563188870e-01 -2.915596255311864518e-02
4.056884347555333448e-01 -2.948366066218341755e-02
3.903481246390499981e-01 -2.976513050965847937e-02
3.751167458999595250e-01 -2.999763005260501492e-02
3.600091561501781445e-01 -3.017847124239752751e-02
3.450400831903330801e-01 -3.030503796166839764e-02
3.302241116199208237e-01 -3.037480402800478776e-02
3.155756696936339867e-01 -3.038535103765920356e-02
3.011090164272182679e-01 -3.033438581862322667e-02
2.868382289537755314e-01 -3.021975726182444741e-02
2.727771901291318746e-01 -3.003947230199590854e-02
2.589395763827982977e-01 -2.979171082594510994e-02
2.453388458092078950e-01 -2.947483929547089002e-02
2.319882264923759652e-01 -2.908742288494910178e-02
2.189007050559238221e-01 -2.862823594948397596e-02
2.060890154295777765e-01 -2.809627065831047862e-02
1.938529412055021439e-01 -2.750928112701207101e-02
1.821635767828239938e-01 -2.696706900244407248e-02
1.707544279102377327e-01 -2.647601490795742710e-02
1.596343543281354138e-01 -2.602593588163249275e-02
1.488122087170069552e-01 -2.560670996541915267e-02
1.382968428118631077e-01 -2.520830807976146698e-02
1.280971096991220248e-01 -2.482082426946286349e-02
1.182218622973019301e-01 -2.443450447273979795e-02
1.086799480972866772e-01 -2.403977396227954810e-02
9.948020030670561009e-02 -2.362726359882087040e-02
9.063142560503019418e-02 -2.318783502547504954e-02
8.214238877061479094e-02 -2.271260491584439073e-02
7.402179448758926250e-02 -2.219296837204263323e-02
6.627826667902608770e-02 -2.162062155094425508e-02
5.892032574310385185e-02 -2.098758357921860079e-02
5.195636409118768728e-02 -2.028621780063227104e-02
4.539462040110985031e-02 -1.950925238326848415e-02
3.924315300578281457e-02 -1.864980030011379256e-02
3.350981283703199226e-02 -1.770137868416125915e-02
2.820221633764724567e-02 -1.665792754891605096e-02
2.332771874158151224e-02 -1.551382785699751549e-02
1.889338810347520811e-02 -1.426391891335727913e-02
1.490598043473027531e-02 -1.290351505534860152e-02
1.137191627468817079e-02 -1.142842160930230590e-02
8.297258992568435493e-03 -9.834950082166766736e-03
5.687695079163460933e-03 -8.119932556890410366e-03
3.548516647355124190e-03 -6.280735261296269308e-03
1.884606317778857740e-03 -4.315271281921602246e-03
7.004246209129889400e-04 -2.222012396384885190e-03
0.000000000000000000e+00 0.000000000000000000e+00
-2.069849866445889553e-04 2.320639452570398466e-03
8.866525394958329163e-05 4.708952146093342041e-03
8.895187495648797325e-04 7.163418301134190889e-03
2.197603606358774185e-03 9.681447810154881692e-03
4.014400412293906047e-03 1.225938772381389950e-02
6.340832996623108064e-03 1.489253609187747747e-02
9.177257626522401096e-03 1.757516207872039313e-02
1.252345076789371583e-02 2.030053224646367199e-02
1.637859558147553365e-02 2.306094287232857143e-02
2.074126736719922315e-02 2.584775814059369833e-02
2.560941820874255287e-02 2.865145402345524450e-02
3.098036110596583820e-02 3.146166763891278251e-02
3.685075391490900965e-02 3.426725184737673680e-02
4.321658344279295794e-02 3.705633482185194394e-02
5.007315006852836037e-02 3.981638429916983107e-02
5.741505327711032836e-02 4.253427619172875374e-02
6.523617850846720467e-02 4.519636721051132483e-02
7.352968572737013375e-02 4.778857112081482533e-02
8.228800012040808631e-02 5.029643822225885602e-02
9.150280531834704967e-02 5.270523761443667715e-02
1.011650395270229097e-01 5.500004177937979633e-02
1.112648949269089277e-01 5.716581298226099117e-02
1.217918206704183964e-01 5.918749096306269442e-02
1.327345297667255619e-01 6.105008136502076271e-02
1.440810100964455831e-01 6.273874432138340507e-02
1.558185397431758601e-01 6.423888260140327156e-02
1.679337067661105520e-01 6.553622870059103156e-02
1.804124334684865938e-01 6.661693025026656223e-02
1.932400051415215925e-01 6.746763311851186606e-02
2.061257322779491974e-01 6.809393940734861927e-02
2.190159170919454834e-01 6.860577235206045954e-02
2.321849785286276002e-01 6.902307600615741057e-02
2.456197384404212314e-01 6.934556641971000024e-02
2.593067495154867119e-01 6.957323905112566820e-02
2.732323101313213765e-01 6.970636645564734502e-02
2.873824794811518091e-01 6.974549389858118731e-02
3.017430929380012228e-01 6.969143303309323356e-02
3.162997776216883161e-01 6.954525380222668918e-02
3.310379681347880299e-01 6.930827474178985481e-02
3.459429224347195797e-01 6.898205187475292544e-02
3.609997378105926913e-01 6.856836639861756122e-02
3.761933669351858467e-01 6.806921137478871842e-02
3.915086339644077151e-01 6.748677763323442103e-02
4.069302506587422763e-01 6.682343910666771469e-02
4.224428325034504939e-01 6.608173780617884741e-02
4.380309148066303671e-01 6.526436864478921129e-02
4.536789687565753737e-01 6.437416430693815306e-02
4.693714174221503277e-01 6.341408035064731441e-02
4.850926516820830425e-01 6.238718071526729719e-02
5.008270460710920746e-01 6.129662379157167079e-02
5.165589745325958049e-01 6.014564919282915090e-02
5.322728260693411206e-01 5.893756534568474204e-02
5.479530202846174536e-01 5.767573799857304839e-02
5.635840228077668712e-01 5.636357972333577021e-02
5.791503605984453795e-01 5.500454046310331718e-02
5.946366371245334070e-01 5.360209915670900022e-02
6.100275474087354377e-01 5.215975644731226518e-02
6.253078929387653195e-01 5.068102846088828883e-02
6.404625964355977752e-01 4.916944161914988537e-02
6.554767164736160501e-01 4.762852843164317590e-02
6.703354619456133312e-01 4.606182419351007029e-02
6.850242063645823887e-01 4.447286449902078387e-02
6.995285019930556070e-01 4.286518346669640489e-02
7.138340937895196747e-01 4.124231255987089589e-02
7.279269331601471160e-01 3.960777987705550035e-02
7.417931915028257439e-01 3.796510977958725969e-02
7.554192735292559746e-01 3.631782271984967253e-02
7.687918303497995876e-01 3.466943513187752124e-02
7.818977723048008421e-01 3.302345924739218119e-02
7.947242815253531267e-01 3.138340270419371497e-02
8.072588242059295371e-01 2.975276782026609057e-02
8.194891625710044591e-01 2.813505041578583110e-02
8.314033665177618104e-01 2.653373807627502218e-02
8.429898249172262936e-01 2.495230776319933008e-02
8.542372565566893616e-01 2.339422269311561969e-02
8.651347207070996248e-01 2.186292842275502912e-02
8.756716273001728945e-01 2.036184809488162870e-02
8.858377467012981121e-01 1.889437681807083075e-02
8.956232190658663939e-01 1.746387517238864179e-02
9.050185632684041304e-01 1.607366185196603195e-02
9.140146853957876738e-01 1.472700547433820895e-02
9.226028867978465220e-01 1.342711560480297148e-02
9.307748716907531250e-01 1.217713306163683076e-02
9.385227543107217407e-01 1.098011958448044320e-02
9.458390656176373090e-01 9.839046963282568892e-03
9.527167595502692432e-01 8.756785738608918387e-03
9.591492188366458338e-01 7.736093595657501931e-03
9.651302603649196676e-01 6.779603583767437533e-03
9.706541401216257636e-01 5.889812300409894355e-03
9.757155577055649509e-01 5.069068183482372016e-03
9.803096604266151592e-01 4.319560058110326513e-03
9.844320469995644363e-01 3.643306084055279899e-03
9.880787708435549987e-01 3.042143247234122255e-03
9.912463429979004870e-01 2.517717533824710176e-03
9.939317346649286788e-01 2.071474918044835262e-03
9.961323793900693779e-01 1.704653285079377623e-03
9.978461748886978677e-01 1.418275398954669305e-03
9.990714845282796519e-01 1.213143011619892842e-03
9.998071384731410660e-01 1.089832194323226127e-03
1.000000000000000000e+00 1.048689955821718433e-03
