1.000000000000000000e+00 -1.449999068033225747e-03
9.995050744817322030e-01 -1.448735316101636226e-03
9.987455914081960762e-01 -1.444979033282339006e-03
9.974807654526191003e-01 -1.438835299293822652e-03
9.957120630712836817e-01 -1.430479773760415891e-03
9.934415327359251702e-01 -1.420159454296785135e-03
9.906718004159781321e-01 -1.408193674377022616e-03
9.874060638393086231e-01 -1.394975279077777502e-03
9.836480855813997115e-01 -1.380971901267452964e-03
9.794021850418926922e-01 -1.366727246876239376e-03
9.746732293751255716e-01 -1.352862285827721549e-03
9.694666234476921884e-01 -1.340076235312845539e-03
9.637882989009414203e-01 -1.329147214573644584e-03
9.576447023997074481e-01 -1.320932445440066265e-03
9.510427831503310836e-01 -1.316367870684455668e-03
9.439899797712183460e-01 -1.316467062929293705e-03
9.364942065978391073e-01 -1.322319300437423822e-03
9.285638395012442148e-01 -1.335086692634299826e-03
9.202077012950156121e-01 -1.356000247626326996e-03
9.114350468002101469e-01 -1.386354786198938649e-03
9.022555476314734202e-01 -1.427502621655717119e-03
8.926792767603185519e-01 -1.480845942216740124e-03
8.827166929037932874e-01 -1.547827852277458560e-03
8.723786247786534664e-01 -1.629922050364919495e-03
8.616762552529514396e-01 -1.728621144782921393e-03
8.506211054189116716e-01 -1.845423632351524124e-03
8.392250186033287651e-01 -1.981819590913088541e-03
8.275001443247190780e-01 -2.139275161987586049e-03
8.154589222003213456e-01 -2.319215925647943183e-03
8.031140658009384703e-01 -2.523009294916112033e-03
7.904785464477158685e-01 -2.751946081266647831e-03
7.775655769423931440e-01 -3.007221405721762636e-03
7.643885952214073409e-01 -3.289915151066052923e-03
7.509612479245342254e-01 -3.600972169469703055e-03
7.372973738705141944e-01 -3.941182475885582348e-03
7.234109874352641079e-01 -4.311161670592894568e-03
7.093162618327760738e-01 -4.711331843881748360e-03
6.950275123044350467e-01 -5.141903221819628389e-03
6.805591792291755260e-01 -5.602856814094329951e-03
6.659258111743286968e-01 -6.093928322923970742e-03
6.511420479150289431e-01 -6.614593565870095782e-03
6.362226034583273737e-01 -7.164055655058322591e-03
6.211822491164495919e-01 -7.741234160851602486e-03
6.060357966816248831e-01 -8.344756469555229816e-03
5.907980817623272873e-01 -8.972951522453372075e-03
5.754839473472895817e-01 -9.623846097651315989e-03
5.601082276690513284e-01 -1.029516376715922804e-02
5.446857324427873959e-01 -1.098432662979609287e-02
5.292312315585532279e-01 -1.168845988627625898e-02
5.137594403056895409e-01 -1.240439928676199260e-02
4.982850052068087954e-01 -1.312870144377584897e-02
4.828224905354749352e-01 -1.385765696523793417e-02
4.673863655863485511e-01 -1.458730632412982842e-02
4.519909927592164478e-01 -1.531345834349484569e-02
4.366506165090647817e-01 -1.603171113877552290e-02
4.213793532032997224e-01 -1.673747532446832886e-02
4.061911819145783697e-01 -1.742599925930962690e-02
3.913143772625852224e-01 -1.810580518207391409e-02
3.766994998441322018e-01 -1.882819162711021899e-02
3.622102898654375736e-01 -1.959268165297357867e-02
3.478579734676393032e-01 -2.039203026151608505e-02
3.336535750852280824e-01 -2.121875603321219522e-02
3.196079305522462333e-01 -2.206518260539272469e-02
3.057317013383353821e-01 -2.292348003410466656e-02
2.920353896032259478e-01 -2.378570566177319601e-02
2.785293537385439278e-01 -2.464384413426855963e-02
2.652238240523568935e-01 -2.548984623680199124e-02
2.521289182450343613e-01 -2.631566624763591322e-02
2.392546563249667857e-01 -2.711329754120517244e-02
2.266109746194858443e-01 -2.787480620719653274e-02
2.142077385498332986e-01 -2.859236248872190633e-02
2.020547538589428094e-01 -2.925826988026037495e-02
1.901617760067104146e-01 -2.986499176388282550e-02
1.785385174787722518e-01 -3.040517549981277406e-02
1.671946527909426439e-01 -3.087167392406157257e-02
1.561398210116340113e-01 -3.125756424122781707e-02
1.453836256679768291e-01 -3.155616433414107358e-02
1.349356319471293753e-01 -3.176104654351133427e-02
1.248053611515164002e-01 -3.186604899982180272e-02
1.150022824145806588e-01 -3.186528461615462104e-02
1.055358017311887886e-01 -3.175314787429464602e-02
9.641524840322630852e-02 -3.152431955720295248e-02
8.764985904535786687e-02 -3.117376959872525388e-02
7.924875933762105806e-02 -3.069675823617536853e-02
7.122094374978893416e-02 -3.008883566322508030e-02
6.357525349663825653e-02 -2.934584038938097342e-02
5.632035301284760848e-02 -2.846389651830648349e-02
4.946470526077538510e-02 -2.743941016044202513e-02
4.301654620344682461e-02 -2.626906519589209191e-02
3.698385878844620556e-02 -2.494981860150532679e-02
3.137434679588817915e-02 -2.347889555159791281e-02
2.619540890513263193e-02 -2.185378449499556994e-02
2.145411333043945046e-02 -2.007223240213629190e-02
1.715717336542275234e-02 -1.813224036502564598e-02
1.331092416015592153e-02 -1.603205972001331414e-02
9.921301033384068505e-03 -1.377018884881473643e-02
6.993819595864357933e-03 -1.134537079707555879e-02
4.533557929831793717e-03 -8.756591832229116551e-03
2.545141034459643369e-03 -6.003081043566923028e-03
1.032727708534247326e-03 -3.084311067491624439e-03
0.000000000000000000e+00 0.000000000000000000e+00
-5.392880742658473416e-04 3.207632931891120018e-03
-5.718694627312023368e-04 6.495790530140314878e-03
-9.552253291178957814e-05 9.863023156742818653e-03
8.914790896578776193e-04 1.330698016605613362e-02
2.390358371478272168e-03 1.682441980045198612e-02
4.401825111155358190e-03 2.041122493053670883e-02
6.926064695829925802e-03 2.406242451228960202e-02
9.962725540929473489e-03 2.777222059424890033e-02
1.351090541792441396e-02 3.153402066995961150e-02
1.756913690895828620e-02 3.534047513450225275e-02
2.213537225732833957e-02 3.918351956928588925e-02
2.720696790830182815e-02 4.305442154661004439e-02
3.278066905524347485e-02 4.694383161501203966e-02
3.885259452113303674e-02 5.084183809831635537e-02
4.541822231499396262e-02 5.473802531580451713e-02
5.247237620634748884e-02 5.862153480823244223e-02
6.000921365843540911e-02 6.248112913472535918e-02
6.802221545262705782e-02 6.630525778907989110e-02
7.650417732221197198e-02 7.008212477087261139e-02
8.544720389386387116e-02 7.379975733718610598e-02
9.484270520972892804e-02 7.744607545488096934e-02
1.046813960726944576e-01 8.100896147129890701e-02
1.149532984224110460e-01 8.447632952320377475e-02
1.256477469106118405e-01 8.783619420975172232e-02
1.367533978018185270e-01 9.107673806538703343e-02
1.482582412803686300e-01 9.418637738283222594e-02
1.601496171975760330e-01 9.715382595475230421e-02
1.724142342446001730e-01 9.996815632518568639e-02
1.850381924880809270e-01 1.026188581683257217e-01
1.980070091576936753e-01 1.050958934425442470e-01
2.113056475283834612e-01 1.073897480014451289e-01
2.249185486960367797e-01 1.094914793809137754e-01
2.388296660045947650e-01 1.113927605212306632e-01
2.530225018459281161e-01 1.130859192258933249e-01
2.674801465219093233e-01 1.145639732033396918e-01
2.821853188317013927e-01 1.158206605837066167e-01
2.971204080268841086e-01 1.168504658494572412e-01
3.122675167630760695e-01 1.176486411654828756e-01
3.276085046694807712e-01 1.182112231404014446e-01
3.431250321574133566e-01 1.185350450954930357e-01
3.587986040953332623e-01 1.186177449602703188e-01
3.746106129910131699e-01 1.184577689533404810e-01
3.905423813408724909e-01 1.180543712432655934e-01
4.064275034996972513e-01 1.174149415355885129e-01
4.221861817564696584e-01 1.166056728358342148e-01
4.380161499266310710e-01 1.156445496103059023e-01
4.539006939222693382e-01 1.145347743637552540e-01
4.698231148843383109e-01 1.132799145511412531e-01
4.857667503863969949e-01 1.118838838989453799e-01
5.017149947931913712e-01 1.103509236659980797e-01
5.176513187724387510e-01 1.086855840494623249e-01
5.335592879707602432e-01 1.068927059172147115e-01
5.494225808757271512e-01 1.049774030212501652e-01
5.652250058952531520e-01 1.029450448184504596e-01
5.809505176929415926e-01 1.008012399956710603e-01
5.965832328233975357e-01 9.855182076619195541e-02
6.121074447149178477e-01 9.620282797472137770e-02
6.275076380484054805e-01 9.376049701890643018e-02
6.427685025809020125e-01 9.123124456723302744e-02
6.578749464599187302e-01 8.862165602680721621e-02
6.728121090709628938e-01 8.593847369026966221e-02
6.875653734555026153e-01 8.318858546943005972e-02
7.021203783303456847e-01 8.037901410448852757e-02
7.164630297322968078e-01 7.751690672223698897e-02
7.305795123042826411e-01 7.460952460464968794e-02
7.444563002312014621e-01 7.166423302094193648e-02
7.580801678258370924e-01 6.868849097160228956e-02
7.714381997575896488e-01 6.568984069210337395e-02
7.845178009097376615e-01 6.267589676693609280e-02
7.973067058447572686e-01 5.965433471116139696e-02
8.097929878520381264e-01 5.663287888666863196e-02
8.219650675483683999e-01 5.361928963352199928e-02
8.338117209989331924e-01 5.062134951286890311e-02
8.453220873253599610e-01 4.764684857655065997e-02
8.564856757676357901e-01 4.470356859939187549e-02
8.672923721684603349e-01 4.179926623275363046e-02
8.777324448518061262e-01 3.894165506186937631e-02
8.877965498719961879e-01 3.613838657427895229e-02
8.974757356153720833e-01 3.339703007189005757e-02
9.067614467434740311e-01 3.072505158433262024e-02
9.156455274743517947e-01 2.812979186590978953e-02
9.241202242069996853e-01 2.561844358211639444e-02
9.321781875026996511e-01 2.319802781399294550e-02
9.398124734460245877e-01 2.087537002911491260e-02
9.470165444171498859e-01 1.865707568643037995e-02
9.537842693156884932e-01 1.654950565813216590e-02
9.601099232842735809e-01 1.455875166502780538e-02
9.659881869873101490e-01 1.269061193221206890e-02
9.714141455065333774e-01 1.095056727909165389e-02
9.763832869200280706e-01 9.343757861832224787e-03
9.808915006350505950e-01 7.874960787030036921e-03
9.849350755472313645e-01 6.548568812837990763e-03
9.885106980994388115e-01 5.368570347931308356e-03
9.916154503127107001e-01 4.338530949682485593e-03
9.942468078592126002e-01 3.461576510850123550e-03
9.964026382431943052e-01 2.740378309169627311e-03
9.980811991504608960e-01 2.177140076684343055e-03
9.992811370200754828e-01 1.773587225744313080e-03
1.000001485883999397e+00 1.530958346627426647e-03
1.000000000000000000e+00 1.449999068033225747e-03
