1.000000000000000000e+00 -1.040789295716748044e-03
9.996107538448706364e-01 -1.036498054471889302e-03
9.988596037333348221e-01 -1.023659772363524380e-03
9.976085951814792629e-01 -1.002380865211726681e-03
9.958590889481898634e-01 -9.728389891062247255e-04
9.936129867245759861e-01 -9.352834615144053291e-04
9.908727277927246169e-01 -8.900358043770610107e-04
9.876412847720947852e-01 -8.374903638911658770e-04
9.839221584840751600e-01 -7.781149503646861421e-04
9.797193719707135706e-01 -7.124514313975828170e-04
9.750374637083999430e-01 -6.411162029211115061e-04
9.698814800612445275e-01 -5.648004555143899472e-04
9.642569670219683919e-01 -4.842701480831214725e-04
9.581699612902879748e-01 -4.003655975779426071e-04
9.516269807399871938e-01 -3.140005920596019087e-04
9.446350143261365018e-01 -2.261609351575967486e-04
9.372015114832805693e-01 -1.379023328651387409e-04
9.293343710638886090e-01 -5.034753866203084405e-05
9.210419298640465380e-01 3.531731987327195454e-05
9.123329507803475957e-01 1.178473005847297667e-04
9.032166106382967241e-01 1.959441488683724697e-04
8.937024877284431845e-01 2.682627859489170735e-04
8.838005490819890175e-01 3.334188123073119486e-04
8.735211375129707800e-01 3.899970393397809987e-04
8.628749584493838887e-01 4.365610452666916774e-04
8.518730665709974836e-01 4.716637333759439443e-04
8.405268522672194598e-01 4.938588521813391807e-04
8.288480279243380933e-01 5.017134183011653925e-04
8.168486140479542801e-01 4.938209641551158380e-04
8.045409252234936304e-01 4.688155142544038478e-04
7.919375559154648858e-01 4.253861762683955328e-04
7.790513661046911675e-01 3.622922165092863633e-04
7.658954667621017398e-01 2.783784743130048034e-04
7.524832051578914660e-01 1.725909563123004253e-04
7.388281500059098450e-01 4.399244007708205673e-05
7.249440764450032493e-01 -1.082220926951794893e-04
7.108449508616799806e-01 -2.847103801030329007e-04
6.965449155617575716e-01 -4.859683519451499234e-04
6.820582733025708499e-01 -7.123163418846154005e-04
6.673994717016550338e-01 -9.638862306669618296e-04
6.525830875425102651e-01 -1.240609706741127582e-03
6.376238110028984440e-01 -1.542207823218136320e-03
6.225364298359873372e-01 -1.868182019756275958e-03
6.073358135393579493e-01 -2.217806764773073980e-03
5.920368975512746434e-01 -2.590123957490982065e-03
5.766546675175071579e-01 -2.983939210912937845e-03
5.612041436752460699e-01 -3.397820116129025847e-03
5.457003654031223894e-01 -3.830096565649365736e-03
5.301583759879018309e-01 -4.278863189058859651e-03
5.145932076589762039e-01 -4.741983928540284554e-03
4.990198669412449495e-01 -5.217098755092498819e-03
4.834533203753033637e-01 -5.701632498975532648e-03
4.679084806510373507e-01 -6.192805740460403940e-03
4.524001931967430168e-01 -6.687647679767289022e-03
4.369432232608218003e-01 -7.183010878566389867e-03
4.215522435169908877e-01 -7.675587740009245930e-03
4.062418222169156823e-01 -8.161928570354325119e-03
3.911489508413351079e-01 -8.649489387290057452e-03
3.762519060997593368e-01 -9.180912165898530430e-03
3.614793212085901652e-01 -9.756252836072773493e-03
3.468440540227892277e-01 -1.036996340887037793e-02
3.323587864337069209e-01 -1.101625969557008117e-02
3.180360246918481071e-01 -1.168915318779040896e-02
3.038881005147437420e-01 -1.238248337227384338e-02
2.899271728297705408e-01 -1.308995019047880931e-02
2.761652299879021610e-01 -1.380514636074443163e-02
2.626140922735047400e-01 -1.452158929202998494e-02
2.492854145277145494e-01 -1.523275233280271812e-02
2.361906886988901222e-01 -1.593209511622629970e-02
2.233412461332538734e-01 -1.661309278301798670e-02
2.107482594221977701e-01 -1.726926388579930194e-02
1.984227436297968938e-01 -1.789419680304168286e-02
1.863755567347443187e-01 -1.848157451637516199e-02
1.746173991349969923e-01 -1.902519763165429895e-02
1.631588120806494735e-01 -1.951900555133053577e-02
1.520101749205896857e-01 -1.995709573295484374e-02
1.411817010709485454e-01 -2.033374099563162868e-02
1.306834326377979971e-01 -2.064340486259864937e-02
1.205252336524888640e-01 -2.088075495347571642e-02
1.107167819049516555e-01 -2.104067446380298093e-02
1.012675593876908448e-01 -2.111827179200337010e-02
9.218684139053340276e-02 -2.110888839461879524e-02
8.348368431295456749e-02 -2.100810496938521760e-02
7.516691228645555611e-02 -2.081174608226634207e-02
6.724510272354859708e-02 -2.051588336883136687e-02
5.972657093195647693e-02 -2.011683745224616265e-02
5.261935395224029421e-02 -1.961117872959087377e-02
4.593119379389044160e-02 -1.899572718518995409e-02
3.966952025862555825e-02 -1.826755139414387025e-02
3.384143355000943099e-02 -1.742396688131164773e-02
2.845368687533440799e-02 -1.646253400066124625e-02
2.351266924889924143e-02 -1.538105549725314602e-02
1.902438870529494369e-02 -1.417757390924601416e-02
1.499445612710379946e-02 -1.285036896032251338e-02
1.142806988359746159e-02 -1.139795508395529192e-02
8.330001465736577848e-03 -9.819079210112652625e-03
5.704582288216017601e-03 -8.112718932489604295e-03
3.555691811742541820e-03 -6.278081160316223430e-03
1.886747118465939132e-03 -4.314601343408587530e-03
7.006940508848035019e-04 -2.221943342578962255e-03
0.000000000000000000e+00 0.000000000000000000e+00
-2.072544166164035713e-04 2.320600834098559238e-03
8.652445326250189986e-05 4.708768932667301357e-03
8.823435851774616683e-04 7.163226219927184071e-03
2.180716397306217517e-03 9.682006427674062776e-03
3.981657939125762824e-03 1.226246397142245238e-02
6.284679387713817261e-03 1.490128725237400281e-02
9.088781934148876945e-03 1.759451627813367683e-02
1.239245016607398199e-02 2.033756446293610506e-02
1.619364507415780446e-02 2.312524443722437789e-02
2.048979682951206083e-02 2.595179766698471960e-02
2.527779749576511414e-02 2.881092765553609769e-02
3.055399385312309452e-02 3.169583647471822807e-02
3.631418052212841835e-02 3.459926434884597057e-02
4.255359358174035100e-02 3.751353199359877544e-02
4.926690487967573528e-02 4.043058539338499624e-02
5.644821723258781204e-02 4.334204268483725364e-02
6.409106070960091106e-02 4.623924280110633389e-02
7.218839018503035720e-02 4.911329552166892459e-02
8.073258433490487773e-02 5.195513256555452791e-02
8.971544623736181501e-02 5.475555936231653320e-02
9.912820571935793135e-02 5.750530713478406442e-02
1.089615235717219938e-01 6.019508493065739430e-02
1.192054977317424103e-01 6.281563124635260176e-02
1.298496715076401242e-01 6.535776489612013518e-02
1.408830438928628526e-01 6.781243479228221682e-02
1.522940819906618004e-01 7.017076831834703765e-02
1.640707355413512925e-01 7.242411799560591334e-02
1.762004535165662689e-01 7.456410616541744862e-02
1.886702027172268425e-01 7.658266743349395611e-02
2.014664882853292038e-01 7.847208864885717172e-02
2.145753760146154321e-01 8.022504621841686223e-02
2.279825163221134432e-01 8.183464058799318208e-02
2.416731697219145769e-01 8.329442775167851531e-02
2.556322336247802696e-01 8.459844768330304632e-02
2.698442702725510900e-01 8.574124961600135264e-02
2.842935356051567997e-01 8.671791412802554166e-02
2.989640088504757487e-01 8.752407202455589341e-02
3.138394226234741957e-01 8.815592003586253389e-02
3.289032933210019327e-01 8.861023338132148486e-02
3.441389516022634321e-01 8.888437527605194677e-02
3.595295727521806706e-01 8.897630348191017113e-02
3.750582067353860349e-01 8.888457402688274001e-02
3.907078077621226053e-01 8.860834223624340644e-02
4.063768631973599388e-01 8.815308239137742419e-02
4.220132914427784931e-01 8.757014574910196303e-02
4.377235431748740524e-01 8.687328165579069617e-02
4.534914934847427692e-01 8.606470049597561567e-02
4.693009998196495114e-01 8.514689232206953950e-02
4.851359205465685664e-01 8.412261404594151282e-02
5.009801330587552171e-01 8.299487653287027089e-02
5.168175514191520881e-01 8.176693173870056008e-02
5.326321435414116401e-01 8.044226001380962165e-02
5.484079479153921577e-01 7.902455767881262638e-02
5.641290898890584105e-01 7.751772495716202638e-02
5.797797975227240164e-01 7.592585432932874578e-02
5.953444170344501796e-01 7.425321935248185845e-02
6.108074278571847815e-01 7.250426396890599645e-02
6.261534573288677352e-01 7.068359230620013811e-02
6.413672950363309422e-01 6.879595895295789743e-02
6.564339068324374082e-01 6.684625967549082115e-02
6.713384485436365567e-01 6.483952252454353027e-02
6.860662793821072913e-01 6.278089926615321170e-02
7.006029750730231598e-01 6.067565705808026372e-02
7.149343407033929010e-01 5.852917028278722955e-02
7.290464232945434997e-01 5.634691243994061072e-02
7.429255240958058115e-01 5.413444799596800472e-02
7.565582105924798517e-01 5.189742408539376600e-02
7.699313282168952499e-01 4.964156195851684994e-02
7.830320117474396380e-01 4.737264807246217846e-02
7.958476963770082513e-01 4.509652472764740655e-02
8.083661284294829663e-01 4.281908015914762111e-02
8.205753757007354654e-01 4.054623800214413043e-02
8.324638373993141771e-01 3.828394606240388687e-02
8.440202536614692663e-01 3.603816433632871935e-02
8.552337146155499781e-01 3.381485224025633507e-02
8.660936689720278858e-01 3.161995502510987766e-02
8.765899321174888126e-01 2.945938936986378445e-02
8.867126936938004578e-01 2.733902816529388408e-02
8.964525246472474507e-01 2.526468451778973029e-02
9.058003837366507272e-01 2.324209502127315072e-02
9.147476234942143458e-01 2.127690236318394851e-02
9.232859956379687594e-01 1.937463734771877749e-02
9.314076559400552568e-01 1.754070043574894669e-02
9.391051685605831256e-01 1.578034291580712734e-02
9.463715098622317301e-01 1.409864783395846366e-02
9.532000717260323830e-01 1.250051082201776922e-02
9.595846643936930542e-01 1.099062097324813442e-02
9.655195188662831773e-01 9.573441922193861447e-03
9.709992888929810384e-01 8.253193290537436805e-03
9.760190525867536993e-01 7.033832663724712622e-03
9.805743137062297166e-01 5.919038263520620853e-03
9.846610026445559161e-01 4.912192479621116381e-03
9.882754771666526494e-01 4.016366418973990431e-03
9.914145229359642153e-01 3.234305624621431220e-03
9.940753538705617842e-01 2.568417106757076192e-03
9.962556123662881236e-01 2.020757817433594099e-03
9.979533694216007333e-01 1.593024687124143350e-03
9.991671246949367369e-01 1.286546326333103726e-03
9.998958065208609636e-01 1.102276478892521465e-03
1.000000000000000000e+00 1.040789295716748044e-03
