1.000000000000000000e+00 -1.005717599482191258e-03
9.994434522748062433e-01 -9.594039737463220217e-04
9.986792779938459264e-01 -8.207486796187973789e-04
9.974067302325381190e-01 -5.906073081756841280e-04
9.956274202226615966e-01 -2.704019845537657465e-04
9.933435980540412658e-01 1.378844199951974846e-04
9.905581470922437681e-01 6.317163868993134167e-04
9.872745768748465434e-01 1.208016154979755716e-03
9.834970145392206708e-01 1.863176423900719889e-03
9.792301948441447523e-01 2.593075346296218504e-03
9.744794488556308698e-01 3.393093794891277604e-03
9.692506913739150631e-01 4.258134886449535528e-03
9.635504071835330198e-01 5.182645738927243659e-03
9.573856362117165730e-01 6.160641431705882534e-03
9.507639576819523208e-01 7.185731131134127751e-03
9.436934733494962702e-01 8.251146334780409125e-03
9.361827899040013889e-01 9.349771177742823708e-03
9.282410006213199782e-01 1.047417473307664382e-02
9.198776663421566191e-01 1.161664522589076799e-02
9.111027958498195689e-01 1.276922606698879976e-02
9.019268257130658162e-01 1.392375359716140591e-02
8.923605996533000573e-01 1.507189641749648833e-02
8.824153474884589565e-01 1.620519616451314426e-02
8.721026636991470182e-01 1.731510957173893611e-02
8.614344856563262987e-01 1.839305164178074714e-02
8.504230715444447419e-01 1.943043973524792231e-02
8.390809780096425419e-01 2.041873836540078480e-02
8.274210375598807232e-01 2.134950447045572478e-02
8.154563357427663250e-01 2.221443291946948589e-02
8.032001881276692457e-01 2.300540199303657829e-02
7.906661171215707551e-01 2.371451856710751413e-02
7.778678286530141817e-01 2.433416271746467047e-02
7.648191887654638421e-01 2.485703145422184235e-02
7.515342001702259855e-01 2.527618129051763252e-02
7.380269788195823466e-01 2.558506934771966404e-02
7.243117305726246569e-01 2.577759270125952115e-02
7.104027280390564636e-01 2.584812567691330276e-02
6.963142876994188324e-01 2.579155481710541931e-02
6.820607474133104642e-01 2.560331125070890168e-02
6.676564444395417519e-01 2.527940021782458524e-02
6.531156941032326690e-01 2.481642752300090154e-02
6.384527692539637700e-01 2.421162271606173977e-02
6.236818806656627689e-01 2.346285882878287876e-02
6.088171585323927104e-01 2.256866852763260434e-02
5.937715370956354599e-01 2.153620436155397749e-02
5.785039284880282295e-01 2.043613290590421544e-02
5.631703817864454065e-01 1.928664075698829916e-02
5.477855679688399260e-01 1.808980201770623436e-02
5.323641310972778706e-01 1.684802607675774111e-02
5.169206742814868027e-01 1.556405286974033020e-02
5.014697462565602670e-01 1.424094563652979900e-02
4.860258286340581879e-01 1.288208121207975315e-02
4.706033238790717776e-01 1.149113791684233665e-02
4.552165440574961197e-01 1.007208114154096307e-02
4.398797003879225120e-01 8.629146748563833180e-03
4.246068936213558964e-01 7.166822438357971226e-03
4.094121052596090826e-01 5.689827253477441893e-03
3.943091896099540361e-01 4.203089414983249283e-03
3.793118666597021238e-01 2.711722705368631303e-03
3.644337157401430494e-01 1.221001628779867787e-03
3.496881699350136707e-01 -2.636644072323765520e-04
3.350885111747254896e-01 -1.736757634063473832e-03
3.206478659442883461e-01 -3.192678927491164609e-03
3.063792015205513697e-01 -4.625775012097585459e-03
2.922953226433552820e-01 -6.030365601093573558e-03
2.784088685157435350e-01 -7.400770212043758511e-03
2.647323100207693014e-01 -8.731334406555352201e-03
2.512779470368874946e-01 -1.001645521289573626e-02
2.380579057306124457e-01 -1.125060550455567882e-02
2.250841357041864499e-01 -1.242835712473282228e-02
2.123684068775216205e-01 -1.354440256629703410e-02
1.999223059876781838e-01 -1.459357503869705003e-02
1.877572325955984833e-01 -1.557086677712970699e-02
1.758843944986385466e-01 -1.647144547475237752e-02
1.643148024585119604e-01 -1.729066874538357640e-02
1.530592641673826915e-01 -1.802409655161553437e-02
1.421283773897950020e-01 -1.866750156114763484e-02
1.315325222346394596e-01 -1.921687742204811200e-02
1.212818525291114863e-01 -1.966844497516718679e-02
1.113862862852933455e-01 -2.001865644868295463e-02
1.018554952692343474e-01 -2.026419770540184573e-02
9.269889370182161914e-02 -2.040198863762196849e-02
8.392562613998372223e-02 -2.042918182679145933e-02
7.554455460544254319e-02 -2.034315960557572453e-02
6.756424504598255998e-02 -2.014152967804248504e-02
5.999295323068227354e-02 -1.982211946927009069e-02
5.283861019541830767e-02 -1.938296938861187868e-02
4.610880736792767609e-02 -1.882232520096962028e-02
3.981078151252070291e-02 -1.813862970764915442e-02
3.395139964296628454e-02 -1.733051394263174921e-02
2.853714405795129694e-02 -1.639678809137842114e-02
2.357409765670700694e-02 -1.533643233760956237e-02
1.906792969284026862e-02 -1.414858783892565877e-02
1.502388212206928406e-02 -1.283254802474740816e-02
1.144675669447768260e-02 -1.138775039997844477e-02
8.340902934152613635e-03 -9.813769025190427833e-03
5.710207138781770060e-03 -8.110307829177914457e-03
3.558082519148344711e-03 -6.277194892647728133e-03
1.887460583685709450e-03 -4.314377822822028710e-03
7.007838566173226098e-04 -2.221920318108808017e-03
0.000000000000000000e+00 0.000000000000000000e+00
-2.073442223489226251e-04 2.320587954739765368e-03
8.581098804273158166e-05 4.708707653776400548e-03
8.799528777716587782e-04 7.163160625516369617e-03
2.175091546740465058e-03 9.682186071669037636e-03
3.970756470709727037e-03 1.226346949305445223e-02
6.265992576833596256e-03 1.490415513034500442e-02
9.059355939183392353e-03 1.760086210737169671e-02
1.234890917852865533e-02 2.034970413281031107e-02
1.613221666635003895e-02 2.314631258579418621e-02
2.040633964689517188e-02 2.598586278258383647e-02
2.516783140280826059e-02 2.886310319516634942e-02
3.041273259922794986e-02 3.177238736881530384e-02
3.613656694809118386e-02 3.470770826447489021e-02
4.233433733856233755e-02 3.766273473354918994e-02
4.900052258094993868e-02 4.063084981747146218e-02
5.612907491015384914e-02 4.360519055245550002e-02
6.371341839061392398e-02 4.657868895120614861e-02
7.174644835800120246e-02 4.954411382817959508e-02
8.022053202361666135e-02 5.249411313327501105e-02
8.912751035581831238e-02 5.542125646061413224e-02
9.845870133901624133e-02 5.831807740429097858e-02
1.082049046950993715e-01 6.117711544156902159e-02
1.183564081349009478e-01 6.399095703585343242e-02
1.289029951887936676e-01 6.675227566671255996e-02
1.398339546460698468e-01 6.945387051206396156e-02
1.511380916127993135e-01 7.208870352814866767e-02
1.628037401777097382e-01 7.464993469581000796e-02
1.748187776557121043e-01 7.713095522657861802e-02
1.871706403593455526e-01 7.952541854880013084e-02
1.998463408300053534e-01 8.182726892217075110e-02
2.128324864436828556e-01 8.403076755819002819e-02
2.261152992903911196e-01 8.613051615380049042e-02
2.396806372127416318e-01 8.812147777545487060e-02
2.535140158775157082e-01 8.999899506062306043e-02
2.676006317447097160e-01 9.175880573291191056e-02
2.819253857915720585e-01 9.339705545511987894e-02
2.964729078446681210e-01 9.491030807130025615e-02
3.112275813710339567e-01 9.629555331389405559e-02
3.261735685799833639e-01 9.755021207487832302e-02
3.412948356900389890e-01 9.867213936035693078e-02
3.565751782206277865e-01 9.965962506582978775e-02
3.719982461754432479e-01 1.005113927242971827e-01
3.875475689935036772e-01 1.012265963912161587e-01
4.032065801546665385e-01 1.018048158390088692e-01
4.189586413384134844e-01 1.022460502392657233e-01
4.347870660477733407e-01 1.025507105129856711e-01
4.506751426239896663e-01 1.027196105282038863e-01
4.666061565916150844e-01 1.027539573202838064e-01
4.825634122878137422e-01 1.026553405031606359e-01
4.985302537434400105e-01 1.024257210301368626e-01
5.144900847966414892e-01 1.020674194507086019e-01
5.304263884320356004e-01 1.015831037956559380e-01
5.463227453496746211e-01 1.009757772066062764e-01
5.621628517778590739e-01 1.002487654088481256e-01
5.779305365522029447e-01 9.940570410773488796e-02
5.936097774900893631e-01 9.845052636998063988e-02
6.093260828641500204e-01 9.736961074579737752e-02
6.250080064991923035e-01 9.609263396269339397e-02
6.405383367852656162e-01 9.461845325269431506e-02
6.559013002717150043e-01 9.295519027777143783e-02
6.710814758057498386e-01 9.111156031080246132e-02
6.860638052713676771e-01 8.909683902139922673e-02
7.008336029353618990e-01 8.692082816131761758e-02
7.153765635260164180e-01 8.459382022940675760e-02
7.296787691669220921e-01 8.212656218162588118e-02
7.437266952821333099e-01 7.953021823918986211e-02
7.575072155801453322e-01 7.681633183779597307e-02
7.710076062135331476e-01 7.399678675342837020e-02
7.842155491991166238e-01 7.108376743563363243e-02
7.971191351709023820e-01 6.808971857747928014e-02
8.097068655253073510e-01 6.502730395264175178e-02
8.219676540059234204e-01 6.190936455409395273e-02
8.338908277637715472e-01 5.874887607547157886e-02
8.454661279190461842e-01 5.555890578512401312e-02
8.566837096421027198e-01 5.235256885374310609e-02
8.675341417650854758e-01 4.914298420895196751e-02
8.780084059313125744e-01 4.594323000389206185e-02
8.880978952873305188e-01 4.276629880125922684e-02
8.977944127223905779e-01 3.962505258897498078e-02
9.070901686618816351e-01 3.653217775830838038e-02
9.159777784247423726e-01 3.350014018941470384e-02
9.244502591598586783e-01 3.054114060253463464e-02
9.325010263826238877e-01 2.766707034518331443e-02
9.401238901398623060e-01 2.488946779626593706e-02
9.473130508388719617e-01 2.221947557692773717e-02
9.540630947840672560e-01 1.966779876487756082e-02
9.603689894722644560e-01 1.724466431377816300e-02
9.662260787047185495e-01 1.495978188193429655e-02
9.716300775803105028e-01 1.282230627488707350e-02
9.765770674395227724e-01 1.084080170459391854e-02
9.810634908327985348e-01 9.023208063660574652e-03
9.850861465894104052e-01 7.376809406634340580e-03
9.886421850639008913e-01 5.908204821736956491e-03
9.917291036364450640e-01 4.623281865728808004e-03
9.943447425410965046e-01 3.527192721969480034e-03
9.964872810918163903e-01 2.624333227330400559e-03
9.981552343705418773e-01 1.918324897592038787e-03
9.993474504344256326e-01 1.412000063506927642e-03
1.000063108090925246e+00 1.107390211025645940e-03
1.000000000000000000e+00 1.005717599482191258e-03
