1.000000000000000000e+00 -1.256471130459432860e-03
9.996564859142075266e-01 -1.272487256329121220e-03
9.989089099251211579e-01 -1.320491560028542663e-03
9.976638171090629337e-01 -1.400352299983804397e-03
9.959225068844402839e-01 -1.511851497369830037e-03
9.936867957846551302e-01 -1.654687286815617218e-03
9.909590148244132868e-01 -1.828477138075266942e-03
9.877420061398235474e-01 -2.032761880897101907e-03
9.840391189212901457e-01 -2.267010448143256737e-03
9.798542046616601775e-01 -2.530625236616954651e-03
9.751916117451244759e-01 -2.822947971342808834e-03
9.700561794049298303e-01 -3.143265947480506934e-03
9.644532310799898145e-01 -3.490818514860563604e-03
9.583885672019833990e-01 -3.864803663501414389e-03
9.518684574454525649e-01 -4.264384564545208728e-03
9.448996324737841679e-01 -4.688695919925053336e-03
9.374892752137853336e-01 -5.136849975805764940e-03
9.296450116908615557e-01 -5.607942059415383512e-03
9.213749014556217309e-01 -6.101055506256471833e-03
9.126874276311329748e-01 -6.615265854755972980e-03
9.035914866080529961e-01 -7.149644198023706945e-03
8.940963774125881836e-01 -7.703259597359850448e-03
8.842117907697139012e-01 -8.275180479228342809e-03
8.739477978814351733e-01 -8.864474956330713196e-03
8.633148389371456677e-01 -9.470210033854802381e-03
8.523237113704478229e-01 -1.009144968359578648e-02
8.409855578742042592e-01 -1.072725179107978342e-02
8.293118541831744350e-01 -1.137666400369102652e-02
8.173143966314396769e-01 -1.203871853069358490e-02
8.050052894899810685e-01 -1.271242596856689104e-02
7.923969320883044176e-01 -1.339676824681726788e-02
7.795020057229722354e-01 -1.409069081000630282e-02
7.663334603552937052e-01 -1.479309417076028581e-02
7.529045011003052679e-01 -1.550282498563518296e-02
7.392285745095132921e-01 -1.621866682058300396e-02
7.253193546506744305e-01 -1.693933078508598825e-02
7.111907289891530315e-01 -1.766344622354607333e-02
6.968567840770244493e-01 -1.838955165901293154e-02
6.823317910581333523e-01 -1.911608618763682016e-02
6.676301909995971950e-01 -1.984138152222455695e-02
6.527665800628049686e-01 -2.056365487988889851e-02
6.377556945296385393e-01 -2.128100290200586955e-02
6.226123957024138900e-01 -2.199139678457322222e-02
6.073516546987786091e-01 -2.269267878370137548e-02
5.919885371654556305e-01 -2.338256024451695544e-02
5.765381879371684892e-01 -2.405862128243232631e-02
5.610158156692767184e-01 -2.471831222378900392e-02
5.454366774744803248e-01 -2.535895688862426639e-02
5.298160635953751418e-01 -2.597775777208946590e-02
5.141692821455788875e-01 -2.657180315324690623e-02
4.985116439525654752e-01 -2.713807613100895424e-02
4.828584475351984651e-01 -2.767346555729673779e-02
4.672249642482312337e-01 -2.817477880754711700e-02
4.516264236247194419e-01 -2.863875629895295746e-02
4.360779989454043881e-01 -2.906208763775581030e-02
4.205947930616695807e-01 -2.944142924899229713e-02
4.051918244957125048e-01 -2.977342331577636364e-02
3.898840138381428067e-01 -3.005471783092315136e-02
3.746861704593947850e-01 -3.028198754188875935e-02
3.596129795472028934e-01 -3.045195555099721590e-02
3.446789894780156738e-01 -3.056141531708442619e-02
3.298985995257219805e-01 -3.060725279230145160e-02
3.152860479065243693e-01 -3.058646841913100281e-02
3.008554001543335410e-01 -3.049619870786278442e-02
2.866205378167678286e-01 -3.033373711398161532e-02
2.725951474578388045e-01 -3.009655393821004943e-02
2.587927099497759897e-01 -2.978231497932592314e-02
2.452264900332892239e-01 -2.938889868128727670e-02
2.319095261229633109e-01 -2.891441153152668822e-02
2.188546203325019979e-01 -2.835720148634562204e-02
2.060743286932384399e-01 -2.771586922191084448e-02
1.940981012729968702e-01 -2.701590132362613819e-02
1.828636894493560761e-01 -2.640072417663756263e-02
1.718812279608155913e-01 -2.587981781564337863e-02
1.611568576724951851e-01 -2.543889923696057362e-02
1.506970978215567136e-01 -2.506375737950033294e-02
1.405088617244816263e-01 -2.474027274694177991e-02
1.305994610836946346e-01 -2.445443709233986046e-02
1.209765996002379190e-01 -2.419237406237266866e-02
1.116483568035222113e-01 -2.394036151091577871e-02
1.026231631584385851e-01 -2.368485599736992742e-02
9.390976760761793329e-02 -2.341251979494895358e-02
8.551719875781549352e-02 -2.311025055656133406e-02
7.745472093092661825e-02 -2.276521362728457093e-02
6.973178627926346351e-02 -2.236487685680157989e-02
6.235798411861458862e-02 -2.189704765460382535e-02
5.534298856795447086e-02 -2.134991194565281220e-02
4.869650550738308104e-02 -2.071207462359764967e-02
4.242821978087564505e-02 -1.997260106069329022e-02
3.654774348164526593e-02 -1.912105921575760203e-02
3.106456606830811096e-02 -1.814756188102615783e-02
2.598800697161722517e-02 -1.704280862269861446e-02
2.132717126558009157e-02 -1.579812699548333726e-02
1.709090889390797036e-02 -1.440551264590285777e-02
1.328777786309282005e-02 -1.285766796014999568e-02
9.926011736735559920e-03 -1.114803895782106452e-02
7.013491691551200155e-03 -9.270850181128807016e-03
4.557723323127619783e-03 -7.221137378740713139e-03
2.565818318278937152e-03 -4.994777832957109261e-03
1.044481040009417536e-03 -2.588518227515045587e-03
0.000000000000000000e+00 0.000000000000000000e+00
-5.510414057410175509e-04 2.736458811793315501e-03
-5.925467465504961201e-04 5.585299129214719820e-03
-1.196879262076165108e-04 8.545161938497596379e-03
8.718069939710349631e-04 1.161312306102551400e-02
2.385647668126780752e-03 1.478469542029176714e-02
4.424971408218457934e-03 1.805383968401275130e-02
6.992329167344706053e-03 2.141298318096054518e-02
1.008966760578883237e-02 2.485304699514293003e-02
1.371830735143982072e-02 2.836348114569520185e-02
1.787891763653835786e-02 3.193230776854263236e-02
2.257148756412927920e-02 3.554617222469858007e-02
2.779529433087301118e-02 3.919040206889177341e-02
3.354886880863577892e-02 4.284907381976003210e-02
3.982995896602617436e-02 4.650508747748231114e-02
4.663549169301762359e-02 5.014024873453066383e-02
5.396153367687295255e-02 5.373535881797832092e-02
6.180325206512985586e-02 5.727031188498760833e-02
7.015487574016943118e-02 6.072419986401698944e-02
7.900965811782034720e-02 6.407542459012466329e-02
8.835984246661407471e-02 6.730181702079363060e-02
9.819663082078737559e-02 7.038076323656615452e-02
1.085101576239729387e-01 7.328933682665446370e-02
1.192894692858457728e-01 7.600443713273960511e-02
1.305225108541070433e-01 7.850293267483071658e-02
1.421961209918958247e-01 8.076180891344669766e-02
1.542960363988160888e-01 8.275831931661672969e-02
1.668069067155326934e-01 8.447013850459378359e-02
1.797123208019545115e-01 8.587551604837127817e-02
1.929948450740268662e-01 8.695342931087583771e-02
2.061404190142885340e-01 8.771237234546805372e-02
2.190620018153673076e-01 8.832350609021033527e-02
2.322636788980402545e-01 8.881789121333914794e-02
2.457320942163399025e-01 8.919498936764592989e-02
2.594536159485090199e-01 8.945460731709675706e-02
2.734143528026144465e-01 8.959689516868719894e-02
2.876001706181595119e-01 8.962234206911671996e-02
3.019967092108859497e-01 8.953176952956778956e-02
3.165893994087979335e-01 8.932632256598221909e-02
3.313634802289868730e-01 8.900745886297904697e-02
3.463040161470369860e-01 8.857693618671122482e-02
3.613959144135679424e-01 8.803679828532726126e-02
3.766239423757505866e-01 8.738935952516430072e-02
3.919727447653149066e-01 8.663718851628707251e-02
4.074268609185631163e-01 8.578309098250280762e-02
4.229707418980998002e-01 8.483009212858258485e-02
4.385887674902914646e-01 8.378141875122800675e-02
4.542652630567663441e-01 8.264048133051296596e-02
4.699845162224556283e-01 8.141085632533806571e-02
4.857307933866734651e-01 8.009626888013787749e-02
5.014883560474346913e-01 7.870057613100893412e-02
5.172414769325494044e-01 7.722775127794334615e-02
5.329744559339383292e-01 7.568186856635654436e-02
5.486716358440342223e-01 7.406708929601785174e-02
5.643174178950277620e-01 7.238764894926906501e-02
5.798962771030626850e-01 7.064784550350963754e-02
5.953927774202691925e-01 6.885202896579636911e-02
6.107915866977641217e-01 6.700459214050975831e-02
6.260774914624411824e-01 6.510996261482568381e-02
6.412354115095908469e-01 6.317259592162927095e-02
6.562504143121427047e-01 6.119696981592490093e-02
6.711077292456943955e-01 5.918757957910449063e-02
6.857927616265447890e-01 5.714893424597489863e-02
7.002911065577562821e-01 5.508555363251152470e-02
7.145885625759198501e-01 5.300196602814584435e-02
7.286711450888723185e-01 5.090270640521364631e-02
7.425250995922023645e-01 4.879231499013234746e-02
7.561369146500660499e-01 4.667533603603545023e-02
7.694933346237032845e-01 4.455631663500417283e-02
7.825813721291585701e-01 4.243980540968868287e-02
7.953883202041687195e-01 4.033035092892287010e-02
8.079017641629955282e-01 3.823249969979004848e-02
8.201095931172500686e-01 3.615079359931314129e-02
8.320000111404778353e-01 3.408976662229497995e-02
8.435615480544844669e-01 3.205394083756954449e-02
8.547830698160996388e-01 3.004782146272413218e-02
8.656537884842661068e-01 2.807589098689343421e-02
8.761632717490244193e-01 2.614260229214233899e-02
8.863014520060755741e-01 2.425237074585778752e-02
8.960586349631024516e-01 2.240956525908039537e-02
9.054255077668944551e-01 2.061849832839688507e-02
9.143931466434289668e-01 1.888341510151034242e-02
9.229530240463935664e-01 1.720848152848408405e-02
9.310970153130823102e-01 1.559777168154996910e-02
9.388174048300783614e-01 1.405525434591196887e-02
9.461068917145840640e-01 1.258477900182476336e-02
9.529585950205670120e-01 1.119006133407094740e-02
9.593660584819976300e-01 9.874668418537631276e-03
9.653232548082617548e-01 8.642003746658815169e-03
9.708245895492957356e-01 7.495292256864124342e-03
9.758649045500291663e-01 6.437565547710195901e-03
9.804394810152831097e-01 5.471647449976167060e-03
9.845440422073409303e-01 4.600140134636485946e-03
9.881747557989238873e-01 3.825410930283655239e-03
9.913282359042755454e-01 3.149580017327938478e-03
9.940015448104826401e-01 2.574509157243535466e-03
9.961921944300377030e-01 2.101791603423978309e-03
9.978981474940170626e-01 1.732743326045361413e-03
9.991178185031504011e-01 1.468395666954369280e-03
9.998500744515240735e-01 1.309489522274114200e-03
1.000000000000000000e+00 1.256471130459432860e-03
