1.000000000000000000e+00 -6.268734298322820855e-04
9.996888904972832668e-01 -6.194273174319949457e-04
9.989438786371922507e-01 -5.971110516367965056e-04
9.977030406010040098e-01 -5.599909265151547556e-04
9.959676478204896322e-01 -5.081776939972437431e-04
9.937394779773879305e-01 -4.418269414457322254e-04
9.910208126936417283e-01 -3.611395902678885082e-04
9.878144345799727555e-01 -2.663624863226961119e-04
9.841236236560326756e-01 -1.577890455654801845e-04
9.799521531578110345e-01 -3.575991181833677174e-05
9.753042847501377510e-01 9.933642209810321366e-05
9.701847631639654024e-01 2.470630832621806272e-04
9.645988102796110297e-01 4.069344344616787276e-04
9.585521186782842706e-01 5.784158960684161743e-04
9.520508446849961226e-01 7.609240341049216400e-04
9.451016009263397688e-01 9.538269742731409623e-04
9.377114484266765304e-01 1.156445199997905258e-03
9.298878882659487033e-01 1.368052789467629100e-03
9.216388528217107634e-01 1.587879142257264502e-03
9.129726966170614855e-01 1.815111240443560356e-03
9.038981867949885673e-01 2.048896482250149240e-03
8.944244932382784397e-01 2.288346118279528663e-03
8.845611783526230454e-01 2.532539311427703388e-03
8.743181865289406662e-01 2.780527831766483465e-03
8.637058332992659793e-01 3.031341387176882465e-03
8.527347941989118496e-01 3.283993579493387979e-03
8.414160933460275160e-01 3.537488464558044901e-03
8.297610917481980097e-01 3.790827683071958457e-03
8.177814753444352380e-01 4.043018117675723985e-03
8.054892427898118212e-01 4.293080020481759851e-03
7.928966929891269055e-01 4.540055544530191209e-03
7.800164123854280707e-01 4.783017602534545346e-03
7.668612620089094722e-01 5.021078967020760342e-03
7.534443642917375561e-01 5.253401517719273259e-03
7.397790896546777573e-01 5.479205535010241851e-03
7.258790428720236498e-01 5.697778932500272009e-03
7.117580492222629340e-01 5.908486317550164235e-03
6.974301404330774945e-01 6.110777765890786084e-03
6.829095404307141681e-01 6.304197195438943774e-03
6.682106509053552523e-01 6.488390225118680771e-03
6.533480367058834837e-01 6.663111406936584463e-03
6.383364110792890678e-01 6.828230723756406606e-03
6.231906207718599378e-01 6.983739251145055366e-03
6.079256310111780248e-01 7.129753889264026090e-03
5.925565103897521002e-01 7.266521079979187947e-03
5.770984156727880787e-01 7.394419435046775679e-03
5.615665765540935883e-01 7.513961213272503381e-03
5.459762803853592805e-01 7.625792597775928744e-03
5.303428569050265828e-01 7.730692738743480397e-03
5.146816629935960785e-01 7.829571542123686667e-03
4.990080674825148610e-01 7.923466200392820930e-03
4.833374360436856199e-01 8.013536477570859518e-03
4.676851161861576012e-01 8.101058776860944888e-03
4.520664223856653008e-01 8.187419035378906002e-03
4.364966213714104315e-01 8.274104506189736835e-03
4.209909175928231440e-01 8.362694503033580445e-03
4.055644388870398021e-01 8.454850197472062873e-03
3.902322223655169675e-01 8.552303571488988759e-03
3.750092005356162606e-01 8.656845640630156380e-03
3.599101876701986669e-01 8.770314073367407176e-03
3.449498664353056188e-01 8.894580341351623204e-03
3.301427747829608350e-01 9.031536542426429892e-03
3.155032931130505869e-01 9.183082043583246784e-03
3.010456317052162545e-01 9.351110094355196550e-03
2.867838184187816442e-01 9.537494562401386405e-03
2.727316866560122177e-01 9.744076942191481905e-03
2.589028635815335266e-01 9.972653784755529383e-03
2.453107585885715702e-01 1.022496469144525133e-02
2.319685520008878399e-01 1.050268100761634488e-02
2.188891839979003329e-01 1.080739534317836856e-02
2.060853437495553941e-01 1.114061203618641957e-02
1.939142118401997739e-01 1.146705749663988819e-02
1.823381399126386970e-01 1.158939003576602012e-02
1.710341215008656102e-01 1.149533456786952165e-02
1.600098340565249688e-01 1.120567076646660290e-02
1.492732292761441426e-01 1.074136293344457246e-02
1.388325350654338874e-01 1.012351263182463199e-02
1.286962449986981949e-01 9.373307954873625475e-03
1.188730968335080379e-01 8.511968391564206371e-03
1.093720418351959989e-01 7.560684669377520234e-03
1.002022067398783273e-01 6.540553355448563977e-03
9.137285015903821861e-02 5.472506353120576428e-03
8.289331512679155856e-02 4.377235728672976278e-03
7.477297933645854489e-02 3.275114535637422414e-03
6.702120442765595321e-02 2.186114471410777887e-03
5.964728548705536260e-02 1.129721307197843749e-03
5.266040172946821057e-02 1.248490850888940573e-04
4.606956914123080254e-02 -8.102459157126942757e-04
3.988359570144768551e-02 -1.658050468471096439e-03
3.411103965189220266e-02 -2.401878022487218337e-03
2.876017116418830635e-02 -3.025949810357508526e-03
2.383893765243531165e-02 -3.515472671761066432e-03
1.935493289866683370e-02 -3.856712916026792601e-03
1.531537009470950242e-02 -4.037065637375688090e-03
1.172705885409096489e-02 -4.045118987710413783e-03
8.596386208568663340e-03 -3.870713000208669905e-03
5.929301572669036860e-03 -3.504992641614519504e-03
3.731305633683073761e-03 -2.940454851441772453e-03
2.007443101463745640e-03 -2.170989402145525552e-03
7.622992300682055085e-04 -1.191913485782093544e-03
0.000000000000000000e+00 0.000000000000000000e+00
-2.688595957998055237e-04 1.389167598153120096e-03
-3.417152973530439113e-05 2.958351130489006008e-03
7.067297632369297280e-04 4.705820931117616485e-03
1.955997112853198692e-03 6.628023148143463890e-03
3.715273196293678200e-03 8.719588283502938478e-03
5.985690417220313961e-03 1.097334795286075346e-02
8.767867966543173991e-03 1.338035968411927130e-02
1.206190597270208852e-02 1.592993958223958006e-02
1.586737667062173424e-02 1.860970270242318092e-02
2.018331254065816247e-02 2.140561099371280501e-02
2.500819139388233900e-02 2.430202870107519425e-02
3.033991841030096726e-02 2.728178514606906940e-02
3.617580517478805741e-02 3.032624484392920650e-02
4.251254580451243464e-02 3.341538495735044134e-02
4.934619032457684962e-02 3.652788013270460987e-02
5.667211552848046285e-02 3.964119481015822288e-02
6.448499365959792229e-02 4.273168314129996426e-02
7.277875937119336613e-02 4.577469668126789987e-02
8.154657556640006189e-02 4.874470004044704347e-02
9.078079888517433249e-02 5.161539467578304258e-02
1.004729457891135880e-01 5.435985096482298662e-02
1.106136603907028199e-01 5.695064862747818701e-02
1.211926853708422125e-01 5.936002543232603290e-02
1.321988375131547822e-01 6.156003393869395601e-02
1.436199895373083957e-01 6.352270577848392885e-02
1.554430600147863051e-01 6.522022267307495125e-02
1.676540131754826746e-01 6.662509301739767686e-02
1.802378703386718906e-01 6.771033245987895244e-02
1.931787345068239625e-01 6.844964648635971927e-02
2.061294039579715798e-01 6.885472546188986520e-02
2.190274381499689726e-01 6.914767746197460208e-02
2.322046530201157255e-01 6.936862523480027964e-02
2.456478256610575561e-01 6.951648955703296218e-02
2.593434623167514830e-01 6.959040266560559407e-02
2.732778136044410333e-01 6.958971136511139799e-02
2.874368900161456963e-01 6.951397871111210380e-02
3.018064776600032362e-01 6.936298433458482071e-02
3.163721542022717159e-01 6.913672348555172098e-02
3.311193049717480186e-01 6.883540488514369726e-02
3.460331391897470410e-01 6.845944748481744280e-02
3.610987062905721690e-01 6.800947623907266371e-02
3.763009122995291111e-01 6.748631700373725062e-02
3.916245362379407458e-01 6.689099067566289802e-02
4.070542465272358190e-01 6.622470669149652100e-02
4.225746173669462369e-01 6.548885600308682053e-02
4.381701450642854212e-01 6.468500364510652856e-02
4.538252642958204852e-01 6.381488100670111574e-02
4.695243642845292609e-01 6.288037791352700523e-02
4.852518048781863103e-01 6.188353461955067858e-02
5.009919325174854166e-01 6.082653379960716034e-02
5.167290960845322134e-01 5.971169262413823786e-02
5.324476626242868882e-01 5.854145498694596217e-02
5.481320329331552665e-01 5.731838394541551029e-02
5.637666570102108921e-01 5.604515442070092529e-02
5.793360493674430955e-01 5.472454619305631290e-02
5.948248041959727228e-01 5.335943721506004184e-02
6.102176103853647060e-01 5.195279725314715796e-02
6.254992663929951346e-01 5.050768185585823022e-02
6.406546949599403185e-01 4.902722663574145961e-02
6.556689576690641896e-01 4.751464184111141298e-02
6.705272693399363382e-01 4.597320718405456530e-02
6.852150122539639732e-01 4.440626688234515507e-02
6.997177502017032369e-01 4.281722486544067147e-02
7.140212423428099475e-01 4.120954008858285916e-02
7.281114568675230991e-01 3.958672189433660310e-02
7.419745844470378993e-01 3.795232535772222193e-02
7.555970514586337616e-01 3.630994654948108830e-02
7.689655329700875175e-01 3.466321765197109828e-02
7.820669654667027348e-01 3.301580186370862979e-02
7.948885593033462316e-01 3.137138803161061695e-02
8.074178108631647754e-01 2.973368495448245469e-02
8.196425144042545075e-01 2.810641530715034947e-02
8.315507735754542606e-01 2.649330914173331913e-02
8.431310125826612101e-01 2.489809693076164288e-02
8.543719869876356121e-01 2.332450212601107353e-02
8.652627941221457952e-01 2.177623321687462837e-02
8.757928831015189264e-01 2.025697528264901875e-02
8.859520644231664299e-01 1.877038104407822636e-02
8.957305191374121955e-01 1.732006143068120022e-02
9.051188075799588839e-01 1.590957569158076013e-02
9.141078776575004561e-01 1.454242108856226671e-02
9.226890726803045339e-01 1.322202222071288541e-02
9.308541387379951626e-01 1.195172004004515370e-02
9.385952316171871646e-01 1.073476062681036694e-02
9.459049232620284631e-01 9.574283801593138493e-03
9.527762077810234542e-01 8.473311658596063833e-03
9.592025070056967584e-01 7.434737110646539096e-03
9.651776756086405396e-01 6.461312541269323938e-03
9.706960057902601635e-01 5.555638662582642294e-03
9.757522315450158912e-01 4.720153679725080410e-03
9.803415325191322527e-01 3.957122862963954185e-03
9.844595374725984005e-01 3.268628627556452969e-03
9.881023273587746791e-01 2.656561218838101278e-03
9.912664380350471038e-01 2.122610095938117294e-03
9.939488626177498398e-01 1.668256102016289853e-03
9.961470534939883548e-01 1.294764502069441908e-03
9.978589240020759865e-01 1.003178961263897226e-03
9.990828497910793082e-01 7.943165275378986619e-04
9.998176698684483332e-01 6.687636720253189180e-04
1.000000000000000000e+00 6.268734298322820855e-04
