1.000000000000000000e+00 -1.047674415749420959e-03
9.996815459721837271e-01 -1.060011192421742628e-03
9.989359770473016376e-01 -1.096997831749372881e-03
9.976942227239773420e-01 -1.158563600307741925e-03
9.959575725484367537e-01 -1.244591729760856098e-03
9.937278293306697208e-01 -1.354921069703717007e-03
9.910073066064958303e-01 -1.489348345762077971e-03
9.877988253981240252e-01 -1.647630968347641844e-03
9.841057102902845966e-01 -1.829490323666417475e-03
9.799317848421166266e-01 -2.034615466085237714e-03
9.752813663577175607e-01 -2.262667120021902897e-03
9.701592600405528621e-01 -2.513281890356173359e-03
9.645707525587439157e-01 -2.786076573148075618e-03
9.585216050495909412e-01 -3.080652453352239126e-03
9.520180455925179031e-01 -3.396599473352234725e-03
9.450667611799550283e-01 -3.733500155580144961e-03
9.376748892155301052e-01 -4.090933164280629621e-03
9.298500085683177874e-01 -4.468476395617136145e-03
9.216001302108605131e-01 -4.865709491760308869e-03
9.129336874672705493e-01 -5.282215683260785451e-03
9.038595258959872814e-01 -5.717582874761606600e-03
8.943868928297821208e-01 -6.171403901795155696e-03
8.845254265934442417e-01 -6.643275900826979552e-03
8.742851454173027337e-01 -7.132798750631472867e-03
8.636764360624374914e-01 -7.639572560246899943e-03
8.527100421711700795e-01 -8.163194196877334233e-03
8.413970523542914082e-01 -8.703252865874392882e-03
8.297488880245181830e-01 -9.259324774032769503e-03
8.177772909839857718e-01 -9.830966926520847901e-03
8.054943107721861395e-01 -1.041771012652336834e-02
7.929122917797261083e-01 -1.101905126474344437e-02
7.800438601326458166e-01 -1.163444500298010074e-02
7.669019103518043279e-01 -1.226329497173839038e-02
7.534995917920469521e-01 -1.290494461594348524e-02
7.398502948664933410e-01 -1.355866783504580328e-02
7.259676370623256991e-01 -1.422365957386154817e-02
7.118654487558870869e-01 -1.489902652818383445e-02
6.975577588366543846e-01 -1.558377813433682590e-02
6.830587801517332691e-01 -1.627681801428920716e-02
6.683828947847987312e-01 -1.697693604759644911e-02
6.535446391858794613e-01 -1.768280123824737468e-02
6.385586891709247315e-01 -1.839295553844426043e-02
6.234398448126518000e-01 -1.910580878248514108e-02
6.082030152466482154e-01 -1.981963487233058888e-02
5.928632034190305378e-01 -2.053256934225550570e-02
5.774354908040352230e-01 -2.124260841338967976e-02
5.619350221216889985e-01 -2.194760963015662467e-02
5.463769900870768526e-01 -2.264529414988747033e-02
5.307766202236565700e-01 -2.333325073451211762e-02
5.151491557734917404e-01 -2.400894146953416394e-02
4.995098427371637007e-01 -2.466970921083485452e-02
4.838739150754337581e-01 -2.531278673459264050e-02
4.682565801034737074e-01 -2.593530754013731107e-02
4.526730041066331367e-01 -2.653431823027530001e-02
4.371382982043223175e-01 -2.710679236892148472e-02
4.216675044856604271e-01 -2.764964569214963322e-02
4.062755824371393487e-01 -2.815975252640562018e-02
3.910386659223890615e-01 -2.863957777265351001e-02
3.759534978390903226e-01 -2.910955188052003623e-02
3.609919553653775370e-01 -2.956848361545320880e-02
3.461679667315296638e-01 -3.001238542271985124e-02
3.314953026696370042e-01 -3.043721354343668570e-02
3.169875686805611603e-01 -3.083889210417930030e-02
3.026581978113166427e-01 -3.121333727896172597e-02
2.885204438885254352e-01 -3.155648126454180247e-02
2.745873751453641320e-01 -3.186429581271599254e-02
2.608718681723156130e-01 -3.213281506953759303e-02
2.473866021162509643e-01 -3.235815748113475554e-02
2.341440530480671245e-01 -3.253654653888123083e-02
2.211564884164283762e-01 -3.266433015288676411e-02
2.084359615042050695e-01 -3.273799846188885088e-02
1.959943058050353515e-01 -3.275419990935689307e-02
1.838431292400796169e-01 -3.270975543964124016e-02
1.719938081394665197e-01 -3.260167069396004147e-02
1.604574809191023355e-01 -3.242714611352949527e-02
1.492450413913173068e-01 -3.218358488580910781e-02
1.383671316571297438e-01 -3.186859869923060889e-02
1.278341345385459182e-01 -3.148001130148623400e-02
1.176561655210769941e-01 -3.101585988603740990e-02
1.078430641893169117e-01 -3.047439436055072309e-02
9.840438515174325385e-02 -2.985407457906208428e-02
8.934938846458638506e-02 -2.915356564641822384e-02
8.068702957841425438e-02 -2.837173142857853450e-02
7.242594884468489536e-02 -2.750762642533443464e-02
6.457446063266836234e-02 -2.656048618260898123e-02
5.714054211954819329e-02 -2.552971643945941421e-02
5.013182182791653396e-02 -2.441488121998593858e-02
4.355556799504643750e-02 -2.321569009235637665e-02
3.741867686702814166e-02 -2.193198482593972098e-02
3.172766101791192617e-02 -2.056372568299683762e-02
2.648863779925801631e-02 -1.911097758344834294e-02
2.170731802881928699e-02 -1.757389637991305098e-02
1.738899502841364034e-02 -1.595271547552420260e-02
1.353853412032738138e-02 -1.424773300906205693e-02
1.016036268883495179e-02 -1.245929982081408344e-02
7.258460908673268139e-03 -1.058780839845577249e-02
4.836353235642727386e-03 -8.633682985334010726e-03
2.897100746062794118e-03 -6.597371014079673503e-03
1.443294401728770823e-03 -4.479336006739466185e-03
4.770493055090143601e-04 -2.280052058909738492e-03
0.000000000000000000e+00 0.000000000000000000e+00
1.639032875938562471e-05 2.329380804669536550e-03
5.299771699996702091e-04 4.676419801368823966e-03
1.540934650857209588e-03 7.039943543885154691e-03
3.048945449879507299e-03 9.418326732926239966e-03
5.053198496189072533e-03 1.180950077911067236e-02
7.552386582476326195e-03 1.421096590502344062e-02
1.054470394092529503e-02 1.661980666796764039e-02
1.402784384295528361e-02 1.903271075236924459e-02
1.799899629423775890e-02 2.144599084989867038e-02
2.245484590558845250e-02 2.385560941661007614e-02
2.739157002786262243e-02 2.625720607010906260e-02
3.280483724472051110e-02 2.864612736622689643e-02
3.868980632097242245e-02 3.101745867418438662e-02
4.504112570606411126e-02 3.336605785198988594e-02
5.185293369208401892e-02 3.568659041002883447e-02
5.911885932346805372e-02 3.797356584061192808e-02
6.683202415137157182e-02 4.022137478475442535e-02
7.498504491957067031e-02 4.242432670472039147e-02
8.357003726085189543e-02 4.457668773188609018e-02
9.257862047330940591e-02 4.667271836421867104e-02
1.020019234349926751e-01 4.870671069604125963e-02
1.118305917031338637e-01 5.067302487462824884e-02
1.220547958309944891e-01 5.256612449336321019e-02
1.326642409214589258e-01 5.438061064947486561e-02
1.436481774221352314e-01 5.611125441547279435e-02
1.549954131522089384e-01 5.775302749703775662e-02
1.666943265368817650e-01 5.930113087593584520e-02
1.787328810112309707e-01 6.075102126416238174e-02
1.910986405419883849e-01 6.209843522458302623e-02
2.037787862033219044e-01 6.333941084341777883e-02
2.167601337314409293e-01 6.447030687058620535e-02
2.300291519729364409e-01 6.548781927476467202e-02
2.435719821333781621e-01 6.638899519057266108e-02
2.573744577259693966e-01 6.717124426517412372e-02
2.714221251150891190e-01 6.783234744034445651e-02
2.857002645464019053e-01 6.837046323331517905e-02
3.001939115539028480e-01 6.878413160510275792e-02
3.148878786347611425e-01 6.907227552821536276e-02
3.297667770850718494e-01 6.923420038631238060e-02
3.448150388935229960e-01 6.926959135631063913e-02
3.600169385953932988e-01 6.917850893837190762e-02
3.753566149960550491e-01 6.896138281101213408e-02
3.908180926810686517e-01 6.861900419713018451e-02
4.063431029771362724e-01 6.815532943691716972e-02
4.218980304741089538e-01 6.759692469669599524e-02
4.375284682313735352e-01 6.695192775753364134e-02
4.532186825748526493e-01 6.622284463837946333e-02
4.689529003672131546e-01 6.541235083094187885e-02
4.847153258464381720e-01 6.452327750807562712e-02
5.004901572628365214e-01 6.355859809972375096e-02
5.162616033046365516e-01 6.252141537461429477e-02
5.320138993056569010e-01 6.141494914688749862e-02
5.477313232314376945e-01 6.024252470646909718e-02
5.633982114426154819e-01 5.900756205067311799e-02
5.789989742361959513e-01 5.771356597259758026e-02
5.945181111666942853e-01 5.636411703975094389e-02
6.099402261498945155e-01 5.496286347439705011e-02
6.252500423522032724e-01 5.351351392570707216e-02
6.404324168683046548e-01 5.201983110331413751e-02
6.554723551890682121e-01 5.048562622262221800e-02
6.703550254604928593e-01 4.891475419453472639e-02
6.850657725329448722e-01 4.731110947642350184e-02
6.995901317981263468e-01 4.567862248740438280e-02
7.139138428091857946e-01 4.402125647952593451e-02
7.280228626772210498e-01 4.234300474748426552e-02
7.419033792352223156e-01 4.064788805306834840e-02
7.555418239583243656e-01 3.893995213679651846e-02
7.689248846271926618e-01 3.722326518815331775e-02
7.820395177194849889e-01 3.550191514746583316e-02
7.948729605127470288e-01 3.378000671670134542e-02
8.074127428807904572e-01 3.206165796322438255e-02
8.196466987647039737e-01 3.035099640967046930e-02
8.315629772991340873e-01 2.865215451438529737e-02
8.431500535743973179e-01 2.696926446012942041e-02
8.543967390153773822e-01 2.530645218369347721e-02
8.652921913589742831e-01 2.366783059543518114e-02
8.758259242131568589e-01 2.205749195523325559e-02
8.859878161823452336e-01 2.047949938962757843e-02
8.957681195459085144e-01 1.893787755366448111e-02
9.051574684789601699e-01 1.743660245983236906e-02
9.141468868072913923e-01 1.597959051514512632e-02
9.227277952911547843e-01 1.457068682555633446e-02
9.308920184356260785e-01 1.321365284416059493e-02
9.386317908283335898e-01 1.191215345575162565e-02
9.459397630084132036e-01 1.066974360498057842e-02
9.528090068735016738e-01 9.489854588331318383e-03
9.592330206343900878e-01 8.375780141187335465e-03
9.652057333295076536e-01 7.330662460203444739e-03
9.707215089136727038e-01 6.357478307867696354e-03
9.757751499374360815e-01 5.459025350423703238e-03
9.803619008348266606e-01 4.637908882146756298e-03
9.844774508383464795e-01 3.896529088294632594e-03
9.881179365406234094e-01 3.237068995889054012e-03
9.912799441221930019e-01 2.661483255884263075e-03
9.939605112644680496e-01 2.171487892325052113e-03
9.961571287660412333e-01 1.768551143924540839e-03
9.978677418791026543e-01 1.453885511263950259e-03
9.990907513809699214e-01 1.228441108734162337e-03
9.998250143935478729e-01 1.092900404632058710e-03
1.000000000000000000e+00 1.047674415749420959e-03
