1.000000000000000000e+00 -1.426109475213612875e-03
9.993871717397263543e-01 -1.403676659914870981e-03
9.986186082335706260e-01 -1.336573613381724073e-03
9.973387986472203037e-01 -1.225385825471284051e-03
9.955494339792793079e-01 -1.071086748371380881e-03
9.932528748844030586e-01 -8.750342382432857880e-04
9.904521450018748396e-01 -6.389655499607995760e-04
9.871509224791494841e-01 -3.649908624053059547e-04
9.833535297632329808e-01 -5.558530677120298094e-05
9.790649217457552123e-01 2.864205336085695608e-04
9.742906723588099505e-01 6.578516860888177983e-04
9.690369597278418734e-01 1.055201449584861929e-03
9.633105499948952932e-01 1.474645688476911021e-03
9.571187799303116917e-01 1.912058792339563218e-03
9.504695384534134206e-01 2.363031330184806392e-03
9.433712471828548107e-01 2.822889421797326534e-03
9.358328401352595804e-01 3.286715840555842760e-03
9.278637426866120919e-01 3.749372851850429553e-03
9.194738499048511482e-01 4.205526778826051623e-03
9.106735043544929020e-01 4.649674272765455529e-03
9.014734734651754788e-01 5.076170249062289530e-03
8.918849265461509246e-01 5.479257431571984277e-03
8.819194115183198734e-01 5.853097428357465631e-03
8.715888314248455560e-01 6.191803240705336803e-03
8.609054207710907791e-01 6.489473085075248004e-03
8.498817217350536080e-01 6.740225384685549770e-03
8.385305602810234626e-01 6.938234764130361137e-03
8.268650222022108087e-01 7.077768857175349704e-03
8.148984291129998114e-01 7.153225715170786342e-03
8.026443144084588477e-01 7.159171581813974367e-03
7.901163992080765253e-01 7.090378779827082728e-03
7.773285683024901971e-01 6.941863436974414492e-03
7.642948461262598636e-01 6.708922763266608746e-03
7.510293727864958413e-01 6.387171578668499050e-03
7.375463801861852353e-01 5.972577781610338699e-03
7.238601682921386171e-01 5.461496443529736955e-03
7.099850816102541984e-01 4.850702213892339743e-03
6.959354859447833830e-01 4.137419723951027417e-03
6.817257455330246740e-01 3.319351686099279719e-03
6.673702006617039384e-01 2.394704399160750563e-03
6.528831458856593217e-01 1.362210388324174015e-03
6.382788089826110234e-01 2.211479315630329734e-04
6.235713307891527224e-01 -1.028642747964665649e-03
6.087747460719558079e-01 -2.386746812213631774e-03
5.937850171265276478e-01 -3.845590650020679069e-03
5.785517138433279305e-01 -5.345046315128582082e-03
5.632543565243521844e-01 -6.868408747895869693e-03
5.479075104499927518e-01 -8.412284921890951506e-03
5.325256999269440961e-01 -9.972987385508794156e-03
5.171233943207775852e-01 -1.154654249047978865e-02
5.017149947931913712e-01 -1.312870144377584897e-02
4.863148218125170619e-01 -1.471495413398352103e-02
4.709371034987748228e-01 -1.630054564542511575e-02
4.555959648553477015e-01 -1.788049533610080316e-02
4.403054179283141245e-01 -1.944961831949926917e-02
4.250793529218052091e-01 -2.100254915607340650e-02
4.099315302836705754e-01 -2.253376752825585888e-02
3.948755737605065264e-01 -2.403762564383445793e-02
3.799249644050344266e-01 -2.550837708679386945e-02
3.650930355022620200e-01 -2.694020681279375717e-02
3.503929683641724968e-01 -2.832726196866164337e-02
3.358377889262559313e-01 -2.966368320193082248e-02
3.214403650634066745e-01 -3.094363611778504219e-02
3.072134045279472647e-01 -3.216134253692899680e-02
2.931694533991687224e-01 -3.331111120896880495e-02
2.793208949221543946e-01 -3.438736764185147676e-02
2.656799486040912206e-01 -3.538468271869912168e-02
2.522586694290451237e-01 -3.629779978882032021e-02
2.390689470475190759e-01 -3.712165993956425408e-02
2.261225047951955780e-01 -3.785142517969672382e-02
2.134308983962107942e-01 -3.848249929276736925e-02
2.010055142101714598e-01 -3.901054615008593685e-02
1.888575668889025949e-01 -3.943150530696556966e-02
1.769980963185252554e-01 -3.974160474232732443e-02
1.654379637347876686e-01 -3.993737064004472537e-02
1.541878469144040420e-01 -4.001563414999544099e-02
1.432582343622459953e-01 -3.997353510709598934e-02
1.326594184332806070e-01 -3.980852272705605321e-02
1.224014873488019489e-01 -3.951835333762401120e-02
1.124943160883743187e-01 -3.910108524314567791e-02
1.029475561615917772e-01 -3.855507085778429877e-02
9.377062428679100448e-02 -3.787894627823503585e-02
8.497269002682464323e-02 -3.707161849973710649e-02
7.656266245441847862e-02 -3.613225050919791070e-02
6.854917594108181356e-02 -3.506024451590691871e-02
6.094057518357424985e-02 -3.385522360328525882e-02
5.374489960014825624e-02 -3.251701210410463949e-02
4.696986724482793418e-02 -3.104561501637926463e-02
4.062285840150806765e-02 -2.944119678751612804e-02
3.471089903038935415e-02 -2.770405980018414774e-02
2.924064424698545606e-02 -2.583462289468135484e-02
2.421836201845933845e-02 -2.383340025934237508e-02
1.964991726328408489e-02 -2.170098101280534125e-02
1.554075653811885088e-02 -1.943800978986784042e-02
1.189589349037177210e-02 -1.704516862638177227e-02
8.719895246279665141e-03 -1.452316041840206323e-02
6.016869892605886116e-03 -1.187269420688302421e-02
3.790455195470540661e-03 -9.094472511944808740e-03
2.043808682626045356e-03 -6.189180910460882756e-03
7.795991960104495851e-04 -3.157480017858162701e-03
0.000000000000000000e+00 0.000000000000000000e+00
-2.861595617420496004e-04 3.239703048383960927e-03
-7.053711089760410745e-05 6.517789102922858999e-03
6.475802014494630443e-04 9.832777289335344756e-03
1.868428792916349002e-03 1.318259274229229353e-02
3.591764158582675531e-03 1.656457747495541574e-02
5.816855780939506754e-03 1.997550590168724327e-02
8.542481523133825527e-03 2.341160485872141248e-02
1.176692160808483732e-02 2.686857792437588599e-02
1.548795230459770571e-02 3.034163379949622943e-02
1.970283945786101276e-02 3.382551847068586415e-02
2.440833201538519098e-02 3.731455084396298472e-02
2.960065571024058859e-02 4.080266150515458878e-02
3.527550707119092577e-02 4.428343423596698553e-02
4.142804793383238898e-02 4.775014989155239309e-02
4.805290062805796236e-02 5.119583222678640577e-02
5.514414401505460944e-02 5.461329524458442830e-02
6.269531054163798856e-02 5.799519163055660842e-02
7.069938447116028146e-02 6.133406183422721730e-02
7.914880143864727602e-02 6.462238335794590061e-02
8.803544946346088251e-02 6.785261982046120188e-02
9.735067153593526812e-02 7.101726937281903351e-02
1.070852698754089088e-01 7.410891205962555350e-02
1.172295119362597865e-01 7.712025573856048921e-02
1.277731382163426743e-01 8.004418019506676085e-02
1.387053718990484963e-01 8.287377911703579236e-02
1.500149303365236053e-01 8.560239962568229333e-02
1.616900383578230294e-01 8.822367909320869006e-02
1.737184433624079927e-01 9.073157901483966392e-02
1.860874321368522766e-01 9.312041574183850534e-02
1.987838493113161797e-01 9.538488792266214267e-02
2.117941173526737275e-01 9.752010054091106439e-02
2.251042579734844895e-01 9.952158548060160981e-02
2.386999148205839749e-01 1.013853185909529414e-01
2.525663772941937890e-01 1.031077332637555521e-01
2.666886053382988564e-01 1.046857305759082840e-01
2.810512550357586181e-01 1.061166860873240664e-01
2.956387048372722259e-01 1.073984534195979029e-01
3.104350822519156283e-01 1.085293647731207928e-01
3.254242908284529223e-01 1.095082285692765278e-01
3.405900372608801630e-01 1.103343244295987846e-01
3.559158584585088159e-01 1.110073957249684690e-01
3.713851484301109451e-01 1.115276399448487110e-01
3.869811848429511869e-01 1.118956971490006336e-01
4.026871551306050456e-01 1.121126367719944561e-01
4.184861820379641717e-01 1.121799430540931508e-01
4.343613485073817282e-01 1.120994993707905285e-01
4.502957218261380845e-01 1.118735717275548547e-01
4.662723769719120392e-01 1.115047916763635821e-01
4.822744191093548682e-01 1.109961388966838602e-01
4.982850052068087954e-01 1.103509236659980797e-01
5.142873647573507068e-01 1.095727694241872413e-01
5.302648196023693750e-01 1.086655956125202049e-01
5.462008028685217953e-01 1.076336009421513806e-01
5.620788770399522960e-01 1.064812472194262283e-01
5.778827511969032438e-01 1.052132438264944958e-01
5.935962974591971753e-01 1.038345329262995442e-01
6.093684953245869229e-01 1.023353128734053041e-01
6.251185563757023500e-01 1.006582200741949207e-01
6.407122970566183628e-01 9.880391537573368632e-02
6.561338484892883516e-01 9.678080444565279050e-02
6.713677195835876521e-01 9.459776270802847109e-02
6.863988071516534673e-01 9.226410687399083654e-02
7.012124046899973484e-01 8.978956609140151257e-02
7.157942099548186832e-01 8.718425270804106009e-02
7.301303314474081319e-01 8.445863262554144379e-02
7.442072939155304212e-01 8.162349520748093945e-02
7.580120429638754764e-01 7.868992269492618152e-02
7.715319488527371261e-01 7.566925907644191096e-02
7.847548095496406084e-01 7.257307835727416778e-02
7.976688530843966118e-01 6.941315217399525450e-02
8.102627392445177490e-01 6.620141670625130648e-02
8.225255606356899341e-01 6.294993884613209190e-02
8.344468431214414617e-01 5.967088159776407635e-02
8.460165456476652635e-01 5.637646869464031651e-02
8.572250594514938538e-01 5.307894843947365271e-02
8.680632066503209954e-01 4.979055679053535216e-02
8.785222382056140367e-01 4.652347973898716960e-02
8.885938312574696019e-01 4.328981504311951722e-02
8.982700858295397106e-01 4.010153340715424952e-02
9.075435209097719724e-01 3.697043921382920512e-02
9.164070699200690395e-01 3.390813094090413399e-02
9.248540755971641492e-01 3.092596141152845202e-02
9.328782843173317740e-01 2.803499804669953854e-02
9.404738399086041145e-01 2.524598330445146019e-02
9.476352770055134211e-01 2.256929550462613565e-02
9.543575140126061562e-01 2.001491024982493538e-02
9.606358457536693374e-01 1.759236266223047560e-02
9.664659358933562761e-01 1.531071066224104146e-02
9.718438092263836925e-01 1.317849951819564588e-02
9.767658439363436917e-01 1.120372789681551434e-02
9.812287639311880749e-01 9.393815641355425169e-03
9.852296313653980953e-01 7.755573498883753733e-03
9.887658394595979505e-01 6.295175009669233372e-03
9.918351057268139925e-01 5.018130760484235467e-03
9.944354657107347117e-01 3.929265189880517921e-03
9.965652673351986790e-01 3.032696117351909963e-03
9.982231659558596926e-01 2.331817149984913295e-03
9.994081201947009330e-01 1.829283099955166230e-03
1.000119388626005135e+00 1.526998524314307579e-03
1.000000000000000000e+00 1.426109475213612875e-03
