1.000000000000000000e+00 -1.469782186876799615e-03
9.997272804628549725e-01 -1.505909165892497809e-03
9.989852811140846889e-01 -1.614180523880145643e-03
9.977494334169417778e-01 -1.794268311444745332e-03
9.960209633093675130e-01 -2.045628559421939618e-03
9.938015853295808499e-01 -2.367505154106225394e-03
9.910935008449972550e-01 -2.758935174353424179e-03
9.878993957805360937e-01 -3.218755604217423284e-03
9.842224378503134918e-01 -3.745611312755902159e-03
9.800662732975257141e-01 -4.337964172535689437e-03
9.754350231481051514e-01 -4.994103170544640646e-03
9.703332789844578699e-01 -5.712155349992940022e-03
9.647660982462558099e-01 -6.490097409138125516e-03
9.587389990658804484e-01 -7.325767774019552835e-03
9.522579546466654055e-01 -8.216878956019113209e-03
9.453293871925720904e-01 -9.161030002581376647e-03
9.379601613983653552e-01 -1.015571885029779332e-02
9.301575775097160603e-01 -1.119835439387715029e-02
9.219293639629454473e-01 -1.228626809222942151e-02
9.132836696143745714e-01 -1.341672494386450532e-02
9.042290555694021403e-01 -1.458693367786608255e-02
8.947744866215602277e-01 -1.579405602362538019e-02
8.849293223118559482e-01 -1.703521494201053199e-02
8.747033076187322731e-01 -1.830750172238925291e-02
8.641065632889499692e-01 -1.960798187353871014e-02
8.531495758196415702e-01 -2.093369976156448861e-02
8.418431871017053592e-01 -2.228168197407060652e-02
8.301985837345939867e-01 -2.364893941653669826e-02
8.182272860224489852e-01 -2.503246817367236685e-02
8.059411366614049888e-01 -2.642924919498777087e-02
7.933522891277670075e-01 -2.783624688944547065e-02
7.804731957766722905e-01 -2.925040673839841843e-02
7.673165956607456151e-01 -3.066865205861811494e-02
7.538955020782094341e-01 -3.208788006765578987e-02
7.402231898598709003e-01 -3.350495742168235064e-02
7.263131824044205542e-01 -3.491671541095574954e-02
7.121792384715321944e-01 -3.631994500987987401e-02
6.978353387423387177e-01 -3.771139198698739842e-02
6.832956721570222491e-01 -3.908775228490576209e-02
6.685746220394406247e-01 -4.044566788131468554e-02
6.536867520189746372e-01 -4.178172333899822510e-02
6.386467917600812116e-01 -4.309244324632278966e-02
6.234696225103946166e-01 -4.437429073888676800e-02
6.081702624786249345e-01 -4.562366727880579065e-02
5.927638520539576517e-01 -4.683691385029529336e-02
5.772656388791493898e-01 -4.801031370913340368e-02
5.616909627900531499e-01 -4.914009679952578008e-02
5.460552406348622156e-01 -5.022244592519922723e-02
5.303739509869556112e-01 -5.125350473262400841e-02
5.146626187658271956e-01 -5.222938753353947167e-02
4.989367997811916533e-01 -5.314619096191294106e-02
4.832120652159729302e-01 -5.400000742759635680e-02
4.675039860644820688e-01 -5.478694029578468072e-02
4.518281175426683283e-01 -5.550312068845588559e-02
4.361999834878870219e-01 -5.614472577182214041e-02
4.206350607661393237e-01 -5.670799836298320157e-02
4.051487637052109680e-01 -5.718926765995682726e-02
3.897564285725518274e-01 -5.758497087257402614e-02
3.744732981170879049e-01 -5.789167550782951116e-02
3.593145061944427732e-01 -5.810610204260377443e-02
3.442950624952464955e-01 -5.822514669960740519e-02
3.294298373963359117e-01 -5.824590402927277977e-02
3.147335469546828635e-01 -5.816568899141445759e-02
3.002207380638338696e-01 -5.798205822600756981e-02
2.859057737924937115e-01 -5.769283020254856870e-02
2.718028189246446402e-01 -5.729610394224087661e-02
2.579258257202541316e-01 -5.679027601670456893e-02
2.442885199151936526e-01 -5.617405554097718717e-02
2.309043869784711267e-01 -5.544647689712843552e-02
2.177866586442681607e-01 -5.460690994764343803e-02
2.049482997355848157e-01 -5.365506752457584183e-02
1.924019952955261792e-01 -5.259101001099730777e-02
1.801601380414317444e-01 -5.141514686507982212e-02
1.682348161561457167e-01 -5.012823497380129723e-02
1.566378014297811483e-01 -4.873137376226199802e-02
1.453805377643337116e-01 -4.722599702541337846e-02
1.344741300524765482e-01 -4.561386149105878252e-02
1.239293334408182318e-01 -4.389703216570151056e-02
1.137565429868449413e-01 -4.207786455757883681e-02
1.039657837177023064e-01 -4.015898391342031387e-02
9.585766847548318759e-02 -3.839437203582897473e-02
8.765792300990349339e-02 -3.655964420615031435e-02
7.995605054948810853e-02 -3.475761174246257829e-02
7.270666813696775865e-02 -3.299598378134102616e-02
6.586780636022424029e-02 -3.127694439373959745e-02
5.940191586502434340e-02 -2.959841718922191778e-02
5.327684730851134365e-02 -2.795493675817484203e-02
4.746667677393992535e-02 -2.633817263763352928e-02
4.195226603477696103e-02 -2.473718720239406060e-02
3.672148786107005958e-02 -2.313853344329769302e-02
3.176909922630389432e-02 -2.152630480674477126e-02
2.709629650532422232e-02 -1.988223589560987256e-02
2.271002551495728689e-02 -1.818592442622465888e-02
1.862213957354543620e-02 -1.641520942906236902e-02
1.484850038491316790e-02 -1.454670664351426917e-02
1.140810356912994386e-02 -1.255647558055020263e-02
8.322289148871475986e-03 -1.042077670303823839e-02
5.614073140102020069e-03 -8.116871441887258884e-03
3.307613907077765376e-03 -5.623820159303681218e-03
1.427808457842325929e-03 -2.923240705389417576e-03
0.000000000000000000e+00 0.000000000000000000e+00
-9.343688235739259444e-04 3.116619508547826406e-03
-1.334342335349324345e-03 6.392410002399154939e-03
-1.176037743182016364e-03 9.827844840651462147e-03
-4.369904633492408680e-04 1.341725988427412697e-02
9.035558357323968115e-04 1.714873697037208947e-02
2.864248886398111822e-03 2.100414085702018846e-02
5.461098487707241947e-03 2.495932774363404660e-02
8.706813356411638796e-03 2.898455071548840939e-02
1.261001781773282357e-02 3.304509257308999026e-02
1.717438447854257103e-02 3.710215662081210036e-02
2.239774318470448555e-02 4.111403814446168425e-02
2.827124807697169173e-02 4.503758135792721579e-02
3.477869754207893460e-02 4.882989840416598198e-02
4.189610022546930157e-02 5.245029146511238916e-02
4.959155994660786881e-02 5.586228237503897132e-02
5.782551359591217577e-02 5.903562472710495446e-02
6.655130485908870852e-02 6.194815935431041698e-02
7.571602394849681616e-02 6.458737981674295137e-02
8.526150271553478710e-02 6.695159890473240116e-02
9.512533714956947217e-02 6.905064298340168882e-02
1.058792039066072804e-01 7.097931199235044120e-02
1.157302142373659165e-01 7.256002874626778232e-02
1.259595969287221617e-01 7.402794092370700019e-02
1.365572425261121214e-01 7.538076992464100290e-02
1.475126810491188267e-01 7.661651946520645073e-02
1.588150926415301256e-01 7.773349598643430891e-02
1.704533185202025680e-01 7.873032606464187844e-02
1.824158722098788432e-01 7.960597068730997095e-02
1.946909510514975572e-01 8.035973630047957283e-02
2.072664479719421582e-01 8.099128257647712770e-02
2.201299635036011448e-01 8.150062689350440204e-02
2.332688180425324387e-01 8.188814556069697048e-02
2.466700643344354738e-01 8.215457186307935367e-02
2.603205001780308780e-01 8.230099103985187570e-02
2.742066813358086108e-01 8.232883234610707812e-02
2.883149346424336290e-01 8.223985838189265540e-02
3.026313713013856210e-01 8.203615190307078642e-02
3.171419003606394393e-01 8.172010035527914329e-02
3.318322423583729419e-01 8.129437839513702080e-02
3.466879431298061642e-01 8.076192868140377734e-02
3.616943877663280626e-01 8.012594123287056225e-02
3.768368147180574668e-01 7.938983165922899876e-02
3.921003300309058859e-01 7.855721857594427648e-02
4.074699217090646530e-01 7.763190051428042748e-02
4.229304741936300571e-01 7.661783263315757875e-02
4.384667829478088308e-01 7.551910353062171732e-02
4.540635691388174577e-01 7.433991243958536221e-02
4.697054944062047932e-01 7.308454707543476925e-02
4.853771757058990000e-01 7.175736238242805265e-02
5.010632002188085687e-01 7.036276040191294379e-02
5.167481403123010963e-01 6.890517145870776738e-02
5.324165685423578598e-01 6.738903683297389757e-02
5.480530726836523314e-01 6.581879305406974912e-02
5.636422707742513305e-01 6.419885792072618780e-02
5.791688261610817845e-01 6.253361831895901113e-02
5.946174625317671714e-01 6.082741987597167083e-02
6.099729789179177963e-01 5.908455845543553187e-02
6.252202646544604558e-01 5.730927346748727891e-02
6.403443142791481746e-01 5.550574293605599341e-02
6.553302423559730361e-01 5.367808023720184452e-02
6.701632982058509658e-01 5.183033239545043608e-02
6.848288805276558922e-01 4.996647980104106795e-02
6.993125518924420136e-01 4.809043718992416644e-02
7.136000530935406871e-01 4.620605571053578581e-02
7.276773173351261947e-01 4.431712588708954653e-02
7.415304842418447562e-01 4.242738127853503544e-02
7.551459136721618837e-01 4.054050262555360801e-02
7.685101993182513747e-01 3.866012227504957155e-02
7.816101820754585150e-01 3.678982867253745292e-02
7.944329631647061296e-01 3.493317071754419023e-02
8.069659169915716079e-01 3.309366178550549042e-02
8.191967037262407603e-01 3.127478323144219918e-02
8.311132815890582837e-01 2.947998720569610862e-02
8.427039188269833669e-01 2.771269862989830107e-02
8.539572053669058915e-01 2.597631620177140790e-02
8.648620641324618052e-01 2.427421231995648826e-02
8.754077620117273195e-01 2.260973184438376873e-02
8.855839204639335271e-01 2.098618963332157111e-02
8.953805257541304075e-01 1.940686682469524443e-02
9.047879388055453109e-01 1.787500585606971101e-02
9.137969046601873702e-01 1.639380424439143211e-02
9.223985615390698500e-01 1.496640717269282980e-02
9.305844494942278056e-01 1.359589895603739371e-02
9.383465186454983398e-01 1.228529348258675276e-02
9.456771369957961415e-01 1.103752374739929570e-02
9.525690978193541714e-01 9.855430616047362521e-03
9.590156266181005806e-01 8.741750972050085777e-03
9.650103876419957594e-01 7.699105416163862410e-03
9.705474899697676960e-01 6.729985696531918908e-03
9.756214931470484908e-01 5.836742056384637209e-03
9.802274123794175731e-01 5.021570690285062123e-03
9.843607232783175842e-01 4.286501500770116199e-03
9.880173661582113409e-01 3.633386344639029288e-03
9.911937498836915772e-01 3.063887952156262636e-03
9.938867552655569204e-01 2.579469693171664631e-03
9.960937380051104739e-01 2.181386351796369815e-03
9.978125311861382185e-01 1.870676056032996755e-03
9.990414473141868701e-01 1.648153490918786383e-03
9.997792799028766275e-01 1.514404503620327743e-03
1.000000000000000000e+00 1.469782186876799615e-03
