1.000000000000000000e+00 -6.286046494496525319e-04
9.997102396564565563e-01 -6.294288730109822089e-04
9.989669319140352943e-01 -6.319100436526656423e-04
9.977289265550024489e-01 -6.360737779934034445e-04
9.959974837919576274e-01 -6.419631550237767537e-04
9.937743657174293865e-01 -6.496392772979629445e-04
9.910618341096353312e-01 -6.591820254328096314e-04
9.878626476266239020e-01 -6.706909755003024340e-04
9.841800583998969731e-01 -6.842864412742073743e-04
9.800178080406586334e-01 -7.001105964388387379e-04
9.753801230736612871e-01 -7.183286259327815830e-04
9.702717098151768527e-01 -7.391298507113991563e-04
9.646977487128965967e-01 -7.627287664777708531e-04
9.586638881665507927e-01 -7.893659344443237739e-04
9.521762378487146350e-01 -8.193086610155239299e-04
9.452413615456466411e-01 -8.528514034680002853e-04
9.378662695380908243e-01 -8.903158402741775251e-04
9.300584105417795122e-01 -9.320505476615899287e-04
9.218256632269193895e-01 -9.784302282969800299e-04
9.131763273352747623e-01 -1.029854443579602923e-03
9.041191144125818591e-01 -1.086745807842810947e-03
8.946631381730073551e-01 -1.149547610703228334e-03
8.848179045112244401e-01 -1.218720842736067955e-03
8.745933011764736031e-01 -1.294740609458527869e-03
8.639995871217448498e-01 -1.378091929110480951e-03
8.530473815400115845e-01 -1.469264920763171944e-03
8.417476525983125235e-01 -1.568749400673630917e-03
8.301117058794413861e-01 -1.677028916349155088e-03
8.181511725401293678e-01 -1.794574259282583420e-03
8.058779971939069586e-01 -1.921836508573818159e-03
7.933044255263302924e-01 -2.059239668454487110e-03
7.804429916500136288e-01 -2.207172972890913965e-03
7.673065052068820391e-01 -2.365982939760046672e-03
7.539080382253023904e-01 -2.535965265395482768e-03
7.402609117402391137e-01 -2.717356657422974331e-03
7.263786821853047693e-01 -2.910326709592382655e-03
7.122751275665467618e-01 -3.114969926641881701e-03
6.979642334289487549e-01 -3.331298009988582776e-03
6.834601786279755897e-01 -3.559232516146662584e-03
6.687773209199375790e-01 -3.798597999170212625e-03
6.539301823865172336e-01 -4.049115746073455452e-03
6.389334347104006495e-01 -4.310398210092578758e-03
6.238018843205620501e-01 -4.581944240846697741e-03
6.085504574272975198e-01 -4.863135202985060385e-03
5.931941849685632429e-01 -5.153232065854215088e-03
5.777481874904674131e-01 -5.451373536192228447e-03
5.622276599858743173e-01 -5.756575293990675440e-03
5.466478567159490654e-01 -6.067730378616152664e-03
5.310240760400566362e-01 -6.383610758232193677e-03
5.153716452797206804e-01 -6.702870100704468731e-03
4.997059056422982759e-01 -7.024047748723134116e-03
4.840421972296346520e-01 -7.345573886058984203e-03
4.683958441562215969e-01 -7.665775865921469617e-03
4.527821398002770392e-01 -7.982885656544348729e-03
4.372163322097325500e-01 -8.295048343630460203e-03
4.217136096833501435e-01 -8.600331614380507528e-03
4.062890865451387334e-01 -8.896736133741058733e-03
3.909945512741249685e-01 -9.187861378696770415e-03
3.758341212704832679e-01 -9.495364942213601472e-03
3.607969520113806783e-01 -9.819085104688183435e-03
3.458973811639283191e-01 -1.015599006691375247e-02
3.311495975527239399e-01 -1.050293075748686897e-02
3.165676306714011456e-01 -1.085665857770036491e-02
3.021653405598339059e-01 -1.121384350214883058e-02
2.879564080201007514e-01 -1.157109236497040963e-02
2.739543251393091183e-01 -1.192496716210390828e-02
2.601723860830463808e-01 -1.227200320259524968e-02
2.466236781196763928e-01 -1.260872694679327291e-02
2.333210728330409878e-01 -1.293167337615204818e-02
2.202772174794308813e-01 -1.323740274819216675e-02
2.075045264440284476e-01 -1.352251660082752147e-02
1.950151727524259693e-01 -1.378367288256890713e-02
1.828210795943098765e-01 -1.401760009888051474e-02
1.709339118189495688e-01 -1.422111037998085789e-02
1.593650673657236450e-01 -1.439111139141604351e-02
1.481256685974808862e-01 -1.452461702555272322e-02
1.372265535099955747e-01 -1.461875682948951538e-02
1.266782667970356435e-01 -1.467078414251634863e-02
1.164910507574883763e-01 -1.467808293390427885e-02
1.066748360384520700e-01 -1.463817334923232620e-02
9.723923221605648703e-02 -1.454871599040593287e-02
8.819351822383948714e-02 -1.440751497075736312e-02
7.954663264664553479e-02 -1.421251980191875000e-02
7.130716390602223620e-02 -1.396182618331665883e-02
6.348334037082829784e-02 -1.365367577796479728e-02
5.608302043405535842e-02 -1.328645506956176690e-02
4.911368260354604526e-02 -1.285869340559077367e-02
4.258241566023163172e-02 -1.236906033904822295e-02
3.649590894256661555e-02 -1.181636238750639542e-02
3.086044281990206126e-02 -1.119953933237565619e-02
2.568187942052410286e-02 -1.051766018343665635e-02
2.096565368190298276e-02 -9.769918933950709136e-03
1.671676479132196830e-02 -8.955630229945511431e-03
1.293976808444696411e-02 -8.074225073656116775e-03
9.638767467563227193e-03 -7.125246675646578626e-03
6.817408426176428844e-03 -6.108346562942483168e-03
4.478871678490084149e-03 -5.023281041681960067e-03
2.625867527021677212e-03 -3.869908102486707951e-03
1.260630955382950700e-03 -2.648184845117808675e-03
3.849175101590886130e-04 -1.358165486193883267e-03
0.000000000000000000e+00 0.000000000000000000e+00
1.085221241093113718e-04 1.407494231953681759e-03
7.126406163454903318e-04 2.845268639747165589e-03
1.812167869898326494e-03 4.312480632292188705e-03
3.406427007032151403e-03 5.807924789274189308e-03
5.494250978685911828e-03 7.330038943597383047e-03
8.073981803748051661e-03 8.876912759855935808e-03
1.114346997680571230e-02 1.044629873256169850e-02
1.470007408004695565e-02 1.203562550679055689e-02
1.874066064115406313e-02 1.364201340393632507e-02
2.326160428432236596e-02 1.526229201659839302e-02
2.825878822587248387e-02 1.689301971948788117e-02
3.372760516918203721e-02 1.853050492779357433e-02
3.966295865578722823e-02 2.017082892087623119e-02
4.605926493043459996e-02 2.180987003759472104e-02
5.291045537757685380e-02 2.344332904013118196e-02
6.020997958530811128e-02 2.506675543596774067e-02
6.795080909003423097e-02 2.667557454273665474e-02
7.612544185133938990e-02 2.826511507806060350e-02
8.472590750159879336e-02 2.983063705622522946e-02
9.374377340899617272e-02 3.136735977556251442e-02
1.031701515858575169e-01 3.287048968472286448e-02
1.129957064667224814e-01 3.433524792249512125e-02
1.232106635725047777e-01 3.575689733439332829e-02
1.338048190685930949e-01 3.713076877973377210e-02
1.447675502159716521e-01 3.845228655521640976e-02
1.560878267055876290e-01 3.971699277492429792e-02
1.677542228573987160e-01 4.092057056195666509e-02
1.797549306570007110e-01 4.205886592340166152e-02
1.920777735945977671e-01 4.312790819779503682e-02
2.047102212634985263e-01 4.412392898235645289e-02
2.176394046684384243e-01 4.504337946589161146e-02
2.308521321879625776e-01 4.588294611203548590e-02
2.443349061299527336e-01 4.663956465623117498e-02
2.580739398152386288e-01 4.731043239823178037e-02
2.720551751211441327e-01 4.789301878973236531e-02
2.862643004148265891e-01 4.838507433374378275e-02
3.006867688053855847e-01 4.878463782828985906e-02
3.153078166439211572e-01 4.909004200173642390e-02
3.301124822019849137e-01 4.929991760036256387e-02
3.450856244611243406e-01 4.941319600050453342e-02
3.602119419493901575e-01 4.942911042760687879e-02
3.754759915646621038e-01 4.934719587270570973e-02
3.908622073293327448e-01 4.916728780317344838e-02
4.063295988691368876e-01 4.889231304425260827e-02
4.218519252764192373e-01 4.854761061892686608e-02
4.374504342259633027e-01 4.814018373224261682e-02
4.531095468812087468e-01 4.767141206464851205e-02
4.688136363144652652e-01 4.714281915672603740e-02
4.845470436922372781e-01 4.655606465954197082e-02
5.002940943577020017e-01 4.591293663761202015e-02
5.160391137984076115e-01 4.521534400578459956e-02
5.317664434892568348e-01 4.446530917060757815e-02
5.474604566025654817e-01 4.366496093519778299e-02
5.631055735784301630e-01 4.281652771450716877e-02
5.786862775497637612e-01 4.192233109540012548e-02
5.941871296171615802e-01 4.098477976334964634e-02
6.095927839692452110e-01 4.000636380505151468e-02
6.248880028442930223e-01 3.898964938406862535e-02
6.400576713288287367e-01 3.793727377496246278e-02
6.550868119884304397e-01 3.685194073044829877e-02
6.699605993253540115e-01 3.573641614610849337e-02
6.846643740567025516e-01 3.459352397828095727e-02
6.991836572058319765e-01 3.342614236305613967e-02
7.135041639985261197e-01 3.223719987798397829e-02
7.276118175542419797e-01 3.102967188321510000e-02
7.414927623614765428e-01 2.980657687544551598e-02
7.551333775250689273e-01 2.857097278624851772e-02
7.685202897721149506e-01 2.732595315617497578e-02
7.816403862021171767e-01 2.607464311737664811e-02
7.944808267661428447e-01 2.482019512041238815e-02
8.070290564590696381e-01 2.356578434527482890e-02
8.192728172085603777e-01 2.231460374243220829e-02
8.312001594442108843e-01 2.106985865670168295e-02
8.427994533303762026e-01 1.983476099492866018e-02
8.540593996465358773e-01 1.861252290757931319e-02
8.649690402996669247e-01 1.740634996429876388e-02
8.755177684539859895e-01 1.621943381406031059e-02
8.856953382645650352e-01 1.505494433153666684e-02
8.954918742026832801e-01 1.391602126257255288e-02
9.048978799623655922e-01 1.280576539291357341e-02
9.139042469392871793e-01 1.172722927546394206e-02
9.225022622750959078e-01 1.068340756209300649e-02
9.306836164621643537e-01 9.677226996205047851e-03
9.384404105057728707e-01 8.711536131745172690e-03
9.457651626427215907e-01 7.789094852868433741e-03
9.526508146173049418e-01 6.912563775994607154e-03
9.590907375174302363e-01 6.084493622279420547e-03
9.650787371753549726e-01 5.307314653533140407e-03
9.706090591390487132e-01 4.583326268222921718e-03
9.756763932214923551e-01 3.914686856334581924e-03
9.802758776362846538e-01 3.303404012500357756e-03
9.844031027287341029e-01 2.751325205902422494e-03
9.880541143121235326e-01 2.260129003041714928e-03
9.912254166190535010e-01 1.831316935554994736e-03
9.939139748777083838e-01 1.466206099919298376e-03
9.961172175225203596e-01 1.165922569187461495e-03
9.978330380480775474e-01 9.313956889496117792e-04
9.990597965142362646e-01 7.633533206374553152e-04
9.997963207092750437e-01 6.623180852212982904e-04
1.000000000000000000e+00 6.286046494496525319e-04
