1.000000000000000000e+00 -6.111897750915482822e-04
9.995963765643774979e-01 -5.663408929922484269e-04
9.988441830796078724e-01 -4.320431238568982180e-04
9.975914750211173354e-01 -2.090421181980847785e-04
9.958396720809705727e-01 1.014226418352739403e-04
9.935907579776407372e-01 4.976227412206580668e-04
9.908472766375717722e-01 9.773476815949247529e-04
9.876123273307061412e-01 1.537913672473134163e-03
9.838895587924230135e-01 2.176174351987356266e-03
9.796831623701646174e-01 2.888533421536242964e-03
9.749978642381053051e-01 3.670959174867874202e-03
9.698389167274252820e-01 4.519000897759372498e-03
9.642120888230270026e-01 5.427807109552377357e-03
9.581236558798423841e-01 6.392145612308395945e-03
9.515803886131827261e-01 7.406425307224843990e-03
9.445895414179000804e-01 8.464719731176986034e-03
9.371588400705008759e-01 9.560792258811734445e-03
9.292964688668177153e-01 1.068812290752160429e-02
9.210110572455120215e-01 1.183993667388388155e-02
9.123116659446575127e-01 1.300923332080507894e-02
9.032077727350602547e-01 1.418881852470998094e-02
8.937092577699762286e-01 1.537133628173834379e-02
8.838263885866483038e-01 1.654930246114662273e-02
8.735698047907793917e-01 1.771513938307157227e-02
8.629505024508707933e-01 1.886121128663528074e-02
8.519798182254650909e-01 1.997986054319643781e-02
8.406694132429211042e-01 2.106344445856177944e-02
8.290312567505624397e-01 2.210437249734355930e-02
8.170776095480541956e-01 2.309514375258830271e-02
8.048210072187613751e-01 2.402838447451035447e-02
7.922742431727394230e-01 2.489688546387513329e-02
7.794503515159617590e-01 2.569363912848863368e-02
7.663625897623962402e-01 2.641187599560240740e-02
7.530244214086042609e-01 2.704510046902783987e-02
7.394494983945695266e-01 2.758712561757337145e-02
7.256516434793585102e-01 2.803210678124736996e-02
7.116448325658440988e-01 2.837457378364911798e-02
6.974431770148444842e-01 2.860946154322259460e-02
6.830609059954900752e-01 2.873213888263972601e-02
6.685123489250992534e-01 2.873843534455152587e-02
6.538119180581247747e-01 2.862466583327520631e-02
6.389740912894702474e-01 2.838765291561179752e-02
6.240133952424525843e-01 2.802474662979521913e-02
6.089443887155646662e-01 2.753384166939178146e-02
5.937310972215761318e-01 2.692015894321367689e-02
5.783605816586351311e-01 2.624303658247801457e-02
5.629185052430950575e-01 2.551720724276759431e-02
5.474198797124295579e-01 2.474368246783543307e-02
5.318797341199227313e-01 2.392375061392806868e-02
5.163131001597984771e-01 2.305897519942507953e-02
5.007349977685107145e-01 2.215119144473098878e-02
4.851604210401850303e-01 2.120250101763573522e-02
4.696043244910997339e-01 2.021526501794308414e-02
4.540816097041449617e-01 1.919209525351510057e-02
4.386071123794763049e-01 1.813584387772638681e-02
4.231955898121363413e-01 1.704959147540276165e-02
4.078617088113661304e-01 1.593663370038709073e-02
3.926200340697764135e-01 1.480046658268985640e-02
3.774850169836276859e-01 1.364477063653258410e-02
3.624709849183325172e-01 1.247339391228116656e-02
3.475921309060889808e-01 1.129033414512705183e-02
3.328625037554550636e-01 1.009972016127128405e-02
3.182959985458377883e-01 8.905792708188059459e-03
3.039063474734686743e-01 7.712884879221552914e-03
2.897071110096229862e-01 6.525402304257740121e-03
2.757116693267671059e-01 5.347803277508458852e-03
2.619332139441205021e-01 4.184578990573652180e-03
2.483847395409133907e-01 3.040234033972046696e-03
2.350790358835092020e-01 1.919267323340283909e-03
2.220286798116179183e-01 8.261535976197970088e-04
2.092460272290980472e-01 -2.346743740732244732e-04
1.967432050463659710e-01 -1.258842752393230652e-03
1.845321030241898475e-01 -2.242052643592638839e-03
1.726243654726103416e-01 -3.180095075031318802e-03
1.610313827638550910e-01 -4.068864849836994341e-03
1.497642826243024694e-01 -4.904373216557934845e-03
1.388339211777021853e-01 -5.682759306478057243e-03
1.282508737198460869e-01 -6.400300308308470160e-03
1.180254252135467946e-01 -7.053420366981276446e-03
1.081675605019631614e-01 -7.638698210012902223e-03
9.868695424784008907e-02 -8.152873521142720709e-03
8.959296061589279436e-02 -8.592852096469051279e-03
8.089460272520625217e-02 -8.955709832890153613e-03
7.260056190790976915e-02 -9.238695612125190706e-03
6.471916681935975524e-02 -9.439233155766526412e-03
5.725838245342673716e-02 -9.554921937550498248e-03
5.022579912405800845e-02 -9.583537248202621261e-03
4.362862148093164805e-02 -9.523029515708904963e-03
3.747365763257450022e-02 -9.371522989610206467e-03
3.176730845467387598e-02 -9.127313901856396600e-03
2.651555716437847127e-02 -8.788868218862148918e-03
2.172395924307030102e-02 -8.354819099674200625e-03
1.739763279037001564e-02 -7.823964173610703163e-03
1.354124939098027246e-02 -7.195262747413766306e-03
1.015902557339112486e-02 -6.467833046933484098e-03
7.254714935509096185e-03 -5.640949591728497067e-03
4.831601006980303960e-03 -4.714040792832933056e-03
2.892490911464518609e-03 -3.686686854436194323e-03
1.439709884476431069e-03 -2.558618049494098840e-03
4.750966937954497404e-04 -1.329713427503269926e-03
0.000000000000000000e+00 0.000000000000000000e+00
1.834294047295024436e-05 1.411936458029068153e-03
5.335616872520099630e-04 2.887226241956075950e-03
1.545544485455485314e-03 4.424991631826728604e-03
3.053697678541931158e-03 6.023939328242202372e-03
5.056944469353244487e-03 7.682366648281849578e-03
7.553723697920153995e-03 9.398170322238951629e-03
1.054198867027240395e-02 1.116885781626733923e-02
1.401920608099890830e-02 1.299156108518124790e-02
1.798235507998674487e-02 1.486305263982805498e-02
2.242792654046799755e-02 1.677976379486665823e-02
2.735192259110066568e-02 1.873780494563523011e-02
3.274985647917415255e-02 2.073298770724866374e-02
3.861675283508721190e-02 2.276084873529662586e-02
4.494714840992263677e-02 2.481667503565038180e-02
5.173509335820547506e-02 2.689553056105164347e-02
5.897415313677666776e-02 2.899228388444404295e-02
6.665741108814669802e-02 3.110163673348388669e-02
7.477747177277867252e-02 3.321815316738026963e-02
8.332646510954548613e-02 3.533628917617991777e-02
9.229605137721257069e-02 3.745042248381963423e-02
1.016774271223464254e-01 3.955488233968625783e-02
1.114613320106640632e-01 4.164397908898281181e-02
1.216380566496943066e-01 4.371203331981290963e-02
1.321974514008864843e-01 4.575340439444883223e-02
1.431289361891500689e-01 4.776251818359829315e-02
1.544215113074561829e-01 4.973389383547456577e-02
1.660637692037379431e-01 5.166216942591268790e-02
1.780439072271207401e-01 5.354212635146674004e-02
1.903497413006577654e-01 5.536871234414580956e-02
2.029687204784289267e-01 5.713706300396799442e-02
2.158879423362513872e-01 5.884252176359455050e-02
2.290941691374943634e-01 6.048065821769707529e-02
2.425738447087157357e-01 6.204728476816057103e-02
2.563131119541645075e-01 6.353847155448277828e-02
2.702978309336861451e-01 6.495055965654834840e-02
2.845135974253043543e-01 6.628017257409751783e-02
2.989457618917508164e-01 6.752422600344734627e-02
3.135794487694845145e-01 6.867993594714769112e-02
3.283995759992537899e-01 6.974482520607443170e-02
3.433908747189636790e-01 7.071672831581009289e-02
3.585379090424383186e-01 7.159379499989354523e-02
3.738250958515176858e-01 7.237449222152225747e-02
3.892367245336812998e-01 7.305760492247632965e-02
4.047569766029094906e-01 7.364223554335151689e-02
4.203699451476330395e-01 7.412780242261698960e-02
4.360596540562195478e-01 7.451403717356486212e-02
4.518100769773408243e-01 7.480098113793895442e-02
4.676051559795871282e-01 7.498898101299537877e-02
4.834288198816868998e-01 7.507868374506460052e-02
4.992650022314895630e-01 7.507103077749123499e-02
5.150976589183298149e-01 7.496725173428236966e-02
5.309107854093907397e-01 7.476885761308334211e-02
5.466884336060849892e-01 7.447763355242498218e-02
5.624147283212094228e-01 7.409563122876276775e-02
5.780738833815960431e-01 7.362516092888790609e-02
5.936502173641486912e-01 7.306878333306519868e-02
6.091988526809780646e-01 7.241472439179988396e-02
6.246764919224024881e-01 7.160483069643502896e-02
6.400170147497591389e-01 7.063741039168493219e-02
6.552050763168228986e-01 6.951834900070175127e-02
6.702255713201923371e-01 6.825403176263769578e-02
6.850636466891880660e-01 6.685131967745037984e-02
6.997047136199362471e-01 6.531752427212994538e-02
7.141344589992287828e-01 6.366038113828427492e-02
7.283388562601882388e-01 6.188802228782380732e-02
7.423041757071461300e-01 6.000894737151790670e-02
7.560169943417670568e-01 5.803199380456684070e-02
7.694642052166007495e-01 5.596630584410611231e-02
7.826330263361690465e-01 5.382130266575995553e-02
7.955110091197337141e-01 5.160664548994720741e-02
8.080860464342152216e-01 4.933220381355492984e-02
8.203463802006355499e-01 4.700802080871457206e-02
8.322806085730898307e-01 4.464427795759586676e-02
8.438776926857676219e-01 4.225125900020889474e-02
8.551269629610823708e-01 3.983931328096276814e-02
8.660181249705409812e-01 3.741881858897531943e-02
8.765412648396802009e-01 3.500014359662093066e-02
8.866868541891411715e-01 3.259361001033036359e-02
8.964457546057144066e-01 3.020945455698788654e-02
9.058092216398871965e-01 2.785779093818151197e-02
9.147689083299044288e-01 2.554857189286451058e-02
9.233168682565032759e-01 2.329155151647062383e-02
9.314455581371261506e-01 2.109624799102836554e-02
9.391478399733628191e-01 1.897190688619556850e-02
9.464169827704681515e-01 1.692746519524647442e-02
9.532466638528368508e-01 1.497151627278489952e-02
9.596309698041386449e-01 1.311227584226164200e-02
9.655643970652245667e-01 1.135754924116557513e-02
9.710418522268002839e-01 9.714700070021136183e-03
9.760586520570483371e-01 8.190620408036457939e-03
9.806105233067786697e-01 6.791702753427751767e-03
9.846936023362080626e-01 5.523813840125194920e-03
9.883044346080412934e-01 4.392270474790793688e-03
9.914399740911170600e-01 3.401817528928510921e-03
9.940975826174970331e-01 2.556608210416574066e-03
9.962750292335074143e-01 1.860186727145255250e-03
9.979704895819626609e-01 1.315473442711713806e-03
9.991825453486636865e-01 9.247526104303402123e-04
9.999101838013541022e-01 6.896627573916850251e-04
1.000000000000000000e+00 6.111897750915482822e-04
