1.000000000000000000e+00 -6.220875981075133952e-04
9.996510611904393384e-01 -5.997186699998321513e-04
9.989031137266290994e-01 -5.327219750500990355e-04
9.976574239111309916e-01 -4.214274607827848550e-04
9.959153241602991535e-01 -2.663839687707491959e-04
9.936786768274118442e-01 -6.835762015049086544e-05
9.909498711967249518e-01 1.716704604685468250e-04
9.877318196519543347e-01 4.525070979227701490e-04
9.840279530432287647e-01 7.727507149800656033e-04
9.798422152808858865e-01 1.130795698043392597e-03
9.751790571882748004e-01 1.524837503914755216e-03
9.700434296488895658e-01 1.952878532829935895e-03
9.644407760856277267e-01 2.412734793433528226e-03
9.583770243117474275e-01 2.902043384834773841e-03
9.518585777941235282e-01 3.418270819315909117e-03
9.448923063697141078e-01 3.958722206615665137e-03
9.374855364557540538e-01 4.520551316961184118e-03
9.296460407931159686e-01 5.100771535175621305e-03
9.213820277605977438e-01 5.696267712265936853e-03
9.127021302956724869e-01 6.303808913938884796e-03
9.036153944545464167e-01 6.920062057570188462e-03
8.941312676413322169e-01 7.541606420342203930e-03
8.842595865328392035e-01 8.164948991679826795e-03
8.740105647220537399e-01 8.786540632872865894e-03
8.633947800999116629e-01 9.402792996020589017e-03
8.524231619916008418e-01 1.001009614332625842e-02
8.411069780604775170e-01 1.060483679648115650e-02
8.294578209898237908e-01 1.118341713458838489e-02
8.174875949502589112e-01 1.174227404798398010e-02
8.052085018586863097e-01 1.227789874460801824e-02
7.926330274332957782e-01 1.278685659547022270e-02
7.797739270484316254e-01 1.326580709643255390e-02
7.666442113930572733e-01 1.371152381520018490e-02
7.532571319371679230e-01 1.412091418525142014e-02
7.396261662117802338e-01 1.449103900262314892e-02
7.257650029100415345e-01 1.481913147716252405e-02
7.116875268195180793e-01 1.510261568719176509e-02
6.974078035987238966e-01 1.533912428563478231e-02
6.829400644144173471e-01 1.552651530660635604e-02
6.682986904599309552e-01 1.566288792433577493e-02
6.534981973787697962e-01 1.574659702111629381e-02
6.385532196217184042e-01 1.577626642774157539e-02
6.234784947696334623e-01 1.575080070857924272e-02
6.082888478578084568e-01 1.566939537397207469e-02
5.929991757411431363e-01 1.553154541495286103e-02
5.776244315421856790e-01 1.533705206917662656e-02
5.621796092263282585e-01 1.508602774235295180e-02
5.466797283498932014e-01 1.477889902611244366e-02
5.311398190274621012e-01 1.441640777094775963e-02
5.155749071644950554e-01 1.399961019139535010e-02
5.000000000000001110e-01 1.352987399971422242e-02
4.844300720017281070e-01 1.300887358370308305e-02
4.688800511530736848e-01 1.243858326370128609e-02
4.533648056665891546e-01 1.182126868296106553e-02
4.378991311538270037e-01 1.115947640418065573e-02
4.224977382751857191e-01 1.045602180277565088e-02
4.071752408866663453e-01 9.713975364182694111e-03
3.919461446930738724e-01 8.936647507887616332e-03
3.768248364093721436e-01 8.127572074729385448e-03
3.618255734237966204e-01 7.290488626152936275e-03
3.469624739481171893e-01 6.429323714297892345e-03
3.322495076323239704e-01 5.548171289980363685e-03
3.177004866131611371e-01 4.651272421643752597e-03
3.033290569585619934e-01 3.742994502155493758e-03
2.891486904633141508e-01 2.827810121873060301e-03
2.751726767453877565e-01 1.910275785698585527e-03
2.614141155874482592e-01 9.950106489230725604e-04
2.478859094642797689e-01 8.667544160114240559e-05
2.346007561942895503e-01 -8.100482559028378271e-04
2.215711416520229626e-01 -1.690478232560674310e-03
2.088093324787640148e-01 -2.549951218631826139e-03
1.963273687298454639e-01 -3.383841679344832404e-03
1.841370564002523802e-01 -4.187579713400238490e-03
1.722499597744234778e-01 -4.956667954191282949e-03
1.606773935517907259e-01 -5.686697387345368560e-03
1.494304147064355048e-01 -6.373362014559534605e-03
1.385198140471677331e-01 -7.012472310488820915e-03
1.279561074532027110e-01 -7.599967436403506221e-03
1.177495267702464432e-01 -8.131926191214802063e-03
1.079100103620179718e-01 -8.604576697043699735e-03
9.844719332284729285e-02 -9.014304832547385959e-03
8.937039736775087562e-02 -9.357661442508997951e-03
8.068862042712529603e-02 -9.631368366540705300e-03
7.241052598366119752e-02 -9.832323342968971383e-03
6.454443219907674001e-02 -9.957603855902425957e-03
5.709830088758931221e-02 -1.000447000398916111e-02
5.007972640148798671e-02 -9.970366478335993682e-03
4.349592450157985235e-02 -9.852923744393032868e-03
3.735372129148747250e-02 -9.649958528235736549e-03
3.165954229965150385e-02 -9.359473711558388698e-03
2.641940179633890315e-02 -8.979657741807372737e-03
2.163889243488152994e-02 -8.508883664233763550e-03
1.732317530674148953e-02 -7.945707881258704669e-03
1.347697049878705984e-02 -7.288868741472028304e-03
1.010454823838357642e-02 -6.537285055892998881e-03
7.209720707605138737e-03 -5.690054632904982708e-03
4.795834602115425782e-03 -4.746452915638735802e-03
2.865764503167361754e-03 -3.705931796651739350e-03
1.421907122839076833e-03 -2.568118674670574926e-03
4.661764732253987579e-04 -1.332815807087876780e-03
0.000000000000000000e+00 0.000000000000000000e+00
2.726316104300125398e-05 1.411746669957007587e-03
5.513644488893641987e-04 2.883530622091462145e-03
1.572270893752642168e-03 4.414441767504194598e-03
3.089464083406809336e-03 6.003126470493501919e-03
5.101938697257201935e-03 7.647793981098850551e-03
7.608201032927702431e-03 9.346225620362937775e-03
1.060626756246561657e-02 1.109578664283125855e-02
1.409366356462743268e-02 1.289344067950416728e-02
1.806742188817551595e-02 1.473576664415317955e-02
2.252408190850756567e-02 1.661897796680948322e-02
2.745968874612304128e-02 1.853894400052681982e-02
3.286979282026118027e-02 2.049121343137928417e-02
3.874944981443900760e-02 2.247103950724548688e-02
4.509322113249265851e-02 2.447340688838843190e-02
5.189517492404290000e-02 2.649305991229024618e-02
5.914888775705967605e-02 2.852453205674256032e-02
6.684744701239526965e-02 3.056217637890037975e-02
7.498345407085962866e-02 3.260019670393779490e-02
8.354902835768740488e-02 3.463267933512189506e-02
9.253581230220536691e-02 3.665362505754950206e-02
1.019349772622916150e-01 3.865698121044949809e-02
1.117372304539644146e-01 4.063667360778583371e-02
1.219328229163376964e-01 4.258663809383132770e-02
1.325115585314209365e-01 4.450085152931630705e-02
1.434628041070170335e-01 4.637336201455954238e-02
1.547755005195205480e-01 4.819831816851789796e-02
1.664381749019248069e-01 4.996999729676347701e-02
1.784389538510582074e-01 5.168283229682925362e-02
1.907655776171782724e-01 5.333143716593904959e-02
2.034054152287629591e-01 5.491063099362973599e-02
2.163454804958463429e-01 5.641546033994778581e-02
2.295724488267140151e-01 5.784121991850575684e-02
2.430726747853493575e-01 5.918347152246750120e-02
2.568322103108367505e-01 6.043806115023681730e-02
2.708368235150654946e-01 6.160113430600034495e-02
2.850720179716131897e-01 6.266914946807453091e-02
2.995230524066574973e-01 6.363888973499205737e-02
3.141749607021611657e-01 6.450747267521272921e-02
3.290125721223848831e-01 6.527235842105121033e-02
3.440205316769354704e-01 6.593135606069999710e-02
3.591833205369742155e-01 6.648262839392767021e-02
3.744852764257732280e-01 6.692469512702516055e-02
3.899106139103838409e-01 6.725643459075318631e-02
4.054434445276092758e-01 6.747708407134736519e-02
4.210677966845836617e-01 6.758623884903050549e-02
4.367676352818688490e-01 6.758385004096459370e-02
4.525268810148966314e-01 6.747022134618649303e-02
4.683294293176131773e-01 6.724600478887783617e-02
4.841591689201438231e-01 6.691219555342778347e-02
5.000000000000001110e-01 6.647012600028577578e-02
5.158358519136332365e-01 6.592145894573551990e-02
5.316507005018513699e-01 6.526818028163136609e-02
5.474285849686213457e-01 6.451259100303509408e-02
5.631536243379762219e-01 6.365729870279229763e-02
5.788100334980454953e-01 6.270520858262949859e-02
5.943821388445816867e-01 6.165951402057719133e-02
6.098543935387342740e-01 6.052368672466870714e-02
6.252113923952216101e-01 5.930146649317528940e-02
6.404378864175109820e-01 5.799685059233901374e-02
6.555187969961778771e-01 5.661408275388159217e-02
6.704392297853606353e-01 5.515764178669578521e-02
6.851844882702607942e-01 5.363222979025010495e-02
6.997400870360568348e-01 5.204275995151274453e-02
7.140917647455548023e-01 5.039434390275580877e-02
7.282254968295052144e-01 4.869227861453640643e-02
7.421275078899354227e-01 4.694203279653667849e-02
7.557842838132033947e-01 4.514923277881718877e-02
7.691825835859397165e-01 4.331964784740269248e-02
7.823094508036991801e-01 4.145917501095454372e-02
7.951522248591773590e-01 3.957382317952767847e-02
8.076985517942902870e-01 3.766969674198614865e-02
8.199363947984308343e-01 3.575297853544501248e-02
8.318540443338284796e-01 3.382991220798375193e-02
8.434401278682112091e-01 3.190678398469137811e-02
8.546836191949466199e-01 2.998990385667374414e-02
8.655738473215001116e-01 2.808558622280683467e-02
8.761005049084058527e-01 2.620013002455496426e-02
8.862536562429502718e-01 2.433979842489114587e-02
8.960237447343584183e-01 2.251079809306355886e-02
9.054015999204010345e-01 2.071925816743191290e-02
9.143784439788894547e-01 1.897120897867398195e-02
9.229458977414175536e-01 1.727256062513111284e-02
9.310959862108278973e-01 1.562908150075573849e-02
9.388211435881096412e-01 1.404637688387891728e-02
9.461142178186541241e-01 1.252986770168536441e-02
9.529684746718960486e-01 1.108476959073648356e-02
9.593776013722336016e-01 9.716072378017696215e-03
9.653357098026238425e-01 8.428520109709999875e-03
9.708373393053360001e-01 7.226591756138467035e-03
9.758774591068788418e-01 6.114482721087347028e-03
9.804514703960574007e-01 5.096087281875960086e-03
9.845552080854023114e-01 4.174982083265395272e-03
9.881849422867930999e-01 3.354410803436429309e-03
9.913373795319638804e-01 2.637270104001381878e-03
9.940096637677259261e-01 2.026096968344345481e-03
9.961993771541788334e-01 1.523057523625470644e-03
9.979045406919490047e-01 1.129937431635231592e-03
9.991236147016424596e-01 8.481339224709973134e-04
9.998554991752922616e-01 6.786495328689610062e-04
1.000000000000000000e+00 6.220875981075133952e-04
