1.000000000000000000e+00 -1.667026832878932109e-03
9.995392427272589142e-01 -1.681992658960904932e-03
9.987823863590509221e-01 -1.726851142455192991e-03
9.975218931582729986e-01 -1.801485849783487740e-03
9.957591623376998990e-01 -1.905704547841684596e-03
9.934961489985080219e-01 -2.039241893981380040e-03
9.907353603716070323e-01 -2.201763114219235443e-03
9.874798510385301986e-01 -2.392868583885459331e-03
9.837332171704767925e-01 -2.612099203197513608e-03
9.794995898310384641e-01 -2.858942440544120448e-03
9.747836273941755669e-01 -3.132838898971705439e-03
9.695905071340112924e-01 -3.433189246819956953e-03
9.639259160468925947e-01 -3.759361341947120051e-03
9.577960409688907051e-01 -4.110697370766659524e-03
9.512075580534193886e-01 -4.486520818574145884e-03
9.441676216739529615e-01 -4.886143086498322304e-03
9.366838528159592281e-01 -5.308869572941739973e-03
9.287643270201645374e-01 -5.754005043580165055e-03
9.204175619362344740e-01 -6.220858123809267642e-03
9.116525045420009743e-01 -6.708744760842306684e-03
9.024785180785974692e-01 -7.216990519277332455e-03
8.929053687464616473e-01 -7.744931593638504710e-03
8.829432122012641493e-01 -8.291914443831040551e-03
8.726025798826279045e-01 -8.857293984294800637e-03
8.618943652021555657e-01 -9.440430284487733373e-03
8.508298096110157305e-01 -1.004068376673863255e-02
8.394204885612884803e-01 -1.065740891699445622e-02
8.276782973696272805e-01 -1.128994655406528533e-02
8.156154369867240073e-01 -1.193761473309122925e-02
8.032443996716907009e-01 -1.259969838861857080e-02
7.905779545669249231e-01 -1.327543785131606036e-02
7.776291331664176854e-01 -1.396401639948377515e-02
7.644112146688311071e-01 -1.466454703158322562e-02
7.509377112060990900e-01 -1.537605866856888229e-02
7.372223529387662566e-01 -1.609748201438724463e-02
7.232790730107803157e-01 -1.682763531920878144e-02
7.091219923589440199e-01 -1.756521030242800402e-02
6.947654043756078535e-01 -1.830875850089952808e-02
6.802237594273911059e-01 -1.905667831203849971e-02
6.655116492375631188e-01 -1.980720300113526094e-02
6.506437911451063982e-01 -2.055838993741530146e-02
6.356350122592070440e-01 -2.130811131399824171e-02
6.205002335338168917e-01 -2.205404659302252074e-02
6.052544537928054025e-01 -2.279367689894186422e-02
5.899127337418802464e-01 -2.352428156056429742e-02
5.744901800087018895e-01 -2.424293697607838444e-02
5.590019292572823151e-01 -2.494651794544180956e-02
5.434631324266494534e-01 -2.563170158150371303e-02
5.278889391467351810e-01 -2.629497387557302307e-02
5.122944823863712083e-01 -2.693263895534683122e-02
4.966948633890432285e-01 -2.754083103374678487e-02
4.811051369515808029e-01 -2.811552900687738082e-02
4.655402970992097433e-01 -2.865257361864454594e-02
4.500152632073388115e-01 -2.914768706919811797e-02
4.345448666161304541e-01 -2.959649490492920892e-02
4.191438377783563984e-01 -2.999454998991099575e-02
4.038267939743667712e-01 -3.033735832302869584e-02
3.886082276203175478e-01 -3.062040643221019404e-02
3.735024951872575327e-01 -3.083919004768773814e-02
3.585238067394592165e-01 -3.098924373061317378e-02
3.436862160906716812e-01 -3.106617111206423643e-02
3.290036115670074701e-01 -3.106567538090817399e-02
3.144897073551699562e-01 -3.098358964745837746e-02
3.001580354049210309e-01 -3.081590680360611623e-02
2.860219378453143224e-01 -3.055880849930522197e-02
2.720945598655129527e-01 -3.020869286000959358e-02
2.583888430031830996e-01 -2.976220057990923429e-02
2.449175187767213824e-01 -2.921623904148939327e-02
2.316931025921030451e-01 -2.856800413287800128e-02
2.187278878510981739e-01 -2.781499946038981652e-02
2.060339401851068453e-01 -2.695505268428879247e-02
1.947722113093027230e-01 -2.602528635624885150e-02
1.847870783076328016e-01 -2.523618007673120861e-02
1.749716567924294863e-01 -2.460377523962918589e-02
1.653225890493590089e-01 -2.410988549953733268e-02
1.558387635416661476e-01 -2.373666196778299181e-02
1.465213227596452172e-01 -2.346639532112782672e-02
1.373736013302088166e-01 -2.328134463162572637e-02
1.284010069835621326e-01 -2.316360119631490078e-02
1.196108577241683096e-01 -2.309499201388397899e-02
1.110121882325582204e-01 -2.305702431692852050e-02
1.026155374175861668e-01 -2.303086991684551860e-02
9.443272743642602829e-02 -2.299738613536700393e-02
8.647664266205776218e-02 -2.293716877383200972e-02
7.876101521339301526e-02 -2.283063183826948214e-02
7.130022192037685502e-02 -2.265810849036150459e-02
6.410909606775871961e-02 -2.239996781458600608e-02
5.720275599156741247e-02 -2.203674236786019869e-02
5.059645160030287053e-02 -2.154926201175982881e-02
4.430542914249781944e-02 -2.091879013990208605e-02
3.834481401298105163e-02 -2.012715904533850936e-02
3.272951104444964121e-02 -1.915690178414308428e-02
2.747412153021557696e-02 -1.799137845658702051e-02
2.259287613195862937e-02 -1.661489533326569734e-02
1.809958281107872102e-02 -1.501281569606997476e-02
1.400758895702947787e-02 -1.317166164484463720e-02
1.032975694918304363e-02 -1.107920644561252374e-02
7.078452463390405743e-03 -8.724557273111787498e-03
4.265544907434392838e-03 -6.098228437640437587e-03
1.902419431191203214e-03 -3.192205392343299818e-03
0.000000000000000000e+00 0.000000000000000000e+00
-1.408979796922803229e-03 3.438773032807083008e-03
-2.292273335705952240e-03 7.082430598069787940e-03
-2.640417066470402037e-03 1.093126487270659405e-02
-2.444458263660807644e-03 1.498299457877370552e-02
-1.695929552167137200e-03 1.923275574896247259e-02
-3.868335397674421694e-04 2.367310190250790022e-02
1.490361929294047039e-03 2.829401289169517636e-02
3.942717341153348723e-03 3.308291178935300614e-02
6.976803278607402944e-03 3.802468932247073108e-02
1.059866969186541372e-02 4.310173552453263474e-02
1.481380190327672569e-02 4.829397848813705985e-02
1.962706251144578223e-02 5.357893035875729848e-02
2.504261832445144748e-02 5.893174102813084070e-02
3.106385146622192561e-02 6.432526036763518140e-02
3.769325389125535719e-02 6.973011029023956642e-02
4.493230474274340080e-02 7.511476844023072530e-02
5.278133033399870500e-02 8.044566587000374913e-02
6.123934706155889640e-02 8.568730164779310432e-02
7.030388830785211374e-02 9.080237790880504867e-02
7.997081739249443932e-02 9.575195935596803043e-02
9.023412990014127721e-02 1.004956615566346134e-01
1.010857502406487390e-01 1.049918724701178890e-01
1.125153290393315908e-01 1.091980113656252915e-01
1.245100498189434524e-01 1.130708285342760799e-01
1.370544552717863906e-01 1.165667478576936367e-01
1.501303050219522650e-01 1.196422522989642745e-01
1.637164778839187984e-01 1.222543097212131918e-01
1.777889319436777860e-01 1.243608331962874347e-01
1.923207350377210134e-01 1.259211663349983634e-01
2.061808075224201287e-01 1.269492245568841493e-01
2.191887342967711316e-01 1.277588404668310307e-01
2.324801024289005202e-01 1.284071369358987802e-01
2.460410654729077440e-01 1.288930568520871567e-01
2.598574828951019100e-01 1.292160211428606265e-01
2.739149403949402983e-01 1.293759282441381830e-01
2.881987705896130181e-01 1.293731500911970700e-01
3.026940739602984598e-01 1.292085248397811248e-01
3.173857399601523466e-01 1.288833465588770932e-01
3.322584681877013835e-01 1.283993521653708225e-01
3.472967895343809785e-01 1.277587058947755594e-01
3.624850872213116193e-01 1.269639816211632632e-01
3.778076176478878390e-01 1.260181433531470108e-01
3.932485309831401654e-01 1.249245242411500534e-01
4.087918914399088499e-01 1.236868044342394335e-01
4.244216971814129824e-01 1.223089881225614961e-01
4.401218998195653986e-01 1.207953800940495259e-01
4.558764234741469745e-01 1.191505621217981425e-01
4.716691833714771187e-01 1.173793694816294975e-01
4.874841039702911272e-01 1.154868678782793034e-01
5.033051366109569935e-01 1.134783310337467571e-01
5.191162766917570837e-01 1.113592191631742334e-01
5.349015803825782900e-01 1.091351585326848228e-01
5.506451808918650936e-01 1.068119222604930196e-01
5.663313043070221653e-01 1.043954124879085954e-01
5.819442850315292848e-01 1.018916440112072608e-01
5.974685808438445767e-01 9.930672942936333292e-02
6.128887876037373283e-01 9.664686582695584949e-02
6.281896536310381807e-01 9.391832297677663033e-02
6.433560937800223423e-01 9.112743301337059010e-02
6.583732032298412751e-01 8.828058149747530781e-02
6.732262710077284718e-01 8.538419976260183675e-02
6.879007932572870354e-01 8.244475840926863974e-02
7.023824862591728779e-01 7.946876179006386043e-02
7.166572992061288616e-01 7.646274331009428327e-02
7.307114267287664333e-01 7.343326135275488054e-02
7.445313211629493999e-01 7.038689563030281482e-02
7.581037045442722277e-01 6.733024375256933813e-02
7.714155803101658826e-01 6.426991780532305409e-02
7.844542446857131202e-01 6.121254073228774018e-02
7.972072977255482140e-01 5.816474232149207446e-02
8.096626539812858958e-01 5.513315460732383377e-02
8.218085527619657382e-01 5.212440651412382497e-02
8.336335679540249899e-01 4.914511758507188188e-02
8.451266173674002458e-01 4.620189066114406551e-02
8.562769715755317312e-01 4.330130339861921335e-02
8.670742622192562088e-01 4.044989853955212322e-02
8.775084897478316881e-01 3.765417287731417928e-02
8.875700305745253260e-01 3.492056488821345533e-02
8.972496436292289879e-01 3.225544102983941841e-02
9.065384762963499821e-01 2.966508073656596786e-02
9.154280697325609673e-01 2.715566017209958966e-02
9.239103635657808233e-01 2.473323482752195698e-02
9.319776999837793285e-01 2.240372108047114508e-02
9.396228272279044669e-01 2.017287685645208217e-02
9.468389025144152704e-01 1.804628155633117292e-02
9.536194944126001882e-01 1.602931543445037729e-02
9.599585847150903239e-01 1.412713862916035318e-02
9.658505698413589746e-01 1.234467006161087468e-02
9.712902618202142735e-01 1.068656642912598626e-02
9.762728889009780753e-01 9.157201526250685619e-03
9.807940958459048231e-01 7.760646129476142865e-03
9.848499439581542836e-01 6.500648680686229100e-03
9.884369109002172360e-01 5.380616999529715463e-03
9.915518903570817999e-01 4.403601246307021697e-03
9.941921915966297485e-01 3.572278344694577480e-03
9.963555389767780879e-01 2.888938057931932438e-03
9.980400714448069976e-01 2.355470893219416099e-03
9.992443420692206368e-01 1.973357987331570470e-03
9.999673176384726858e-01 1.743663102202559897e-03
1.000000000000000000e+00 1.667026832878932109e-03
