1.000000000000000000e+00 -6.236681810065238625e-04
9.996617689125544270e-01 -6.055652713536650899e-04
9.989146224983255218e-01 -5.513189690995745369e-04
9.976702463759794526e-01 -4.611164676893504850e-04
9.959299410650184203e-01 -3.352694637700703254e-04
9.936955246355908544e-01 -1.742137062676436463e-04
9.909693300697233198e-01 2.149165917542084601e-05
9.877542018944807101e-01 2.511649739905382969e-04
9.840534921057640938e-01 5.140032080723549914e-04
9.798710554048569721e-01 8.090833932220785341e-04
9.752112437728261973e-01 1.135364387356726807e-03
9.700789004103986812e-01 1.491689011508488209e-03
9.644793530729419695e-01 1.876786603907307487e-03
9.584184068316478067e-01 2.289276036580319747e-03
9.519023362929387444e-01 2.727669239852162277e-03
9.449378773084763372e-01 3.190375278849323475e-03
9.375322182079891542e-01 3.675705023576254261e-03
9.296929905864473875e-01 4.181876450346838116e-03
9.214282596759520994e-01 4.707020607344443962e-03
9.127465143311375151e-01 5.249188270895366153e-03
9.036566566549297796e-01 5.806357311747359536e-03
8.941679912892819271e-01 6.376440782334243107e-03
8.842902143930461145e-01 6.957295726797776969e-03
8.740334023265637908e-01 7.546732705556315202e-03
8.634080000599108073e-01 8.142526015609592369e-03
8.524248093191337805e-01 8.742424576710927653e-03
8.410949764823274499e-01 9.344163442204320852e-03
8.294299802350991735e-01 9.945475881896065351e-03
8.174416189929561982e-01 1.054410597301044805e-02
8.051419980964448220e-01 1.113782162425657439e-02
7.925435167835706007e-01 1.172442794751858697e-02
7.796588549431561210e-01 1.230178088185916209e-02
7.665009596523768565e-01 1.286780096559842976e-02
7.530830315017836840e-01 1.342048714437075671e-02
7.394185107116671984e-01 1.395793049644112119e-02
7.255210630446347064e-01 1.447832775133626668e-02
7.114045655207359431e-01 1.497999447414140317e-02
6.970830919433248507e-01 1.546137778575028959e-02
6.825708982460697571e-01 1.592106848901494315e-02
6.678824076740067506e-01 1.635781247219028275e-02
6.530321958142452088e-01 1.677052126433695167e-02
6.380349754947589602e-01 1.715828162244051325e-02
6.229055815725681455e-01 1.752036403690142297e-02
6.076589556354221600e-01 1.785623005069259667e-02
5.923101306437650315e-01 1.816553829778674509e-02
5.768742155421742179e-01 1.844814917830980491e-02
5.613663798715616826e-01 1.870412810113972549e-02
5.458018384151035463e-01 1.893374723917679026e-02
5.301958359120584330e-01 1.913748575807130634e-02
5.145636318742898840e-01 1.931602849560003915e-02
4.989204855403661099e-01 1.947026308590626281e-02
4.832816410015454700e-01 1.960127554022106020e-02
4.676623125327503683e-01 1.971034431321504535e-02
4.520776701597794545e-01 1.979893290153646873e-02
4.365428254915357797e-01 1.986868103811645012e-02
4.210728178429776758e-01 1.992139456221120319e-02
4.056826006708944554e-01 1.995903406066124042e-02
3.903870283405231900e-01 1.998370239023880904e-02
3.752008432365430690e-01 1.999763120401411298e-02
3.601386632272050581e-01 2.000316661619246095e-02
3.452149694853723361e-01 2.000275414968369012e-02
3.304440946651774902e-01 1.999892311860962738e-02
3.158402114279594830e-01 1.999427060390725208e-02
3.014173213062448231e-01 1.999144518405673171e-02
2.875398220994966336e-01 1.992075376368169712e-02
2.739019105974664359e-01 1.968453138715928544e-02
2.604756861671391199e-01 1.929272406598953049e-02
2.472719326004581830e-01 1.875661348731010036e-02
2.343013162841941499e-01 1.808788318887525823e-02
2.215743976886402344e-01 1.729857075504606309e-02
2.091016409092636696e-01 1.640102016974032476e-02
1.968934210019294695e-01 1.540783432544111375e-02
1.849600289131883568e-01 1.433182767583083758e-02
1.733116738686694136e-01 1.318597901556284313e-02
1.619584831430068150e-01 1.198338437331120110e-02
1.509104991923818639e-01 1.073721001251431301e-02
1.401776741844578122e-01 9.460645546987604682e-03
1.297698620093145350e-01 8.166857194596987418e-03
1.196968078983508821e-01 6.868941210255549018e-03
1.099681358156989197e-01 5.579877558502616131e-03
1.005933338184022280e-01 4.312483904841336174e-03
9.158173760753002268e-02 3.079370022990999406e-03
8.294251251280004844e-02 1.892892731564566056e-03
7.468463416846718439e-02 7.651114878832326882e-04
6.681686814861646784e-02 -2.922552216733653729e-04
5.934774883597981193e-02 -1.267872546428034514e-03
5.228555780038138256e-02 -2.150830836795203718e-03
4.563830196131150874e-02 -2.930685952490302490e-03
3.941369180427200386e-02 -3.597498155132975231e-03
3.361911991275432637e-02 -4.141869428738269993e-03
2.826164006728667383e-02 -4.554979075837397792e-03
2.334794715013956135e-02 -4.828617443305833340e-03
1.888435807923557336e-02 -4.955217640141421249e-03
1.487679397772957018e-02 -4.927885119170380933e-03
1.133076376677096334e-02 -4.740425005703269822e-03
8.251349348275338960e-03 -4.387367068267615175e-03
5.643192522240116603e-03 -3.863988239468438193e-03
3.510483759387317791e-03 -3.166332608547522270e-03
1.856952924823006192e-03 -2.291228821112541864e-03
6.858620221295644304e-04 -1.236304835587053895e-03
0.000000000000000000e+00 0.000000000000000000e+00
-1.924223878611644456e-04 1.400717079600779852e-03
1.163186469054348395e-04 2.947904400384302424e-03
9.275516375326859145e-04 4.640206585802992070e-03
2.242106163282118515e-03 6.475149485931433468e-03
4.060310056587001712e-03 8.449148826193578904e-03
6.381985504540315518e-03 1.055752434982137888e-02
9.206444083523106225e-03 1.279451937416711468e-02
1.253248079213335232e-02 1.515332566263396380e-02
1.635836717291748454e-02 1.762611349623556881e-02
2.068184363755979499e-02 2.020406681157328743e-02
2.550011113302021876e-02 2.287742325526209708e-02
3.080982230747664891e-02 2.563551898843725863e-02
3.660707235470735121e-02 2.846683805883490348e-02
4.288738973359926265e-02 3.135906614192602443e-02
4.964572697565240028e-02 3.429914843655519630e-02
5.687645180751994128e-02 3.727335148433796874e-02
6.457333882758928278e-02 4.026732866553270340e-02
7.272956198518487625e-02 4.326618910706758053e-02
8.133768811790825781e-02 4.625456972070637884e-02
9.038967180665043177e-02 4.921671007084874039e-02
9.987685180861066714e-02 5.213652975208761531e-02
1.097899493258599757e-01 5.499770793634697896e-02
1.201190683602258724e-01 5.778376472824064969e-02
1.308536983941308574e-01 6.047814394536591559e-02
1.419827196210706743e-01 6.306429691782960978e-02
1.534944109283044589e-01 6.552576687880201645e-02
1.653764608076788711e-01 6.784627349584651523e-02
1.776159813381222308e-01 7.000979707189533552e-02
1.901995253450942669e-01 7.200066192589461844e-02
2.031131067982633043e-01 7.380361844732975796e-02
2.163422244592290711e-01 7.540392330718821701e-02
2.298718887368094155e-01 7.678741730160631995e-02
2.436866516491709433e-01 7.794060030467732381e-02
2.577706397311458897e-01 7.885070281480786869e-02
2.721075896629868152e-01 7.950575359558349764e-02
2.866808863354307069e-01 7.989464293809690754e-02
3.014347880589746675e-01 8.000813978901311074e-02
3.160352358873628198e-01 7.995389040927890212e-02
3.308179850895313634e-01 7.980959512547852741e-02
3.457680361396803237e-01 7.957490364049139842e-02
3.608702307335657777e-01 7.924973377066425739e-02
3.761092695986023027e-01 7.883426929362953584e-02
3.914697302629345232e-01 7.832895676028384102e-02
4.069360847433811657e-01 7.773450137876251886e-02
4.224927171167917050e-01 7.705186207961337019e-02
4.381239409441600730e-01 7.628224587085086217e-02
4.538140165217063315e-01 7.542710158923676689e-02
4.695471679379364938e-01 7.448811315008546652e-02
4.853075999203264601e-01 7.346719239226051634e-02
5.010795144596340567e-01 7.236647160797129996e-02
5.168471272038384079e-01 7.118829583866698174e-02
5.325946836172550380e-01 6.993521500895871768e-02
5.483064749034110008e-01 6.860997596028918510e-02
5.639668536927427978e-01 6.721551443523131331e-02
5.795602494980569563e-01 6.575494705206734458e-02
5.950711839419597915e-01 6.423156329790438712e-02
6.104842857611205709e-01 6.264881755725515422e-02
6.257843055922869269e-01 6.101032118197857734e-02
6.409561305444704260e-01 5.931983459794847036e-02
6.559847985607024645e-01 5.758125943400568825e-02
6.708555125712848399e-01 5.579863064983327237e-02
6.855536544386083841e-01 5.397610863154440192e-02
7.000647986914558807e-01 5.211797121713335895e-02
7.143747260443369385e-01 5.022860560862832391e-02
7.284694366949120425e-01 4.831250012389841364e-02
7.423351633900484581e-01 4.637423573866732152e-02
7.559583842485876337e-01 4.441847736841296468e-02
7.693258353266201333e-01 4.244996484049026741e-02
7.824245229089746845e-01 4.047350350898952509e-02
7.952417355089025364e-01 3.849395446847608815e-02
8.077650555565317747e-01 3.651622432778658944e-02
8.199823707557335473e-01 3.454525451137276104e-02
8.318818850885530969e-01 3.258601006316668575e-02
8.434521294463612762e-01 3.064346793645414749e-02
8.546819718674136812e-01 2.872260476261367240e-02
8.655606273615009671e-01 2.682838410164620907e-02
8.760776673038958018e-01 2.496574318798860936e-02
8.862230283827433608e-01 2.313957919598311902e-02
8.959870210864087081e-01 2.135473506037082955e-02
9.053603377200176716e-01 1.961598489807756668e-02
9.143340599434244265e-01 1.792801908818683967e-02
9.228996658260631980e-01 1.629542907713773733e-02
9.310490364174964784e-01 1.472269198567291090e-02
9.387744618358745408e-01 1.321415510272019520e-02
9.460686468798918947e-01 1.177402035906232811e-02
9.529247161730808324e-01 1.040632888019064894e-02
9.593362188523332224e-01 9.114945723035550867e-03
9.652971328153095998e-01 7.903544905209679977e-03
9.708018685438268847e-01 6.775594837916237498e-03
9.758452725223274449e-01 5.734344274704671063e-03
9.804226302720863151e-01 4.782808887769629015e-03
9.845296690228669823e-01 3.923758581476789742e-03
9.881625600442667245e-01 3.159705649274366975e-03
9.913179206589655124e-01 2.492893875157396570e-03
9.939928159595469159e-01 1.925288674446876645e-03
9.961847602494595666e-01 1.458568360918117372e-03
9.978917182271005437e-01 1.094116618362381711e-03
9.991121059299460372e-01 8.330162446171290782e-04
9.998447914531771730e-01 6.760442250923719273e-04
1.000000000000000000e+00 6.236681810065238625e-04
