1.000000000000000000e+00 -1.259540889608672717e-03
9.997183349177499734e-01 -1.287478149296905020e-03
9.989756187547172983e-01 -1.371199006138440262e-03
9.977385786088874831e-01 -1.510431365617405722e-03
9.960084437644840527e-01 -1.704723966433751171e-03
9.937869334121074427e-01 -1.953449686707479406e-03
9.910762548458673660e-01 -2.255810097086660346e-03
9.878791011517074061e-01 -2.610841186789773782e-03
9.841986483915606820e-01 -3.017420169744052839e-03
9.800385522889026868e-01 -3.474273260758788638e-03
9.754029444221502532e-01 -3.979984296404127583e-03
9.702964279331722786e-01 -4.533004062225294561e-03
9.647240727589170284e-01 -5.131660177345417559e-03
9.586914103948365184e-01 -5.774167379590269995e-03
9.522044281993763404e-01 -6.458638049158502842e-03
9.452695632493011146e-01 -7.183092806652436983e-03
9.378936957560544130e-01 -7.945471022036638964e-03
9.300841420536823945e-01 -8.743641074796852652e-03
9.218486471690992001e-01 -9.575410212179863434e-03
9.131953769856493430e-01 -1.043853386180464138e-02
9.041329100110032657e-01 -1.133072426698795120e-02
8.946702287604465509e-01 -1.224965832763622031e-02
8.848167107665666498e-01 -1.319298454626319922e-02
8.745821192262364097e-01 -1.415832899732989009e-02
8.639765932956261496e-01 -1.514330025834575641e-02
8.530106380437708635e-01 -1.614549326267435136e-02
8.416951140749858729e-01 -1.716249205637471881e-02
8.300412268301524676e-01 -1.819187146430709459e-02
8.180605155766291769e-01 -1.923119769371416793e-02
8.057648420962646441e-01 -2.027802792617601144e-02
7.931663790807136349e-01 -2.132990897080122225e-02
7.802775982430207868e-01 -2.238437507237877114e-02
7.671112581542034459e-01 -2.343894498758538128e-02
7.536803918133915259e-01 -2.449111845986194635e-02
7.399982939599436538e-01 -2.553837223891802094e-02
7.260785081358751558e-01 -2.657815580368331349e-02
7.119348135069241135e-01 -2.760788695765390918e-02
6.975812114506149131e-01 -2.862494747275497881e-02
6.830319119198147160e-01 -2.962667896189497690e-02
6.683013195904555781e-01 -3.061037916120299893e-02
6.534040198023771673e-01 -3.157329880045298132e-02
6.383547643025808682e-01 -3.251263923437815173e-02
6.231684568006135017e-01 -3.342555099850970379e-02
6.078601383462806096e-01 -3.430913344093665385e-02
5.924449725404603573e-01 -3.516043556613012572e-02
5.769382305903951735e-01 -3.597645820891312574e-02
5.613552762215245906e-01 -3.675415763603880753e-02
5.457115504586390609e-01 -3.749045064996527760e-02
5.300225562898900344e-01 -3.818222124462689049e-02
5.143038432279842809e-01 -3.882632883667253704e-02
4.985709917836835814e-01 -3.941961806818127662e-02
4.828395978675410483e-01 -3.995893014870210980e-02
4.671252571366017459e-01 -4.044111567604756485e-02
4.514435493035693359e-01 -4.086304884705659751e-02
4.358100224266883149e-01 -4.122164294199089779e-02
4.202401771992864687e-01 -4.151386693980095577e-02
4.047494512585669835e-01 -4.173676309663260087e-02
3.893532035338108654e-01 -4.188746529707410016e-02
3.740666986546429262e-01 -4.196321796716449143e-02
3.589050914404214310e-01 -4.196139532046588849e-02
3.438834114921149876e-01 -4.187952069387701481e-02
3.290165479082321487e-01 -4.171528571861574108e-02
3.143192341464555728e-01 -4.146656906416698596e-02
2.998060330526067241e-01 -4.113145448915818403e-02
2.854913220784133787e-01 -4.070824793322140589e-02
2.713892787092850312e-01 -4.019549338799419114e-02
2.575138661229052217e-01 -3.959198729351220969e-02
2.438788190989373272e-01 -3.889679121830131453e-02
2.304976301995082799e-01 -3.810924259737426267e-02
2.173835362393911619e-01 -3.722896332190171048e-02
2.045495050639569434e-01 -3.625586599733012644e-02
1.937686175845690362e-01 -3.620398818312538236e-02
1.819760167316325505e-01 -3.547106742885091507e-02
1.705230968205473374e-01 -3.473548214777320842e-02
1.594120870681474400e-01 -3.399970952831464499e-02
1.486447766960374839e-01 -3.326477872284695769e-02
1.382226511424164139e-01 -3.253036911671705611e-02
1.281470311731628953e-01 -3.179491013410933042e-02
1.184192110809471343e-01 -3.105568061799026530e-02
1.090405919529889578e-01 -3.030890641928913817e-02
1.000128060150077269e-01 -2.954985546799184654e-02
9.133782832565789933e-02 -2.877293022323630656e-02
8.301807258594627592e-02 -2.797175795808622134e-02
7.505646850550404259e-02 -2.713927978093646359e-02
6.745651897992424595e-02 -2.626783959462954121e-02
6.022233621823324529e-02 -2.534927432692819782e-02
5.335865685116726598e-02 -2.437500672963791373e-02
4.687083688706008416e-02 -2.333614185241393926e-02
4.076482811002443002e-02 -2.222356797876336512e-02
3.504713809563776011e-02 -2.102806240305277879e-02
2.972477642923226221e-02 -1.974040197008889233e-02
2.480518994368401120e-02 -1.835147783440151809e-02
2.029618985400343315e-02 -1.685241346167253018e-02
1.620587357290004943e-02 -1.523468451938345125e-02
1.254254377030074308e-02 -1.349023900820631172e-02
9.314626920010867298e-03 -1.161161578099333992e-02
6.530593188580647093e-03 -9.592059484649004958e-03
4.198879093600471971e-03 -7.425629936475713379e-03
2.327813916384612481e-03 -5.107303999864346369e-03
9.255504185206127245e-04 -2.633068139803065085e-03
0.000000000000000000e+00 0.000000000000000000e+00
-4.321107842522127398e-04 2.757463225706288223e-03
-3.545423446561714494e-04 5.603357198076209730e-03
2.391563033195313014e-04 8.536041829986806134e-03
1.354705496941588459e-03 1.155198969962616118e-02
2.997032484851473808e-03 1.464579847033317152e-02
5.170205501010535776e-03 1.781022858470440035e-02
7.877364488352626981e-03 2.103626656025321673e-02
1.112064901736549080e-02 2.431321401654260028e-02
1.490112437937303295e-02 2.762880233654303047e-02
1.921870727561420661e-02 3.096933259462194069e-02
2.407209295013678502e-02 3.431984005847250885e-02
2.945868600172421928e-02 3.766428218438365449e-02
3.537453742895877579e-02 4.098574857196216059e-02
4.181429068281337924e-02 4.426669083033607510e-02
4.877113959339896693e-02 4.748916974615965958e-02
5.623680097621217011e-02 5.063511655672674194e-02
6.420150449055242459e-02 5.368660455023979011e-02
7.265400191203864877e-02 5.662612667790896392e-02
8.158159739978038116e-02 5.943687441125226900e-02
9.097019961004493283e-02 6.210301275486831279e-02
1.008043956713206291e-01 6.460994616729907880e-02
1.110675461432637234e-01 6.694457017782906583e-02
1.217418991963774982e-01 6.909550372864427248e-02
1.328087214361722557e-01 7.105329771644923464e-02
1.442484421174150544e-01 7.281061583477026200e-02
1.560408070031638339e-01 7.436238459136997048e-02
1.681650378558009473e-01 7.570591024609947539e-02
1.805999935196780370e-01 7.684096132825007919e-02
1.933243287624547002e-01 7.776981629386635342e-02
2.076652426435700305e-01 7.913033551135417731e-02
2.205330859084781436e-01 7.940941314368166193e-02
2.336755748214952855e-01 7.958069410826093537e-02
2.470797651506917991e-01 7.964496549537994352e-02
2.607324597753797879e-01 7.960331920117555415e-02
2.746202215511682199e-01 7.945714496509349856e-02
2.887293863565139618e-01 7.920812106258420804e-02
3.030460763126127666e-01 7.885820283696928779e-02
3.175562131688667300e-01 7.840960927743012565e-02
3.322455318464767049e-01 7.786480786964522505e-02
3.470995941329376722e-01 7.722649796151195845e-02
3.621038025203494048e-01 7.649759289845291244e-02
3.772434141805024455e-01 7.568120119091728548e-02
3.925035550696468478e-01 7.478060698078974056e-02
4.078692341557086376e-01 7.379925007352386435e-02
4.233253577604829121e-01 7.274070579899012678e-02
4.388567440090075378e-01 7.160866495640338947e-02
4.544481373779164501e-01 7.040691408745128332e-02
4.700842233340851162e-01 6.913931630712374932e-02
4.857496430543308819e-01 6.780979290403016391e-02
5.014290082163166407e-01 6.642230590151460001e-02
5.171069158501440111e-01 6.498084174801112278e-02
5.327679632394234366e-01 6.348939628021735282e-02
5.483967628598754862e-01 6.195196107623723164e-02
5.639779573427798898e-01 6.037251128829296959e-02
5.794962344498360007e-01 5.875499501639060151e-02
5.949363420452644657e-01 5.710332425590549515e-02
6.102831030502621212e-01 5.542136742388766024e-02
6.255214303642415707e-01 5.371294344142356347e-02
6.406363417366485180e-01 5.198181732305777458e-02
6.556129745725705060e-01 5.023169719948467060e-02
6.704366006548360124e-01 4.846623267684015135e-02
6.850926407648634253e-01 4.668901441529847013e-02
6.995666791841658183e-01 4.490357479161052184e-02
7.138444780581487681e-01 4.311338949495775730e-02
7.279119916036715932e-01 4.132187989325066674e-02
7.417553801417720027e-01 3.953241599792132327e-02
7.553610239369797918e-01 3.774831984944995028e-02
7.687155368247935439e-01 3.597286914336535191e-02
7.818057796091100187e-01 3.420930091726546995e-02
7.946188732117595022e-01 3.246081512344382858e-02
8.071422115567119526e-01 3.073057791886993004e-02
8.193634741720605685e-01 2.902172451438576189e-02
8.312706384934998027e-01 2.733736143782647052e-02
8.428519918537028532e-01 2.568056808110390221e-02
8.540961431427765982e-01 2.405439741879420584e-02
8.649920341257856249e-01 2.246187580512523305e-02
8.755289504042231830e-01 2.090600177710415924e-02
8.856965320092228255e-01 1.938974381347250558e-02
8.954847836152440843e-01 1.791603702184514299e-02
9.048840843639441855e-01 1.648777874935298746e-02
9.138851972889125985e-01 1.510782313498791260e-02
9.224792783329160972e-01 1.377897464421635326e-02
9.306578849502614714e-01 1.250398064791211766e-02
9.384129842878092820e-01 1.128552312788080533e-02
9.457369609390671172e-01 1.012620960986389609e-02
9.526226242666432364e-01 9.028563441596786782e-03
9.590632152891445106e-01 7.995013547981381224e-03
9.650524131293345409e-01 7.027883807464638949e-03
9.705843410210532873e-01 6.129382203101049059e-03
9.756535718730033890e-01 5.301589908361929726e-03
9.802551333880406004e-01 4.546450471436500572e-03
9.843845127370703940e-01 3.865759262497760369e-03
9.880376607870400285e-01 3.261153346173628099e-03
9.912109958828214662e-01 2.734101936329978028e-03
9.939014071830303276e-01 2.285897582327296902e-03
9.961062575499939342e-01 1.917648225311495685e-03
9.978233859941925132e-01 1.630270250033720360e-03
9.990511096735542607e-01 1.424482642400214322e-03
9.997882254479816266e-01 1.300802345705648778e-03
1.000000000000000000e+00 1.259540889608672717e-03
