1.000000000000000000e+00 -6.251350623295995682e-04
9.996730161370132040e-01 -6.114752335973221457e-04
9.989267475184789857e-01 -5.705357893968293148e-04
9.976838238728148456e-01 -5.024368675950803987e-04
9.959455300374118192e-01 -4.073787335374294896e-04
9.937136623104210198e-01 -2.856418193951435315e-04
9.909905259920678278e-01 -1.375867515547803035e-04
9.877789322453074394e-01 3.634566093178295473e-05
9.840821942916260223e-01 2.356345105161557988e-04
9.799041229606841874e-01 4.596789875872119187e-04
9.752490216150513369e-01 7.077987339102914145e-04
9.701216804734497101e-01 9.792344019131497303e-04
9.645273703576633384e-01 1.273148471664752816e-03
9.584718358895780721e-01 1.588626379210532433e-03
9.519612881656633885e-01 1.924678010496017229e-03
9.450023969365974885e-01 2.280239614385894467e-03
9.376022823196921152e-01 2.654176186243829665e-03
9.297685060712941318e-01 3.045284370185868603e-03
9.215090624454677082e-01 3.452295923481740053e-03
9.128323686640509305e-01 3.873881780702036030e-03
9.037472550216451017e-01 4.308656748173699327e-03
8.942629546473264135e-01 4.755184851198346156e-03
8.843890929429082393e-01 5.211985347432862570e-03
8.741356767155040730e-01 5.677539409958005587e-03
8.635130830199995167e-01 6.150297473024720837e-03
8.525320477249269668e-01 6.628687222435694290e-03
8.412036538131983932e-01 7.111122201173832036e-03
8.295393194272515647e-01 7.596010989415079642e-03
8.175507856664870898e-01 8.081766906663472375e-03
8.052501041434392270e-01 8.566818172613429108e-03
7.926496243039946599e-01 9.049618452686480907e-03
7.797619805161974949e-01 9.528657704194821651e-03
7.666000789317481967e-01 1.000247322994998224e-02
7.531770841242781955e-01 1.046966083803681051e-02
7.395064055088235166e-01 1.092888599957839851e-02
7.256016835476509774e-01 1.137889489077986357e-02
7.114767757486892830e-01 1.181852520148521032e-02
6.971457424642218959e-01 1.224671659002652888e-02
6.826228324992336116e-01 1.266252066336998050e-02
6.679224685407397777e-01 1.306511036253257818e-02
6.530592324215860334e-01 1.345378863598801350e-02
6.380478502344618663e-01 1.382799628830451433e-02
6.229031773141985306e-01 1.418731889753971354e-02
6.076401831087215877e-01 1.453149270290117132e-02
5.922739359612441135e-01 1.486040937378808532e-02
5.768195878283354228e-01 1.517411958244837406e-02
5.612923589603260321e-01 1.547283531498018505e-02
5.457075225720293687e-01 1.575693086912026419e-02
5.300803895329361248e-01 1.602694250200755247e-02
5.144262931068043221e-01 1.628356670669100364e-02
4.987605737708912801e-01 1.652765711234494006e-02
4.830985641449278001e-01 1.676022001973408518e-02
4.674555740592932773e-01 1.698240860019108872e-02
4.518468757907163624e-01 1.719551580298821561e-02
4.362876894922038673e-01 1.740096603225164268e-02
4.207931688418115601e-01 1.760030567023665449e-02
4.053783869323486777e-01 1.779519253861759284e-02
3.900583224211996436e-01 1.798738440321488025e-02
3.748478459562045173e-01 1.817872664007312219e-02
3.597617068900381132e-01 1.837113919181696670e-02
3.448145202918308505e-01 1.856660295257320237e-02
3.300207542609743250e-01 1.876714572730401806e-02
3.153947175442269879e-01 1.897482791702145496e-02
3.009505474534764913e-01 1.919172808495240093e-02
2.867021980779076995e-01 1.941992856022674643e-02
2.726634287809590051e-01 1.966150123503658878e-02
2.588477929694077417e-01 1.991849370845634806e-02
2.452686271192796308e-01 2.019291592525328249e-02
2.319390400411022457e-01 2.048672745111474250e-02
2.188719023653709905e-01 2.080182551686669823e-02
2.060798362280172324e-01 2.114003395357775053e-02
1.940061249744334249e-01 2.145798010976590273e-02
1.826001575688968592e-01 2.151288657108711352e-02
1.714544133835199102e-01 2.128937631063405542e-02
1.605750002907943841e-01 2.081265756249442087e-02
1.499686672073287375e-01 2.010815360267844895e-02
1.396427999656759122e-01 1.920148713368588847e-02
1.296053912393096974e-01 1.811845411751521889e-02
1.198649892514016824e-01 1.688498432444534431e-02
1.104306302791598637e-01 1.552708722690307810e-02
1.013117598450382906e-01 1.407078308085165166e-02
9.251814707079426825e-02 1.254202002867028584e-02
8.405979606928004610e-02 1.096657879687052903e-02
7.594685755953931028e-02 9.369967052366662968e-03
6.818954319131501074e-02 7.777305748761835502e-03
6.079804441127638348e-02 6.213209878576334000e-03
5.378245712977847148e-02 4.701665992358113055e-03
4.715271297059367428e-02 3.265908693387000253e-03
4.091851751003502957e-02 1.928298104026773471e-03
3.508929563024122678e-02 7.102000563601468253e-04
2.967414391263241760e-02 -3.681294922537794306e-04
2.468178986762394403e-02 -1.287654563326268500e-03
2.012055772113362923e-02 -2.030662754730762180e-03
1.599834044362594826e-02 -2.580861512965423876e-03
1.232257770143929503e-02 -2.923466446514389264e-03
9.100239422905534795e-03 -3.045281209279914955e-03
6.337814695169339402e-03 -2.934768625491828396e-03
4.041305735308903420e-03 -2.582112852543544997e-03
2.216226706453035353e-03 -1.979272488980992218e-03
8.676071724055762005e-04 -1.120024634483805185e-03
0.000000000000000000e+00 0.000000000000000000e+00
-3.741675381371762157e-04 1.366592274947588375e-03
-2.429551347245943217e-04 2.963474649410342571e-03
3.967296616111000689e-04 4.788820452138350253e-03
1.547483990352895283e-03 6.838556758653008445e-03
3.211419981956805444e-03 9.106375313397750346e-03
5.390171569871983828e-03 1.158375265295231472e-02
8.084897617626728150e-03 1.425997907139490289e-02
1.129628115023529472e-02 1.712219608749674868e-02
1.502452445543310186e-02 2.015544210165391009e-02
1.926933979221405122e-02 2.334270597144789960e-02
2.402993541553331835e-02 2.666498829187482350e-02
2.930499660171362319e-02 3.010137024297069447e-02
3.509266134542518567e-02 3.362908996688364349e-02
4.139049040420217374e-02 3.722362656069105880e-02
4.819543140035582873e-02 4.085879192130173476e-02
5.550377676482140532e-02 4.450683085319941112e-02
6.331111543651715690e-02 4.813853004380506950e-02
7.161227842870487859e-02 5.172333671555556789e-02
8.040127865464401224e-02 5.522948796328924770e-02
8.967124578001436919e-02 5.862415195818786173e-02
9.941435734514972311e-02 6.187358231584755286e-02
1.096217679728091754e-01 6.494328694935763702e-02
1.202835391302307239e-01 6.779821261648436015e-02
1.313885726129127574e-01 7.040294607946236127e-02
1.429245516061238008e-01 7.272193228723218550e-02
1.548778937805168898e-01 7.471970923693251054e-02
1.672337212928283745e-01 7.636115817094994707e-02
1.799758526824137284e-01 7.761176654846910217e-02
1.930868213725903115e-01 7.843789986898359878e-02
2.061349114795097415e-01 7.885413791901761671e-02
2.190447197824983150e-01 7.914201548957451593e-02
2.322341649799013197e-01 7.935240535190603295e-02
2.456899571303494956e-01 7.948390188534448786e-02
2.593985329288772679e-01 7.953532685449506145e-02
2.733460714794942459e-01 7.950573414909201109e-02
2.875185103570196410e-01 7.939441303166511199e-02
3.019015619117429994e-01 7.920088995122262499e-02
3.164807297710953149e-01 7.892492899439725040e-02
3.312413254937345286e-01 7.856653105715863394e-02
3.461684853332218093e-01 7.812593183013813447e-02
3.612471870707327226e-01 7.760359869873312277e-02
3.764622668789408544e-01 7.700022666538614002e-02
3.917984361822580697e-01 7.631673340572497910e-02
4.072402984819269434e-01 7.555425357259314134e-02
4.227723661179578207e-01 7.471413246241384587e-02
4.383790769434919854e-01 7.379791915686867432e-02
4.540448108907694236e-01 7.280735924961181937e-02
4.697539064113935847e-01 7.174438726279386280e-02
4.854906767769441300e-01 7.061111885166784785e-02
5.012394262291088864e-01 6.940984288765503218e-02
5.169844659713239698e-01 6.814301350113641242e-02
5.327101299963773462e-01 6.681324215510425768e-02
5.484007907464851783e-01 6.542328980986904241e-02
5.640408746039784482e-01 6.397605922748660079e-02
5.796148772118957515e-01 6.247458745268049535e-02
5.951073786244807096e-01 6.092203849501094670e-02
6.105030582878211431e-01 5.932169622511281049e-02
6.257867098506565418e-01 5.767695748621438911e-02
6.409432558047675199e-01 5.599132541106782712e-02
6.559577619533616399e-01 5.426840292407199978e-02
6.708154517045518128e-01 5.251188639893399068e-02
6.855017201854445297e-01 5.072555943386015953e-02
7.000021481705588355e-01 4.891328669913780347e-02
7.143025158163835986e-01 4.707900780618107239e-02
7.283888161918957715e-01 4.522673114276623552e-02
7.422472685928921399e-01 4.336052761633717861e-02
7.558643316260931222e-01 4.148452424596364013e-02
7.692267160472487930e-01 3.960289754378984450e-02
7.823213973359333107e-01 3.771986662860914163e-02
7.951356279884784772e-01 3.583968601748953320e-02
8.076569495095373696e-01 3.396663804609183906e-02
8.198732040822026557e-01 3.210502487436912161e-02
8.317725458964007057e-01 3.025916004159152212e-02
8.433434521154903329e-01 2.843335954297578072e-02
8.545747334616204949e-01 2.663193240944488477e-02
8.654555444014122578e-01 2.485917078203966901e-02
8.759753929149555196e-01 2.311933948306137132e-02
8.861241498328812360e-01 2.141666509694955048e-02
8.958920577283642217e-01 1.975532458500256494e-02
9.052697393533023495e-01 1.813943346911493781e-02
9.142482056105110111e-01 1.657303363055524781e-02
9.228188630565475892e-01 1.506008078023094929e-02
9.309735209326497340e-01 1.360443166670510969e-02
9.387043977241715798e-01 1.220983109726651167e-02
9.460041272517707434e-01 1.087989885544695529e-02
9.528657643003561883e-01 9.618116605380214179e-03
9.592827897944029569e-01 8.427814879183162522e-03
9.652491155305882309e-01 7.312160247999001383e-03
9.707590884807758558e-01 6.274142780392878704e-03
9.758074946801023053e-01 5.316563893368687899e-03
9.803895627162590998e-01 4.442024701344809631e-03
9.845009668370050537e-01 3.652914966972560344e-03
9.881378296934399952e-01 2.951402754712473611e-03
9.912967247366210044e-01 2.339424883642565907e-03
9.939746782847167506e-01 1.818678270108340864e-03
9.961691712770661677e-01 1.390612243627677115e-03
9.978781407302651507e-01 1.056421911031008758e-03
9.990999809097925732e-01 8.170426342732070102e-04
9.998335442287183961e-01 6.731456768389771110e-04
1.000000000000000000e+00 6.251350623295995682e-04
