1.000000000000000000e+00 -8.358312397763761501e-04
9.996674272687557927e-01 -8.341258156748806258e-04
9.989207167782110375e-01 -8.290156481659123307e-04
9.976770600341585693e-01 -8.205192411449965719e-04
9.959377468749065487e-01 -8.086680600083577834e-04
9.937045805373275753e-01 -7.935074486894025175e-04
9.909798751367409064e-01 -7.750978713022226279e-04
9.877664524501724719e-01 -7.535164371828290825e-04
9.840676380199383511e-01 -7.288586577524685736e-04
9.798872565975907944e-01 -7.012403742820520758e-04
9.752296269509913573e-01 -6.707997875063931303e-04
9.700995560595829792e-01 -6.376995132912287832e-04
9.645023327247728151e-01 -6.021285833395957632e-04
9.584437206237154117e-01 -5.643043063612712684e-04
9.519299508356582340e-01 -5.244739033102678583e-04
9.449677138703916901e-01 -4.829158302801905139e-04
9.375641512282580914e-01 -4.399407044708382106e-04
9.297268465206075527e-01 -3.958917522952909440e-04
9.214638161786118387e-01 -3.511447041520052159e-04
9.127834997769883607e-01 -3.061070675762240373e-04
9.036947499974934406e-01 -2.612167193049522856e-04
8.942068222550895173e-01 -2.169397671207499295e-04
8.843293640075324813e-01 -1.737676440140487055e-04
8.740724037668443636e-01 -1.322134100472712598e-04
8.634463398287860469e-01 -9.280725110607374040e-05
8.524619287341245188e-01 -5.609117825955932390e-05
8.411302734732553077e-01 -2.261294647588722728e-05
8.294628114436553012e-01 7.080773295066455919e-06
8.174713021677987301e-01 3.245191942995509504e-05
8.051678147775862548e-01 5.297919814831186791e-05
7.925647152700903142e-01 6.816679668345676513e-05
7.796746535385489230e-01 7.755355900553040360e-05
7.665105501820463907e-01 8.072251952903966576e-05
7.530855830972548182e-01 7.731067909230379676e-05
7.394131738559509559e-01 6.701889789158255173e-05
7.255069738727737416e-01 4.962177219421798346e-05
7.113808503688384688e-01 2.497735571138290367e-05
6.970488721383064634e-01 -6.963417367524676882e-06
6.825252951268392376e-01 -4.614775237875290426e-05
6.678245478329251084e-01 -9.241260137063389557e-05
6.529612165453534400e-01 -1.454769987592197111e-04
6.379500304325138593e-01 -2.049352615744320927e-04
6.228058465016707013e-01 -2.702511829738088456e-04
6.075436344488136520e-01 -3.407533380498234399e-04
5.921784614220486631e-01 -4.156316092009532115e-04
5.767254767236789093e-01 -4.939350246214758988e-04
5.611998964780740007e-01 -5.745709879655599983e-04
5.456169882940599125e-01 -6.563059601639997798e-04
5.299920559518164209e-01 -7.377676359569332321e-04
5.143404241451067227e-01 -8.174486382120718653e-04
4.986774233100197407e-01 -8.937117328095614543e-04
4.830183745712688381e-01 -9.647965460924459724e-04
4.673785748364290282e-01 -1.028827745916727210e-03
4.517732820673061034e-01 -1.083824626508127220e-03
4.362177007559312480e-01 -1.127712016963051955e-03
4.207269676304692951e-01 -1.158332413641952052e-03
4.053161376136737992e-01 -1.173459218198676102e-03
3.900001700534462823e-01 -1.170810945873325404e-03
3.747939152416308040e-01 -1.148066253221030619e-03
3.597121012334697499e-01 -1.102879620916805137e-03
3.447693209762320299e-01 -1.032897515892673701e-03
3.299800197514963229e-01 -9.357748480264549418e-04
3.153584829315136950e-01 -8.091915300781696296e-04
3.009188240460851094e-01 -6.508689456830724085e-04
2.866749731525543021e-01 -4.585861290503992493e-04
2.726406654979408040e-01 -2.301954616285017963e-04
2.588294304589972006e-01 3.636230461385309143e-05
2.452545807431572578e-01 3.430438805139615632e-04
2.319292018310165349e-01 6.916903030856902390e-04
2.188661416392222170e-01 1.084014990045664706e-03
2.060780003814860484e-01 1.521593131902511387e-03
1.940367913957624091e-01 1.969959331686581272e-03
1.826881848416331555e-01 2.235899631747195748e-03
1.715974728884294143e-01 2.307041492948164185e-03
1.607709630634814313e-01 2.203245448698543107e-03
1.502154358992834615e-01 1.944472459271345821e-03
1.399381513241470809e-01 1.550759080679746382e-03
1.299468382700075253e-01 1.042188375298222502e-03
1.202496695739755789e-01 4.388550189118739508e-04
1.108552245095430766e-01 -2.391763798633844695e-04
1.017724413823289931e-01 -9.719201979405157898e-04
9.301056259114458269e-02 -1.739525928100501412e-03
8.457907441939124804e-02 -2.522341096759510987e-03
7.648764361593531069e-02 -3.300980231973001805e-03
6.874605257751853493e-02 -4.056398918380461210e-03
6.136413468080178374e-02 -4.769971830386618428e-03
5.435171105029416860e-02 -5.423573560288028755e-03
4.771852980230459340e-02 -5.999661042319675425e-03
4.147420858330547189e-02 -6.481356404227790746e-03
3.562818102822717936e-02 -6.852529143080956370e-03
3.018964760144333265e-02 -7.097876611035893249e-03
2.516753114940423891e-02 -7.203001900791774180e-03
2.057043738632762658e-02 -7.154488332404522824e-03
1.640662044940389280e-02 -6.939969857624848568e-03
1.268395359356940671e-02 -6.548196811138941656e-03
9.409905043947825939e-03 -5.969096547493937463e-03
6.591518982638342426e-03 -5.193828606574182535e-03
4.235401612090764975e-03 -4.214834148535003509e-03
2.347712206663586914e-03 -3.025879490917947334e-03
9.341590343795407167e-04 -1.622093666437962557e-03
0.000000000000000000e+00 0.000000000000000000e+00
-4.407194001111407319e-04 1.819347778808989109e-03
-3.744406349351458822e-04 3.813241219261427790e-03
2.026337848292391643e-04 5.980200228210846673e-03
1.293779702883892692e-03 8.316859113103126921e-03
2.901754360914514299e-03 1.081797183078820647e-02
5.028795677741872139e-03 1.347642577628928133e-02
7.676617611848785341e-03 1.628326390436843352e-02
1.084640148504129736e-02 1.922771499861731376e-02
1.453878317365280524e-02 2.229723193145388693e-02
1.875383610340313617e-02 2.547753779439119320e-02
2.349105001754736230e-02 2.875267982166893402e-02
2.874930552844318088e-02 3.210509108182576371e-02
3.452684451371426655e-02 3.551565997053618418e-02
4.082123648368647661e-02 3.896380760272737109e-02
4.762934113083042847e-02 4.242757327028907205e-02
5.494726737861788113e-02 4.588370819994945504e-02
6.277032938012115648e-02 4.930777790891038848e-02
7.109300007859367665e-02 5.267427350670038366e-02
7.990886313429369781e-02 5.595673232166811784e-02
8.921056424272366669e-02 5.912786822917212581e-02
9.898976311476651024e-02 6.215971201406388785e-02
1.092370876502352789e-01 6.502376200013051943e-02
1.199420920995328960e-01 6.769114501190143240e-02
1.310932212544415887e-01 7.013278748983883815e-02
1.426777829141690768e-01 7.231959625265715896e-02
1.546819310078298426e-01 7.422264799084300757e-02
1.670906617879188705e-01 7.581338609231903780e-02
1.798878254096774321e-01 7.706382286389777680e-02
1.930561549512613273e-01 7.794674465131301577e-02
2.061367473260409255e-01 7.847374436617376992e-02
2.190504805086470885e-01 7.887105781510730940e-02
2.322440031899870305e-01 7.917961593933092734e-02
2.457040035064718686e-01 7.939841036796424500e-02
2.594168954392878090e-01 7.952669414574728424e-02
2.733688347625124471e-01 7.956398376893138169e-02
2.875457352823730384e-01 7.951005940256389293e-02
3.019332853191343813e-01 7.936496337462309314e-02
3.165169643838086078e-01 7.912899705921314086e-02
3.312820600032125307e-01 7.880271627559658210e-02
3.462136846488206299e-01 7.838692534206173623e-02
3.612967927273010860e-01 7.788266993335687949e-02
3.765161975935145677e-01 7.729122889758843762e-02
3.918565885500114310e-01 7.661410519302522260e-02
4.073025478006018218e-01 7.585301610716727039e-02
4.228385673293000857e-01 7.500988291976234956e-02
4.384490656797646047e-01 7.408682016825932082e-02
4.541184046141796826e-01 7.308612466858815937e-02
4.698309056342578338e-01 7.201026443630467733e-02
4.855708663506030920e-01 7.086186764321397713e-02
5.013225766899804814e-01 6.964371173280953231e-02
5.170703349330215692e-01 6.835871280447400333e-02
5.327984635774970501e-01 6.700991536164638274e-02
5.484913250244546346e-01 6.560048250335544229e-02
5.641333370862304797e-01 6.413368662193899561e-02
5.797089883165522650e-01 6.261290065272456795e-02
5.952028531636761599e-01 6.104158990424018300e-02
6.105996069477290789e-01 5.942330448046100749e-02
6.258840406631843711e-01 5.776167228997709097e-02
6.410410756067155269e-01 5.606039262107229831e-02
6.560557778295942333e-01 5.432323024680722062e-02
6.709133724123664821e-01 5.255401001054388344e-02
6.855992575578389037e-01 5.075661183016285521e-02
7.000990184964742680e-01 4.893496604869898570e-02
7.143984411962344128e-01 4.709304905042163703e-02
7.284835258667730074e-01 4.523487905464265713e-02
7.423405002457647006e-01 4.336451199484087776e-02
7.559558326531164996e-01 4.148603738810806296e-02
7.693162447969505990e-01 3.960357409946281548e-02
7.824087243135818825e-01 3.772126590723764300e-02
7.952205370223828229e-01 3.584327677945735313e-02
8.077392388753903418e-01 3.397378577681590267e-02
8.199526875808910154e-01 3.211698150539611663e-02
8.318490538799969691e-01 3.027705605151020940e-02
8.434168324554334184e-01 2.845819834179557500e-02
8.546448524524229429e-01 2.666458688376402431e-02
8.655222875926257275e-01 2.490038185515758284e-02
8.760386658636152291e-01 2.316971652446277175e-02
8.861838787682569940e-01 2.147668799951997845e-02
8.959481901206011178e-01 1.982534731608148054e-02
9.053222443774540107e-01 1.821968889313586165e-02
9.142970744975735808e-01 1.666363939658205284e-02
9.228641093234034587e-01 1.516104606712215599e-02
9.310151804833363132e-01 1.371566458180807288e-02
9.387425288156056036e-01 1.233114653127911214e-02
9.460388103179765418e-01 1.101102660614646997e-02
9.528971016303613428e-01 9.758709596011253332e-03
9.593109050602656174e-01 8.577457313076226539e-03
9.652741531634787542e-01 7.470375559070598429e-03
9.707812128946425867e-01 6.440401259136051271e-03
9.758268893441622849e-01 5.490289889329576754e-03
9.804064290793524927e-01 4.622603325427669489e-03
9.845155231086927250e-01 3.839698239743441141e-03
9.881503094885749627e-01 3.143715169698234248e-03
9.913073755919479257e-01 2.536568376972450981e-03
9.939837600578101950e-01 2.019936609259960145e-03
9.961769544395714382e-01 1.595254868080555732e-03
9.978849045689214270e-01 1.263707275893739259e-03
9.991060116500605215e-01 1.026221124067014379e-03
9.998391330969758073e-01 8.834621702682045980e-04
1.000000000000000000e+00 8.358312397763761501e-04
