1.000000000000000000e+00 -1.259999999999977718e-03
9.997532801828658000e-01 -1.294611969571068813e-03
9.990133642141357795e-01 -1.398350345836357625e-03
9.977809823015399981e-01 -1.570923210341285082e-03
9.960573506572389935e-01 -1.811846284330229052e-03
9.938441702975688852e-01 -2.120446268577791307e-03
9.911436253643444161e-01 -2.495865443502295975e-03
9.879583809693737173e-01 -2.937067455520425436e-03
9.842915805643155380e-01 -3.442844196713251616e-03
9.801468428384716436e-01 -4.011823667632479981e-03
9.755282581475768211e-01 -4.642478697789034249e-03
9.704403844771127829e-01 -5.333136385308204219e-03
9.648882429441257846e-01 -6.081988106642768378e-03
9.588773128419905145e-01 -6.887099939300180863e-03
9.524135262330097884e-01 -7.746423335416324600e-03
9.455032620941841159e-01 -8.657805881786920579e-03
9.381533400219318475e-01 -9.619001982708121762e-03
9.303710135019719329e-01 -1.062768330567284356e-02
9.221639627510076487e-01 -1.168144883656823882e-02
9.135402871372809708e-01 -1.277783440042136107e-02
9.045084971874737256e-01 -1.391432151578622829e-02
8.950775061878453176e-01 -1.508834546536826082e-02
8.852566213878947377e-01 -1.629730248218516295e-02
8.750555348152297963e-01 -1.753855596919634205e-02
8.644843137107058872e-01 -1.880944169057262652e-02
8.535533905932737309e-01 -2.010727189427987879e-02
8.422735529643443630e-01 -2.142933834803643217e-02
8.306559326618261352e-01 -2.277291429360050329e-02
8.187119948743448727e-01 -2.413525534732516645e-02
8.064535268264882983e-01 -2.551359939760474219e-02
7.938926261462365686e-01 -2.690516557180013674e-02
7.810416889260654028e-01 -2.830715236609158275e-02
7.679133974894984949e-01 -2.971673505107664051e-02
7.545207078751856589e-01 -3.113106248344841773e-02
7.408768370508578283e-01 -3.254725346943256742e-02
7.269952498697733745e-01 -3.396239283851916479e-02
7.128896457825364408e-01 -3.537352739615082231e-02
6.985739453173903657e-01 -3.677766193119903076e-02
6.840622763423390706e-01 -3.817175545810876092e-02
6.693689601226457953e-01 -3.955271787440291925e-02
6.545084971874738367e-01 -4.091740721174356304e-02
6.394955530196146931e-01 -4.226262765293964385e-02
6.243449435824275362e-01 -4.358512847821322672e-02
6.090716206982713654e-01 -4.488160409179070554e-02
5.936906572928624115e-01 -4.614869526462189731e-02
5.782172325201155871e-01 -4.738299171095790990e-02
5.626666167821522402e-01 -4.858103609588968613e-02
5.470541566592572735e-01 -4.973932954806320472e-02
5.313952597646567355e-01 -5.085433872698759405e-02
5.157053795390641460e-01 -5.192250446801154745e-02
5.000000000000001110e-01 -5.294025200057155683e-02
4.842946204609359651e-01 -5.390400270714056086e-02
4.686047402353434310e-01 -5.481018736187709406e-02
4.529458433407428930e-01 -5.565526075975044118e-02
4.373333832178479263e-01 -5.643571761935570891e-02
4.217827674798846904e-01 -5.714810961619572194e-02
4.063093427071378105e-01 -5.778906337833281115e-02
3.909283793017288566e-01 -5.835529925343585500e-02
3.756550564175726858e-01 -5.884365063576246779e-02
3.605044469803854179e-01 -5.925108362389416850e-02
3.454915028125263299e-01 -5.957471676541357258e-02
3.306310398773544268e-01 -5.981184063346214885e-02
3.159377236576611514e-01 -5.995993697248590271e-02
3.014260546826097453e-01 -6.001669714664455146e-02
2.871103542174636702e-01 -5.998003962446032261e-02
2.730047501302266255e-01 -5.984812623738171300e-02
2.591231629491425048e-01 -5.961937695804591514e-02
2.454792921248145632e-01 -5.929248295608778585e-02
2.320866025105017827e-01 -5.886641770525202766e-02
2.189583110739346528e-01 -5.834044593514262772e-02
2.061073738537634870e-01 -5.771413024396129798e-02
1.935464731735118682e-01 -5.698733521475845415e-02
1.812880051256552938e-01 -5.616022890670879092e-02
1.693440673381741424e-01 -5.523328162434896355e-02
1.577264470356556370e-01 -5.420726190115108395e-02
1.464466094067262691e-01 -5.308322966879784610e-02
1.355156862892943348e-01 -5.186252661958475063e-02
1.249444651847702037e-01 -5.054676380599885249e-02
1.147433786121054289e-01 -4.913780655818758558e-02
1.049224938121547934e-01 -4.763775683621299800e-02
9.549150281252632988e-02 -4.604893316916267715e-02
8.645971286271914025e-02 -4.437384836684128003e-02
7.783603724899246235e-02 -4.261518522140583104e-02
6.962898649802823359e-02 -4.077577044545748625e-02
6.184665997806820803e-02 -3.885854711932835992e-02
5.449673790581610611e-02 -3.686654594320223216e-02
4.758647376699032261e-02 -3.480285560892946300e-02
4.112268715800942998e-02 -3.267059262163676120e-02
3.511175705587432638e-02 -3.047287091224187144e-02
2.955961552288727257e-02 -2.821277158857447842e-02
2.447174185242323441e-02 -2.589331317485285208e-02
1.985315716152852294e-02 -2.351742268670573704e-02
1.570841943568446197e-02 -2.108790788176953881e-02
1.204161903062633820e-02 -1.860743101419957968e-02
8.856374635655639427e-03 -1.607848440534503931e-02
6.155829702431170336e-03 -1.350336812255484471e-02
3.942649342761117559e-03 -1.088417003385545347e-02
2.219017698460001853e-03 -8.222748478400591921e-03
9.866357858642205159e-04 -5.520717761492026192e-03
2.467198171341999924e-04 -2.779436649037655797e-03
0.000000000000000000e+00 0.000000000000000000e+00
2.467198171341999924e-04 2.779436649037655797e-03
9.866357858642205159e-04 5.520717761492026192e-03
2.219017698460001853e-03 8.222748478400591921e-03
3.942649342761117559e-03 1.088417003385545347e-02
6.155829702431170336e-03 1.350336812255484471e-02
8.856374635655639427e-03 1.607848440534503931e-02
1.204161903062633820e-02 1.860743101419957968e-02
1.570841943568446197e-02 2.108790788176953881e-02
1.985315716152852294e-02 2.351742268670573704e-02
2.447174185242323441e-02 2.589331317485285208e-02
2.955961552288727257e-02 2.821277158857447842e-02
3.511175705587432638e-02 3.047287091224187144e-02
4.112268715800942998e-02 3.267059262163676120e-02
4.758647376699032261e-02 3.480285560892946300e-02
5.449673790581610611e-02 3.686654594320223216e-02
6.184665997806820803e-02 3.885854711932835992e-02
6.962898649802823359e-02 4.077577044545748625e-02
7.783603724899246235e-02 4.261518522140583104e-02
8.645971286271914025e-02 4.437384836684128003e-02
9.549150281252632988e-02 4.604893316916267715e-02
1.049224938121547934e-01 4.763775683621299800e-02
1.147433786121054289e-01 4.913780655818758558e-02
1.249444651847702037e-01 5.054676380599885249e-02
1.355156862892943348e-01 5.186252661958475063e-02
1.464466094067262691e-01 5.308322966879784610e-02
1.577264470356556370e-01 5.420726190115108395e-02
1.693440673381741424e-01 5.523328162434896355e-02
1.812880051256552938e-01 5.616022890670879092e-02
1.935464731735118682e-01 5.698733521475845415e-02
2.061073738537634870e-01 5.771413024396129798e-02
2.189583110739346528e-01 5.834044593514262772e-02
2.320866025105017827e-01 5.886641770525202766e-02
2.454792921248145632e-01 5.929248295608778585e-02
2.591231629491425048e-01 5.961937695804591514e-02
2.730047501302266255e-01 5.984812623738171300e-02
2.871103542174636702e-01 5.998003962446032261e-02
3.014260546826097453e-01 6.001669714664455146e-02
3.159377236576611514e-01 5.995993697248590271e-02
3.306310398773544268e-01 5.981184063346214885e-02
3.454915028125263299e-01 5.957471676541357258e-02
3.605044469803854179e-01 5.925108362389416850e-02
3.756550564175726858e-01 5.884365063576246779e-02
3.909283793017288566e-01 5.835529925343585500e-02
4.063093427071378105e-01 5.778906337833281115e-02
4.217827674798846904e-01 5.714810961619572194e-02
4.373333832178479263e-01 5.643571761935570891e-02
4.529458433407428930e-01 5.565526075975044118e-02
4.686047402353434310e-01 5.481018736187709406e-02
4.842946204609359651e-01 5.390400270714056086e-02
5.000000000000001110e-01 5.294025200057155683e-02
5.157053795390641460e-01 5.192250446801154745e-02
5.313952597646567355e-01 5.085433872698759405e-02
5.470541566592572735e-01 4.973932954806320472e-02
5.626666167821522402e-01 4.858103609588968613e-02
5.782172325201155871e-01 4.738299171095790990e-02
5.936906572928624115e-01 4.614869526462189731e-02
6.090716206982713654e-01 4.488160409179070554e-02
6.243449435824275362e-01 4.358512847821322672e-02
6.394955530196146931e-01 4.226262765293964385e-02
6.545084971874738367e-01 4.091740721174356304e-02
6.693689601226457953e-01 3.955271787440291925e-02
6.840622763423390706e-01 3.817175545810876092e-02
6.985739453173903657e-01 3.677766193119903076e-02
7.128896457825364408e-01 3.537352739615082231e-02
7.269952498697733745e-01 3.396239283851916479e-02
7.408768370508578283e-01 3.254725346943256742e-02
7.545207078751856589e-01 3.113106248344841773e-02
7.679133974894984949e-01 2.971673505107664051e-02
7.810416889260654028e-01 2.830715236609158275e-02
7.938926261462365686e-01 2.690516557180013674e-02
8.064535268264882983e-01 2.551359939760474219e-02
8.187119948743448727e-01 2.413525534732516645e-02
8.306559326618261352e-01 2.277291429360050329e-02
8.422735529643443630e-01 2.142933834803643217e-02
8.535533905932737309e-01 2.010727189427987879e-02
8.644843137107058872e-01 1.880944169057262652e-02
8.750555348152297963e-01 1.753855596919634205e-02
8.852566213878947377e-01 1.629730248218516295e-02
8.950775061878453176e-01 1.508834546536826082e-02
9.045084971874737256e-01 1.391432151578622829e-02
9.135402871372809708e-01 1.277783440042136107e-02
9.221639627510076487e-01 1.168144883656823882e-02
9.303710135019719329e-01 1.062768330567284356e-02
9.381533400219318475e-01 9.619001982708121762e-03
9.455032620941841159e-01 8.657805881786920579e-03
9.524135262330097884e-01 7.746423335416324600e-03
9.588773128419905145e-01 6.887099939300180863e-03
9.648882429441257846e-01 6.081988106642768378e-03
9.704403844771127829e-01 5.333136385308204219e-03
9.755282581475768211e-01 4.642478697789034249e-03
9.801468428384716436e-01 4.011823667632479981e-03
9.842915805643155380e-01 3.442844196713251616e-03
9.879583809693737173e-01 2.937067455520425436e-03
9.911436253643444161e-01 2.495865443502295975e-03
9.938441702975688852e-01 2.120446268577791307e-03
9.960573506572389935e-01 1.811846284330229052e-03
9.977809823015399981e-01 1.570923210341285082e-03
9.990133642141357795e-01 1.398350345836357625e-03
9.997532801828658000e-01 1.294611969571068813e-03
1.000000000000000000e+00 1.259999999999977718e-03
