1.000000000000000000e+00 -6.255124082467498252e-04
9.996761942844207827e-01 -6.131005469312779312e-04
9.989302228874314959e-01 -5.759347821887781087e-04
9.976878077771922371e-01 -5.142244238130703332e-04
9.959502534139724750e-01 -4.283178255107245014e-04
9.937193833167395907e-01 -3.187016297774438551e-04
9.909975373569087642e-01 -1.859996886122193896e-04
9.877875683058142675e-01 -3.097163861888463376e-05
9.840928376553720325e-01 1.454888961499479095e-04
9.799172107349272132e-01 3.423565047683944408e-04
9.752650511503599962e-01 5.584766283038659906e-04
9.701412145741141746e-01 7.925686746355379772e-04
9.645510419168394911e-01 1.043229648658808208e-03
9.585003519128258986e-01 1.308938337982227217e-03
9.519954331522892943e-01 1.588060093736576306e-03
9.450430355938833626e-01 1.878852244428260918e-03
9.376503615905664724e-01 2.179470177859549329e-03
9.298250564611676428e-01 2.487974122011504634e-03
9.215751986387255013e-01 2.802336650465411458e-03
9.129092894249847268e-01 3.120450931472334467e-03
9.038362423783677935e-01 3.440139732241859205e-03
8.943653723603968153e-01 3.759165181496185344e-03
8.845063842629959927e-01 4.075239283943800361e-03
8.742693614364496213e-01 4.386035170194604871e-03
8.636647538351051034e-01 4.689199054918298873e-03
8.527033658953104833e-01 4.982362864902873875e-03
8.413963441576262081e-01 5.263157487281139996e-03
8.297551646431393646e-01 5.529226576743899099e-03
8.177916199918345841e-01 5.778240849251494241e-03
8.055178063694667934e-01 6.007912778782729946e-03
7.929461101483227248e-01 6.216011603231813912e-03
7.800891943666904416e-01 6.400378535869522337e-03
7.669599849717744222e-01 6.558942070024390697e-03
7.535716568512569324e-01 6.689733256992557234e-03
7.399376196596657573e-01 6.790900830819984746e-03
7.260715034471619811e-01 6.860726048676851763e-03
7.119871441002841861e-01 6.897637112188961112e-03
6.976985686064762771e-01 6.900223033423177887e-03
6.832199801568864528e-01 6.867246809324996371e-03
6.685657431048012134e-01 6.797657770341226924e-03
6.537503678001426177e-01 6.690602972757191125e-03
6.387884953235609675e-01 6.545437509939515397e-03
6.236948821467334092e-01 6.361733625172259071e-03
6.084843847483901724e-01 6.139288518045515897e-03
5.931719442182626922e-01 5.878130747311142296e-03
5.777725708834383633e-01 5.578525145639477018e-03
5.623013289934634118e-01 5.240976175644913165e-03
5.467733215018304449e-01 4.866229671723183714e-03
5.312036749821719139e-01 4.455272928460585896e-03
5.156075247174859433e-01 4.009333113416772842e-03
5.000000000000001110e-01 3.529873999714220473e-03
4.843962096778141602e-01 3.018591031838730593e-03
4.688112279822405082e-01 2.477404756111627193e-03
4.532600806668007354e-01 1.908452665171724710e-03
4.377577314851749390e-01 1.314079523244617020e-03
4.223190690310817952e-01 6.968262557174725869e-04
4.069588939581824105e-01 5.941750233515522006e-05
3.916919065927232935e-01 -5.952520520515550140e-04
3.765326949458814854e-01 -1.264132442037567416e-03
3.614957231267676985e-01 -1.944034142746409177e-03
3.465953201509042736e-01 -2.631644598824863651e-03
3.318456691328700026e-01 -3.323545404793255137e-03
3.172607968458285854e-01 -4.016229974291619237e-03
3.028545636249791451e-01 -4.706121531973129352e-03
2.886406535867180323e-01 -5.389591260177233056e-03
2.746325651306195104e-01 -6.062976433082307298e-03
2.608436016873487695e-01 -6.722598373777293607e-03
2.472868626724200880e-01 -7.364780074555540151e-03
2.339752346034048025e-01 -7.985863327641989223e-03
2.209213823368461060e-01 -8.582225222405266696e-03
2.081377403808087057e-01 -9.150293875741333932e-03
1.956365042397125442e-01 -9.686563274578594701e-03
1.834296217498808668e-01 -1.018760712315814471e-02
1.715287843670488255e-01 -1.065009160267940333e-02
1.599454183709104749e-01 -1.107078696684481861e-02
1.486906759565483627e-01 -1.144657791355158105e-02
1.377754261882191689e-01 -1.177447269021618566e-02
1.272102457973564860e-01 -1.205161090772836202e-02
1.170054098136702608e-01 -1.227527005556117330e-02
1.071708820257399469e-01 -1.244287072786393229e-02
9.771630527537339406e-02 -1.255198058719021043e-02
8.865099159805280016e-02 -1.260031710862989478e-02
7.998391222988339433e-02 -1.258574916230031406e-02
7.172368750939842053e-02 -1.250629750620195317e-02
6.387857671021475447e-02 -1.236013427417135754e-02
5.645646784770692872e-02 -1.214558155490150747e-02
4.946486750941363891e-02 -1.186110916760557861e-02
4.291089076468783403e-02 -1.150533174775382472e-02
3.680125121400146249e-02 -1.107700526232365673e-02
3.114225124222285215e-02 -1.057502307810301995e-02
2.593977254300938035e-02 -9.998411708738767778e-03
2.119926698311955932e-02 -9.346326366412954084e-03
1.692574787591870702e-02 -8.618046442277579877e-03
1.312378173259663369e-02 -7.812971036124860200e-03
9.797480557642040955e-03 -6.930614650283177872e-03
6.950494751958725091e-03 -5.970603155504347788e-03
4.586006682702782437e-03 -4.932670127758369966e-03
2.706724973559327535e-03 -3.816653644520519566e-03
1.314879562838512476e-03 -2.622493617474629200e-03
4.122175695865923427e-04 -1.350229725745435636e-03
0.000000000000000000e+00 0.000000000000000000e+00
8.122206468180764210e-05 1.409427872897283524e-03
6.583920088899285553e-04 2.859052578040294831e-03
1.731310423360676171e-03 4.348036122659861002e-03
3.299292002819452247e-03 5.875175293899444554e-03
5.361164652903615581e-03 7.438907666649748236e-03
7.915268713669237899e-03 9.037320073635632042e-03
1.095945632865604272e-02 1.066815946214428289e-02
1.449109099545021519e-02 1.232884604096167597e-02
1.850704733993748657e-02 1.401648860135251695e-02
2.300371116183708847e-02 1.572790187749035021e-02
2.797697980355169298e-02 1.745962579482934415e-02
3.342226289774719028e-02 1.920794643968131571e-02
3.933448355133102592e-02 2.096891856989316349e-02
4.570808002456700631e-02 2.273838947514490727e-02
5.253700796392528349e-02 2.451202398612731953e-02
5.981474324592165465e-02 2.628533042480145701e-02
6.753428548665804665e-02 2.805368728315050381e-02
7.568816226810153036e-02 2.981237041534813559e-02
8.426843412738548034e-02 3.155658052808956587e-02
9.326670034967926570e-02 3.328147075594179577e-02
1.026741055985696399e-01 3.498217411291828366e-02
1.124813474105405969e-01 3.665383061798944270e-02
1.226786845721839214e-01 3.829161390079922900e-02
1.332559463903695007e-01 3.989075710433680200e-02
1.442025428569041756e-01 4.144657791355158688e-02
1.555074757004007990e-01 4.295450255272421219e-02
1.671593503092994593e-01 4.441008860960854454e-02
1.791463885014297208e-01 4.580904656072989911e-02
1.914564421073111922e-01 4.714725988952425673e-02
2.040770073267182683e-01 4.842080370698975678e-02
2.169952398110231995e-01 4.962596180294559511e-02
2.301979704175987629e-01 5.075924207459417414e-02
2.436717215772090384e-01 5.181739029760702719e-02
2.574027242109362401e-01 5.279740222314720233e-02
2.713769351298337407e-01 5.369653400185650516e-02
2.855800548482093082e-01 5.451231095263792126e-02
2.999975457402403456e-01 5.524253470983378489e-02
3.146146504694937174e-01 5.588528879693396845e-02
3.294164106218388510e-01 5.643894268806694259e-02
3.443876854741483862e-01 5.690215443007327900e-02
3.595131708340031373e-01 5.727387190780686144e-02
3.747774178892638863e-01 5.755333284335347604e-02
3.901648520107344198e-01 5.774006362603214398e-02
4.056597914560932105e-01 5.783387707431239533e-02
4.212464659286875857e-01 5.783486923313713168e-02
4.369090349505209137e-01 5.774341531061431138e-02
4.526316060146850506e-01 5.756016485668892513e-02
4.683982524884463539e-01 5.728603628332271103e-02
4.841930312440577699e-01 5.692221082100941409e-02
5.000000000000001110e-01 5.647012600028578078e-02
5.158032343606423487e-01 5.593146873943137531e-02
5.315868445471415571e-01 5.530816811097374885e-02
5.473349918166841022e-01 5.460238785013746265e-02
5.630319045708410686e-01 5.381651865821401870e-02
5.786618941567928109e-01 5.295317034321511684e-02
5.942093703674621308e-01 5.201516382933639437e-02
6.096588566481525584e-01 5.100552305593506613e-02
6.249950050181216632e-01 4.992746677614363915e-02
6.402026107156684187e-01 4.878440025512092992e-02
6.552666265748050556e-01 4.757990685849121382e-02
6.701721771404903771e-01 4.631773951293244318e-02
6.849045725277916885e-01 4.500181201331734243e-02
6.994493220283044543e-01 4.363619014443746724e-02
7.137921474647886955e-01 4.222508258027171668e-02
7.279189962923847679e-01 4.077283152009734957e-02
7.418160544420498992e-01 3.928390301854988581e-02
7.554697588991143853e-01 3.776287696605890032e-02
7.688668100072225675e-01 3.621443667692776647e-02
7.819941834854403639e-01 3.464335804467080088e-02
7.948391421441504123e-01 3.305449822801660720e-02
8.073892472835098033e-01 3.145278383616289392e-02
8.196323697568551614e-01 2.984319858832024802e-02
8.315567006805129058e-01 2.823077043018520221e-02
8.431507617710625180e-01 2.662055809859826053e-02
8.544034152912369784e-01 2.501763713509712328e-02
8.653038735863066711e-01 2.342708535920227236e-02
8.758417081940099713e-01 2.185396782287626558e-02
8.860068585127934826e-01 2.030332127848442567e-02
8.957896400152938199e-01 1.878013820355813740e-02
9.051807519965796578e-01 1.728935043650971573e-02
9.141712848495772148e-01 1.583581248798731494e-02
9.227527268632897961e-01 1.442428460258237365e-02
9.309169705427762231e-01 1.305941565493701217e-02
9.386563184532972226e-01 1.174572597277052759e-02
9.459634885944848692e-01 1.048759018679751125e-02
9.528316193137302825e-01 9.289220213802717660e-03
9.592542737711551304e-01 8.154648484157124566e-03
9.652254439714120782e-01 7.087711528698838193e-03
9.707395543801113913e-01 6.092034042090764545e-03
9.757914651447936460e-01 5.171013540447710367e-03
9.803764749420160740e-01 4.327805730171120288e-03
9.844903234732590436e-01 3.565310702534147530e-03
9.881291936329331671e-01 2.886160064638283902e-03
9.912897133717800680e-01 2.292705111964665754e-03
9.939689572783981797e-01 1.787006140922834437e-03
9.961644479005055119e-01 1.370822991651765533e-03
9.978741568258877592e-01 1.045606901952405264e-03
9.990965055408400630e-01 8.124937427544517629e-04
9.998303660813108173e-01 6.722986940831245182e-04
1.000000000000000000e+00 6.255124082467498252e-04
