1.000000000000000000e+00 -2.308804889840077295e-03
9.996769426973478589e-01 -2.364287976399418421e-03
9.989309097399123871e-01 -2.530566354290306446e-03
9.976883519762858032e-01 -2.807128614405586618e-03
9.959505141743840717e-01 -3.193126509000604376e-03
9.937191370519912192e-01 -3.687381032925598871e-03
9.909964553268146847e-01 -4.288390798783997711e-03
9.877851952198047902e-01 -4.994342570398097383e-03
9.840885714193481348e-01 -5.803123784367634520e-03
9.799102835154259727e-01 -6.712336857928690066e-03
9.752545119141958763e-01 -7.719315053324360583e-03
9.701259132446911071e-01 -8.821139644986467424e-03
9.645296152704104786e-01 -1.001465811643205937e-02
9.584712113195000827e-01 -1.129650309925277728e-02
9.519567542479806521e-01 -1.266311175720118143e-02
9.449927499510457629e-01 -1.411074531432192185e-02
9.375861504378624200e-01 -1.563550842744682035e-02
9.297443464855181805e-01 -1.723336811015743070e-02
9.214751598877946037e-01 -1.890017192742420721e-02
9.127868353143255842e-01 -2.063166519737239663e-02
9.036880317953951414e-01 -2.242350695871132837e-02
8.941878138471864856e-01 -2.427128448895165408e-02
8.842956422517077586e-01 -2.617052618915434795e-02
8.740213645049180746e-01 -2.811671268511083469e-02
8.633752049457599220e-01 -3.010528603195287284e-02
8.523677545779169140e-01 -3.213165694860231625e-02
8.410099605951614210e-01 -3.419121004950341491e-02
8.293131156201563048e-01 -3.627930708304585861e-02
8.172888466655735540e-01 -3.839128822820928738e-02
8.049491038253853148e-01 -4.052247154254061401e-02
7.923061487032105887e-01 -4.266815069483143041e-02
7.793725425836927068e-01 -4.482359115409880607e-02
7.661611343520314810e-01 -4.698402504197415896e-02
7.526850481660631864e-01 -4.914464488771258521e-02
7.389576708846469222e-01 -5.130059655315930001e-02
7.249926392556254040e-01 -5.344697161857826090e-02
7.108038268662955073e-01 -5.557879953880998092e-02
6.964053308591230396e-01 -5.769103989237214791e-02
6.818114584154475466e-01 -5.977857505354190748e-02
6.670367130100735009e-01 -6.183620361895276335e-02
6.520957804400037139e-01 -6.385863491567406180e-02
6.370035146310953911e-01 -6.584048490710617263e-02
6.217749232271339022e-01 -6.777627379639658556e-02
6.064251529666965235e-01 -6.966042560464787148e-02
5.909694748542329013e-01 -7.148726997322579768e-02
5.754232691329767002e-01 -7.325104640636384556e-02
5.598020100686466050e-01 -7.494591113246482084e-02
5.441212505543439049e-01 -7.656594672056778184e-02
5.283966065486018771e-01 -7.810517454300779094e-02
5.126437413601765414e-01 -7.955757012703337794e-02
4.968783497948422445e-01 -8.091708138780770443e-02
4.811161421811620542e-01 -8.217764968359481115e-02
4.653728282939137428e-01 -8.333323358184102636e-02
4.496641011955239131e-01 -8.437783517314338677e-02
4.340056210174944029e-01 -8.530552871959384831e-02
4.184129987053451516e-01 -8.611049137554502297e-02
4.029017797520369482e-01 -8.678703567326295776e-02
3.874874279461408833e-01 -8.732964342401144942e-02
3.721853091621689646e-01 -8.773300064757202921e-02
3.570106752214531332e-01 -8.799203311072860412e-02
3.419786478527319096e-01 -8.810194202843686651e-02
3.271042027821645659e-01 -8.805823946078006337e-02
3.124021539828248373e-01 -8.785678292482593243e-02
2.978871381138201158e-01 -8.749380873347346876e-02
2.835735991790280242e-01 -8.696596357355859674e-02
2.694757734350416434e-01 -8.627033384299287455e-02
2.556076745772613568e-01 -8.540447228156240744e-02
2.456988736284141939e-01 -8.608135945942355094e-02
2.330152008010136777e-01 -8.536696663194548451e-02
2.206289603281086364e-01 -8.455204795674067797e-02
2.085434687280833255e-01 -8.363658446154000059e-02
1.967613496761099479e-01 -8.262015095802792419e-02
1.852846542690216869e-01 -8.150196247392088589e-02
1.741149888682539115e-01 -8.028091915070105500e-02
1.632536479063644574e-01 -7.895564816234884598e-02
1.527017487947470997e-01 -7.752454149497392533e-02
1.424603659200329997e-01 -7.598578875877773364e-02
1.325306606764405093e-01 -7.433740456453870327e-02
1.229140045568937883e-01 -7.257725036668628837e-02
1.136120925161629575e-01 -7.070305103306651073e-02
1.046270441167330839e-01 -6.871240672748357703e-02
9.596149035828889506e-02 -6.660280096711715392e-02
8.761864455499168702e-02 -6.437160592873820975e-02
7.960235613755758943e-02 -6.201608621571746971e-02
7.191714679388670761e-02 -5.953340235783626672e-02
6.456822889670360555e-02 -5.692061529888116367e-02
5.756150667491308909e-02 -5.417469303886820325e-02
5.090356104574016854e-02 -5.129252044856769804e-02
4.460161941991246104e-02 -4.827091307689805599e-02
3.866351210972873015e-02 -4.510663554164801720e-02
3.309761720250209427e-02 -4.179642484634204375e-02
2.791279590714504724e-02 -3.833701871573720610e-02
2.311832044162217409e-02 -3.472518880271959624e-02
1.872379650934995199e-02 -3.095777840124231892e-02
1.473908232194477350e-02 -2.703174411167484983e-02
1.117420597453215592e-02 -2.294420075188782077e-02
8.039282779738417956e-03 -1.869246869209129774e-02
5.344433929510977732e-03 -1.427412271385050668e-02
3.099707591834569790e-03 -9.687041451565864963e-03
1.315003273435592880e-03 -4.929456464098634118e-03
0.000000000000000000e+00 0.000000000000000000e+00
-8.215636391671928950e-04 5.035332516548246019e-03
-1.126436020106128758e-03 1.010952017017303917e-02
-9.063985325909744602e-04 1.522086469267585479e-02
-1.539840942161819701e-04 2.036605923974815074e-02
1.137453430330185623e-03 2.554019240066175700e-02
2.973666949366506225e-03 3.073677092272780395e-02
5.359441551902722686e-03 3.594776140582360557e-02
8.298518429746749858e-03 4.116365105414607900e-02
1.179351841591199865e-02 4.637352738573879973e-02
1.584586650234437108e-02 5.156517659171553497e-02
2.045571893604581498e-02 5.672520000407333535e-02
2.562189469183619520e-02 6.183914787271677094e-02
3.134181327027869141e-02 6.689166937009607961e-02
3.761144085906755613e-02 7.186667743939359476e-02
4.442524691492860667e-02 7.674752678590536503e-02
5.177617316224970845e-02 8.151720299033099471e-02
5.965561685849887774e-02 8.615852040884602880e-02
6.805342994299323767e-02 9.065432623198120543e-02
7.695793536714938543e-02 9.498770781775434102e-02
8.635596150831957585e-02 9.914220020993180782e-02
9.623289510814662939e-02 1.031019906147534471e-01
1.065727526673170694e-01 1.068521165519693422e-01
1.173582696930998981e-01 1.103786544284253018e-01
1.285710066585556699e-01 1.136688954102181015e-01
1.401914700187054386e-01 1.167115056930409234e-01
1.521992461649468165e-01 1.194966685847093091e-01
1.645731458080943732e-01 1.220162062085337201e-01
1.772913559822889007e-01 1.242636790959159854e-01
1.903315966709137885e-01 1.262344624421974926e-01
2.036712789794436484e-01 1.279257983298478507e-01
2.172876618197606691e-01 1.293368237551758559e-01
2.311580042199898877e-01 1.304685748072327844e-01
2.452597106212149325e-01 1.313239678210915973e-01
2.626386513210236529e-01 1.330868119247196335e-01
2.765337268254116077e-01 1.330592637834127900e-01
2.906471092558993163e-01 1.328470662324065243e-01
3.049649712513993749e-01 1.324535624478382911e-01
3.194732933324974655e-01 1.318825752919688954e-01
3.341578769725442877e-01 1.311383797850536881e-01
3.490043577723207502e-01 1.302256728585899914e-01
3.639982187393177027e-01 1.291495408562119973e-01
3.791248036729764070e-01 1.279154252633675770e-01
3.943693306573168300e-01 1.265290871544267892e-01
4.097169056622386729e-01 1.249965708460628877e-01
4.251525362544242292e-01 1.233241672387276056e-01
4.406611454182014498e-01 1.215183773140641743e-01
4.562275854859618729e-01 1.195858762354893995e-01
4.718366521767731192e-01 1.175334784723730541e-01
4.874730987407098759e-01 1.153681043357719926e-01
5.031216502051579775e-01 1.130967482761410237e-01
5.187670177179517506e-01 1.107264492515228627e-01
5.343939129807115940e-01 1.082642634291424294e-01
5.499870627641706422e-01 1.057172394348884076e-01
5.655312234956578754e-01 1.030923963146611610e-01
5.810111959072544741e-01 1.003967043198479014e-01
5.964118397314919218e-01 9.763706857709250619e-02
6.117180884298462074e-01 9.482031565089917013e-02
6.269149639377211702e-01 9.195318295726767621e-02
6.419875914081339952e-01 8.904231093828943178e-02
6.569212139349439594e-01 8.609423786218758923e-02
6.717012072352180896e-01 8.311539707134579791e-02
6.863130942692305947e-01 8.011211646306558298e-02
7.007425597756576918e-01 7.709061995467400563e-02
7.149754646987773743e-01 7.405703065662871953e-02
7.289978604839213450e-01 7.101737545482500469e-02
7.427960032170687343e-01 6.797759068666872628e-02
7.563563675843081313e-01 6.494352858483337654e-02
7.696656606269655088e-01 6.192096415804008991e-02
7.827108352684380987e-01 5.891560217968137142e-02
7.954791035892625484e-01 5.593308396251801817e-02
8.079579498275912819e-01 5.297899361081132019e-02
8.201351430831161915e-01 5.005886345979738278e-02
8.319987497034959656e-01 4.717817843596169847e-02
8.435371453335273051e-01 4.434237909967891911e-02
8.547390266086305477e-01 4.155686316387094403e-02
8.655934224756518525e-01 3.882698531781960533e-02
8.760897051255415180e-01 3.615805522348456563e-02
8.862176005240817167e-01 3.355533359191326809e-02
8.959671985285041496e-01 3.102402628888836084e-02
9.053289625795523099e-01 2.856927646105821006e-02
9.142937389602363574e-01 2.619615471573889104e-02
9.228527656142206936e-01 2.390964742858516651e-02
9.309976805184256854e-01 2.171464329271503846e-02
9.387205296060012749e-01 1.961591825994731669e-02
9.460137742373224690e-01 1.761811905894184946e-02
9.528702982180389247e-01 1.572574550562549564e-02
9.592834143644809464e-01 1.394313184784855449e-02
9.652468706178410907e-01 1.227442740827629740e-02
9.707548557095344588e-01 1.072357680673390219e-02
9.758020043809577659e-01 9.294300055300887264e-03
9.803834021615173144e-01 7.990072826208113183e-03
9.844945897092829412e-01 6.814107193932728186e-03
9.881315667189426444e-01 5.769333148801635697e-03
9.912907954018741474e-01 4.858381170011360183e-03
9.939692035431465511e-01 4.083566131416681635e-03
9.961641871400939152e-01 3.446872794015715721e-03
9.978736126267941930e-01 2.949943115117104660e-03
9.990958186883591718e-01 2.594065576148745899e-03
9.998296176683837411e-01 2.380166699459676342e-03
1.000000000000000000e+00 2.308804889840077295e-03
