1.000000000000000000e+00 -1.453736438716371785e-03
9.995293647920177049e-01 -1.456694020667702490e-03
9.987719441397414633e-01 -1.465634027716864775e-03
9.975105875569314495e-01 -1.480758198009265222e-03
9.957468092057666365e-01 -1.502402602454553380e-03
9.934827237491330454e-01 -1.531037378378805568e-03
9.907210412429284796e-01 -1.567266302543976302e-03
9.874650606483451609e-01 -1.611826150853982748e-03
9.837186620212977628e-01 -1.665585779003795307e-03
9.794862974463535155e-01 -1.729544846721197890e-03
9.747729807913096955e-01 -1.804832098375125024e-03
9.695842763657752661e-01 -1.892703104833966081e-03
9.639262865726189178e-01 -1.994537365773978166e-03
9.578056386448694504e-01 -2.111834668348121571e-03
9.512294705625469193e-01 -2.246210597385639440e-03
9.442054162439764697e-01 -2.399391094203094828e-03
9.367415901044576776e-01 -2.573205965742271159e-03
9.288465710718146751e-01 -2.769581253121405906e-03
9.205293861434918901e-01 -2.990530378769937214e-03
9.117994935636912768e-01 -3.238144004031509593e-03
9.026667656917504168e-01 -3.514578544337104010e-03
8.931414716248400332e-01 -3.822043306596661916e-03
8.832342596293523140e-01 -4.162786233099778979e-03
8.729561394263755103e-01 -4.539078257689163620e-03
8.623184643676905514e-01 -4.953196302950123309e-03
8.513329135300995443e-01 -5.407404971296794066e-03
8.400114737478848737e-01 -5.903937007727406983e-03
8.283664215960732102e-01 -6.444972637259495374e-03
8.164103053312106173e-01 -7.032617905172681289e-03
8.041559267917304243e-01 -7.668882172744837661e-03
7.916163232569033426e-01 -8.355654944665003026e-03
7.788047492619348811e-01 -9.094682226297286232e-03
7.657346583670611162e-01 -9.887542628968210012e-03
7.524196848805464466e-01 -1.073562345901701159e-02
7.388736255392286401e-01 -1.164009704106796356e-02
7.251104211556093082e-01 -1.260189753745806496e-02
7.111441382472942774e-01 -1.362169853365746697e-02
6.969889506726058004e-01 -1.469989166355849253e-02
6.826591213052086715e-01 -1.583656654846310116e-02
6.681689837902404783e-01 -1.703149231931035124e-02
6.535329244344391109e-01 -1.828410098307460541e-02
6.387653642926921504e-01 -1.959347288132726184e-02
6.238807415229555842e-01 -2.095832447176730964e-02
6.088934940901808979e-01 -2.237699864224941548e-02
5.937472732487097948e-01 -2.384343202506111759e-02
5.784179236652232658e-01 -2.531933344319575035e-02
5.630192727628050564e-01 -2.679292676095890516e-02
5.475662043693356740e-01 -2.826056381082122856e-02
5.320736026699824928e-01 -2.971840137856212108e-02
5.165563376369819437e-01 -3.116240982834172363e-02
5.010292508473193074e-01 -3.258838417248773045e-02
4.855071417370778186e-01 -3.399195754672236502e-02
4.700047543372886660e-01 -3.536861701567613897e-02
4.545367645310067206e-01 -3.671372159800072310e-02
4.391177678651026484e-01 -3.802252236576968147e-02
4.237622679430046446e-01 -3.929018443970579144e-02
4.084846654164593915e-01 -4.051181067062893659e-02
3.932992475854587555e-01 -4.168246676890422636e-02
3.782201786059770643e-01 -4.279720761805781010e-02
3.632614902952732150e-01 -4.385110448655831633e-02
3.484370735144464715e-01 -4.483927283342142855e-02
3.337606700979161012e-01 -4.575690038910965041e-02
3.192458652897554039e-01 -4.659927518344111202e-02
3.049060806375778476e-01 -4.736181318708231752e-02
2.907545672861742703e-01 -4.804008523281651233e-02
2.768043996055508660e-01 -4.862984288720064580e-02
2.630684690816189053e-01 -4.912704295243655594e-02
2.495594783927160276e-01 -4.952787029218924664e-02
2.362899355915498711e-01 -4.982875869352763887e-02
2.232721483101736959e-01 -5.002640949990000419e-02
2.105182179053166625e-01 -5.011780777679020193e-02
1.980400334628612813e-01 -5.010023580206936916e-02
1.858492655834994567e-01 -4.997128370663642821e-02
1.739573598765806195e-01 -4.972885712727029284e-02
1.623755300958452108e-01 -4.937118177217446335e-02
1.511147508589991695e-01 -4.889680483994731514e-02
1.401857499028065779e-01 -4.830459327407631703e-02
1.295989998363852036e-01 -4.759372887695108301e-02
1.193647093674826271e-01 -4.676370034921468327e-02
1.094928139894619512e-01 -4.581429236143023942e-02
9.999296613029917680e-02 -4.474557180494322106e-02
9.087452477879752466e-02 -4.355787140689297565e-02
8.214654461721608569e-02 -4.225177093003330830e-02
7.381776470327494621e-02 -4.082807621084126593e-02
6.589659675778077041e-02 -3.928779631886494816e-02
5.839111312662969427e-02 -3.763211914595600283e-02
5.130903449742354322e-02 -3.586238575558671482e-02
4.465771746115088092e-02 -3.398006383955416015e-02
3.844414201810167353e-02 -3.198672064177796731e-02
3.267489913422007980e-02 -2.988399571642303201e-02
2.735617845930072081e-02 -2.767357389011441612e-02
2.249375632166228378e-02 -2.535715879551164731e-02
1.809298411512442681e-02 -2.293644733600668645e-02
1.415877719321391101e-02 -2.041310542889821986e-02
1.069560438253907078e-02 -1.778874535723877839e-02
7.707478222245150480e-03 -1.506490503888750429e-02
5.197946029469048893e-03 -1.224302949541221028e-02
3.170081881891562755e-03 -9.324454773734737120e-03
1.626479597981111361e-03 -6.310394540191881230e-03
5.692467835482075767e-04 -3.201929530454915296e-03
0.000000000000000000e+00 0.000000000000000000e+00
-7.580714927980759191e-05 3.251263348770394405e-03
3.467919737473295618e-04 6.507559455669068016e-03
1.267953515028440951e-03 9.767437640169058730e-03
2.687352656053186226e-03 1.302896861665777187e-02
4.604181182617190192e-03 1.628975527281951649e-02
7.017144888772208940e-03 1.954694772242205822e-02
9.924460868038765399e-03 2.279726247021036586e-02
1.332385475624449887e-02 2.603700548294901607e-02
1.721255800139476211e-02 2.926209891960396270e-02
2.158730524554574801e-02 3.246811123571712032e-02
2.644433191155446533e-02 3.565029034269033559e-02
3.177937209364697924e-02 3.880359947236104029e-02
3.758765685486797903e-02 4.192275537130678992e-02
4.386391303655710200e-02 4.500226842805536698e-02
5.060236268500251794e-02 4.803648432005669378e-02
5.779672319835565258e-02 5.101962675607145392e-02
6.544020829278152096e-02 5.394584088365647623e-02
7.352552988076883900e-02 5.680923693072738312e-02
8.204490094664075583e-02 5.960393365471949867e-02
9.099003949475348296e-02 6.232410118254935738e-02
1.003521736348476356e-01 6.496400283923425834e-02
1.101220478567282307e-01 6.751803558241560588e-02
1.202899305331552038e-01 6.998076868385375016e-02
1.308456226757820917e-01 7.234698032685878133e-02
1.417784679544533688e-01 7.461169182017152179e-02
1.530773639754660631e-01 7.677019916355699858e-02
1.647307747997676652e-01 7.881810173779910111e-02
1.767267446678111309e-01 8.075132793136088893e-02
1.890529128841624551e-01 8.256615755712090610e-02
2.016965298022103115e-01 8.425924095472706044e-02
2.146444738376956096e-01 8.582761471662861408e-02
2.278832694294536942e-01 8.726871401815004814e-02
2.413991058569130987e-01 8.858038157346881381e-02
2.551778568166661043e-01 8.976087327947041006e-02
2.692051006549023850e-01 9.080886064763471488e-02
2.834661411487530702e-01 9.172343015982965808e-02
2.979460287276416430e-01 9.250407971668364593e-02
3.126295820255668989e-01 9.315071237664254711e-02
3.275014096567927524e-01 9.366362760951707500e-02
3.425459321106061883e-01 9.404351030998370220e-02
3.577474036654976208e-01 9.429141783386313369e-02
3.730899342291683074e-01 9.440876533289072059e-02
3.885575110179989577e-01 9.439730967200393730e-02
4.041340199978162295e-01 9.425913221687208521e-02
4.198032670167647362e-01 9.399662077851762831e-02
4.355489985705932043e-01 9.361245099654443014e-02
4.513549221504790654e-01 9.310956743287314430e-02
4.672047261333981960e-01 9.249116463423920353e-02
4.830820991847941115e-01 9.176066840434256300e-02
4.989707491526808592e-01 9.092171750582105083e-02
5.148544214411463482e-01 8.997814598856618273e-02
5.307169168593309783e-01 8.893396631476896408e-02
5.465421089491788731e-01 8.779335342297747702e-02
5.623139608014994240e-01 8.656062984387712100e-02
5.780165413750079084e-01 8.524025195001530553e-02
5.936340413370150282e-01 8.383679739082842974e-02
6.092497473063618330e-01 8.234613827896440641e-02
6.248091456418994882e-01 8.073607086750544948e-02
6.402257417465372358e-01 7.900851086570528925e-02
6.554840699405085624e-01 7.716990988346077163e-02
6.705689364550511122e-01 7.522697258362387451e-02
6.854654313794694698e-01 7.318664168451716190e-02
7.001589399621749310e-01 7.105608315277001097e-02
7.146351533177786042e-01 6.884267148681749715e-02
7.288800785839374408e-01 6.655397497890076786e-02
7.428800485624870165e-01 6.419774083452273183e-02
7.566217308698248711e-01 6.178188002317381439e-02
7.700921366119358735e-01 5.931445173279331629e-02
7.832786285901959245e-01 5.680364730284643421e-02
7.961689290355697946e-01 5.425777351695840189e-02
8.087511268612461723e-01 5.168523514558399923e-02
8.210136844174791282e-01 4.909451664195439713e-02
8.329454437275790601e-01 4.649416291022314546e-02
8.445356321808038524e-01 4.389275908298980594e-02
8.557738676564479174e-01 4.129890926579231347e-02
8.666501630537212231e-01 3.872121422831648063e-02
8.771549302040840823e-01 3.616824804550466260e-02
8.872789831464371613e-01 3.364853371598596626e-02
8.970135407508506020e-01 3.117051780983239734e-02
9.063502286831970345e-01 2.874254422207199802e-02
9.152810807108706648e-01 2.637282713223326053e-02
9.237985393585234073e-01 2.406942329298263766e-02
9.318954559321291908e-01 2.184020379225138503e-02
9.395650899394060174e-01 1.969282545274664981e-02
9.468011079443917621e-01 1.763470205005716884e-02
9.535975819034726575e-01 1.567297554539148416e-02
9.599489870391115787e-01 1.381448754109014347e-02
9.658501993156326515e-01 1.206575117620474827e-02
9.712964925884502998e-01 1.043292368550226973e-02
9.762835355038439467e-01 8.921779848117723094e-03
9.808073882305897717e-01 7.537686551699594034e-03
9.848644991073333133e-01 6.285578694271325324e-03
9.884517012904022737e-01 5.169936639212339285e-03
9.915662094857603526e-01 4.194765428858037229e-03
9.942056168460047250e-01 3.363575949361144110e-03
9.963678921087113505e-01 2.679368223842871002e-03
9.980513770461485468e-01 2.144616992717442334e-03
9.992547842885300957e-01 1.761259719660930069e-03
9.999771955737138951e-01 1.530687139307364449e-03
1.000000000000000000e+00 1.453736438716371785e-03
