1.000000000000000000e+00 -6.177658256852687924e-04
9.996263832289805640e-01 -5.854119583808405991e-04
9.988764615081480169e-01 -4.884760776951843284e-04
9.976274885144568172e-01 -3.273349838872893834e-04
9.958808074932624654e-01 -1.026154638889320613e-04
9.936382958665949117e-01 1.848075361774871150e-04
9.909023621369248414e-01 5.338134836949230428e-04
9.876759419417725505e-01 9.430395911169508604e-04
9.839624932847951255e-01 1.410884923159574445e-03
9.797659909736238237e-01 1.935515298899400955e-03
9.750909202987740887e-01 2.514869009887863403e-03
9.699422699913308188e-01 3.146663376429109302e-03
9.643255244997668285e-01 3.828402164334134255e-03
9.582466556281572512e-01 4.557383883677329148e-03
9.517121135791666298e-01 5.330710989294005012e-03
9.447288174455233944e-01 6.145299999929575673e-03
9.373041451932778712e-01 6.997892549060623704e-03
9.294459231789895526e-01 7.885067375460436123e-03
9.211624152411761468e-01 8.803253255592358509e-03
9.124623114039536187e-01 9.748742872925363415e-03
9.033547162278838805e-01 1.071770761134112002e-02
8.938491368397274428e-01 1.170621325101742563e-02
8.839554706691974406e-01 1.271023653563426586e-02
8.736839929170280294e-01 1.372568256957344517e-02
8.630453437748408785e-01 1.474840299311029786e-02
8.520505154135404879e-01 1.577421487257644334e-02
8.407108387534222294e-01 1.679892023127885214e-02
8.290379700259247198e-01 1.781832613576616459e-02
8.170438771341586026e-01 1.882826524103239224e-02
8.047408258170406503e-01 1.982461668763060153e-02
7.921413656201644615e-01 2.080332723363888595e-02
7.792583156755152896e-01 2.176043249516859332e-02
7.661047502918025831e-01 2.269207816083239349e-02
7.526939843575883859e-01 2.359454103847762746e-02
7.390395585605170625e-01 2.446424978671664016e-02
7.251552244277723602e-01 2.529780517951253985e-02
7.110549291953870421e-01 2.609199974944365757e-02
6.967528005170728900e-01 2.684383665439979416e-02
6.822631310268207905e-01 2.755054761344589292e-02
6.676003627734493628e-01 2.820960976049862595e-02
6.527790715494893314e-01 2.881876126933096902e-02
6.378139511411133888e-01 2.937601561025753039e-02
6.227197975301179689e-01 2.987967430763021487e-02
6.075114930830820548e-01 3.032833807792911784e-02
5.922039907666196701e-01 3.072091624067095281e-02
5.768122984309490553e-01 3.105663430845069517e-02
5.613514632066950449e-01 3.133503967801933021e-02
5.458365560617882695e-01 3.155600536119484295e-02
5.302826565664081615e-01 3.171973171238753192e-02
5.147048379140680696e-01 3.182674612835730693e-02
4.991181522460640396e-01 3.187790071525121310e-02
4.835376163245979075e-01 3.187436793772282367e-02
4.679781975968999030e-01 3.181763428472825228e-02
4.524548006886526252e-01 3.170949200614299468e-02
4.369822543600028197e-01 3.155202899336113920e-02
4.215752989515055282e-01 3.134761689524666328e-02
4.062485743405999106e-01 3.109889757793863480e-02
3.911268911348820265e-01 3.079216531120258435e-02
3.761921714013196083e-01 3.036082418198247923e-02
3.613816200980762283e-01 2.980248498783575825e-02
3.467082345886762784e-01 2.912331096750561329e-02
3.321848453394020129e-01 2.832995233365778048e-02
3.178241165729391304e-01 2.742951310581625765e-02
3.036385474805468609e-01 2.642951677054141899e-02
2.896404738144072732e-01 2.533787098627716949e-02
2.758420696751684997e-01 2.416283154076092135e-02
2.622553493069310071e-01 2.291296575781949507e-02
2.488921687130522808e-01 2.159711553817870305e-02
2.357642269110933608e-01 2.022436020598961451e-02
2.228830666538165473e-01 1.880397931948622411e-02
2.102600744551243184e-01 1.734541559086206358e-02
1.979064797748733007e-01 1.585823804737060763e-02
1.858333532342328343e-01 1.435210555304732016e-02
1.740516037532527094e-01 1.283673079849925042e-02
1.625719745241261949e-01 1.132184485504724933e-02
1.514050377568061378e-01 9.817162379219715462e-03
1.405611881576892264e-01 8.332347544230206404e-03
1.300506351265717786e-01 6.876980766633893072e-03
1.198833936815409257e-01 5.460526288827670383e-03
1.100692741454837031e-01 4.092300671390675798e-03
1.006178706510817977e-01 2.781442243395940844e-03
9.153854854312561129e-02 1.536881553683023399e-03
8.284043077743311057e-02 3.673128615904568128e-04
7.453238343427147361e-02 -7.188332982800277327e-04
6.662300048072640479e-02 -1.713416446135318516e-03
5.912058793072004492e-02 -2.608611353793945792e-03
5.203314756316726464e-02 -3.396932082801297145e-03
4.536836036795984656e-02 -4.071254840838223546e-03
3.913356989596824403e-02 -4.624839635572851673e-03
3.333576569299934178e-02 -5.051350707083181527e-03
2.798156699863049018e-02 -5.344875721796515586e-03
2.307720688905235545e-02 -5.499943712577854554e-03
1.862851703856405194e-02 -5.511541751166552580e-03
1.464091326724165087e-02 -5.375130340621193242e-03
1.111938203266417402e-02 -5.086657516788020000e-03
8.068468011579345636e-03 -4.642571649059189058e-03
5.492262903185065291e-03 -4.039832931826018401e-03
3.394395569509967535e-03 -3.275923559052690455e-03
1.778023610402793735e-03 -2.348856575284369481e-03
6.458264511508917706e-04 -1.257183397148980411e-03
0.000000000000000000e+00 0.000000000000000000e+00
-1.523868168824917316e-04 1.405169634428375452e-03
1.952479613256472967e-04 2.940107959172441089e-03
1.043639827410035954e-03 4.603641148469132284e-03
2.393035782337169827e-03 6.393764174602707857e-03
4.243191393282995036e-03 8.307648791023889562e-03
6.593367238647105701e-03 1.034165576941608981e-02
9.442324794011025535e-03 1.249135131733793841e-02
1.278832183280487027e-02 1.475152758170168547e-02
1.662910743400469044e-02 1.711622712253470235e-02
2.096191670621597863e-02 1.957877122128172387e-02
2.578346535277520335e-02 2.213179186841985474e-02
3.108994421578040873e-02 2.476726725643439014e-02
3.687701394805901339e-02 2.747656058632224479e-02
4.313979997081338058e-02 3.025046197881314097e-02
4.987288788091216729e-02 3.307923326550218923e-02
5.707031947541001127e-02 3.595265542014414867e-02
6.472558956178499356e-02 3.886007837654000679e-02
7.283164372055181413e-02 4.179047296683510715e-02
8.138087718231266920e-02 4.473248470272057908e-02
9.036513497397086203e-02 4.767448911207380902e-02
9.977571347882588371e-02 5.060464833508093729e-02
1.096033635426699321e-01 5.351096867694483949e-02
1.198382952429686427e-01 5.638135880899702163e-02
1.304701844208994432e-01 5.920368830650254988e-02
1.414881810566464004e-01 6.196584620977134417e-02
1.528809195471850790e-01 6.465579929547750349e-02
1.646365309230955754e-01 6.726164974742818159e-02
1.767426570170777533e-01 6.977169192051610458e-02
1.891864665721504357e-01 7.217446789830779530e-02
2.019546732524026555e-01 7.445882155372474109e-02
2.150335554940527583e-01 7.661395083361208225e-02
2.284089781099102046e-01 7.862945800166069865e-02
2.420664155365768455e-01 8.049539759013499274e-02
2.559909765913540025e-01 8.220232182909008312e-02
2.701674305852847513e-01 8.374132334212444628e-02
2.845802346205200672e-01 8.510407492004293251e-02
2.992135618846726297e-01 8.628286620788165606e-02
3.140513307423831724e-01 8.727063716629190893e-02
3.290772344153068407e-01 8.806100819496931464e-02
3.442747710363763813e-01 8.864830683326671568e-02
3.596272738626946075e-01 8.902759098092032086e-02
3.751179414338257634e-01 8.919466860949382125e-02
3.907298674685756867e-01 8.914611396222742179e-02
4.063701110736757105e-01 8.888783315359602422e-02
4.219902360082638526e-01 8.849422011839239155e-02
4.376845120756930330e-01 8.798337717247529943e-02
4.534368859928331608e-01 8.735608721816949529e-02
4.692312828737869590e-01 8.661349558768544066e-02
4.850516245972740226e-01 8.575710438272610148e-02
5.008818477539361824e-01 8.478876595141543460e-02
5.167059211640602223e-01 8.371067558688308208e-02
5.325078629629053095e-01 8.252536352473860415e-02
5.482717572567262776e-01 8.123568630855002026e-02
5.639817703576094354e-01 7.984481758353013936e-02
5.796221666092821190e-01 7.835623836917299245e-02
5.951773238191051529e-01 7.677372685181534095e-02
6.106317483134606761e-01 7.510134772827023464e-02
6.259700896347371035e-01 7.334344112203555754e-02
6.411771548981159974e-01 7.150461108435210433e-02
6.562379228254583419e-01 6.958971368379354705e-02
6.711375574718422277e-01 6.760384468031618854e-02
6.858614216578573508e-01 6.555232677295697030e-02
7.003950901177078414e-01 6.344069640480286265e-02
7.147243623696858394e-01 6.127469010458263393e-02
7.288352753117743887e-01 5.906023034135560179e-02
7.427141155411985940e-01 5.680341086735096745e-02
7.563474313927829318e-01 5.451048152408146524e-02
7.697220446871944066e-01 5.218783248841238342e-02
7.828250621766155160e-01 4.984197793828859524e-02
7.956438866723086756e-01 4.747953912223480677e-02
8.081662278359359464e-01 4.510722682247241683e-02
8.203801126145311429e-01 4.273182320841646675e-02
8.322738952977275506e-01 4.036016308529141033e-02
8.438362671752664967e-01 3.799911455148623218e-02
8.550562657730069738e-01 3.565555908787196998e-02
8.659232836465708960e-01 3.333637111245454920e-02
8.764270767134315632e-01 3.104839704423189434e-02
8.865577721065920347e-01 2.879843393076752384e-02
8.963058755359631924e-01 2.659320770459054281e-02
9.056622781470635708e-01 2.443935114387115956e-02
9.146182628706083229e-01 2.234338162272765660e-02
9.231655102608391505e-01 2.031167874579571653e-02
9.312961038249543133e-01 1.835046197016993591e-02
9.390025348505858238e-01 1.646576832535236179e-02
9.462777067428448374e-01 1.466343034827172209e-02
9.531149388868529471e-01 1.294905435564324379e-02
9.595079700558237779e-01 1.132799917982795813e-02
9.654509613884847408e-01 9.805355496831973106e-03
9.709384989628947471e-01 8.385925876105457949e-03
9.759655959963795535e-01 7.074205681317538054e-03
9.805276947033194634e-01 5.874364949285155665e-03
9.846206678438359505e-01 4.790231370725071131e-03
9.882408199969748841e-01 3.825274491507285428e-03
9.913848885917639908e-01 2.982591246671631620e-03
9.940500447285428587e-01 2.264892931686518854e-03
9.962338938212155215e-01 1.674493706379985743e-03
9.979344760886231791e-01 1.213300716755914008e-03
9.991502669201235420e-01 8.828059086495531303e-04
9.998801771367510360e-01 6.840795950117890606e-04
1.000000000000000000e+00 6.177658256852687924e-04
