1.000000000000000000e+00 -8.399999999999851813e-04
9.997532801828658000e-01 -8.630746463807125422e-04
9.990133642141357795e-01 -9.322335638909050835e-04
9.977809823015399981e-01 -1.047282140227523244e-03
9.960573506572389935e-01 -1.207897522886819223e-03
9.938441702975688852e-01 -1.413630845718527465e-03
9.911436253643444161e-01 -1.663910295668197172e-03
9.879583809693737173e-01 -1.958044970346950291e-03
9.842915805643155380e-01 -2.295229464475500789e-03
9.801468428384716436e-01 -2.674549111754986799e-03
9.755282581475768211e-01 -3.094985798526022833e-03
9.704403844771127829e-01 -3.555424256872135712e-03
9.648882429441257846e-01 -4.054658737761845586e-03
9.588773128419905145e-01 -4.591399959533453909e-03
9.524135262330097884e-01 -5.164282223610882488e-03
9.455032620941841159e-01 -5.771870587857946475e-03
9.381533400219318475e-01 -6.412667988472081464e-03
9.303710135019719329e-01 -7.085122203781895993e-03
9.221639627510076487e-01 -7.787632557712158635e-03
9.135402871372809708e-01 -8.518556266947573466e-03
9.045084971874737256e-01 -9.276214343857485528e-03
8.950775061878453176e-01 -1.005889697691217388e-02
8.852566213878947377e-01 -1.086486832145677414e-02
8.750555348152297963e-01 -1.169237064613089412e-02
8.644843137107058872e-01 -1.253962779371508435e-02
8.535533905932737309e-01 -1.340484792951991862e-02
8.422735529643443630e-01 -1.428622556535761971e-02
8.306559326618261352e-01 -1.518194286240033379e-02
8.187119948743448727e-01 -1.609017023155010981e-02
8.064535268264882983e-01 -1.700906626506982697e-02
7.938926261462365686e-01 -1.793677704786675667e-02
7.810416889260654028e-01 -1.887143491072772183e-02
7.679133974894984949e-01 -1.981115670071775803e-02
7.545207078751856589e-01 -2.075404165563227848e-02
7.408768370508578283e-01 -2.169816897962171046e-02
7.269952498697733745e-01 -2.264159522567944435e-02
7.128896457825364408e-01 -2.358235159743387807e-02
6.985739453173903657e-01 -2.451844128746601820e-02
6.840622763423390706e-01 -2.544783697207250381e-02
6.693689601226457953e-01 -2.636847858293527719e-02
6.545084971874738367e-01 -2.727827147449570638e-02
6.394955530196146931e-01 -2.817508510195975910e-02
6.243449435824275362e-01 -2.905675231880881781e-02
6.090716206982713654e-01 -2.992106939452713471e-02
5.936906572928624115e-01 -3.076579684308126256e-02
5.782172325201155871e-01 -3.158866114063860198e-02
5.626666167821522402e-01 -3.238735739725978613e-02
5.470541566592572735e-01 -3.315955303204213417e-02
5.313952597646567355e-01 -3.390289248465839372e-02
5.157053795390641460e-01 -3.461500297867436265e-02
5.000000000000001110e-01 -3.529350133371436660e-02
4.842946204609359651e-01 -3.593600180476037159e-02
4.686047402353434310e-01 -3.654012490791806039e-02
4.529458433407428930e-01 -3.710350717316696079e-02
4.373333832178479263e-01 -3.762381174623713465e-02
4.217827674798846904e-01 -3.809873974413047898e-02
4.063093427071378105e-01 -3.852604225222187179e-02
3.909283793017288566e-01 -3.890353283562390102e-02
3.756550564175726858e-01 -3.922910042384164520e-02
3.605044469803854179e-01 -3.950072241592944566e-02
3.454915028125263299e-01 -3.971647784360904376e-02
3.306310398773544268e-01 -3.987456042230810155e-02
3.159377236576611514e-01 -3.997329131499060412e-02
3.014260546826097453e-01 -4.001113143109636533e-02
2.871103542174636702e-01 -3.998669308297354841e-02
2.730047501302266255e-01 -3.989875082492114200e-02
2.591231629491425048e-01 -3.974625130536393880e-02
2.454792921248145632e-01 -3.952832197072519288e-02
2.320866025105017827e-01 -3.924427847016801613e-02
2.189583110739346528e-01 -3.889363062342841848e-02
2.061073738537634870e-01 -3.847608682930753199e-02
1.935464731735118682e-01 -3.799155680983896943e-02
1.812880051256552938e-01 -3.744015260447252497e-02
1.693440673381741424e-01 -3.682218774956597107e-02
1.577264470356556370e-01 -3.613817460076738930e-02
1.464466094067262691e-01 -3.538881977919856175e-02
1.355156862892943348e-01 -3.457501774638983144e-02
1.249444651847702037e-01 -3.369784253733256602e-02
1.147433786121054289e-01 -3.275853770545839039e-02
1.049224938121547934e-01 -3.175850455747532969e-02
9.549150281252632988e-02 -3.069928877944178361e-02
8.645971286271914025e-02 -2.958256557789418553e-02
7.783603724899246235e-02 -2.841012348093721954e-02
6.962898649802823359e-02 -2.718384696363832301e-02
6.184665997806820803e-02 -2.590569807955224110e-02
5.449673790581610611e-02 -2.457769729546815593e-02
4.758647376699032261e-02 -2.320190373928630867e-02
4.112268715800942998e-02 -2.178039508109117298e-02
3.511175705587432638e-02 -2.031524727482791545e-02
2.955961552288727257e-02 -1.880851439238298561e-02
2.447174185242323441e-02 -1.726220878323523472e-02
1.985315716152852294e-02 -1.567828179113715803e-02
1.570841943568446197e-02 -1.405860525451302530e-02
1.204161903062633820e-02 -1.240495400946638703e-02
8.856374635655639427e-03 -1.071898960356335896e-02
6.155829702431170336e-03 -9.002245415036563142e-03
3.942649342761117559e-03 -7.256113355903635355e-03
2.219017698460001853e-03 -5.481832318933727369e-03
9.866357858642205159e-04 -3.680478507661350505e-03
2.467198171341999924e-04 -1.852957766025103720e-03
0.000000000000000000e+00 0.000000000000000000e+00
2.467198171341999924e-04 1.852957766025103720e-03
9.866357858642205159e-04 3.680478507661350505e-03
2.219017698460001853e-03 5.481832318933727369e-03
3.942649342761117559e-03 7.256113355903635355e-03
6.155829702431170336e-03 9.002245415036563142e-03
8.856374635655639427e-03 1.071898960356335896e-02
1.204161903062633820e-02 1.240495400946638703e-02
1.570841943568446197e-02 1.405860525451302530e-02
1.985315716152852294e-02 1.567828179113715803e-02
2.447174185242323441e-02 1.726220878323523472e-02
2.955961552288727257e-02 1.880851439238298561e-02
3.511175705587432638e-02 2.031524727482791545e-02
4.112268715800942998e-02 2.178039508109117298e-02
4.758647376699032261e-02 2.320190373928630867e-02
5.449673790581610611e-02 2.457769729546815593e-02
6.184665997806820803e-02 2.590569807955224110e-02
6.962898649802823359e-02 2.718384696363832301e-02
7.783603724899246235e-02 2.841012348093721954e-02
8.645971286271914025e-02 2.958256557789418553e-02
9.549150281252632988e-02 3.069928877944178361e-02
1.049224938121547934e-01 3.175850455747532969e-02
1.147433786121054289e-01 3.275853770545839039e-02
1.249444651847702037e-01 3.369784253733256602e-02
1.355156862892943348e-01 3.457501774638983144e-02
1.464466094067262691e-01 3.538881977919856175e-02
1.577264470356556370e-01 3.613817460076738930e-02
1.693440673381741424e-01 3.682218774956597107e-02
1.812880051256552938e-01 3.744015260447252497e-02
1.935464731735118682e-01 3.799155680983896943e-02
2.061073738537634870e-01 3.847608682930753199e-02
2.189583110739346528e-01 3.889363062342841848e-02
2.320866025105017827e-01 3.924427847016801613e-02
2.454792921248145632e-01 3.952832197072519288e-02
2.591231629491425048e-01 3.974625130536393880e-02
2.730047501302266255e-01 3.989875082492114200e-02
2.871103542174636702e-01 3.998669308297354841e-02
3.014260546826097453e-01 4.001113143109636533e-02
3.159377236576611514e-01 3.997329131499060412e-02
3.306310398773544268e-01 3.987456042230810155e-02
3.454915028125263299e-01 3.971647784360904376e-02
3.605044469803854179e-01 3.950072241592944566e-02
3.756550564175726858e-01 3.922910042384164520e-02
3.909283793017288566e-01 3.890353283562390102e-02
4.063093427071378105e-01 3.852604225222187179e-02
4.217827674798846904e-01 3.809873974413047898e-02
4.373333832178479263e-01 3.762381174623713465e-02
4.529458433407428930e-01 3.710350717316696079e-02
4.686047402353434310e-01 3.654012490791806039e-02
4.842946204609359651e-01 3.593600180476037159e-02
5.000000000000001110e-01 3.529350133371436660e-02
5.157053795390641460e-01 3.461500297867436265e-02
5.313952597646567355e-01 3.390289248465839372e-02
5.470541566592572735e-01 3.315955303204213417e-02
5.626666167821522402e-01 3.238735739725978613e-02
5.782172325201155871e-01 3.158866114063860198e-02
5.936906572928624115e-01 3.076579684308126256e-02
6.090716206982713654e-01 2.992106939452713471e-02
6.243449435824275362e-01 2.905675231880881781e-02
6.394955530196146931e-01 2.817508510195975910e-02
6.545084971874738367e-01 2.727827147449570638e-02
6.693689601226457953e-01 2.636847858293527719e-02
6.840622763423390706e-01 2.544783697207250381e-02
6.985739453173903657e-01 2.451844128746601820e-02
7.128896457825364408e-01 2.358235159743387807e-02
7.269952498697733745e-01 2.264159522567944435e-02
7.408768370508578283e-01 2.169816897962171046e-02
7.545207078751856589e-01 2.075404165563227848e-02
7.679133974894984949e-01 1.981115670071775803e-02
7.810416889260654028e-01 1.887143491072772183e-02
7.938926261462365686e-01 1.793677704786675667e-02
8.064535268264882983e-01 1.700906626506982697e-02
8.187119948743448727e-01 1.609017023155010981e-02
8.306559326618261352e-01 1.518194286240033379e-02
8.422735529643443630e-01 1.428622556535761971e-02
8.535533905932737309e-01 1.340484792951991862e-02
8.644843137107058872e-01 1.253962779371508435e-02
8.750555348152297963e-01 1.169237064613089412e-02
8.852566213878947377e-01 1.086486832145677414e-02
8.950775061878453176e-01 1.005889697691217388e-02
9.045084971874737256e-01 9.276214343857485528e-03
9.135402871372809708e-01 8.518556266947573466e-03
9.221639627510076487e-01 7.787632557712158635e-03
9.303710135019719329e-01 7.085122203781895993e-03
9.381533400219318475e-01 6.412667988472081464e-03
9.455032620941841159e-01 5.771870587857946475e-03
9.524135262330097884e-01 5.164282223610882488e-03
9.588773128419905145e-01 4.591399959533453909e-03
9.648882429441257846e-01 4.054658737761845586e-03
9.704403844771127829e-01 3.555424256872135712e-03
9.755282581475768211e-01 3.094985798526022833e-03
9.801468428384716436e-01 2.674549111754986799e-03
9.842915805643155380e-01 2.295229464475500789e-03
9.879583809693737173e-01 1.958044970346950291e-03
9.911436253643444161e-01 1.663910295668197172e-03
9.938441702975688852e-01 1.413630845718527465e-03
9.960573506572389935e-01 1.207897522886819223e-03
9.977809823015399981e-01 1.047282140227523244e-03
9.990133642141357795e-01 9.322335638909050835e-04
9.997532801828658000e-01 8.630746463807125422e-04
1.000000000000000000e+00 8.399999999999851813e-04
