1.000000000000000000e+00 -8.307065364093552595e-04
9.996253285309526504e-01 -8.165409149587594040e-04
9.988754098859105035e-01 -7.741567961359085200e-04
9.976264710189065577e-01 -7.038920857106847678e-04
9.958798983992548370e-01 -6.063088539622477676e-04
9.936376294127483577e-01 -4.821916652916730757e-04
9.909021487235353254e-01 -3.325452172435448307e-04
9.876764836430717009e-01 -1.585912672683420337e-04
9.839641985397339363e-01 3.823517955515954789e-05
9.797693883286898719e-01 2.562904529404006274e-04
9.750966710868527176e-01 4.937276044447718067e-04
9.699511798420628050e-01 7.485026359523709073e-04
9.643385535889790194e-01 1.018381607507178738e-03
9.582649275864927318e-01 1.300948662245793482e-03
9.517369229927452601e-01 1.593615004638031761e-03
9.447616358940654768e-01 1.893628865281247325e-03
9.373466257833752424e-01 2.198086481076784449e-03
9.294999035418820554e-01 2.503944113744192151e-03
9.212299189752843898e-01 2.808031122319902366e-03
9.125455479523726376e-01 3.107064096596657415e-03
9.034560791899175491e-01 3.397662048464847664e-03
8.939712007232708535e-01 3.676362646923850286e-03
8.841009860972990353e-01 3.939639470275740213e-03
8.738558803073130932e-01 4.183920235852373049e-03
8.632466855146971874e-01 4.405605953749865480e-03
8.522845465571742274e-01 4.601090936650873570e-03
8.409809362692246548e-01 4.766783583140570685e-03
8.293476406242530352e-01 4.899127837201073740e-03
8.173967437068395681e-01 4.994625212068837250e-03
8.051406125209124021e-01 5.049857252611342912e-03
7.925918816380461696e-01 5.061508297111445842e-03
7.797634376894193586e-01 5.026388387090657828e-03
7.666684037052485801e-01 4.941456162837837285e-03
7.533201233068204106e-01 4.803841572881027006e-03
7.397321447584982446e-01 4.610868217987191403e-03
7.259182048902510509e-01 4.360075144618828780e-03
7.118922129052551728e-01 4.049237899301460358e-03
6.976682340917992331e-01 3.676388654226189767e-03
6.832604734639787791e-01 3.239835215746961899e-03
6.686832593612713760e-01 2.738178731318416381e-03
6.539510270428825489e-01 2.170329916897265066e-03
6.390783023185161449e-01 1.535523635894004563e-03
6.240796852627292779e-01 8.333316723625715239e-04
6.089698340650768760e-01 6.367355515355874185e-05
5.937230092676323290e-01 -7.690971502276357230e-04
5.783319131744628638e-01 -1.627993716079086106e-03
5.628681344853824209e-01 -2.502878917065461811e-03
5.473467553507306294e-01 -3.391867260721496274e-03
5.317828842819857238e-01 -4.292894015705452787e-03
5.161916413093028400e-01 -5.203719296147171769e-03
5.005881433413253978e-01 -6.121933812850120088e-03
4.849874897615884528e-01 -7.044966271494153276e-03
4.694047482935978510e-01 -7.970092376408562107e-03
4.538549411637508024e-01 -8.894445377099175626e-03
4.383530315877077754e-01 -9.815028073845218082e-03
4.229139106016674976e-01 -1.072872617865790537e-02
4.075523842553215870e-01 -1.163232290902156338e-02
3.922831611781459338e-01 -1.252251467442389715e-02
3.771208405252323148e-01 -1.339592769999740918e-02
3.620799003031784369e-01 -1.424913541789657456e-02
3.471746860707664029e-01 -1.507867644554888517e-02
3.324194000033896534e-01 -1.588107296083249298e-02
3.178280903045721528e-01 -1.665284927770889489e-02
3.034146409425915181e-01 -1.739055042198960066e-02
2.891927616852982830e-01 -1.809076050582088604e-02
2.751759784018404931e-01 -1.875012070116448964e-02
2.613776235962718686e-01 -1.936534661702790650e-02
2.478108271350439595e-01 -1.993324489240536762e-02
2.344885071282435396e-01 -2.045072882673956011e-02
2.214233609232141020e-01 -2.091483288207244065e-02
2.086278561689367261e-01 -2.132272590575078758e-02
1.961142219102829654e-01 -2.167172293938572636e-02
1.838944396729948194e-01 -2.195929549849413853e-02
1.719802345029778357e-01 -2.218308022761255813e-02
1.603830659271925363e-01 -2.234088585737485991e-02
1.491141188080250812e-01 -2.243069841277898352e-02
1.381842940684441801e-01 -2.245068464530450281e-02
1.276041992714073425e-01 -2.239919368535004882e-02
1.173841390437495441e-01 -2.227475693529390455e-02
1.075341053420446058e-01 -2.207608624700213226e-02
9.806376756553938923e-02 -2.180207045048051726e-02
8.898246252904964959e-02 -2.145177032226172620e-02
8.029918431654882449e-02 -2.102441210272744734e-02
7.202257404388349993e-02 -2.051937969059174777e-02
6.416090956647538257e-02 -1.993620565995000288e-02
5.672209517485243824e-02 -1.927456126038185405e-02
4.971365132723787328e-02 -1.853424557337769035e-02
4.314270447409025711e-02 -1.771517400865537523e-02
3.701597703428995134e-02 -1.681736633160531638e-02
3.133977758650602352e-02 -1.584093441804159536e-02
2.611999134206751186e-02 -1.478606993457908317e-02
2.136207096731924243e-02 -1.365303214227258678e-02
1.707102782393586995e-02 -1.244213601765903690e-02
1.325142369496209310e-02 -1.115374087908923770e-02
9.907363062446170390e-03 -9.788239697311454032e-03
7.042485999467730171e-03 -8.346049257807425931e-03
4.659961735165649502e-03 -6.827601328540070132e-03
2.762482946135179449e-03 -5.233334970755352047e-03
1.352260821359586775e-03 -3.563690112507391858e-03
4.310209407993471215e-04 -1.819102484906634119e-03
0.000000000000000000e+00 0.000000000000000000e+00
6.241869346905283620e-05 1.868436303222112795e-03
6.210107503688542564e-04 3.760855027984577777e-03
1.675552450784824256e-03 5.676317837189671922e-03
3.225336950356585616e-03 7.613540449785631721e-03
5.269173405394610502e-03 9.570899491739438131e-03
7.805386208865107596e-03 1.154644206249473386e-02
1.083181436629058331e-02 1.353789792040138024e-02
1.434581104743305399e-02 1.554269416460136305e-02
1.834424335573780346e-02 1.755797226636490044e-02
2.282349236277895696e-02 1.958060728018179084e-02
2.777945345926852508e-02 2.160722904430889546e-02
3.320753707745870142e-02 2.363424516218838936e-02
3.910266984192860285e-02 2.565786554040801193e-02
4.545929620674277194e-02 2.767412824584634251e-02
5.227138063677977398e-02 2.967892643448253806e-02
5.953241038966103349e-02 3.166803609715650863e-02
6.723539895217296725e-02 3.363714436340695807e-02
7.537289018143610020e-02 3.558187810342151869e-02
8.393696319638863090e-02 3.749783257008824922e-02
9.291923805951327053e-02 3.938059982808665704e-02
1.023108822822649810e-01 4.122579672480614077e-02
1.121026181804613137e-01 4.302909216849482021e-02
1.222847310981330649e-01 4.478623349225270556e-02
1.328470785101444895e-01 4.649307169808696016e-02
1.437791000054274571e-01 4.814558539300319712e-02
1.550698281441187376e-01 4.973990324875740554e-02
1.667079001733704491e-01 5.127232483814136987e-02
1.786815705783157682e-01 5.273933972321859232e-02
1.909787244367407710e-01 5.413764469443727023e-02
2.035868915385902478e-01 5.546415908368764608e-02
2.164932612246552035e-01 5.671603809880104707e-02
2.296846978927600258e-01 5.789068415136196938e-02
2.431477571145851668e-01 5.898575617368493479e-02
2.568687023020131410e-01 5.999917694406176061e-02
2.708335218586127580e-01 6.092913846159856567e-02
2.850279467496290575e-01 6.177410543283404221e-02
2.994374684226279726e-01 6.253281695159093601e-02
3.140473570107501500e-01 6.320428647091033691e-02
3.288426797513192001e-01 6.378780018123991757e-02
3.438083195542862569e-01 6.428291392211116229e-02
3.589289936575923989e-01 6.468944876520139886e-02
3.741892723099130569e-01 6.500748541483031273e-02
3.895735974253117795e-01 6.523735757752360809e-02
4.050663011589540341e-01 6.537964445526471546e-02
4.206516243581018832e-01 6.543516251746975265e-02
4.363137348479880773e-01 6.540495670461995981e-02
4.520367455177349836e-01 6.529029121197160723e-02
4.678047321770890110e-01 6.509263999497164055e-02
4.836017511602834773e-01 6.481367712911434431e-02
4.994118566586748242e-01 6.445526714618345088e-02
5.152191177688254520e-01 6.401945545637163781e-02
5.310076352473277472e-01 6.350845895191228885e-02
5.467615579677839177e-01 6.292465687287775167e-02
5.624650990789220595e-01 6.227058199998367072e-02
5.781025518657683104e-01 6.154891222289863434e-02
5.936583053180924940e-01 6.076246251599494441e-02
6.091734073314658549e-01 5.990546608156142872e-02
6.246102019021257945e-01 5.894441472337556831e-02
6.399128037207132413e-01 5.787951434848402632e-02
6.550659673320651244e-01 5.671547898348890115e-02
6.700546608840202145e-01 5.545730153299510690e-02
6.848640792206993622e-01 5.411023992030709884e-02
6.994796565429814983e-01 5.267980283498532867e-02
7.138870786598177087e-01 5.117173505385856636e-02
7.280722948492956981e-01 4.959200229682387412e-02
7.420215293432174120e-01 4.794677557546757340e-02
7.557212924435509072e-01 4.624241499127577926e-02
7.691583912737484097e-01 4.448545294098726899e-02
7.823199401627114469e-01 4.268257668945849015e-02
7.951933706544269675e-01 4.084061027518195303e-02
8.077664411320641946e-01 3.896649572022782559e-02
8.200272460418501774e-01 3.706727352471288206e-02
8.319642246993992352e-01 3.515006243576257461e-02
8.435661696594640713e-01 3.322203849212182480e-02
8.548222346293732343e-01 3.129041335784464584e-02
8.657219419067145871e-01 2.936241197161649358e-02
8.762551893231464994e-01 2.744524955196312593e-02
8.864122566784904400e-01 2.554610801261044534e-02
8.961838116524197817e-01 2.367211185631188514e-02
9.055609151850299021e-01 2.183030362927004808e-02
9.145350263221893039e-01 2.002761903160509352e-02
9.230980065267309076e-01 1.827086179189279722e-02
9.312421234620618105e-01 1.656667842538578697e-02
9.389600542604884525e-01 1.492153300592759593e-02
9.462448882943027550e-01 1.334168209057282582e-02
9.530901294732743168e-01 1.183314994336781209e-02
9.594896980974882972e-01 1.040170421049622929e-02
9.654379322992725498e-01 9.052832202923591365e-03
9.709295891121627609e-01 7.791717944715934041e-03
9.759598452083009246e-01 6.623220145297826697e-03
9.805242973482534152e-01 5.551851252037995517e-03
9.846189625888971397e-01 4.581757735712370036e-03
9.882402782956757337e-01 3.716701755626698137e-03
9.913851020051535068e-01 2.960044343557605758e-03
9.940507111823894126e-01 2.314730236274011727e-03
9.962348029152231499e-01 1.783274475350565174e-03
9.979354935841734386e-01 1.367750880418861989e-03
9.991513185423610555e-01 1.069782488079973814e-03
9.998812318347789496e-01 8.905340335984213629e-04
1.000000000000000000e+00 8.307065364093552595e-04
