1.000000000000000000e+00 -6.230299023070164175e-04
9.996573164439308545e-01 -6.031565463891118894e-04
9.989098984679668503e-01 -5.436643856089231740e-04
9.976650988395648900e-01 -4.449367149444914639e-04
9.959242614637509039e-01 -3.076109377981463668e-04
9.936892646339535728e-01 -1.325764275959625703e-04
9.909625178837375703e-01 7.902847785659899288e-05
9.877469579746471773e-01 3.258203605935379877e-04
9.840460440458793645e-01 6.061754990748108047e-04
9.798637519561352871e-01 9.182355528275999886e-04
9.752045678520337990e-01 1.259914172051403505e-03
9.700734810008252440e-01 1.628904549547816136e-03
9.644759759277656830e-01 2.022687931934229882e-03
9.584180239003672330e-01 2.438543105777097632e-03
9.519060738028114477e-01 2.873556871979253760e-03
9.449470424440951088e-01 3.324635518442694421e-03
9.375483043430143937e-01 3.788517296683135450e-03
9.297176810319045526e-01 4.261785902699391504e-03
9.214634299192151490e-01 4.740884956016513246e-03
9.127942327485997209e-01 5.222133463472711061e-03
9.037191836893065933e-01 5.701742246065497934e-03
8.942477770894144973e-01 6.175831298097354642e-03
8.843898949199480164e-01 6.640448038067577052e-03
8.741557939342922134e-01 7.091586400366216292e-03
8.635560925636993623e-01 7.525206705983193342e-03
8.526017575661990477e-01 7.937256239300093802e-03
8.413040904430045819e-01 8.323690446763227016e-03
8.296747136336463102e-01 8.680494662021261132e-03
8.177255564987159220e-01 9.003706251149341117e-03
8.054688410973063206e-01 9.289437061063401946e-03
7.929170677650937415e-01 9.533896044370257505e-03
7.800830004985809252e-01 9.733411924886636868e-03
7.669796521513110310e-01 9.884455760106514513e-03
7.536202694489116949e-01 9.983663250180369736e-03
7.400183178315882238e-01 1.002785663767223612e-02
7.261874661351316318e-01 1.001406603864446118e-02
7.121415711245755453e-01 9.939550043621098174e-03
6.978946618981969330e-01 9.801815426821080396e-03
6.834609241835688520e-01 9.598635803816979450e-03
6.688546845516150086e-01 9.328069081528000961e-03
6.540903945790303986e-01 8.988473550221219577e-03
6.391826149937908097e-01 8.578522474967754247e-03
6.241459998426538425e-01 8.097217053739193954e-03
6.089952807233754983e-01 7.543897620954538585e-03
5.937149212739398774e-01 6.922347808050184625e-03
5.783032430108759891e-01 6.269119526293123745e-03
5.628177550595748757e-01 5.593803697565676719e-03
5.472736056778623182e-01 4.897698255978407550e-03
5.316859781526535045e-01 4.182275105246761882e-03
5.160700758667431387e-01 3.449177547917677694e-03
5.004411075059940206e-01 2.700216307029070645e-03
4.848142724364253309e-01 1.937364153581908055e-03
4.692047462790342460e-01 1.162749170013962358e-03
4.536276667079988112e-01 3.786466965346700631e-04
4.380981194952427993e-01 -4.125299765370751826e-04
4.226311248212218374e-01 -1.208240091641950287e-03
4.072416238682756151e-01 -2.005826988485778090e-03
3.919444657090416784e-01 -2.802530642930463334e-03
3.767543944983174353e-01 -3.595501060643945673e-03
3.616860369724801960e-01 -4.381812395009329619e-03
3.467538902562063985e-01 -5.158477649591382275e-03
3.319723099718808745e-01 -5.922463818073438191e-03
3.173554986428444025e-01 -6.670707309131489182e-03
3.029174943775960749e-01 -7.400129500292035312e-03
2.886721598183396575e-01 -8.107652263489022182e-03
2.746331713339369984e-01 -8.790213305819107731e-03
2.608140084344895415e-01 -9.444781171891705046e-03
2.472279433824866035e-01 -1.006836975914407808e-02
2.338880309738081142e-01 -1.065805220447687066e-02
2.208070984608942466e-01 -1.121097400946325165e-02
2.079977355901434233e-01 -1.172436528207098511e-02
1.954722847260901841e-01 -1.219555198515785005e-02
1.832428310361599311e-01 -1.262196609578005065e-02
1.713211927117769262e-01 -1.300115459439332016e-02
1.597189112043083115e-01 -1.333078721910832543e-02
1.484472414577003851e-01 -1.360866293705621094e-02
1.375171421236567326e-01 -1.383271510238056994e-02
1.269392657497480648e-01 -1.400101528814970409e-02
1.167239489358385118e-01 -1.411177579732031222e-02
1.068812024595721527e-01 -1.416335087552610117e-02
9.742070137728611745e-02 -1.415423666565962177e-02
8.835177511246701532e-02 -1.408306996071798274e-02
7.968339754965972355e-02 -1.394862582695882702e-02
7.142417715741967987e-02 -1.374981418384190780e-02
6.358234716937359587e-02 -1.348567544031168720e-02
5.616575585759335520e-02 -1.315537529852380330e-02
4.918185693717598561e-02 -1.275819884597468798e-02
4.263770014507005379e-02 -1.229354406502245443e-02
3.653992203968604857e-02 -1.176091489488110403e-02
3.089473707060133231e-02 -1.115991398524778487e-02
2.570792896965644336e-02 -1.049023528273397565e-02
2.098484251587156429e-02 -9.751656591192901097e-03
1.673037572687301883e-02 -8.944032244876486473e-03
1.294897252887815438e-02 -8.067286029152910889e-03
9.644615955748538083e-03 -7.121404477335680980e-03
6.820821925208590646e-03 -6.106430664114068790e-03
4.480633637064516950e-03 -5.022458606249357617e-03
2.626616634216385159e-03 -3.869628369762223834e-03
1.260854562485745102e-03 -2.648121969945895979e-03
3.849456598830603392e-04 -1.358160136390540972e-03
0.000000000000000000e+00 0.000000000000000000e+00
1.084939743853396185e-04 1.407493954706019647e-03
7.124170092426958213e-04 2.845286885423081898e-03
1.811418762703618764e-03 4.312611236196544143e-03
3.404665048457718602e-03 5.808397727494919206e-03
5.490837479653750026e-03 7.331280898046080990e-03
8.068133315562740770e-03 8.879606842518960805e-03
1.113426553237452203e-02 1.045144307046505343e-02
1.468646314449590685e-02 1.204459039181881262e-02
1.872147180718548160e-02 1.365659671528521302e-02
2.323555473519002545e-02 1.528477262833667985e-02
2.822449397517321282e-02 1.692620861151508671e-02
3.368359207206260419e-02 1.857779372546417701e-02
3.960767417094880616e-02 2.023623559677508593e-02
4.599109059680465961e-02 2.189808151844334014e-02
5.282771995403885701e-02 2.355974047262448731e-02
6.011097278676282712e-02 2.521750587751819817e-02
6.783379583863678730e-02 2.686757885665712331e-02
7.598867694832520114e-02 2.850609182765289490e-02
8.456765061297126518e-02 3.012913220854450402e-02
9.356230424776654231e-02 3.173276604326576156e-02
1.029637851647374341e-01 3.331306135333011315e-02
1.127628082883723459e-01 3.486611103052122962e-02
1.229496646197923426e-01 3.638805509505236430e-02
1.335142304549319370e-01 3.787510215516302903e-02
1.444459773557521531e-01 3.932354991728042454e-02
1.557339828670029624e-01 4.072980461049086759e-02
1.673669419645713585e-01 4.209039920492213538e-02
1.793331792151506565e-01 4.340201032050450963e-02
1.916206616209335523e-01 4.466147374020939392e-02
2.042170121173835506e-01 4.586579846000784361e-02
2.171095236869750589e-01 4.701217922619185807e-02
2.302851740471954511e-01 4.809800752909927646e-02
2.437306408671425229e-01 4.912088104042364178e-02
2.574323174637954681e-01 5.007861149892556263e-02
2.713763289265162526e-01 5.096923106625318722e-02
2.855485486165876829e-01 5.179099719050217487e-02
2.999346149876234158e-01 5.254239602989337066e-02
3.145199486724779003e-01 5.322214450233293120e-02
3.292897697828279790e-01 5.382919103848086279e-02
3.442291153688462613e-01 5.436271512615366286e-02
3.593228569882906398e-01 5.482212574231415392e-02
3.745557183368279364e-01 5.520705877547685270e-02
3.899122928944160349e-01 5.551737354603016733e-02
4.053770615460000060e-01 5.575314853472893017e-02
4.209344101385475434e-01 5.591467643045379410e-02
4.365686469404530534e-01 5.600245860731182385e-02
4.522640199734869748e-01 5.601719913833776154e-02
4.680047341916526160e-01 5.595979844854910568e-02
4.837749684854465992e-01 5.583134670403828992e-02
4.995588924940061459e-01 5.563311702630426014e-02
5.153406832113851532e-01 5.536655861230678488e-02
5.311045413766599665e-01 5.503328983096007765e-02
5.468347076406522289e-01 5.463509135617784784e-02
5.625154785047296047e-01 5.417389938535253913e-02
5.781312220293551851e-01 5.365179898052642449e-02
5.936663933117849457e-01 5.307101755771712753e-02
6.091479606731672325e-01 5.242524201576045234e-02
6.245438873222012299e-01 5.168052934199894588e-02
6.398084910454385765e-01 5.083651550941027664e-02
6.549265997959172747e-01 4.989733535016494664e-02
6.698832356936765819e-01 4.886741118278552232e-02
6.846636285011092893e-01 4.775143933223708476e-02
6.992532287365837984e-01 4.655437606239043458e-02
7.136377204404973362e-01 4.528142290953893201e-02
7.278030336044151172e-01 4.393801140279823825e-02
7.417353562701274328e-01 4.252978715578252522e-02
7.554211463014596228e-01 4.106259331397643653e-02
7.688471428276859587e-01 3.954245334371859349e-02
7.820003773535498803e-01 3.797555315166251111e-02
7.948681845273793956e-01 3.636822252792314136e-02
8.074382125556702761e-01 3.472691591177576309e-02
8.196984332499738235e-01 3.305819248563238166e-02
8.316371516900059602e-01 3.136869561094238895e-02
8.432430154856841442e-01 2.966513162849917368e-02
8.545050236203484140e-01 2.795424805519542213e-02
8.654125348577124122e-01 2.624281121938316225e-02
8.759552756961673792e-01 2.453758338744928269e-02
8.861233478558414589e-01 2.284529944481860850e-02
8.959072352862761379e-01 2.117264320513837991e-02
9.052978106856408580e-01 1.952622343166939695e-02
9.142863415259622206e-01 1.791254966472903901e-02
9.228644955828001484e-01 1.633800795819618720e-02
9.310243459720393133e-01 1.480883663643058762e-02
9.387583757008493013e-01 1.333110219032124580e-02
9.460594817442731230e-01 1.191067543741137873e-02
9.529209786632081292e-01 1.055320807602659096e-02
9.593366017836137960e-01 9.264109766964925136e-03
9.653005099604858863e-01 8.048525878496540220e-03
9.708072879534003219e-01 6.911316031120488812e-03
9.758519484431198432e-01 5.857033577691194565e-03
9.804299337208080001e-01 4.889906152150796589e-03
9.845371170827517115e-01 4.013817416192719430e-03
9.881698039641002573e-01 3.232290127764818333e-03
9.913247328449512619e-01 2.548470648457461935e-03
9.939990759611841975e-01 1.965114998578301221e-03
9.961904398507270830e-01 1.484576559186463664e-03
9.978968657635151063e-01 1.108795509652668685e-03
9.991168299603047087e-01 8.392900775529884682e-04
9.998492439218007455e-01 6.771496650287738483e-04
1.000000000000000000e+00 6.230299023070164175e-04
