1.000000000000000000e+00 -1.458648478769065731e-03
9.995659974092098166e-01 -1.467889173888188570e-03
9.988112585909364460e-01 -1.495588071843520668e-03
9.975542793011813458e-01 -1.541676053345806792e-03
9.957964358776423275e-01 -1.606039384980834182e-03
9.935396516608905326e-01 -1.688521879064133237e-03
9.907863934956991914e-01 -1.788927841686344588e-03
9.875396672798856246e-01 -1.907025734922011178e-03
9.838030125947067051e-01 -2.042552460454781071e-03
9.795804964569676532e-01 -2.195218154917853801e-03
9.748767062383507653e-01 -2.364711372395307109e-03
9.696967418018990204e-01 -2.550704517073336831e-03
9.640462069090467434e-01 -2.752859379224746952e-03
9.579311999530282229e-01 -2.970832620771223127e-03
9.513583040758681886e-01 -3.204281052760116384e-03
9.443345767264819113e-01 -3.452866546321479123e-03
9.368675387167058055e-01 -3.716260421104625872e-03
9.289651628303904340e-01 -3.994147160826959364e-03
9.206358620380811209e-01 -4.286227314351069573e-03
9.118884773664109877e-01 -4.592219452533441090e-03
9.027322654672070845e-01 -4.911861065787125752e-03
8.931768859266345784e-01 -5.244908304671133323e-03
8.832323883495930561e-01 -5.591134485578260968e-03
8.729091992492031826e-01 -5.950327305444241127e-03
8.622181087657243559e-01 -6.322284732985248082e-03
8.511702572337980222e-01 -6.706809568903772389e-03
8.397771216116705073e-01 -7.103702693360806203e-03
8.280505017811521373e-01 -7.512755045369218232e-03
8.160025067226766016e-01 -7.933738405140292049e-03
8.036455405660404283e-01 -8.366395076372174638e-03
7.909922885143388926e-01 -8.810426590515563205e-03
7.780557026363735806e-01 -9.265481578748062386e-03
7.648489875214145028e-01 -9.731142979276592025e-03
7.513855857897349111e-01 -1.020691476724775240e-02
7.376791634527777308e-01 -1.069220841159412155e-02
7.237435951181544480e-01 -1.118632927721105799e-02
7.095929490368930725e-01 -1.168846320164537017e-02
6.952414719933306397e-01 -1.219766348271432085e-02
6.807035740417596292e-01 -1.271283851695681477e-02
6.659938130981984949e-01 -1.323274032840169451e-02
6.511268794004023697e-01 -1.375595422273464402e-02
6.361175798542579862e-01 -1.428088979353769883e-02
6.209808222898931529e-01 -1.480577349491007944e-02
6.057315996559886617e-01 -1.532864297857326752e-02
5.903849741857530864e-01 -1.584734337369383961e-02
5.749560615726285739e-01 -1.635952566437304245e-02
5.594600151978910141e-01 -1.686264729335743007e-02
5.439120104557254587e-01 -1.735397509137893979e-02
5.283272292239753476e-01 -1.783059060005692809e-02
5.127208445304577422e-01 -1.828939782293927119e-02
4.971080054654128388e-01 -1.872713340452845932e-02
4.815038223902501913e-01 -1.914037920155509803e-02
4.659233524912264057e-01 -1.952557717487742733e-02
4.503815857240143217e-01 -1.987904649476084779e-02
4.348934311913451589e-01 -2.019700271749304971e-02
4.194737039910474419e-01 -2.047557885788148235e-02
4.041371125659631858e-01 -2.071084815069945684e-02
3.888982465804939892e-01 -2.089884826512519028e-02
3.737715653410469407e-01 -2.103560671013556677e-02
3.587713867695750403e-01 -2.111716714612715123e-02
3.439118769309034707e-01 -2.113961629913675699e-02
3.292070401058008189e-01 -2.109911115926573627e-02
3.146707093929813626e-01 -2.099190613456242832e-02
3.003165378146321340e-01 -2.081437982589443014e-02
2.861579898918329978e-01 -2.056306108739885258e-02
2.722083336486021410e-01 -2.023465404100036752e-02
2.584806329964280391e-01 -1.982606172223613794e-02
2.449877404452330265e-01 -1.933440804814087061e-02
2.317422900819028908e-01 -1.875705781607945460e-02
2.187566907539527372e-01 -1.809163446493852745e-02
2.060431193936889116e-01 -1.733603535671548318e-02
1.946189940423288522e-01 -1.652863306304590968e-02
1.843496941598856131e-01 -1.588636674716755598e-02
1.742682081106475822e-01 -1.542514492957654249e-02
1.643730712976460839e-01 -1.512537688713098266e-02
1.546647442747986767e-01 -1.496769885369072378e-02
1.451456182008513673e-01 -1.493281883016510381e-02
1.358199593120290039e-01 -1.500138488179753732e-02
1.266938034371300481e-01 -1.515388409216286009e-02
1.177748122351666149e-01 -1.537057616572656826e-02
1.090721025550542428e-01 -1.563146283737249648e-02
1.005960593482277954e-01 -1.591629192774236812e-02
9.235814116299684295e-02 -1.620459314891950497e-02
8.437068564155407457e-02 -1.647574160859227935e-02
7.664672080897741435e-02 -1.670904432086322070e-02
6.919978641855675794e-02 -1.688384481657394243e-02
6.204376828016266998e-02 -1.697964105319718989e-02
5.519274738737266900e-02 -1.697621215561076480e-02
4.866086478224930512e-02 -1.685374998860251355e-02
4.246220244004650368e-02 -1.659299210064963878e-02
3.661067999291132968e-02 -1.617535313472157066e-02
3.111996680908450663e-02 -1.558305233997972494e-02
2.600340876839918672e-02 -1.479923531621577318e-02
2.127396899429209384e-02 -1.380808856920564404e-02
1.694418178915083756e-02 -1.259494584615886148e-02
1.302611905020469030e-02 -1.114638555773169414e-02
9.531368498380304172e-03 -9.450318881588386580e-03
6.471023117774106666e-03 -7.496068388998141686e-03
3.855681267238121948e-03 -5.274437247908549467e-03
1.695456979434078245e-03 -2.777769240771401759e-03
0.000000000000000000e+00 0.000000000000000000e+00
-1.202017345165678260e-03 3.024336881235184949e-03
-1.882409695509680916e-03 6.258639408337899820e-03
-2.032987720854102960e-03 9.702775988592947376e-03
-1.646069812858068186e-03 1.335410701474956836e-02
-7.144596453423496252e-04 1.720747966184953126e-02
7.685674821604430301e-04 2.125523205259678694e-02
2.809269066960582567e-03 2.548720612763512305e-02
5.413430102969737229e-03 2.989076864898175881e-02
8.586347513972540993e-03 3.445083987830736827e-02
1.233280371193513913e-02 3.914992961391568910e-02
1.665702860572804492e-02 4.396818044888460564e-02
2.156264932949934765e-02 4.888341833559998323e-02
2.705262692864619095e-02 5.387121081588140681e-02
3.312917925381797524e-02 5.890493360624636521e-02
3.979368939307544734e-02 6.395584661645201119e-02
4.704659914715900171e-02 6.899318092282447079e-02
5.488728735450239260e-02 7.398423870476401876e-02
6.331393333498808174e-02 7.889450866134560536e-02
7.232336637721048511e-02 8.368779991970190513e-02
8.191090306999841697e-02 8.832639787641199947e-02
9.207017538914297194e-02 9.277124570847719576e-02
1.027929537870808235e-01 9.698215536596585529e-02
1.140689710575114174e-01 1.009180516157971164e-01
1.258857543777373023e-01 1.045372520433133501e-01
1.382284745386538616e-01 1.077977847436013548e-01
1.510798227736651900e-01 1.106577436865579245e-01
1.644199265657007025e-01 1.130756794111605484e-01
1.782263160914249744e-01 1.150110198667237682e-01
1.924739523046948841e-01 1.164245130417954077e-01
2.061716283138380623e-01 1.173302072293108400e-01
2.191599313939165683e-01 1.180354754713797416e-01
2.324309149391006746e-01 1.185961906191002335e-01
2.459708438043960999e-01 1.190112258587386340e-01
2.597656929018569705e-01 1.192798822851875440e-01
2.738011666118511100e-01 1.194018894251289709e-01
2.880627185430943427e-01 1.193774026792907006e-01
3.025355715505873566e-01 1.192069978620694526e-01
3.172047379223409402e-01 1.188916630459811441e-01
3.320550396489080347e-01 1.184327879437283848e-01
3.470711286941491891e-01 1.178321510818480938e-01
3.622375071911957956e-01 1.170919050366772407e-01
3.775385474940984309e-01 1.162145600155948255e-01
3.929585120229637241e-01 1.152029660740650496e-01
4.084815728483124353e-01 1.140602942619101945e-01
4.240918309687219390e-01 1.127900169905319827e-01
4.397733352443506938e-01 1.113958879066133667e-01
4.555101009574714643e-01 1.098819215473608724e-01
4.712861279794604563e-01 1.082523730378623650e-01
4.870854185316217388e-01 1.065117180729570345e-01
5.028919945345873277e-01 1.046646334045284316e-01
5.186899145476705497e-01 1.027159780307666803e-01
5.344632903053381234e-01 1.006707752571687348e-01
5.501963028627890884e-01 9.853419577036824639e-02
5.658732183664134663e-01 9.631154183582421591e-02
5.814784034676026003e-01 9.400823269950191186e-02
5.969963403999717366e-01 9.162979124249287510e-02
6.124116417405540691e-01 8.918183190658725279e-02
6.277090648749619195e-01 8.667004987866418209e-02
6.428735261849714000e-01 8.410021149291004028e-02
6.578901149745453036e-01 8.147814578279466424e-02
6.727441071470930956e-01 7.880973708986827031e-02
6.874209786429185121e-01 7.610091861418695480e-02
7.019064186414500917e-01 7.335766677187864626e-02
7.161863425281798090e-01 7.058599620931166330e-02
7.302469046213923010e-01 6.779195531075715708e-02
7.440745106489379257e-01 6.498162202750970562e-02
7.576558299606364066e-01 6.216109985124820825e-02
7.709778074575824869e-01 5.933651375301642050e-02
7.840276752157572249e-01 5.651400591155202741e-02
7.967929637781342445e-01 5.369973106069157731e-02
8.092615130869361684e-01 5.089985129507744455e-02
8.214214830260131439e-01 4.812053018617288430e-02
8.332613635425001331e-01 4.536792607637581826e-02
8.447699843170182188e-01 4.264818443751042243e-02
8.559365239527494396e-01 3.996742920078435318e-02
8.667505186556874186e-01 3.733175298804963793e-02
8.772018703812564100e-01 3.474720619846362324e-02
8.872808544261964192e-01 3.221978492996067228e-02
8.969781264490560568e-01 2.975541774087204355e-02
9.062847289077403667e-01 2.735995128307576116e-02
9.151920969081509538e-01 2.503913486379072406e-02
9.236920634639341765e-01 2.279860401806375891e-02
9.317768641735534318e-01 2.064386319771793765e-02
9.394391413271578894e-01 1.858026770461496807e-02
9.466719474618863206e-01 1.661300501615432801e-02
9.534687483901513883e-01 1.474707566863634953e-02
9.598234257309528061e-01 1.298727387916491852e-02
9.657302789792048259e-01 1.133816809888850072e-02
9.711840271523265455e-01 9.804081699379366133e-03
9.761798100568028769e-01 8.389073999674286422e-03
9.807131892199756340e-01 7.096921843849876219e-03
9.847801485339243710e-01 5.931101937943496563e-03
9.883770946588618100e-01 4.894774150566267960e-03
9.915008572329896408e-01 3.990765973774130192e-03
9.941486889342472377e-01 3.221558329777330677e-03
9.963182654368356594e-01 2.589272895071082024e-03
9.980076853018986505e-01 2.095661096781734935e-03
9.992154698373351129e-01 1.742094916719898363e-03
9.999405629565217835e-01 1.529559617129843535e-03
1.000000000000000000e+00 1.458648478769065731e-03
