1.000000000000000000e+00 -1.633610667327240525e-03
9.993506315832013653e-01 -1.619332605050514268e-03
9.985790599869590611e-01 -1.576619880264825899e-03
9.972942196202546628e-01 -1.505836610978486534e-03
9.954977756012658441e-01 -1.407588759623876803e-03
9.931920524838426800e-01 -1.282722756783522379e-03
9.903800277225283111e-01 -1.132323525196086457e-03
9.870653233780861679e-01 -9.577118562129598861e-04
9.832521961411355704e-01 -7.604410791632655077e-04
9.789455257653627562e-01 -5.422929537997308105e-04
9.741508020137332746e-01 -3.052727074224241208e-04
9.688741102309700315e-01 -5.160313166726725881e-05
9.631221156630705993e-01 2.162823504752962867e-04
9.569020466497367705e-01 4.957477388732589585e-04
9.502216768181794837e-01 7.839637226341299864e-04
9.430893064068690546e-01 1.077918246391067897e-03
9.355137428454929349e-01 1.374428458268222436e-03
9.275042807127740208e-01 1.670154112543644626e-03
9.190706811870991144e-01 1.961612488486356998e-03
9.102231510963614269e-01 2.245194872576121436e-03
9.009723216633123144e-01 2.517184634441234359e-03
8.913292270314134846e-01 2.773776907523031049e-03
8.813052826440509468e-01 3.011099863932054088e-03
8.709122635374212384e-01 3.225237549458370018e-03
8.601622825948581630e-01 3.412254219569497982e-03
8.490677687982505217e-01 3.568220090840828335e-03
8.376414455009459914e-01 3.689238395042197804e-03
8.258963087365016609e-01 3.771473595493311792e-03
8.138456055692466773e-01 3.811180597815794213e-03
8.015028124861298675e-01 3.804734760345256095e-03
7.888816138250314136e-01 3.748662483788446631e-03
7.759958802328181804e-01 3.639672135743912684e-03
7.628596471470089346e-01 3.474685044013860191e-03
7.494870932980647327e-01 3.250866273749077051e-03
7.358925192349561328e-01 2.965654887891217006e-03
7.220903258846477213e-01 2.616793378595223818e-03
7.080949931662918750e-01 2.202355949736903296e-03
6.939210586928578062e-01 1.720775327609017080e-03
6.795830966063511891e-01 1.170867778765474765e-03
6.650956966071387422e-01 5.518560208938871892e-04
6.504734432527718990e-01 -1.366102753074180387e-04
6.357308956164657854e-01 -8.944366779914253440e-04
6.208825674095084235e-01 -1.721069142133109520e-03
6.059429076847255846e-01 -2.615482348717813876e-03
5.909262822491541112e-01 -3.576171438413287829e-03
5.758469559226989665e-01 -4.601147306984285090e-03
5.607190757853024454e-01 -5.687935590047765722e-03
5.455566555575683818e-01 -6.833579422054418540e-03
5.303735612585246395e-01 -8.034646009300254466e-03
5.151834982790223227e-01 -9.287237010064598730e-03
5.000000000000001110e-01 -1.058700266742873541e-02
4.848364180714774818e-01 -1.192915959278069427e-02
4.697059144507645390e-01 -1.330851205128513043e-02
4.546214552772080975e-01 -1.471947655552742484e-02
4.395958066361832506e-01 -1.615610953091894952e-02
4.246415322374199053e-01 -1.761213777704437322e-02
4.097709930026946501e-01 -1.908099141361813134e-02
3.949963485260503115e-01 -2.055583896872620331e-02
3.803295603367405353e-01 -2.202962424107192396e-02
3.657823968618043597e-01 -2.349510454744919985e-02
3.513664399523371284e-01 -2.494488995194287656e-02
3.370930928059524545e-01 -2.637148306460005559e-02
3.229735890883985716e-01 -2.776731899461505615e-02
3.090190030305673408e-01 -2.912480504638643997e-02
2.952402602538960474e-01 -3.043635975599998794e-02
2.816481490580436953e-01 -3.169445088051936477e-02
2.682533318902494690e-01 -3.289163197258817423e-02
2.550663567063763959e-01 -3.402057719783913026e-02
2.420976679296241163e-01 -3.507411408197855934e-02
2.293576167144442401e-01 -3.604525390760928566e-02
2.168564702303809322e-01 -3.692721951728164531e-02
2.046044196933198001e-01 -3.771347031828981705e-02
1.926115868897803618e-01 -3.839772432571279120e-02
1.808880289631169258e-01 -3.897397712248987234e-02
1.694437412584015312e-01 -3.943651765826951261e-02
1.582886580548236444e-01 -3.977994085175535349e-02
1.474326510500651721e-01 -3.999915700369031935e-02
1.368855254996214632e-01 -4.008939806890559482e-02
1.266570139547094076e-01 -4.004622087548748155e-02
1.167567675844636554e-01 -3.986550741660394026e-02
1.071943451107867928e-01 -3.954346237545589698e-02
9.797919942666248605e-02 -3.907660807579522999e-02
8.912066201020044098e-02 -3.846177707916437205e-02
8.062792528635329137e-02 -3.769610267518790081e-02
7.251002312541826589e-02 -3.677700753267545281e-02
6.477580970141583183e-02 -3.570219079681133389e-02
5.743393696359790773e-02 -3.446961393120530348e-02
5.049283100014589215e-02 -3.307748561299508894e-02
4.396066759409140295e-02 -3.152424599451486564e-02
3.784534728726209052e-02 -2.980855064630233767e-02
3.215447027834336668e-02 -2.792925449348401465e-02
2.689531148575634995e-02 -2.588539605095944302e-02
2.207479610491885208e-02 -2.367618225244935357e-02
1.769947598258599444e-02 -2.130097415455339815e-02
1.377550711848291379e-02 -1.875927377968498663e-02
1.030862858656760722e-02 -1.605071234135241678e-02
7.304143145292374406e-03 -1.317504007198146664e-02
4.766899778585294116e-03 -1.013211784761681826e-02
2.701278377403908571e-03 -6.921910775677307844e-03
1.111176736192242762e-03 -3.544483881799048459e-03
0.000000000000000000e+00 0.000000000000000000e+00
-6.177371019238427768e-04 3.662880176102744235e-03
-7.280068056754675394e-04 7.395028696808639106e-03
-3.288643816652904103e-04 1.119488280389550026e-02
5.811555402298602784e-04 1.506005040426361581e-02
2.003030818294734318e-03 1.898732136364321768e-02
3.937242152828365066e-03 2.297268462638989497e-02
6.383762078666682833e-03 2.701135100659224353e-02
9.342042766450073601e-03 3.109778144981754575e-02
1.281100283730069768e-02 3.522572052083856181e-02
1.678901342650310213e-02 3.938823483098717604e-02
2.127388375851245461e-02 4.357775607975498955e-02
2.626284651765724981e-02 4.778612834923018360e-02
3.175254331587296780e-02 5.200465925727376648e-02
3.773901057038273749e-02 5.622417454628396427e-02
4.421766611021638038e-02 6.043507565926296843e-02
5.118329683071815017e-02 6.462739983393565868e-02
5.863004770970316887e-02 6.879088222908501249e-02
6.655141248778448371e-02 7.291501958526000471e-02
7.494022629877579444e-02 7.698913491471456871e-02
8.378866051426586692e-02 8.100244271295906073e-02
9.308822003984593141e-02 8.494411418671264646e-02
1.028297432695014502e-01 8.880334200034400993e-02
1.130034048699189442e-01 9.256940405504732183e-02
1.235987215285234975e-01 9.623172583193155549e-02
1.346045607586288939e-01 9.977994085175537209e-02
1.460091528129097427e-01 1.032039488300282998e-01
1.578001057132313589e-01 1.064939711363481478e-01
1.699644233615302258e-01 1.096406032008563070e-01
1.824885266537039363e-01 1.126348635481811411e-01
1.953582774771460417e-01 1.154682391797784979e-01
2.085590054334250654e-01 1.181327270686899356e-01
2.220755370913794491e-01 1.206208715758829431e-01
2.358922275432527305e-01 1.229257976439420974e-01
2.499929940080355684e-01 1.250412396713279917e-01
2.643613512024095558e-01 1.269615660180677674e-01
2.789804481810312931e-01 1.286817991409213713e-01
2.938331063346521499e-01 1.301976314021077719e-01
3.089018582269237312e-01 1.315054366398997754e-01
3.241689869487563991e-01 1.326022776311474305e-01
3.396165656727155313e-01 1.334859096144397073e-01
3.552264970989664761e-01 1.341547800775700905e-01
3.709805524984048364e-01 1.346080250437037273e-01
3.868604100774074017e-01 1.348454621166873812e-01
4.028476924115809710e-01 1.348675805669132255e-01
4.189240027223494756e-01 1.346755287547535818e-01
4.350709597995126021e-01 1.342710991986368063e-01
4.512702314042776885e-01 1.336567115992487453e-01
4.675035660199223231e-01 1.328353941301537999e-01
4.837528228503944483e-01 1.318107632984769628e-01
5.000000000000001110e-01 1.305870026674287310e-01
5.162272607991059692e-01 1.291688407157609020e-01
5.324169582707888315e-01 1.275615280881689240e-01
5.485516577609461653e-01 1.257708144657757043e-01
5.646141577790020349e-01 1.238029252577656225e-01
5.805875091175322078e-01 1.216645382846934659e-01
5.964550323365707118e-01 1.193627605917083612e-01
6.122003337118171462e-01 1.169051054966789849e-01
6.278073197553466489e-01 1.142994699447649198e-01
6.432602104227636008e-01 1.115541122081123160e-01
6.585435511221757743e-01 1.086776299378042210e-01
6.736422236381528483e-01 1.056789385456534530e-01
6.885414560783269522e-01 1.025672498665192028e-01
7.032268319419229252e-01 9.935205102811227318e-02
7.176842983987810065e-01 9.604308343518444535e-02
7.319001738548990277e-01 9.265032175895318578e-02
7.458611548667595237e-01 8.918395281084852411e-02
7.595543224523065851e-01 8.565435417235384152e-02
7.729671478319880551e-01 8.207207244989045414e-02
7.860874976193126251e-01 7.844780102533673027e-02
7.989036384674417235e-01 7.479235717870838518e-02
8.114042411668467292e-01 7.111665846954598469e-02
8.235783841794430682e-01 6.743169827732768684e-02
8.354155565871506095e-01 6.374852041836490124e-02
8.469056604277427347e-01 6.007819277671660324e-02
8.580390123882969400e-01 5.643177990915916598e-02
8.688063448265536115e-01 5.282031460867164102e-02
8.791988060930383542e-01 4.925476843668337434e-02
8.892079601317385285e-01 4.574602126092439797e-02
8.988257853442771506e-01 4.230482986258561617e-02
9.080446727116351369e-01 3.894179570306191551e-02
9.168574231782005146e-01 3.566733196634317565e-02
9.252572443149161829e-01 3.249163001760921321e-02
9.332377462911698451e-01 2.942462544135338726e-02
9.407929371983707600e-01 2.647596384299193140e-02
9.479172177814991773e-01 2.365496661606047643e-02
9.546053756478400931e-01 2.097059689244445968e-02
9.608525790342442585e-01 1.843142590540544287e-02
9.666543702251809700e-01 1.604560000423999738e-02
9.720066587232555344e-01 1.382080856511987144e-02
9.769057142814203676e-01 1.176425304492557597e-02
9.813481599115805309e-01 9.882617423678758534e-03
9.853309649874955056e-01 8.182040276531457254e-03
9.888514385606612667e-01 6.668088708251758423e-03
9.919072230061605211e-01 5.345734371900979186e-03
9.944962881112950903e-01 4.219331779074303977e-03
9.966169257132121428e-01 3.292599091905959192e-03
9.982677449828253335e-01 2.568601567257156396e-03
9.994476684413124978e-01 2.049737801396173207e-03
1.000155928782530346e+00 1.737728899354207442e-03
1.000000000000000000e+00 1.633610667327240525e-03
