1.000000000000000000e+00 -1.250270124659199136e-03
9.995927520911606079e-01 -1.253785688815471774e-03
9.988401308228220810e-01 -1.264325001231847477e-03
9.975866654440896930e-01 -1.281866256908124977e-03
9.958337094175846449e-01 -1.306374222119982900e-03
9.935831543232731544e-01 -1.337801864146885567e-03
9.908374266197913505e-01 -1.376092569153453517e-03
9.875994835212410505e-01 -1.421182885958562373e-03
9.838728080189365066e-01 -1.473005717712046365e-03
9.796614030828967312e-01 -1.531493869291587154e-03
9.749697850825258527e-01 -1.596583845818907044e-03
9.698029764697866373e-01 -1.668219787326714974e-03
9.641664977712008922e-01 -1.746357416502371251e-03
9.580663589371656297e-01 -1.830967870775782394e-03
9.515090500983169886e-01 -1.922041286946081680e-03
9.445015317790107501e-01 -2.019590006144635942e-03
9.370512246174523829e-01 -2.123651269267511771e-03
9.291659986406164418e-01 -2.234289278073751939e-03
9.208541621399277677e-01 -2.351596504892864564e-03
9.121244501908208901e-01 -2.475694144224570292e-03
9.029860128558165888e-01 -2.606731612296919048e-03
8.934484031068075094e-01 -2.744885015703763670e-03
8.835215644979218519e-01 -2.890354527325481385e-03
8.732158186157783497e-01 -3.043360626593678148e-03
8.625418523292931461e-01 -3.204139181482752383e-03
8.515107048565802028e-01 -3.372935371068901816e-03
8.401337546620524233e-01 -3.549996469727142306e-03
8.284227061926769942e-01 -3.735563536673140728e-03
8.163895764586291959e-01 -3.929862077189351377e-03
8.040466814603900447e-01 -4.133091764125775003e-03
7.914066224617528622e-01 -4.345415329715045238e-03
7.784822721063295869e-01 -4.566946758012339208e-03
7.652867603739978986e-01 -4.797738926969948026e-03
7.518334603733707322e-01 -5.037770865926605168e-03
7.381359739667892050e-01 -5.286934808800991537e-03
7.242081172255285804e-01 -5.545023235213320661e-03
7.100639057148421251e-01 -5.811716100862722445e-03
6.957175396110534260e-01 -6.086568464529106687e-03
6.811833886561281526e-01 -6.368998721875109015e-03
6.664759769588338711e-01 -6.658277655668128070e-03
6.516099676556983411e-01 -6.953518508053979641e-03
6.366001474493089285e-01 -7.253668273077142070e-03
6.214614110459695251e-01 -7.557500396797624254e-03
6.062087455191719210e-01 -7.863609058204650004e-03
5.908572146296258154e-01 -8.170405186823347099e-03
5.754219431365552584e-01 -8.476114352667686591e-03
5.599181011384997131e-01 -8.778776641273022818e-03
5.443608884848014640e-01 -9.076248601254124915e-03
5.287655193012155141e-01 -9.366207324540798407e-03
5.131472066745443872e-01 -9.646156690531697275e-03
4.975211475417824492e-01 -9.913435775310106002e-03
4.819025078289195796e-01 -1.016522939623279442e-02
4.663064078832431236e-01 -1.039858073111029485e-02
4.507479082406898319e-01 -1.061040592032358454e-02
4.352419957665598638e-01 -1.079751053005687661e-02
4.198035702037384853e-01 -1.095660772585194120e-02
4.044474311575595449e-01 -1.108433797837018314e-02
3.891882655406703750e-01 -1.117729009804017265e-02
3.740406354948363488e-01 -1.123202337258338845e-02
3.590189667996908085e-01 -1.124509056164111481e-02
3.441375377711353156e-01 -1.121306148620926368e-02
3.294104686445941677e-01 -1.113254693762329162e-02
3.148517114307927689e-01 -1.100022262166644449e-02
3.004750402243431817e-01 -1.081285284818270936e-02
2.862940419383516732e-01 -1.056731367549243461e-02
2.723221074316913848e-01 -1.026061522199112064e-02
2.585724229896729787e-01 -9.889922864563006899e-03
2.450579621137446706e-01 -9.452577054792320188e-03
2.317914775717027365e-01 -8.946111499280900992e-03
2.187854936568073005e-01 -8.368269469487210621e-03
2.060522986022710057e-01 -7.717018029142180824e-03
1.944657767753550093e-01 -7.031979769842947037e-03
1.839123100121384247e-01 -6.536553417603882532e-03
1.735647594288656503e-01 -6.246514619523892142e-03
1.634235535459331590e-01 -6.140868274724625708e-03
1.534907250079311780e-01 -6.198735739598421057e-03
1.437699136420574897e-01 -6.399242339202346197e-03
1.342663172938491634e-01 -6.721425131969348266e-03
1.249865998906979497e-01 -7.144166988010805519e-03
1.159387667461649341e-01 -7.646160317569157538e-03
1.071320168775502513e-01 -8.205901357816451636e-03
9.857658127886941013e-02 -8.801713938639196821e-03
9.028355488956764374e-02 -9.411800162471992137e-03
8.226472862105038697e-02 -1.001431444335254203e-02
7.453242640456181345e-02 -1.058745680345695231e-02
6.709935091673666085e-02 -1.110958114278636638e-02
5.997844049256662036e-02 -1.155931429180835981e-02
5.318273878317791858e-02 -1.191568194336132050e-02
4.672527796419573276e-02 -1.215823796544518789e-02
4.061897573759518099e-02 -1.226719406139719151e-02
3.487654597284160080e-02 -1.222354722410461982e-02
2.951042257371936511e-02 -1.200920289581635866e-02
2.453269600658279648e-02 -1.160709217584451891e-02
1.995506185662555831e-02 -1.100128180514558726e-02
1.578878076722295062e-02 -1.017707599624774126e-02
1.204464914337989925e-02 -9.121109470618747606e-03
8.732980047577561244e-03 -7.821431317564245950e-03
5.863593772157804987e-03 -6.267579504884492406e-03
3.445817627041850191e-03 -4.450646058176659613e-03
1.488494527676952409e-03 -2.363333089199501965e-03
0.000000000000000000e+00 0.000000000000000000e+00
-9.950548934085524239e-04 2.609900729663285155e-03
-1.472546055313409159e-03 5.434848218606009966e-03
-1.425558375237801715e-03 8.474287104479297228e-03
-8.476813620553269937e-04 1.172521945072542773e-02
2.670102614824405515e-04 1.518220357473658300e-02
1.923968504088328230e-03 1.883736220268566672e-02
4.128176204627119830e-03 2.268039936357506628e-02
6.884142864786127469e-03 2.669862550861050454e-02
1.019589174933768251e-02 3.087699043414400199e-02
1.406693773200486802e-02 3.519812370329874346e-02
1.850025530817936414e-02 3.964238240963216531e-02
2.349823614755292001e-02 4.418790631244265410e-02
2.906263553284094137e-02 4.881068060363195904e-02
3.519450704141402486e-02 5.348460684485753514e-02
4.189412489489554442e-02 5.818158294266443514e-02
4.916089355157460261e-02 6.287159340541820240e-02
5.699324437500608714e-02 6.752281153952427450e-02
6.538851960841728095e-02 7.210171567489809252e-02
7.434284444656887036e-02 7.657322193059873383e-02
8.385098874750240849e-02 8.090083639685596850e-02
9.390622087814465280e-02 8.504682986031977809e-02
1.045001573335129080e-01 8.897243826181379378e-02
1.156226130756912440e-01 9.263809186596891343e-02
1.272614589365311799e-01 9.600367555235059247e-02
1.394024938055213603e-01 9.902882162950905898e-02
1.520293405253781149e-01 1.016732350741515606e-01
1.651233752474826344e-01 1.038970491011078912e-01
1.786637002391721629e-01 1.056612065371601017e-01
1.926271695716687271e-01 1.069278597485924520e-01
2.061624491052559682e-01 1.077111899017375446e-01
2.191311284910620050e-01 1.083121104759284248e-01
2.323817274493008289e-01 1.087852443023016730e-01
2.459006221358844557e-01 1.091293948653900836e-01
2.596739029086120309e-01 1.093437434275144060e-01
2.736873928287618662e-01 1.094278506061197170e-01
2.879266664965756672e-01 1.093816552673842896e-01
3.023770691408763089e-01 1.092054708843577249e-01
3.170237358845295339e-01 1.088999795330851533e-01
3.318516111101146859e-01 1.084662237220859471e-01
3.468454678539173441e-01 1.079055962689206005e-01
3.619899271610800273e-01 1.072198284521912182e-01
3.772694773403090229e-01 1.064109766780426541e-01
3.926684930627873382e-01 1.054814079069800459e-01
4.081712542567160762e-01 1.044337840895809277e-01
4.237619647560308955e-01 1.032710458585024416e-01
4.394247706691359889e-01 1.019963957191772075e-01
4.551437784407959541e-01 1.006132809729236161e-01
4.709030725874437384e-01 9.912537659409523250e-02
4.866867330929523505e-01 9.753656826763472398e-02
5.024788524582177729e-01 9.585093577531007825e-02
5.182635524035839047e-01 9.407273689835909947e-02
5.340250002280979569e-01 9.220639198165260508e-02
5.497474248337130831e-01 9.025646928024343152e-02
5.654151324258047673e-01 8.822767118373980866e-02
5.810125219036759159e-01 8.612482138779656293e-02
5.965240999560990076e-01 8.395285305562238953e-02
6.119344958773708099e-01 8.171679798621864221e-02
6.272284761188855473e-01 7.942177678055173384e-02
6.423909585899204577e-01 7.707298997244949046e-02
6.574070267192493322e-01 7.467571006811399292e-02
6.722619432864577194e-01 7.223527441713470387e-02
6.869411640285499887e-01 6.975707881910525598e-02
7.014303510237273054e-01 6.724657175369343209e-02
7.157153858502307564e-01 6.470924910852901557e-02
7.297823825140181686e-01 6.215064926875941975e-02
7.436177001349264515e-01 5.957634842471656866e-02
7.572079553770005855e-01 5.699195594992705755e-02
7.705400346049990912e-01 5.440310970070977303e-02
7.836011057458012186e-01 5.181547109081630076e-02
7.963786298307202749e-01 4.923471979989105934e-02
8.088603721925865520e-01 4.666654798283104144e-02
8.210344132900605496e-01 4.411665385822194363e-02
8.328891591309752762e-01 4.159073456767974075e-02
8.444133512666363028e-01 3.909447821387675159e-02
8.555960763299672589e-01 3.663355500294948608e-02
8.664267750921186284e-01 3.421360743654713876e-02
8.768952510146812429e-01 3.184023951961305332e-02
8.869916782778676234e-01 2.951900497170789617e-02
8.967066092688831258e-01 2.725539445190467563e-02
9.060309815191308624e-01 2.505482182958555445e-02
9.149561240837410514e-01 2.292260955548185500e-02
9.234737633620875297e-01 2.086397320860555391e-02
9.315760283633274241e-01 1.888400531496473023e-02
9.392554554264113120e-01 1.698765855277785397e-02
9.465049924093574818e-01 1.517972847597748656e-02
9.533180023677025883e-01 1.346483590282231482e-02
9.596882667468153993e-01 1.184740912916947692e-02
9.656099881170506771e-01 1.033166613616612502e-02
9.710777924844389286e-01 8.921596969632744276e-03
9.760867312126277895e-01 7.620946473097887225e-03
9.806322825940465560e-01 6.433197558223609572e-03
9.847103531096945694e-01 5.361555195200762292e-03
9.883172784175063841e-01 4.408931301602818723e-03
9.914498241088974817e-01 3.577930701241239554e-03
9.941051862718646159e-01 2.870838314860083007e-03
9.962809918968933420e-01 2.289607732210230309e-03
9.979752991589903033e-01 1.835851300344053336e-03
9.991865976054494780e-01 1.510831846108225173e-03
9.999138082745709921e-01 1.315456132057126739e-03
1.000000000000000000e+00 1.250270124659199136e-03
