1.000000000000000000e+00 -1.647375535160716708e-03
9.994149150767883683e-01 -1.643328966998490069e-03
9.986484059855642581e-01 -1.631266603627643235e-03
9.973719578278094078e-01 -1.611420422952520356e-03
9.955871680813446201e-01 -1.584176894628954758e-03
9.932962672179511676e-01 -1.550076709502834146e-03
9.905021127756676869e-01 -1.509814340917167708e-03
9.872081818350397775e-01 -1.464237379520831172e-03
9.834185619696733660e-01 -1.414345568710997144e-03
9.791379407539992918e-01 -1.361289454927714325e-03
9.743715939219962374e-01 -1.306368556002776397e-03
9.691253722795307723e-01 -1.251028941924518800e-03
9.634056874797747305e-01 -1.196860115958408785e-03
9.572194967757804429e-01 -1.145591080277482202e-03
9.505742868666423595e-01 -1.099085469275092389e-03
9.434780569537749573e-01 -1.059335635677765425e-03
9.359393011217503888e-01 -1.028455579535464057e-03
9.279669901539786547e-01 -1.008672618162514620e-03
9.195705528874421608e-01 -1.002317706115619933e-03
9.107598572029694806e-01 -1.011814328250811718e-03
9.015451907383689178e-01 -1.039665905659042933e-03
8.919372414014935524e-01 -1.088441673668789911e-03
8.819470777492789404e-01 -1.160761012865010877e-03
8.715861292873647859e-01 -1.259276237928239756e-03
8.608661667334318590e-01 -1.386653874693437316e-03
8.497992822762475695e-01 -1.545554482780212707e-03
8.383978698519810591e-01 -1.738611109013583900e-03
8.266746054499440888e-01 -1.968406485184530375e-03
8.146424274519011854e-01 -2.237449111970261917e-03
8.023145170027005113e-01 -2.548148398551570298e-03
7.897042784054680853e-01 -2.902789054067420049e-03
7.768253195321516147e-01 -3.303504952020322460e-03
7.636914322398897781e-01 -3.752252711538832386e-03
7.503165727855852785e-01 -4.250785259507304514e-03
7.367148422351242898e-01 -4.800625654501643191e-03
7.229004668698150171e-01 -5.403041466760363787e-03
7.088877786006606563e-01 -6.059020017683047765e-03
6.946911954107299891e-01 -6.769244787230552229e-03
6.803252018569305726e-01 -7.534073297834023575e-03
6.658043296744454720e-01 -8.353516778803825316e-03
6.511431385396559968e-01 -9.227221905652373268e-03
6.363561970600095652e-01 -1.015445489418632247e-02
6.214580640715802184e-01 -1.113408820975361063e-02
6.064632703364989386e-01 -1.216459012782165894e-02
5.913863007425362861e-01 -1.324401735337507602e-02
5.762415771154325572e-01 -1.437001087381650777e-02
5.610434417606727786e-01 -1.553979518357780781e-02
5.458061418549197130e-01 -1.675018097902810504e-02
5.305438148079245630e-01 -1.799757138010441015e-02
5.152704747132120788e-01 -1.927797169104911862e-02
5.000000000000001110e-01 -2.058700266742873042e-02
4.847461223896328830e-01 -2.191991721097560908e-02
4.695224172472765023e-01 -2.327162036850335958e-02
4.543422954038998651e-01 -2.463669246696602311e-02
4.392189965048555189e-01 -2.600941517441231893e-02
4.241655839199986455e-01 -2.738380023686512454e-02
4.091949412266512875e-01 -2.875362060470315617e-02
3.943197702512978853e-01 -3.011244362957564424e-02
3.795525906292420149e-01 -3.145366598478539777e-02
3.649057408141538339e-01 -3.277054993891237444e-02
3.503913804421195932e-01 -3.405626059459835459e-02
3.360214939281220281e-01 -3.530390369216099278e-02
3.218078951474813154e-01 -3.650656357123927692e-02
3.077622330313076748e-01 -3.765734088307245986e-02
2.938959978840564591e-01 -3.874938965126058232e-02
2.802205282133964359e-01 -3.977595328982717893e-02
2.667470178482876930e-01 -4.073039920388481228e-02
2.534865231108353600e-01 -4.160625161988579235e-02
2.404499698014693765e-01 -4.239722231893990750e-02
2.276481597555305714e-01 -4.309723897753543059e-02
2.150917767325574992e-01 -4.370047085469149634e-02
2.027913914074916113e-01 -4.420135160253137185e-02
1.907574652455812370e-01 -4.459459901788424829e-02
1.790003530597763237e-01 -4.487523159517078919e-02
1.675303040706069002e-01 -4.503858178484814595e-02
1.563574613135399194e-01 -4.508030590643556657e-02
1.454918592671713418e-01 -4.499639070996235002e-02
1.349434196068003133e-01 -4.478315662394821706e-02
1.247219450213594288e-01 -4.443725777113537168e-02
1.148371110667045641e-01 -4.395567887457028922e-02
1.052984560642361983e-01 -4.333572921575368914e-02
9.611536909001366924e-02 -4.257503384294740456e-02
8.729707613527265542e-02 -4.167152226091807438e-02
7.885262455383766633e-02 -4.062341486302381566e-02
7.079086594469430338e-02 -3.942920739228996524e-02
6.312043764830718717e-02 -3.808765373970397078e-02
5.584974306254878590e-02 -3.659774740518309533e-02
4.898693100783205190e-02 -3.495870195938092367e-02
4.253987439074146532e-02 -3.316993085260994123e-02
3.651614843076017580e-02 -3.123102692063411609e-02
3.092300872530535233e-02 -2.914174193595008705e-02
2.576736943398291735e-02 -2.690196654749918426e-02
2.105578186366201254e-02 -2.451171094166331929e-02
1.679441373161086326e-02 -2.197108654306543715e-02
1.298902937460569111e-02 -1.928028905533234888e-02
9.644971157791868560e-03 -1.643958311984835760e-02
6.767142318379282435e-03 -1.344928884491298875e-02
4.359991456347222724e-03 -1.030977042895722673e-02
2.427498857609211233e-03 -7.021427069910182901e-03
9.731648050472417556e-04 -3.584686318838203357e-03
0.000000000000000000e+00 0.000000000000000000e+00
-4.797251707788417708e-04 3.683349897424617082e-03
-4.542272858807699844e-04 7.415692004186292575e-03
7.804394057278054783e-05 1.119540789252279622e-02
1.118156367142952683e-03 1.502013078848144466e-02
2.666688247070472546e-03 1.888675730509068937e-02
4.723719896705587742e-03 2.279146476091976903e-02
7.288824329641812282e-03 2.672973391976447496e-02
1.036105700770690967e-02 3.069637693947014842e-02
1.393894488907412854e-02 3.468557027239844992e-02
1.802047497954111649e-02 3.869089221720272559e-02
2.260308261501436933e-02 4.270536478184465412e-02
2.768363972100718745e-02 4.672149948153937749e-02
3.325844330818680805e-02 5.073134666294649292e-02
3.932320447143185932e-02 5.472654791774864136e-02
4.587303816332501810e-02 5.869839112508033058e-02
5.290245401144211268e-02 6.263786764334014490e-02
6.040534844221880084e-02 6.653573115793806614e-02
6.837499836271226927e-02 7.038255768266443724e-02
7.680405663542461125e-02 7.416880620871353635e-02
8.568454956081646146e-02 7.788487949700634294e-02
9.500787655760502270e-02 8.152118451632754670e-02
1.047648122028514289e-01 8.506819204184916383e-02
1.149455107627400802e-01 8.851649494573299304e-02
1.255395133114173278e-01 9.185686473349670422e-02
1.365357574999126189e-01 9.508030590643558322e-02
1.479225900007043737e-01 9.817810776131380424e-02
1.596877816165719610e-01 1.011418932733860188e-01
1.718185450057293506e-01 1.039636647471705172e-01
1.843015549395321251e-01 1.066358459607741477e-01
1.971229709749694747e-01 1.091513205734388758e-01
2.102684623923387341e-01 1.115034666117693252e-01
2.237232352195341889e-01 1.136861868971935641e-01
2.374720611387937386e-01 1.156939353249716029e-01
2.514993080499973166e-01 1.175217389528346729e-01
2.657889720470568151e-01 1.191652159044508524e-01
2.803247105508708814e-01 1.206205891386950696e-01
2.950898763339118158e-01 1.218846961795068962e-01
3.100675521678409874e-01 1.229549949423098809e-01
3.252405858265868255e-01 1.238295658309504776e-01
3.405916251829330665e-01 1.245071103133457424e-01
3.561031531466170019e-01 1.249869462140131282e-01
3.717575222059033568e-01 1.252689999869786019e-01
3.875369883521598280e-01 1.253537962528766259e-01
4.034237441876243335e-01 1.252424448991157346e-01
4.193999510397707353e-01 1.249366260516228122e-01
4.354477699308403338e-01 1.244385732308438686e-01
4.515493912775859209e-01 1.237510550034004592e-01
4.676870632234103597e-01 1.228773554342272589e-01
4.838431185322390471e-01 1.218212536323891870e-01
5.000000000000001110e-01 1.205870026674287360e-01
5.161402843649162131e-01 1.191793081124627174e-01
5.322467047213889080e-01 1.176033064458283095e-01
5.483021714635948340e-01 1.158645435154625203e-01
5.642897918036317018e-01 1.139689532400093575e-01
5.801928879247986170e-01 1.119228366885741677e-01
5.959950138431885369e-01 1.097328416477876545e-01
6.116799710600437923e-01 1.074059427511226406e-01
6.272318230932748540e-01 1.049494222119467801e-01
6.426349089792198210e-01 1.023708511692870693e-01
6.578738558352916765e-01 9.967807162439973334e-02
6.729335905708461185e-01 9.687917891759328937e-02
6.877993508277475687e-01 9.398250466890459287e-02
7.024566952240507423e-01 9.099660008366497466e-02
7.168915129644122253e-01 8.793021950511752116e-02
7.310900328697317319e-01 8.479230408138403730e-02
7.450388318665913667e-01 8.159196540345142745e-02
7.587248429647860393e-01 7.833846896459306652e-02
7.721353627391072116e-01 7.504121728979243344e-02
7.852580583199791908e-01 7.170973258625419622e-02
7.980809738870050518e-01 6.835363877281479261e-02
8.105925366502760854e-01 6.498264275679428714e-02
8.227815622967885600e-01 6.160651484125650307e-02
8.346372598737081816e-01 5.823506816339970443e-02
8.461492360767076670e-01 5.487813708547926300e-02
8.573074989102998922e-01 5.154555448278021201e-02
8.681024606879799155e-01 4.824712789822772213e-02
8.785249403430948067e-01 4.499261455971302615e-02
8.885661650265105349e-01 4.179169528357872671e-02
8.982177709741970828e-01 3.865394731542599188e-02
9.074718036365785334e-01 3.558881618691166898e-02
9.163207170715924610e-01 3.260558669401689147e-02
9.247573726145731365e-01 2.971335312786193422e-02
9.327750368499652112e-01 2.692098891307671132e-02
9.403673789221133061e-01 2.423711583058559688e-02
9.475284672345932746e-01 2.167007302105405583e-02
9.542527655993772173e-01 1.922788598184058118e-02
9.605351289082005861e-01 1.691823578384307053e-02
9.663707984084768388e-01 1.474842874488782075e-02
9.717553966746947935e-01 1.272536680313502387e-02
9.766849223731574048e-01 1.085551883725540540e-02
9.811557449229439953e-01 9.144893179826904528e-03
9.851645991589577100e-01 7.599011566517823238e-03
9.887085801037076571e-01 6.222884756219831254e-03
9.917851379530211453e-01 5.020990046504578315e-03
9.943920733771866027e-01 3.997250894745152036e-03
9.965275332331333669e-01 3.155018838197356894e-03
9.981900067752705885e-01 2.497057886518078574e-03
9.993783224427073009e-01 2.025531537903766353e-03
1.000091645288943232e+00 1.741992545584901192e-03
1.000000000000000000e+00 1.647375535160716708e-03
