1.000000000000000000e+00 -1.676279065199073491e-03
9.996385054457744834e-01 -1.705884671537882770e-03
9.988895447472012634e-01 -1.794629513894433143e-03
9.976421669774396817e-01 -1.942298333779249320e-03
9.958977056831553876e-01 -2.148534591866475222e-03
9.936580247505301111e-01 -2.412843758312347396e-03
9.909255153517867454e-01 -2.734597826255979938e-03
9.877030920553743210e-01 -3.113040957618650253e-03
9.839941881258660317e-01 -3.547296147254731975e-03
9.798027500443037274e-01 -4.036372770554836828e-03
9.751332312838020266e-01 -4.579174861155584433e-03
9.699905853786168208e-01 -5.174509949823333579e-03
9.643802583275147278e-01 -5.821098283153530381e-03
9.583081803741512195e-01 -6.517582231714111503e-03
9.517807572082227496e-01 -7.262535691857297665e-03
9.448048606314175535e-01 -8.054473283748361107e-03
9.373878187316890820e-01 -8.891859150290302993e-03
9.295374056081253666e-01 -9.773115167550455035e-03
9.212618306867721429e-01 -1.069662838695530083e-02
9.125697276652643408e-01 -1.166075754278255577e-02
9.034701431210954148e-01 -1.266383847513979921e-02
8.939725248149441583e-01 -1.370418833843304804e-02
8.840867097167739441e-01 -1.478010848796334695e-02
8.738229117785465405e-01 -1.588988596239088863e-02
8.631917094734764540e-01 -1.703179350695151889e-02
8.522040331179079331e-01 -1.820408811104857333e-02
8.408711519882595686e-01 -1.940500806367553149e-02
8.292046612421334340e-01 -2.063276856055818592e-02
8.172164686497702668e-01 -2.188555592737823768e-02
8.049187811396049108e-01 -2.316152055344768840e-02
7.923240911598198322e-01 -2.445876865917687853e-02
7.794451628565940426e-01 -2.577535304811388178e-02
7.662950180691878721e-01 -2.710926301970589813e-02
7.528869221421636837e-01 -2.845841364176547941e-02
7.392343695558746264e-01 -2.982063460148004497e-02
7.253510693778570939e-01 -3.119365887026528950e-02
7.112509305398974080e-01 -3.257511143049676011e-02
6.969480469482127738e-01 -3.396249832085918713e-02
6.824566824373698992e-01 -3.535319626150301014e-02
6.677912555820905149e-01 -3.674444312023579517e-02
6.529663243849227472e-01 -3.813332947650824312e-02
6.379965708617106879e-01 -3.951679153097177599e-02
6.228967855507863138e-01 -4.089160559494280783e-02
6.076818519756743697e-01 -4.225438437634886080e-02
5.923667310947313691e-01 -4.360157525685742774e-02
5.769664457743870489e-01 -4.492946072918585498e-02
5.614960653254109646e-01 -4.623416113440553810e-02
5.459706901437686444e-01 -4.751163980679443122e-02
5.304054364990564707e-01 -4.875771069893199139e-02
5.148154215141483858e-01 -4.996804852277869635e-02
4.992157483794618100e-01 -5.113820140400242298e-02
4.836214918441323896e-01 -5.226360600739310414e-02
4.680476840243518732e-01 -5.333960505146106978e-02
4.525093005661672829e-01 -5.436146709087173734e-02
4.370212471962069412e-01 -5.532440840685801109e-02
4.215983466891258802e-01 -5.622361680880330614e-02
4.062553262751402161e-01 -5.705427711540243807e-02
3.911048378947851734e-01 -5.781715236358860727e-02
3.761325626920009602e-01 -5.853083228797968662e-02
3.612844603963728529e-01 -5.919258138160073818e-02
3.465738450829316530e-01 -5.979697845642899245e-02
3.320138603450065173e-01 -6.033863772236140732e-02
3.176174756943011546e-01 -6.081224239389768083e-02
3.033974836885408033e-01 -6.121257794418107079e-02
2.893664976911625164e-01 -6.153456461389890386e-02
2.755369501544466249e-01 -6.177328878863413975e-02
2.619210913062194890e-01 -6.192403286995109418e-02
2.485309881111128216e-01 -6.198230328264697775e-02
2.353785233706063296e-01 -6.194385628297499613e-02
2.224753948219246324e-01 -6.180472125992864108e-02
2.098331140944700302e-01 -6.156122125348083285e-02
1.974630053839494526e-01 -6.120999044953886331e-02
1.853762037087341996e-01 -6.074798845078232395e-02
1.735836526202419461e-01 -6.017251116492879082e-02
1.620961012491703435e-01 -5.948119819669966946e-02
1.509241005820719239e-01 -5.867203667619366736e-02
1.400779988778310114e-01 -5.774336150384224570e-02
1.295679361508113581e-01 -5.669385203994106726e-02
1.194038376664599416e-01 -5.552252531423710474e-02
1.095954064156141883e-01 -5.422872587752831236e-02
1.001521145552734110e-01 -5.281211246204630533e-02
9.108319382570674583e-02 -5.127264165990951666e-02
8.239762497606731295e-02 -4.961054886856820778e-02
7.410412625267889797e-02 -4.782632678836108708e-02
6.621114102542845214e-02 -4.592070178957524673e-02
5.872682464778745254e-02 -4.389460849430588951e-02
5.165903066447225661e-02 -4.174916294157867552e-02
4.501529649726863924e-02 -3.948563472231860633e-02
3.880282875372043083e-02 -3.710541848358970413e-02
3.302848831492671139e-02 -3.461000520892860977e-02
2.769877536735888476e-02 -3.200095368346586588e-02
2.281981454919374680e-02 -2.927986254885656808e-02
1.839734038405114666e-02 -2.644834334389223676e-02
1.443668317414800728e-02 -2.350799491217096804e-02
1.094275552074253956e-02 -2.046037953856534239e-02
7.920039632418525780e-03 -1.730700115172570386e-02
5.372575571371693975e-03 -1.404928590081208455e-02
3.303950574624469477e-03 -1.068856538146912075e-02
1.717289571247501007e-03 -7.226062749171953750e-03
6.152469985339029807e-04 -3.662881917983520572e-03
0.000000000000000000e+00 0.000000000000000000e+00
-1.218073642655029417e-04 3.712210663743318630e-03
2.559820004809401335e-04 7.423146543801311531e-03
1.134084822295534012e-03 1.113113791127460020e-02
2.512723114150541143e-03 1.483392964840431379e-02
4.391619772443814892e-03 1.852869353238060374e-02
6.769993750568739296e-03 2.221204562277469610e-02
9.646554887104669129e-03 2.588006857107654629e-02
1.301949848731777729e-02 2.952833862073727875e-02
1.688649977386329909e-02 3.315195701884218749e-02
2.124470833748758405e-02 3.674558551662759909e-02
2.609074273084783374e-02 4.030348559604082781e-02
3.142068535802822193e-02 4.381956102387688651e-02
3.723007781875022071e-02 4.728740330414660936e-02
4.351391686950838861e-02 5.070033957358262983e-02
5.026665116384475968e-02 5.405148246487530284e-02
5.748217893070795698e-02 5.733378144757819705e-02
6.515384674337756921e-02 6.054007514778107779e-02
7.327444952191761174e-02 6.366314414471005434e-02
8.183623189973153467e-02 6.669576374537738994e-02
9.083089106977924876e-02 6.963075624720288515e-02
1.002495812086953986e-01 7.246104221301885584e-02
1.100829195577509162e-01 7.517969030282795062e-02
1.203209942187290493e-01 7.777996523181804345e-02
1.309533737007576581e-01 8.025537345408650935e-02
1.419691182313806144e-01 8.259970620585735390e-02
1.533567928221409304e-01 8.480707958020791692e-02
1.651044820561063386e-01 8.687197134690459455e-02
1.771998065425763880e-01 8.878925427530347247e-02
1.896299409630742838e-01 9.055422576476498953e-02
2.023816336130569438e-01 9.216263363500977468e-02
2.154412273259446731e-01 9.361069797762808231e-02
2.287946816503972358e-01 9.489512901885843732e-02
2.424275961385163047e-01 9.601314099208488329e-02
2.563252345920655206e-01 9.696246206558761793e-02
2.704725501060066262e-01 9.774134041626258984e-02
2.848542107437648241e-01 9.834854658267226657e-02
2.994546256766786874e-01 9.878337227032209233e-02
3.142579716210211482e-01 9.904562581793374676e-02
3.292482194097023362e-01 9.913562456523709876e-02
3.444091605421210067e-01 9.905418439001976993e-02
3.597244335643979829e-01 9.880260670451943006e-02
3.751775501431444115e-01 9.838266321847179141e-02
3.907519207086725399e-01 9.779657878806527482e-02
4.063633591391354050e-01 9.704985402591399801e-02
4.219671882706435007e-01 9.617089581334967163e-02
4.376455192394889115e-01 9.516954379547015730e-02
4.533823861153185031e-01 9.404999349897590066e-02
4.691617964463349888e-01 9.281664834226563410e-02
4.849677490777395406e-01 9.147409678087609075e-02
5.007842516205384120e-01 9.002709029289131248e-02
5.165953375639799061e-01 8.848052242785883759e-02
5.323850830302570003e-01 8.683940911130737239e-02
5.481376231747459027e-01 8.510887036337605460e-02
5.638371682388935158e-01 8.329411355492202795e-02
5.794680192658441253e-01 8.140041828839375548e-02
5.950145834909934539e-01 7.943312295435285553e-02
6.104613894208683611e-01 7.739761297841532550e-02
6.257931016140687586e-01 7.529931073816473197e-02
6.409945351775186984e-01 7.314366709584164961e-02
6.560506699900249261e-01 7.093615446088309684e-02
6.709466646632010756e-01 6.868226126717408286e-02
6.856678702473082421e-01 6.638748772363731177e-02
7.001998436865679576e-01 6.405734267392673709e-02
7.145283610251754736e-01 6.169734138183886191e-02
7.286394303616896551e-01 5.931300404388800684e-02
7.425193045458410301e-01 5.690985481950258662e-02
7.561544936082076340e-01 5.449342116261851610e-02
7.695317769098091176e-01 5.206923323612082377e-02
7.826382149955367629e-01 4.964282319259961246e-02
7.954611611326533049e-01 4.721972411113477958e-02
8.079882725133716859e-01 4.480546839014869914e-02
8.202075210989194787e-01 4.240558541052786429e-02
8.321072040815188364e-01 4.002559830091070858e-02
8.436759539404291575e-01 3.767101965793056423e-02
8.549027480686395286e-01 3.534734609786471804e-02
8.657769179479353205e-01 3.306005154213980529e-02
8.762881578519130521e-01 3.081457916699267136e-02
8.864265330590155312e-01 2.861633197676394583e-02
8.961824875607464769e-01 2.647066199030237085e-02
9.055468512538520365e-01 2.438285806021055907e-02
9.145108466092976007e-01 2.235813237466689751e-02
9.230660948152431544e-01 2.040160572075132642e-02
9.312046213958184993e-01 1.851829161609391122e-02
9.389188613121746130e-01 1.671307944176129989e-02
9.462016635569506784e-01 1.499071673314879630e-02
9.530462952577968272e-01 1.335579080683638176e-02
9.594464453098298096e-01 1.181270991954920871e-02
9.653962275607368415e-01 1.036568417020890080e-02
9.708901835756087451e-01 9.018706367334856575e-03
9.759232850113516156e-01 7.775533091557384341e-03
9.804909356326395597e-01 6.639666186616354979e-03
9.845889730027650444e-01 5.614334911882947095e-03
9.882136698833731137e-01 4.702478985160062422e-03
9.913617353769020868e-01 3.906732736378164608e-03
9.940303158446076592e-01 3.229410580933682502e-03
9.962169956313225994e-01 2.672494006030159529e-03
9.979197976256403146e-01 2.237620244735457654e-03
9.991371836810702955e-01 1.926072790879222599e-03
9.998680549199571166e-01 1.738773883748198851e-03
1.000000000000000000e+00 1.676279065199073491e-03
