1.000000000000000000e+00 -1.675294840612577291e-03
9.996242211579881021e-01 -1.702816719429660385e-03
9.988740918287829507e-01 -1.785306097859027915e-03
9.976247620449039122e-01 -1.922534904321998410e-03
9.958775589601740474e-01 -2.114125347502130922e-03
9.936343376136839156e-01 -2.359553360825475746e-03
9.908974779777696140e-01 -2.658153330642467303e-03
9.876698811966401204e-01 -3.009124016093894620e-03
9.839549650402816816e-01 -3.411535545273213562e-03
9.797566586027229851e-01 -3.864337351049142253e-03
9.750793962776403978e-01 -4.366366891184976506e-03
9.699281110475354017e-01 -4.916358981537943817e-03
9.643082271252778614e-01 -5.512955558447126155e-03
9.582256519886477308e-01 -6.154715677174587944e-03
9.516867678496000460e-01 -6.840125547647900837e-03
9.446984226003174445e-01 -7.567608406883354240e-03
9.372679202777365326e-01 -8.335534029425387820e-03
9.294030110871580597e-01 -9.142227682909610104e-03
9.211118810238264620e-01 -9.985978345379896079e-03
9.124031411290837168e-01 -1.086504601413369221e-02
9.032858164149126790e-01 -1.177766795242713924e-02
8.937693344875023982e-01 -1.272206374009988983e-02
8.838635138969870297e-01 -1.369643901674269353e-02
8.735785522368368916e-01 -1.469898783107621842e-02
8.629250140126255575e-01 -1.572789353731283979e-02
8.519138182961725203e-01 -1.678132820798244190e-02
8.405562261774909283e-01 -1.785745056252133200e-02
8.288638280236239053e-01 -1.895440244135535718e-02
8.168485305504712413e-01 -2.007030388569470275e-02
8.045225437111452882e-01 -2.120324691329304734e-02
7.918983674023271080e-01 -2.235128810944062017e-02
7.789887779886078834e-01 -2.351244017995546276e-02
7.658068146438921087e-01 -2.468466263838769298e-02
7.523657655086785079e-01 -2.586585182258029081e-02
7.386791536623984467e-01 -2.705383045570222689e-02
7.247607229109748195e-01 -2.824633698346925778e-02
7.106244233913584507e-01 -2.944101493216138773e-02
6.962843969969024771e-01 -3.063540254093367193e-02
6.817549626300647425e-01 -3.182692292657210431e-02
6.670506012919142913e-01 -3.301287503911272403e-02
6.521859410212486052e-01 -3.419042566252452481e-02
6.371757416996465251e-01 -3.535660270594505328e-02
6.220348797424093412e-01 -3.650829001780637323e-02
6.067783326989476533e-01 -3.764222393773656444e-02
5.914211637896533702e-01 -3.875499177956917563e-02
5.759785064095195306e-01 -3.984303241342264379e-02
5.604655486316515445e-01 -4.090263908596533660e-02
5.448975177462213049e-01 -4.192996458606461363e-02
5.292896648722812403e-01 -4.292102882849712503e-02
5.136572496810838384e-01 -4.387172889177861496e-02
4.980155252700873003e-01 -4.477785150801191771e-02
4.823797232266193169e-01 -4.563508796353583225e-02
4.667650389191937976e-01 -4.643905132969463473e-02
4.511866170527116249e-01 -4.718529590386394412e-02
4.356595375212565235e-01 -4.786933870258644474e-02
4.201988015889312478e-01 -4.848668281192143603e-02
4.048193184252374399e-01 -4.903284236548954844e-02
3.895358920169474937e-01 -4.950336888879151159e-02
3.743632084733354848e-01 -4.989387871973093719e-02
3.593158237361420149e-01 -5.020008119038462530e-02
3.444081516998454551e-01 -5.041780723438368805e-02
3.296544527418444614e-01 -5.054303806818154221e-02
3.150688226561454419e-01 -5.057193358331654731e-02
3.006651819782414914e-01 -5.050086008076786620e-02
2.864572656832025666e-01 -5.032641697783134249e-02
2.724586132337095123e-01 -5.004546212269292416e-02
2.586825589499871514e-01 -4.965513536206302841e-02
2.451422226694474626e-01 -4.915288002277615198e-02
2.318505006604504870e-01 -4.853646198900432585e-02
2.188200567520244555e-01 -4.780398608243827813e-02
2.060633136397300724e-01 -4.695390948314065449e-02
1.942819773061585098e-01 -4.601078976270980836e-02
1.833889175572563646e-01 -4.511343088080570218e-02
1.727269481683627594e-01 -4.427147720234955730e-02
1.623003278847750253e-01 -4.347176899589012822e-02
1.521139272931668340e-01 -4.270135176165817253e-02
1.421732535362107419e-01 -4.194747365057053395e-02
1.324844597166694449e-01 -4.119758279651977023e-02
1.230543399296154111e-01 -4.043932587721052463e-02
1.138903111339780172e-01 -3.966054896882943714e-02
1.050003832737426562e-01 -3.884930150039718477e-02
9.639311918925085043e-02 -3.799384385912788625e-02
8.807758592742317982e-02 -3.708265895999104944e-02
8.006329907522607980e-02 -3.610446787932993645e-02
7.236016171299522459e-02 -3.504824946926490131e-02
6.497839952288074483e-02 -3.390326371945957817e-02
5.792849350160918231e-02 -3.265907851617533275e-02
5.122111162384096472e-02 -3.130559936415725636e-02
4.486704068920941563e-02 -2.983310158229080661e-02
3.887711946789793038e-02 -2.823226445583363470e-02
3.326217414026973879e-02 -2.649420682262095331e-02
2.803295690831345693e-02 -2.461052358409758500e-02
2.320008854221196695e-02 -2.257332266058771283e-02
1.877400551500185005e-02 -2.037526195038009275e-02
1.476491227223854751e-02 -1.800958590084378308e-02
1.118273908150368978e-02 -1.547016135417320429e-02
8.037105807814561020e-03 -1.275151238815452719e-02
5.337291864683492426e-03 -9.848853931613762991e-03
3.092212495750509219e-03 -6.758123993319080196e-03
1.310401447634490122e-03 -3.476014400733105480e-03
0.000000000000000000e+00 0.000000000000000000e+00
-8.169618133660901376e-04 3.623954985011375394e-03
-1.118940924022068188e-03 7.348645289576690755e-03
-8.992564677634891541e-04 1.117287849137064623e-02
-1.518071222923259023e-04 1.509378526805123417e-02
1.128920323358650890e-03 1.910681781664390691e-02
2.947836999072731348e-03 2.320575762470653697e-02
5.309232546250828091e-03 2.738273248543778016e-02
8.216750329156956995e-03 3.162824266024730213e-02
1.167335741474358896e-02 3.593119610709417239e-02
1.568130956457673003e-02 4.027895271013742784e-02
2.024211157787661822e-02 4.465737746477461273e-02
2.535647342253923714e-02 4.905090259048928286e-02
3.102426269217789523e-02 5.344259856031963879e-02
3.724445403237146290e-02 5.781425404800483170e-02
4.401507628875146738e-02 6.214646479938641666e-02
5.133315824314119147e-02 6.641873143044163541e-02
5.919467392083039431e-02 7.060956613703298079e-02
6.759448857056174487e-02 7.469660826744670135e-02
7.652630653618743006e-02 7.865674865430360985e-02
8.598262235131000353e-02 8.246626252382088795e-02
9.595467649033156965e-02 8.610095069447980254e-02
1.064324172945954466e-01 8.953628864149232314e-02
1.174044706528709625e-01 9.274758283691950100e-02
1.288581190423779277e-01 9.571013357845947755e-02
1.407792915202857043e-01 9.839940329560453725e-02
1.531525661865362486e-01 1.007911890755462808e-01
1.659611865079855253e-01 1.028617978912999553e-01
1.791870926940542230e-01 1.045882227525394143e-01
1.928109690408652266e-01 1.059483177499594975e-01
2.061514340677969015e-01 1.069504126066978533e-01
2.190965653958448500e-01 1.077702906863030052e-01
2.323227043605530784e-01 1.084399416708167752e-01
2.458163615801816637e-01 1.089589707091347948e-01
2.595637669482978582e-01 1.093274276998338623e-01
2.735508870267437387e-01 1.095458033531700737e-01
2.877634427517247739e-01 1.096150219329664471e-01
3.021869273869779993e-01 1.095364309024728644e-01
3.168066246591768609e-01 1.093117877301677532e-01
3.316076270128643921e-01 1.089432441388591272e-01
3.465748539252072047e-01 1.084333281040104902e-01
3.616930702246288210e-01 1.077849239247146707e-01
3.769469043618098869e-01 1.070012507030064786e-01
3.923208665865102196e-01 1.060858395741554328e-01
4.077993669890381812e-01 1.050425100322159855e-01
4.233667333708381331e-01 1.038753456915117307e-01
4.390072289144393292e-01 1.025886698160586308e-01
4.547050696287741611e-01 1.011870209354239492e-01
4.704444415514930644e-01 9.967512884748558344e-02
4.862095176952526132e-01 9.805789128637698582e-02
5.019844747299129217e-01 9.634035150801190106e-02
5.177535093970444535e-01 9.452767701647504794e-02
5.335008546570322308e-01 9.262513962276419655e-02
5.492107955722932422e-01 9.063809699345819204e-02
5.648676849326529359e-01 8.857197581144540810e-02
5.804559586307116437e-01 8.643225663449995155e-02
5.959601507960714528e-01 8.422446050084858582e-02
6.113649086975950775e-01 8.195413729454495422e-02
6.266550074224457312e-01 7.962685584805884176e-02
6.418153643395828611e-01 7.724819572556845815e-02
6.568310533536990681e-01 7.482374059856053417e-02
6.716873189533772992e-01 7.235907309599266812e-02
6.863695900546133988e-01 6.985977098491018278e-02
7.008634936378782543e-01 6.733140451443225816e-02
7.151548681737144308e-01 6.477953473676115181e-02
7.292297768285719295e-01 6.220971260359690891e-02
7.430745204393172099e-01 5.962747862525157039e-02
7.566756502416928098e-01 5.703836287298055807e-02
7.700199803351048811e-01 5.444788510263157827e-02
7.830945998635229222e-01 5.186155477963784455e-02
7.958868848901460291e-01 4.928487079154622585e-02
8.083845099418313085e-01 4.672332064451620304e-02
8.205754591982185042e-01 4.418237895431425394e-02
8.324480373000283651e-01 4.166750505995930887e-02
8.439908797511977978e-01 3.918413960901109827e-02
8.551929628903749414e-01 3.673769998711078760e-02
8.660436134087862170e-01 3.433357449035147335e-02
8.765325173936227010e-01 3.197711516688784422e-02
8.866497288788024456e-01 2.967362928337213823e-02
8.963856778881882370e-01 2.742836940182043215e-02
9.057311779600347723e-01 2.524652208280031909e-02
9.146774331454782248e-01 2.313319526088806338e-02
9.232160444781888353e-01 2.109340436760751003e-02
9.313390159167858062e-01 1.913205730504419569e-02
9.390387597661271624e-01 1.725393839953159175e-02
9.463081015880507874e-01 1.546369148878306427e-02
9.531402846164195308e-01 1.376580231717363864e-02
9.595289736953332982e-01 1.216458043221080310e-02
9.654682587629737078e-01 1.066414079024537859e-02
9.709526579066901641e-01 9.268385290921561659e-03
9.759771200175132444e-01 7.980984467552363140e-03
9.805370270742203020e-01 6.805359564408355530e-03
9.846281960883493944e-01 5.744665231766442337e-03
9.882468807421073143e-01 4.801773065480447952e-03
9.913897727509192181e-01 3.979256209895139056e-03
9.940540029814538547e-01 3.279375231253394210e-03
9.962371423543039395e-01 2.704065453556279627e-03
9.979372025581760841e-01 2.254925930383555426e-03
9.991526365994886083e-01 1.933210204784854532e-03
9.998823392077434979e-01 1.739818985374653364e-03
1.000000000000000000e+00 1.675294840612577291e-03
