1.000000000000000000e+00 -8.345674450313647673e-04
9.996553150942466548e-01 -8.293051745549577438e-04
9.989076595474071230e-01 -8.135424138168475400e-04
9.976624391117453472e-01 -7.873514249504588725e-04
9.959209606269008308e-01 -7.508530059915433097e-04
9.936850509290374722e-01 -7.042170126984155986e-04
9.909570541314136616e-01 -6.476630497165270471e-04
9.877398281559576221e-01 -5.814612926710836793e-04
9.840367405360838093e-01 -5.059333931577707395e-04
9.798516635146571341e-01 -4.214534099784630894e-04
9.751889684642313094e-01 -3.284487025223084035e-04
9.700535196593885745e-01 -2.274007160882438212e-04
9.644506674331467799e-01 -1.188455843244519070e-04
9.583862407509604608e-01 -3.374470942714945243e-06
9.518665392367917644e-01 1.183664284585324994e-04
9.448983246860731544e-01 2.456763032019880499e-04
9.374888121001552221e-01 3.778006394973311421e-04
9.296456602760293508e-01 5.139327000999865946e-04
9.213769619838048097e-01 6.532156384562986390e-04
9.126912337626560401e-01 7.947453067023747819e-04
9.035974053637840786e-01 9.375738078727206826e-04
8.941048088664597104e-01 1.080713832197275140e-03
8.842231674905022265e-01 1.223143805583692956e-03
8.739625841256858374e-01 1.363813865467990855e-03
8.633335295956523492e-01 1.501652665379462487e-03
8.523468306710338949e-01 1.635574995023597253e-03
8.410136578437424903e-01 1.764490187685862146e-03
8.293455128718434377e-01 1.887311271543750182e-03
8.173542161021919439e-01 2.002964806318542623e-03
8.050518935761293848e-01 2.110401331855121104e-03
7.924509639220673751e-01 2.208606340969022225e-03
7.795641250378068099e-01 2.296611675494789062e-03
7.664043405649318963e-01 2.373507232173169973e-03
7.529848261576512769e-01 2.438452854062914815e-03
7.393190355489985821e-01 2.490690273777938085e-03
7.254206464183530212e-01 2.529554967241103014e-03
7.113035460657781694e-01 2.554487770980027467e-03
6.969818169006272157e-01 2.565046112423648161e-03
6.824697217542198269e-01 2.560914701300400637e-03
6.677816890290323437e-01 2.541915531175956144e-03
6.529322976997282701e-01 2.508017043442448829e-03
6.379362621843683856e-01 2.459342311690898564e-03
6.228084171072022501e-01 2.396176112332559782e-03
6.075637019774459135e-01 2.318970757512313352e-03
5.922171458113053566e-01 2.228350578671663140e-03
5.767838517270992282e-01 2.125114963423456460e-03
5.612789815455920817e-01 2.010239864515643571e-03
5.457177404294661915e-01 1.884877717376068351e-03
5.301153615971719857e-01 1.750355721798838027e-03
5.144870911471329800e-01 1.608172463490709081e-03
4.988481730283951809e-01 1.459992872150824017e-03
4.832138341932536441e-01 1.307641534203228539e-03
4.675992699661674634e-01 1.153094399918355717e-03
4.520196296613534503e-01 9.984689461216139650e-04
4.364900024788800903e-01 8.460128766652127985e-04
4.210254037058712706e-01 6.980914630069431914e-04
4.056407612456504053e-01 5.571736462849988247e-04
3.903509024933625171e-01 4.258170398917654476e-04
3.751705415718926129e-01 3.066519874572598559e-04
3.601142669368585514e-01 2.023648450886900152e-04
3.451965293541889301e-01 1.156806684495109705e-04
3.304316302484301970e-01 4.934549460104686869e-05
3.158337104145766405e-01 6.108415305815240171e-06
3.014167390810117975e-01 -1.129635741478618449e-05
2.875684702024200456e-01 -5.791006493088834972e-05
2.739618761683523251e-01 -2.111549925866151867e-04
2.605663892686378436e-01 -4.626694115562601795e-04
2.473927016753920682e-01 -8.030990041618599196e-04
2.344513751252861600e-01 -1.222845521563008242e-03
2.217528522270598157e-01 -1.712107984417572670e-03
2.093074664489024961e-01 -2.260923078977183920e-03
1.971254505073210817e-01 -2.859204663173270378e-03
1.852169429166366510e-01 -3.496782320902211416e-03
1.735919924995743824e-01 -4.163438922873345660e-03
1.622605607034040276e-01 -4.848947168939157087e-03
1.512325216116281457e-01 -5.543105099842637190e-03
1.405176595872582590e-01 -6.235770575974002722e-03
1.301256645292950265e-01 -6.916894727314534808e-03
1.200661247682665855e-01 -7.576554382617489009e-03
1.103485176688222824e-01 -8.204983487439646700e-03
1.009821980467983105e-01 -8.792603520319915156e-03
9.197638454430913380e-02 -9.330052914628333277e-03
8.334014413889161144e-02 -9.808215490789064239e-03
7.508237499118260161e-02 -1.021824790008984268e-02
6.721178785984038839e-02 -1.055160607746177641e-02
5.973688633226846567e-02 -1.080007069673085025e-02
5.266594613508248507e-02 -1.095577161814323061e-02
4.600699379917574938e-02 -1.101121131462785667e-02
3.976778496070300373e-02 -1.095928726041871769e-02
3.395578258140320715e-02 -1.079331326339967242e-02
2.857813536954159975e-02 -1.050703972090295986e-02
2.364165667650288544e-02 -1.009467277769861282e-02
1.915280413391122483e-02 -9.550892364534251805e-03
1.511766028228014001e-02 -8.870869095778739083e-03
1.154191442484401621e-02 -8.050280005421418458e-03
8.430845919653056145e-03 -7.085323101803336736e-03
5.789309099490883709e-03 -5.972730722911626274e-03
3.621719983017653195e-03 -4.709781675758075922e-03
1.932044912053528353e-03 -3.294312145176946181e-03
7.237912194597937582e-04 -1.724725359211294043e-03
0.000000000000000000e+00 0.000000000000000000e+00
-2.303515851913937192e-04 1.856255154422274895e-03
4.122665967491267840e-05 3.819652608594354803e-03
8.163154139023507273e-04 5.888880857562450721e-03
2.095989586031351843e-03 8.061659720082022321e-03
3.880813485209284961e-03 1.033474850814410789e-02
6.170834846467262644e-03 1.270395948071590710e-02
8.965577778972536396e-03 1.516417649977612470e-02
1.226403473745769912e-02 1.770937878252828654e-02
1.606465764655416045e-02 2.033266962004240397e-02
2.036534833530486907e-02 2.302630990949167122e-02
2.516344846437133798e-02 2.578175632461873409e-02
3.045572915104565251e-02 2.858970392706214336e-02
3.623838051684311057e-02 3.144013299970353781e-02
4.250700139889816015e-02 3.432235986224788094e-02
4.925658947936374654e-02 3.722509140883258766e-02
5.648153209629603461e-02 4.013648308759346084e-02
6.417559800487386557e-02 4.304420002282259572e-02
7.233193035909331325e-02 4.593548096169478012e-02
8.094304118112914670e-02 4.879720470958624767e-02
9.000080757825434929e-02 5.161595870087198196e-02
9.949646995548730444e-02 5.437810933591183393e-02
1.094206324559442722e-01 5.706987369989950654e-02
1.197632658402453670e-01 5.967739226558464727e-02
1.305137129913304106e-01 6.218680216985682241e-02
1.416606972018243926e-01 6.458431064411776501e-02
1.531923333679072463e-01 6.685626817062972904e-02
1.650961421767739024e-01 6.898924093200084484e-02
1.773590673346739366e-01 7.097008211908314990e-02
1.899674958397026547e-01 7.278600166424185891e-02
2.029072812586244778e-01 7.442463397263324176e-02
2.161637699208094898e-01 7.587410323420498703e-02
2.297218298957174054e-01 7.712308591394828605e-02
2.435658825742370581e-01 7.816087003775179509e-02
2.576799366296471661e-01 7.897741091619417397e-02
2.720476240921009259e-01 7.956338297878084997e-02
2.866522382325072948e-01 7.991022742635377207e-02
3.014353702842076932e-01 8.001096433587066847e-02
3.160417369007456623e-01 7.995242039524311228e-02
3.308304495062786565e-01 7.979746910066946863e-02
3.457864762708637296e-01 7.954644556369055985e-02
3.608946270239122844e-01 7.919995546439667633e-02
3.761395712632527588e-01 7.875886841065765642e-02
3.915058561100951962e-01 7.822431028052634350e-02
4.069779241686252158e-01 7.759765470525400999e-02
4.225401312538981102e-01 7.688051385045271968e-02
4.381767639568157624e-01 7.607472865050862731e-02
4.538720570201323357e-01 7.518235864649697175e-02
4.696102105045193986e-01 7.420567157072203990e-02
4.853754067286182861e-01 7.314713281178203408e-02
5.011518269716049856e-01 7.200939488295121649e-02
5.169236679309953120e-01 7.079528700392290208e-02
5.326751579321414853e-01 6.950780489182517563e-02
5.483905728890483555e-01 6.815010084219670639e-02
5.640542520187123987e-01 6.672547416458118885e-02
5.796506133131319460e-01 6.523736202087826452e-02
5.951641687744194664e-01 6.368933069788124124e-02
6.105795394190968173e-01 6.208506732884588181e-02
6.258814700576528223e-01 6.042837206277143491e-02
6.410548438548610006e-01 5.872315066462028416e-02
6.560846966752194032e-01 5.697340751523166658e-02
6.709562312162592468e-01 5.518323896644287962e-02
6.856548309304583144e-01 5.335682699514707195e-02
7.001660737341535157e-01 5.149843308988326374e-02
7.144757454992947121e-01 4.961239229523574379e-02
7.285698533211937278e-01 4.770310733294664401e-02
7.424346385527170744e-01 4.577504271430882232e-02
7.560565895927200408e-01 4.383271875616405466e-02
7.694224544140650934e-01 4.188070541269778291e-02
7.825192528143239956e-01 3.992361583718415791e-02
7.953342883704057620e-01 3.796609959182671579e-02
8.078551600768472118e-01 3.601283542977941343e-02
8.200697736464978016e-01 3.406852358118801771e-02
8.319663524518088327e-01 3.213787748450645104e-02
8.435334480849462357e-01 3.022561491524090871e-02
8.547599505155135668e-01 2.833644847643607828e-02
8.656350978257594253e-01 2.647507542842517450e-02
8.761484855047737552e-01 2.464616684936794463e-02
8.862900752852872488e-01 2.285435613264102245e-02
8.960502035092309248e-01 2.110422684196678472e-02
9.054195890111633727e-01 1.940029995998722098e-02
9.143893405119059015e-01 1.774702058056338780e-02
9.229509635182104876e-01 1.614874410912944813e-02
9.310963667279145151e-01 1.460972204871581297e-02
9.388178679437084728e-01 1.313408746153982634e-02
9.461081995022950775e-01 1.172584020712733044e-02
9.529605132292278125e-01 1.038883206757571648e-02
9.593683849330205682e-01 9.126751878635409876e-03
9.653258184551047894e-01 7.943110791618041705e-03
9.708272492948369914e-01 6.841227795628023606e-03
9.758675478309223328e-01 5.824215632171425225e-03
9.804420221622861531e-01 4.894967234771828782e-03
9.845464205925472667e-01 4.056142824797086960e-03
9.881769337827898125e-01 3.310157791283007637e-03
9.913301965972751706e-01 2.659171477182780807e-03
9.940032896661002981e-01 2.105076987241801759e-03
9.961937406875771561e-01 1.649492123709980860e-03
9.978995254913346491e-01 1.293751545488883766e-03
9.991190688808644360e-01 1.038900234230891347e-03
9.998512452714849452e-01 8.856883375459232138e-04
1.000000000000000000e+00 8.345674450313647673e-04
