1.000000000000000000e+00 -1.038383170511694101e-03
9.995933406179743352e-01 -1.029925283528407244e-03
9.988409213038541568e-01 -1.004649206662893866e-03
9.975878431982482253e-01 -9.628474564768782886e-04
9.958355353347587702e-01 -9.050067701263497105e-04
9.935859941915432536e-01 -8.318069029873837979e-04
9.908417795633330805e-01 -7.441189123436886543e-04
9.876060093114961136e-01 -6.430028951302222719e-04
9.838823530335885081e-01 -5.297051399644919258e-04
9.796750247012444568e-01 -4.056546469467987338e-04
9.749887743216717473e-01 -2.724589631618607594e-04
9.698288786833002550e-01 -1.318992776430747554e-04
9.642011312501922449e-01 1.407528308012585827e-05
9.581118312726183417e-01 1.633542187144884639e-04
9.515677721826791835e-01 3.136731372968080273e-04
9.445762293440358448e-01 4.626222121198002302e-04
9.371449472237360911e-01 6.076556654704325794e-04
9.292821260518595583e-01 7.461023247889927990e-04
9.209964080313535195e-01 8.751772886232880161e-04
9.122968631561454433e-01 9.919947297206011677e-04
9.031929746905285050e-01 1.093581850864196528e-03
8.936946243571272097e-01 1.176893995750346797e-03
8.838120772746501652e-01 1.238830902483899904e-03
8.735559666803338619e-01 1.276254071338528071e-03
8.629372784656949014e-01 1.286005201516535884e-03
8.519673355481492960e-01 1.264925634001649868e-03
8.406577820954447278e-01 1.209876719517912619e-03
8.290205676148597602e-01 1.117761012380886348e-03
8.170679309149632141e-01 9.855441729883299140e-04
8.048123839445183725e-01 8.102774441592838772e-04
7.922666955109985976e-01 5.891205498526307094e-04
7.794438748802579031e-01 3.193648492946787876e-04
7.663571552591861291e-01 -1.543434430845147531e-06
7.530199771647290152e-01 -3.759801044183191943e-04
7.394459716854083764e-01 -8.061202016978602503e-04
7.256489436453704700e-01 -1.293915749406803622e-03
7.116428546859349114e-01 -1.841074245018180927e-03
6.974418062854014222e-01 -2.449038118368704331e-03
6.830600227443887063e-01 -3.118965372323059121e-03
6.685118341709277434e-01 -3.851711618891175137e-03
6.538116595067348102e-01 -4.647813716426689445e-03
6.389739896432414801e-01 -5.507475203179748591e-03
6.240133706828047133e-01 -6.430553709014057845e-03
6.089443874067781426e-01 -7.416550510647434979e-03
5.937310972613247806e-01 -8.460542108505463010e-03
5.783605833380496275e-01 -9.525106958451309835e-03
5.629185139111899661e-01 -1.059956153169661422e-02
5.474199050235989406e-01 -1.168143277742140704e-02
5.318797904113180541e-01 -1.276806313665767786e-02
5.163132067518625412e-01 -1.385661614021202470e-02
5.007351791766566640e-01 -1.494408393272932470e-02
4.851607070867515747e-01 -1.602729669657022155e-02
4.696047503081614560e-01 -1.710293392283109004e-02
4.540822156195027937e-01 -1.816753745073302131e-02
4.386079436801726961e-01 -1.921752617115337486e-02
4.231966963821132133e-01 -2.024921226567387086e-02
4.078631446423675033e-01 -2.125881882955735561e-02
3.926218566472502447e-01 -2.224249870591734485e-02
3.774872865521472498e-01 -2.319635433935087615e-02
3.624737636338767333e-01 -2.411645844078381951e-02
3.475954818853264627e-01 -2.499887524150639848e-02
3.328664900348984879e-01 -2.583968210359154777e-02
3.183006819662999032e-01 -2.663499124628630060e-02
3.039117875075869613e-01 -2.738097134368717295e-02
2.897133635522569639e-01 -2.807386874815276032e-02
2.757187854697439322e-01 -2.871002809650987503e-02
2.619412387580542512e-01 -2.928591206216412529e-02
2.483937108876013156e-01 -2.979812002566665369e-02
2.350889832826789927e-01 -3.024340544900225997e-02
2.220396233855339851e-01 -3.061869175468162965e-02
2.092579767477300290e-01 -3.092108652943059005e-02
1.967561590944757466e-01 -3.114789389361360267e-02
1.845460483098297078e-01 -3.129662490120823509e-02
1.726392762941787729e-01 -3.136500586083180997e-02
1.610472206500767611e-01 -3.135098449564138745e-02
1.497809961583497773e-01 -3.125273388850176304e-02
1.388514460132316553e-01 -3.106865418822844088e-02
1.282691327930666481e-01 -3.079737208255039008e-02
1.180443291516605764e-01 -3.043773807326749514e-02
1.081870082245170450e-01 -2.998882161847817376e-02
9.870683375379264712e-02 -2.944990423530141968e-02
8.961314994563226999e-02 -2.882047068380547833e-02
8.091497108343791156e-02 -2.810019837849607113e-02
7.262097093034731998e-02 -2.728894519734158947e-02
6.473947196357718314e-02 -2.638673587958832029e-02
5.727843449211152127e-02 -2.539374722223990480e-02
5.024544571729976095e-02 -2.431029230078069966e-02
4.364770880311046736e-02 -2.313680395228830122e-02
3.749203202889386105e-02 -2.187381776832953220e-02
3.178481810241071126e-02 -2.052195485083540757e-02
2.653205371447858035e-02 -1.908190458642419415e-02
2.173929941876692404e-02 -1.755440769335227247e-02
1.741167992099872108e-02 -1.594023979044158559e-02
1.355387486104603356e-02 -1.424019572902556624e-02
1.017011016914380443e-02 -1.245507491728722882e-02
7.264150073726870563e-03 -1.058566785150078654e-02
4.839289833266782921e-03 -8.632744050830783514e-03
2.898349258053973740e-03 -6.597041571748480694e-03
1.443667080233428232e-03 -4.479258255068887737e-03
4.770962217156339579e-04 -2.280044833422727700e-03
0.000000000000000000e+00 0.000000000000000000e+00
1.634341255276602683e-05 2.329378651738206810e-03
5.296044914950128000e-04 4.676423170546074523e-03
1.539686138866029966e-03 7.040024438182800569e-03
3.046008852255452197e-03 9.418683172076345103e-03
5.047509331135470109e-03 1.181051808543279874e-02
7.542639102167474421e-03 1.421327728247050864e-02
1.052936320020664285e-02 1.662435277033770878e-02
1.400515895037020286e-02 1.904079793738391521e-02
1.796701490429012185e-02 2.145934781744458786e-02
2.241142999036788847e-02 2.387644193202690182e-02
2.733441294336383734e-02 2.628824947710270768e-02
3.273148208285479172e-02 2.869069659891260518e-02
3.859766551290839259e-02 3.107949548404093792e-02
4.492750181668088427e-02 3.345017497324935529e-02
5.171504131952069094e-02 3.579811239634059228e-02
5.895384799255923985e-02 3.811856631679482604e-02
6.663700206570914719e-02 4.040670987015679977e-02
7.475710341454701313e-02 4.265766437919013554e-02
8.330627577980601051e-02 4.486653293163200135e-02
9.227617187126001264e-02 4.702843361290756641e-02
1.016579793997925418e-01 4.913853209628218921e-02
1.114424280725502814e-01 5.119207330646841081e-02
1.216197975764737732e-01 5.318441188945305376e-02
1.321799265653570143e-01 5.511104124101089824e-02
1.431122226551027610e-01 5.696762086872597664e-02
1.544056734212345128e-01 5.875000188702393655e-02
1.660488583821695119e-01 6.045425047136061825e-02
1.780299619414808798e-01 6.207666912593268888e-02
1.903367872525479898e-01 6.361381564866513960e-02
2.029567709597969449e-01 6.506251970736745549e-02
2.158769987623353204e-01 6.641989697141023608e-02
2.290842217383245727e-01 6.768336077362466230e-02
2.425648733620278108e-01 6.885063130694621392e-02
2.563050871402307584e-01 6.991974238919798634e-02
2.702907147907093188e-01 7.088904585694394411e-02
2.845073448826703766e-01 7.175721367516590954e-02
2.989403218576325294e-01 7.252323787328851523e-02
3.135747653490223996e-01 7.318642843948774956e-02
3.283955897198103657e-01 7.374640932399897930e-02
3.433875237397261970e-01 7.420311271806867559e-02
3.585351303268941026e-01 7.455677178808864380e-02
3.738228262829981219e-01 7.480791205418377277e-02
3.892349019562074686e-01 7.495734160901704191e-02
4.047555407719081177e-01 7.500614037580051463e-02
4.203688385776561676e-01 7.495564860448571121e-02
4.360588227555231566e-01 7.480745480192813046e-02
4.518094710619829923e-01 7.456338328560545292e-02
4.676047301625254060e-01 7.422548154139416154e-02
4.834285338351203554e-01 7.379600755419041258e-02
4.992648208233435025e-01 7.327741726606265549e-02
5.150975523262657507e-01 7.267235230043649075e-02
5.309107291179954169e-01 7.198362807286451392e-02
5.466884082949156065e-01 7.121422238957765549e-02
5.624147196531145143e-01 7.036726461461483006e-02
5.780738817021815468e-01 6.944602546527085807e-02
5.936502173244000424e-01 6.845390747427276823e-02
6.091988539897645882e-01 6.738569014736242591e-02
6.246765164820503591e-01 6.620830010475219074e-02
6.400171163959879062e-01 6.492251318755777600e-02
6.552053348682128631e-01 6.353362261681286260e-02
6.702260860743638471e-01 6.204719188320469841e-02
6.850645299402894350e-01 6.046904050837711986e-02
6.997060843493793092e-01 5.880522960758022277e-02
7.141364368791379702e-01 5.706204719817821458e-02
7.283415560941762790e-01 5.524599319084950999e-02
7.423077024163072801e-01 5.336376399515262159e-02
7.560214385856423025e-01 5.142223666857512199e-02
7.694696397198108606e-01 4.942845253825595142e-02
7.826395029718729024e-01 4.738960022725446919e-02
7.955185567814745395e-01 4.531299802244076469e-02
8.080946697084582242e-01 4.320607552867988116e-02
8.203560588337265314e-01 4.107635456379338940e-02
8.322912977087925102e-01 3.893142926058276720e-02
8.438893238332439983e-01 3.677894535574448287e-02
8.551394456383981657e-01 3.462657866049386607e-02
8.660313489557168731e-01 3.248201272384981797e-02
8.765551029501257307e-01 3.035291571647696918e-02
8.867011655011393101e-01 2.824691658040228565e-02
8.964603880185634255e-01 2.617158050748538689e-02
9.058240196844189462e-01 2.413438382687069922e-02
9.147837111184164982e-01 2.214268839848115150e-02
9.233315174706617778e-01 2.020371562558941070e-02
9.314599009520843076e-01 1.832452021434098632e-02
9.391617328201276038e-01 1.651196382153394954e-02
9.464302948443323871e-01 1.477268874373427292e-02
9.532592802833403933e-01 1.311309181070903669e-02
9.596427944113626873e-01 1.153929865402753344e-02
9.655753546380593244e-01 1.005713852735064424e-02
9.710518902709253108e-01 8.672119858311379270e-03
9.760677419734818949e-01 7.389406712904458829e-03
9.806186609756988304e-01 6.213796351925194444e-03
9.847008080950425679e-01 5.149698055232021510e-03
9.883107526272513210e-01 4.201113383488578809e-03
9.914454711653557517e-01 3.371618038657749582e-03
9.941023464035945167e-01 2.664345473969722666e-03
9.962791659797192168e-01 2.081972391514667117e-03
9.979741214048317710e-01 1.626706251185055727e-03
9.991858071244174022e-01 1.300274898606959160e-03
9.999132197477572648e-01 1.103918402168069203e-03
1.000000000000000000e+00 1.038383170511694101e-03
