1.000000000000000000e+00 -1.677263841832251062e-03
9.996548383230738910e-01 -1.709244158635859177e-03
9.989071461908809457e-01 -1.805099612423221840e-03
9.976618654214728377e-01 -1.964574447005269786e-03
9.959203038053890955e-01 -2.187244833854776107e-03
9.936842894865814957e-01 -2.472522471688466065e-03
9.909561682200984656e-01 -2.819659530582851927e-03
9.877387998750610798e-01 -3.227754847416002600e-03
9.840355542037516612e-01 -3.695761255741586426e-03
9.798503059014104233e-01 -4.222493911656549637e-03
9.751874289846341748e-01 -4.806639458220108262e-03
9.700517905190378931e-01 -5.446765854875970474e-03
9.644487437290195642e-01 -6.141332685428923036e-03
9.583841205240518635e-01 -6.888701748682980741e-03
9.518642234768750487e-01 -7.687147730060890291e-03
9.448958172892935048e-01 -8.534868750512940999e-03
9.374861197810113733e-01 -9.429996590864204303e-03
9.296427924360873840e-01 -1.037060639543363472e-02
9.213739305402055546e-01 -1.135472566821970827e-02
9.126880529401176778e-01 -1.238034238805297768e-02
9.035940914543458824e-01 -1.344541208565775033e-02
8.941013799616626123e-01 -1.454786374529659296e-02
8.842196431910447352e-01 -1.568560441625499458e-02
8.739589852338359721e-01 -1.685652244450364795e-02
8.633298777958322567e-01 -1.805848926202451368e-02
8.523431482040305651e-01 -1.928935970005116185e-02
8.410099671799395882e-01 -2.054697082235291614e-02
8.293418363887212763e-01 -2.182913930518950302e-02
8.173505757711171382e-01 -2.313365742111692797e-02
8.050483106631536323e-01 -2.445828771392892509e-02
7.924474587070967635e-01 -2.580075648110347064e-02
7.795607165560861640e-01 -2.715874620768584519e-02
7.664010463743330392e-01 -2.852988712105673091e-02
7.529816621347613648e-01 -2.991174805902769435e-02
7.393160157164877511e-01 -3.130182686374418516e-02
7.254177828055620170e-01 -3.269754053054122617e-02
7.113008486039233969e-01 -3.409621535385870539e-02
6.969792933534637580e-01 -3.549507732128185516e-02
6.824673776844565332e-01 -3.689124301150372570e-02
6.677795278002438550e-01 -3.828171125235595162e-02
6.529303205129782794e-01 -3.966335579092741814e-02
6.379344681482389534e-01 -4.103291921918021667e-02
6.228068033394265068e-01 -4.238700838543334876e-02
6.075622637358706335e-01 -4.372209150475717121e-02
5.922158766514681316e-01 -4.503449715990683055e-02
5.767827436833001808e-01 -4.632041535920489173e-02
5.612780253319751278e-01 -4.757590078910246822e-02
5.457169256573114469e-01 -4.879687836741059687e-02
5.301146770043365652e-01 -4.997915116886378351e-02
5.144865248353797105e-01 -5.111841075826309422e-02
4.988477127042078574e-01 -5.221024992849922219e-02
4.832134674076811742e-01 -5.325017780186128147e-02
4.675989843492466824e-01 -5.423363721380158875e-02
4.520194131467584753e-01 -5.515602425937186915e-02
4.364898435146207789e-01 -5.601270984449514129e-02
4.210252914471262486e-01 -5.679906304771564773e-02
4.056406857261611876e-01 -5.751047606366935933e-02
3.903508547722391864e-01 -5.814239046783049869e-02
3.751705138531770678e-01 -5.869032451364437908e-02
3.601142526597524984e-01 -5.914990114846291336e-02
3.451965232524712990e-01 -5.951687641419443897e-02
3.304316283782479102e-01 -5.978716788265436149e-02
3.158337101504823385e-01 -5.995688276457529498e-02
3.014167390808224489e-01 -6.002234532535193068e-02
2.875684927530507418e-01 -6.000899456003720711e-02
2.739620827827932703e-01 -5.995370187458369526e-02
2.605671033775957546e-01 -5.985070193498966823e-02
2.473943851679194783e-01 -5.969400187057914697e-02
2.344546016489937601e-01 -5.947776745232708634e-02
2.217582780951496968e-01 -5.919635343259110200e-02
2.093158000172060662e-01 -5.884433115199972503e-02
1.971374209036313441e-01 -5.841651317756567374e-02
1.852332689968373691e-01 -5.790797477952337735e-02
1.736133528716703456e-01 -5.731407209985028145e-02
1.622875656036868453e-01 -5.663045691219655703e-02
1.512656873397382751e-01 -5.585308792030806851e-02
1.405573861122551838e-01 -5.497823858927565477e-02
1.301722167708533051e-01 -5.400250155040875466e-02
1.201196179398225095e-01 -5.292278966556882014e-02
1.104089069470123308e-01 -5.173633387981010218e-02
1.010492727078545760e-01 -5.044067803161854380e-02
9.204976658697591740e-02 -4.903367082741576233e-02
8.341929129830653877e-02 -4.751345522087963014e-02
7.516658794198730065e-02 -4.587845546765002835e-02
6.730022131199824009e-02 -4.412736215183696298e-02
5.982856364156406009e-02 -4.225911550218394708e-02
5.275977698338373684e-02 -4.027288733258650721e-02
4.610179444801437709e-02 -3.816806195380697403e-02
3.986230054578950716e-02 -3.594421641060723677e-02
3.404871089505887710e-02 -3.360110040114146213e-02
2.866815157197495981e-02 -3.113861623336964743e-02
2.372743838427539970e-02 -2.855679916657136511e-02
1.923305635341012593e-02 -2.585579847491758024e-02
1.519113968589552027e-02 -2.303585955468943555e-02
1.160745250602657382e-02 -2.009730737735384090e-02
8.487370608220967672e-03 -1.704053156759517337e-02
5.835864468565421341e-03 -1.386597335885459033e-02
3.657483731963515408e-03 -1.057411464929357107e-02
1.956343364070617548e-03 -7.165469348717627522e-03
7.361116264831319865e-04 -3.640577172267445843e-03
0.000000000000000000e+00 0.000000000000000000e+00
-2.426719922147320017e-04 3.706342069872936053e-03
1.692820765782337544e-05 7.428139580426331399e-03
7.805516649564880807e-04 1.116366424019575761e-02
2.049434216956813777e-03 1.491043785743978965e-02
3.824288796641373001e-03 1.866524427076555678e-02
6.105296765284705038e-03 2.242414711500108696e-02
8.892098375357156137e-03 2.618251325668813009e-02
1.218378251795879802e-02 2.993504168391459760e-02
1.597887593878164619e-02 3.367579758774325721e-02
2.027533213287150901e-02 3.739825132766400051e-02
2.507052015071566456e-02 4.109532193175099990e-02
3.036121356595914561e-02 4.475942474392894527e-02
3.614357986800448286e-02 4.838252279634481373e-02
4.241317055059690838e-02 5.195618145463883064e-02
4.916491217006815212e-02 5.547162585823481318e-02
5.639309864413816903e-02 5.891980065690280433e-02
6.409138505406916653e-02 6.229143152901640834e-02
7.225278319967838592e-02 6.557708795633249155e-02
8.086965913846236309e-02 6.876724672489471779e-02
8.993373291719808371e-02 7.185235562189458414e-02
9.943608067729725608e-02 7.482289680404619059e-02
1.093671392843883483e-01 7.766944932420982717e-02
1.197167135986871161e-01 8.038275031954381089e-02
1.304739864663334858e-01 8.295375438621706288e-02
1.416275314737142632e-01 8.537369069244563069e-02
1.531653284676244287e-01 8.763411741304184821e-02
1.650747818046779392e-01 8.972697310441402063e-02
1.773427412544732185e-01 9.164462467861385353e-02
1.899555254433923923e-01 9.337991167809996107e-02
2.028989476903209077e-01 9.492618659882776089e-02
2.161583440527196087e-01 9.627735105748480571e-02
2.297186033720098053e-01 9.742788764851972871e-02
2.435641990817096481e-01 9.837288738737411109e-02
2.576792225206892550e-01 9.910807268730861819e-02
2.720474174776599807e-01 9.962981586768081266e-02
2.866522156818765987e-01 9.993515324074865591e-02
3.014353702843970417e-01 1.000221793145798649e-01
3.160417371648399643e-01 9.993614716984976221e-02
3.308304513764609434e-01 9.971057518028961231e-02
3.457864823725813608e-01 9.934793953026448132e-02
3.608946413010183374e-01 9.885106130320558959e-02
3.761395989819683039e-01 9.822308471270184416e-02
3.915059038312185269e-01 9.746745412803954622e-02
4.069779996881144335e-01 9.658789023943886720e-02
4.225402435126431322e-01 9.558836570444548264e-02
4.381769229210750738e-01 9.447308060808207175e-02
4.538722735347273107e-01 9.324643805568115507e-02
4.696104961214401796e-01 9.191302019912178656e-02
4.853757735141907559e-01 9.047756497485390237e-02
5.011522872957923092e-01 8.894494380605023898e-02
5.169242342427485815e-01 8.732014049196989980e-02
5.326758425249769058e-01 8.560823147567578340e-02
5.483913876612031002e-01 8.381436764719699117e-02
5.640552082323293526e-01 8.194375780365088791e-02
5.796517213569309934e-01 8.000165385135574181e-02
5.951654379342566914e-01 7.799333779818327927e-02
6.105809776606720973e-01 7.592411054793626879e-02
6.258830838254285656e-01 7.379928247298533917e-02
6.410566378909904328e-01 7.162416570733580456e-02
6.560866738619693939e-01 6.940406807026447411e-02
6.709583924450477355e-01 6.714428850116536951e-02
6.856571750002216081e-01 6.485011385972745679e-02
7.001685972813169734e-01 6.252681692243530764e-02
7.144784429611494847e-01 6.017965538696659622e-02
7.285727169339847320e-01 5.781387168063509968e-02
7.424376583852279055e-01 5.543469335778756363e-02
7.560597536156099530e-01 5.304733386414118429e-02
7.694257486046639505e-01 5.065699344349220562e-02
7.825226612960446415e-01 4.826885996402532214e-02
7.953377935853763736e-01 4.588810944750133791e-02
8.078587429898229644e-01 4.351990609474619409e-02
8.200734139775726073e-01 4.116940161487021160e-02
8.319700289349309941e-01 3.884173368321459929e-02
8.435371387487491379e-01 3.654202337381630417e-02
8.547636329825168966e-01 3.427537143578100048e-02
8.656387496255795178e-01 3.204685330892682871e-02
8.761520843966236205e-01 2.986151280192161916e-02
8.862935995847447401e-01 2.772435438536735575e-02
8.960536324140280229e-01 2.564033408237862202e-02
9.054229029206015689e-01 2.361434896958772289e-02
9.143925213344442637e-01 2.165122533168585897e-02
9.229539949618097427e-01 1.975570554201258253e-02
9.310992345678564819e-01 1.793243376984153536e-02
9.388205602628523216e-01 1.618594064138278305e-02
9.461107068990747271e-01 1.452062700567759851e-02
9.529628289891445281e-01 1.294074697807801565e-02
9.593705051599291656e-01 1.145039045252932777e-02
9.653277421592320051e-01 1.005346528907571750e-02
9.708289784351876728e-01 8.753679394645859715e-03
9.758690873105194674e-01 7.554522923044666889e-03
9.804433797755328639e-01 6.459250824053233350e-03
9.845476069248794149e-01 5.470865971561244753e-03
9.881779620636863548e-01 4.592103096721964796e-03
9.913310825085903666e-01 3.825413744315978807e-03
9.940040511085562747e-01 3.172952458960159091e-03
9.961943975090888914e-01 2.636564392713994665e-03
9.979000991816071586e-01 2.217774507274482450e-03
9.991195822373906132e-01 1.917778522630243744e-03
9.998517220426577090e-01 1.737435740131341912e-03
1.000000000000000000e+00 1.677263841832251062e-03
