1.000000000000000000e+00 -8.168053336636202626e-04
9.995519558830335827e-01 -7.800672289493338404e-04
9.987962121005474758e-01 -6.700304598495760138e-04
9.975376009608972749e-01 -4.872270664195756931e-04
9.957775631292524743e-01 -2.325417967414179126e-04
9.935181113907057826e-01 9.279087718093415559e-05
9.907618265434363636e-01 4.871909490781799537e-04
9.875118521737299426e-01 9.487382849032196912e-04
9.837718883527255542e-01 1.475179259760415074e-03
9.795461843019171999e-01 2.063934640569891742e-03
9.748395300806550479e-01 2.712108730664576119e-03
9.696572473540414627e-01 3.416499792529517632e-03
9.640051793035981920e-01 4.173611763916471561e-03
9.578896797458636980e-01 4.979667280506304937e-03
9.513176015255946361e-01 5.830622015086711976e-03
9.442962842505265852e-01 6.722180338808420030e-03
9.368335414337124467e-01 7.649812304449149676e-03
9.289376471073730324e-01 8.608771944746081151e-03
9.206173219690533260e-01 9.594116870767071051e-03
9.118817191168212544e-01 1.060072914601788499e-02
9.027404094253930200e-01 1.162333740159640465e-02
8.932033666096294011e-01 1.265654014628867646e-02
8.832809520159727867e-01 1.369483021318014006e-02
8.729838991763255729e-01 1.473262027126462023e-02
8.623232981527819696e-01 1.576426931684503374e-02
8.513105796957620708e-01 1.678411004542041535e-02
8.399574992326451772e-01 1.778647699046079916e-02
8.282761206991638980e-01 1.876573530121120742e-02
8.162788002217957750e-01 1.971631001769376737e-02
8.039781696563090829e-01 2.063271568764543998e-02
7.913871199856340466e-01 2.150958615751843300e-02
7.785187845794417916e-01 2.234170435814211708e-02
7.653865223182536592e-01 2.312403189548301041e-02
7.520039005866252513e-01 2.385173824840026643e-02
7.383846781429069805e-01 2.452022936863054378e-02
7.245427878772106034e-01 2.512517547368471257e-02
7.104923194744141579e-01 2.566253782109878881e-02
6.962475020051240859e-01 2.612859425273483110e-02
6.818226864743450744e-01 2.651996330070390678e-02
6.672323283648922132e-01 2.683362665208377865e-02
6.524909702201229234e-01 2.706694977797049345e-02
6.376132243180402392e-01 2.721770054353450999e-02
6.226137554959679798e-01 2.728406562959139608e-02
6.075072641914984750e-01 2.726466461263138408e-02
5.923084697710082613e-01 2.715856156911712616e-02
5.770320942214072213e-01 2.696527409093515265e-02
5.616928462837272873e-01 2.668477962190558134e-02
5.463054061084128277e-01 2.631751904990311391e-02
5.308844105115907430e-01 2.586439751506704188e-02
5.154444389090432344e-01 2.532678242139177471e-02
5.000000000000001110e-01 2.470649866628563118e-02
4.845655192662067234e-01 2.400582113003372348e-02
4.691553273430539850e-01 2.322746449407460390e-02
4.537836493089754675e-01 2.237457048316661423e-02
4.384645949270156162e-01 2.145069265146998944e-02
4.232121498586522979e-01 2.045977885590511552e-02
4.080401678549162026e-01 1.940615158151470787e-02
3.929623639138896118e-01 1.829448630262719283e-02
3.779923083771566383e-01 1.712978808012199233e-02
3.631434219210948888e-01 1.591736660880562620e-02
3.484289713824317292e-01 1.466280993965277113e-02
3.338620663416534406e-01 1.337195710933681420e-02
3.194556563730298615e-01 1.205086991401364827e-02
3.052225288565885708e-01 1.070580406573710952e-02
2.911753072356798588e-01 9.343179968230350130e-03
2.773264495941351604e-01 7.969553344127418282e-03
2.636882474196959869e-01 6.591585938390868982e-03
2.502728244155955073e-01 5.216016512606176658e-03
2.370921352200629495e-01 3.849632332486814523e-03
2.241579638941894326e-01 2.499241336465521379e-03
2.114819220420721957e-01 1.171645156983390501e-03
1.990754464334158202e-01 -1.263868516720792479e-04
1.869497960077178278e-01 -1.388142444070518400e-03
1.751160481506455480e-01 -2.606990057780367298e-03
1.635850941470285702e-01 -3.776401036195059513e-03
1.523676337307749706e-01 -4.889970425877673832e-03
1.414741686696797673e-01 -5.941436294784854105e-03
1.309149953421958334e-01 -6.924697537917363921e-03
1.207001962834074182e-01 -7.833830156529605210e-03
1.108396306983092244e-01 -8.663102015774797049e-03
1.013429239616565614e-01 -9.406986103352155820e-03
9.221945614469080621e-02 -1.006017232816777685e-02
8.347834962959645166e-02 -1.061757791305827439e-02
7.512845589219076248e-02 -1.107435644911967595e-02
6.717834155174323696e-02 -1.142590569102267493e-02
5.963627380361596897e-02 -1.166787418279276178e-02
5.251020536529411864e-02 -1.179616681183299001e-02
4.580775907907766453e-02 -1.180694939542787508e-02
3.953621232498286814e-02 -1.169665240857860333e-02
3.370248140507468154e-02 -1.146197396478800673e-02
2.831310606538330055e-02 -1.109988216236621611e-02
2.337423432364243644e-02 -1.060761690800994007e-02
1.889160777030165703e-02 -9.982691326882627003e-03
1.487054750660616632e-02 -9.222892864266987734e-03
1.131594087706927661e-02 -8.326284178166266231e-03
8.232229144499388779e-03 -7.291203915103508168e-03
5.623396244026745983e-03 -6.116267452920196024e-03
3.492958738522647984e-03 -4.800367684738737761e-03
1.843957081634064544e-03 -3.342675907555821106e-03
6.789482766632213770e-04 -1.742642867323600285e-03
0.000000000000000000e+00 0.000000000000000000e+00
-1.855086423948213922e-04 1.861039161627296061e-03
1.293144900943764882e-04 3.815793828687152368e-03
9.450766583973557212e-04 5.863132641017421501e-03
2.261902441495489136e-03 8.001277785202345200e-03
4.079430260362951893e-03 1.022781293739430906e-02
6.396808394242002246e-03 1.253969502487117457e-02
9.212690554646510085e-03 1.493326971630583311e-02
1.252523110106726692e-02 1.740429052425082265e-02
1.633207999941460944e-02 1.994794137788906407e-02
2.063037763946316827e-02 2.255886249986938097e-02
2.541674964069986359e-02 2.523117939824065514e-02
3.068730178676578810e-02 2.795853476329392129e-02
3.643761523694119542e-02 3.073412303970655263e-02
4.266274216868652658e-02 3.355072742691164733e-02
4.935720200801624324e-02 3.640075904524438938e-02
5.651497840439317910e-02 3.927629799228287560e-02
6.412951710386570470e-02 4.216913600301677723e-02
7.219372486838847303e-02 4.507082041915391746e-02
8.069996958074747428e-02 4.797269916708712251e-02
8.964008166339609840e-02 5.086596644085532304e-02
9.900535692600036242e-02 5.374170878588349631e-02
1.087865609408034395e-01 5.659095128138613706e-02
1.189739350273445739e-01 5.940470352405909787e-02
1.295572039089089023e-01 6.217400512302607984e-02
1.405255850826775676e-01 6.488997042587768549e-02
1.518677999242827037e-01 6.754383220795384668e-02
1.635720865257027368e-01 7.012698407163864278e-02
1.756262142435927598e-01 7.263102131921403415e-02
1.880174999136079161e-01 7.504778008156340330e-02
2.007328256654547782e-01 7.736937450551345519e-02
2.137586582536798729e-01 7.958823182461513546e-02
2.270810698009406159e-01 8.169712516141755532e-02
2.406857598340336468e-01 8.368920393349679743e-02
2.545580784785890227e-01 8.555802176034896234e-02
2.686830506663180906e-01 8.729756179342099132e-02
2.830454011992474816e-01 8.890225941669102627e-02
2.976295805086309199e-01 9.036702228998420849e-02
3.124197909422924413e-01 9.168724773127105709e-02
3.274000134130554129e-01 9.285883745721054683e-02
3.425540342426209306e-01 9.387820972284406651e-02
3.578654720396759470e-01 9.474230892131527138e-02
3.733178044579887334e-01 9.544861272250981798e-02
3.888943946895681014e-01 9.599513684533397817e-02
4.045785175593594185e-01 9.638043757178038629e-02
4.203533851011170830e-01 9.660361212180409995e-02
4.362021715086802365e-01 9.666429701624787429e-02
4.521080373725103185e-01 9.656266456055469238e-02
4.680541531276328771e-01 9.629941758479407254e-02
4.840237216556652067e-01 9.587578257566256590e-02
5.000000000000001110e-01 9.529350133371436438e-02
5.159663201690850576e-01 9.455482128430452160e-02
5.319061090177227280e-01 9.366248456380163456e-02
5.478029072101017194e-01 9.261971599381818576e-02
5.636403872805771931e-01 9.143021004581228239e-02
5.794023708188239530e-01 9.009811688677402119e-02
5.950728448147165617e-01 8.862802758417795412e-02
6.106359772050442558e-01 8.702495853532977999e-02
6.260761316688870926e-01 8.529433517304041423e-02
6.413778817211891470e-01 8.344197498658638412e-02
6.565260241548247500e-01 8.147406988452632337e-02
6.715055918803993773e-01 7.939716791446356503e-02
6.863018662103330669e-01 7.721815434458076388e-02
7.009003886296566455e-01 7.494423210298645222e-02
7.152869720906587236e-01 7.258290156382256331e-02
7.294477118623361456e-01 7.014193966386368662e-02
7.433689959588086760e-01 6.762937833010919386e-02
7.570375151637460664e-01 6.505348219770264173e-02
7.704402726607433305e-01 6.242272559842131086e-02
7.835645932726890139e-01 5.974576880293852588e-02
7.963981323068390905e-01 5.703143350497840575e-02
8.089288839966675138e-01 5.428867754224581121e-02
8.211451895268939705e-01 5.152656885744971715e-02
8.330357446244883723e-01 4.875425871264699867e-02
8.445896066960435489e-01 4.598095418129800188e-02
8.557962014907853909e-01 4.321588995457958243e-02
8.666453292686298049e-01 4.046829951139610526e-02
8.771271704541340197e-01 3.774738571487712413e-02
8.872322907598166886e-01 3.506229091167631373e-02
8.969516457660612341e-01 3.242206662381996729e-02
9.062765849495544312e-01 2.983564293590674349e-02
9.151988551577406872e-01 2.731179769290141210e-02
9.237106035329619713e-01 2.485912563532850089e-02
9.318043798965708335e-01 2.248600760915095073e-02
9.394731386101512483e-01 2.020057999681100502e-02
9.467102399378416466e-01 1.801070452364312430e-02
9.535094509404249408e-01 1.592393859999187422e-02
9.598649459381173310e-01 1.394750636377239603e-02
9.657713065846533773e-01 1.208827059079882124e-02
9.712235216001841032e-01 1.035270564092308741e-02
9.762169862144985943e-01 8.746871606838575730e-03
9.807475013750260873e-01 7.276389829309136414e-03
9.848112727759055218e-01 5.946419937607775805e-03
9.884049097650174920e-01 4.761638567135578412e-03
9.915254241852524686e-01 3.726219897626712775e-03
9.941702292044319877e-01 2.843818145109847442e-03
9.963371381852255126e-01 2.117552129023500193e-03
9.980243636421827214e-01 1.549992022698245663e-03
9.992305163277240831e-01 1.143148380980923539e-03
9.999546044826980173e-01 8.984635232530270143e-04
1.000000000000000000e+00 8.168053336636202626e-04
