1.000000000000000000e+00 -1.246059804614032835e-03
9.995613527049960201e-01 -1.243309652098054758e-03
9.988064327217978100e-01 -1.235141617189878995e-03
9.975492153775897819e-01 -1.221802827243071484e-03
9.957911722702627033e-01 -1.203704686290451437e-03
9.935343589703381495e-01 -1.181422140683094629e-03
9.907814104031307245e-01 -1.155692607443832478e-03
9.875355349799206373e-01 -1.127414522992102076e-03
9.838005075274430800e-01 -1.097645459484143399e-03
9.795806610737989306e-01 -1.067599746833998095e-03
9.748808775564906659e-01 -1.038645530768492024e-03
9.697065775245377051e-01 -1.012301191238519985e-03
9.640637089114055813e-01 -9.902310413469252864e-04
9.579587349587439515e-01 -9.742402248168156864e-04
9.513986213726131069e-01 -9.662687300444148392e-04
9.443908227940061018e-01 -9.683844410416477325e-04
9.369432686640969399e-01 -9.827751501359192898e-04
9.290643485618371722e-01 -1.011739464166206554e-03
9.207628970874227603e-01 -1.057676545073323732e-03
9.120481783599183601e-01 -1.123074637155453345e-03
9.029298701911394609e-01 -1.210498346736451139e-03
8.934180479909836770e-01 -1.322574655423158427e-03
8.835231684520011841e-01 -1.461977665307938670e-03
8.732560530533546306e-01 -1.631412093175316907e-03
8.626278714166927264e-01 -1.833595550716791978e-03
8.516501245391244757e-01 -2.071239668647570364e-03
8.403346279216648007e-01 -2.347030144104745447e-03
8.286934946054664852e-01 -2.663605812439302778e-03
8.167391181230868602e-01 -3.023536866092177422e-03
8.044841553681243429e-01 -3.429302364292778627e-03
7.919415093839510256e-01 -3.883267197406184423e-03
7.791243120710964476e-01 -4.387658688501300253e-03
7.660459068131236782e-01 -4.944543031699524110e-03
7.527198310226377309e-01 -5.555801781717661925e-03
7.391597986123185082e-01 -6.223108621382908434e-03
7.253796824004898891e-01 -6.947906643432429086e-03
7.113934964666146499e-01 -7.731386389337818743e-03
6.972153784790036113e-01 -8.574464890963598429e-03
6.828595720247986334e-01 -9.477765960393073202e-03
6.683404089805841108e-01 -1.044160196910075972e-02
6.536722919705869606e-01 -1.146595734975064396e-02
6.388696769679668153e-01 -1.255047404225350521e-02
6.239470561028801487e-01 -1.369443909039068027e-02
6.089189407484795202e-01 -1.489677457644841829e-02
5.937391852550172322e-01 -1.615198706678328683e-02
5.783892535016365022e-01 -1.742222020082352663e-02
5.629688933369975112e-01 -1.869624414632775275e-02
5.474930546964672518e-01 -1.997099829412131086e-02
5.319766965406502734e-01 -2.124323225760989600e-02
5.164347721944222425e-01 -2.250951298427687763e-02
5.008822150119880412e-01 -2.376623405260852237e-02
4.853339244119146967e-01 -2.500962712164628288e-02
4.698047523227250610e-01 -2.623577546925361104e-02
4.543094900752547849e-01 -2.744062952436687394e-02
4.388628557726376722e-01 -2.862002426846152470e-02
4.234794821625589289e-01 -2.976969835268982248e-02
4.081739050294134197e-01 -3.088531475009313396e-02
3.929605521163545001e-01 -3.196248273741077867e-02
3.778537325790621293e-01 -3.299678097870434312e-02
3.628676269645749741e-01 -3.398378146367107139e-02
3.480162776998864671e-01 -3.491907403746390137e-02
3.333135800664073223e-01 -3.579829124635058868e-02
3.187732736280276535e-01 -3.661713321486369938e-02
3.044089340725824044e-01 -3.737139226538473830e-02
2.902339654192155893e-01 -3.805697699048461724e-02
2.762615925376473713e-01 -3.866993549185525347e-02
2.625048539198365782e-01 -3.920647750730033715e-02
2.489765946401586716e-01 -3.966299515892793975e-02
2.356894594371144458e-01 -4.003608207126494595e-02
2.226558858478538405e-01 -4.032255062729080131e-02
2.098880973265233596e-01 -4.051944715311039946e-02
1.973980962786685278e-01 -4.062406484784147204e-02
1.851976569466645961e-01 -4.063395430392233165e-02
1.732983180853797101e-01 -4.054693149405104446e-02
1.617113753729609860e-01 -4.036108313390791846e-02
1.504478735086744734e-01 -4.007476936422452868e-02
1.395185979580191304e-01 -3.968662373115237202e-02
1.289340663147259258e-01 -3.919555047975073481e-02
1.187045192595716087e-01 -3.860071921124108574e-02
1.088399111069894981e-01 -3.790155698995420486e-02
9.934989994204590502e-02 -3.709773802012231170e-02
9.024383736221490426e-02 -3.618917104534922352e-02
8.153075785032699863e-02 -3.517598465426469145e-02
7.321936781681114004e-02 -3.405851070409142423e-02
6.531803436067896984e-02 -3.283726609922663076e-02
5.783477380937060430e-02 -3.151293318409795208e-02
5.077724010736164861e-02 -3.008633902818370204e-02
4.415271313213067067e-02 -2.855843389592122722e-02
3.796808702349776382e-02 -2.693026920505374455e-02
3.222985861831539206e-02 -2.520297528362921979e-02
2.694411608688965232e-02 -2.337773923826930167e-02
2.211652787021460564e-02 -2.145578324443195642e-02
1.775233201806157221e-02 -1.943834356322413429e-02
1.385632602712997229e-02 -1.732665057896189131e-02
1.043285727584143674e-02 -1.512191013726300187e-02
7.485814147986010088e-03 -1.282528644519414368e-02
5.018617931367915473e-03 -1.043788677312149603e-02
3.034215569972768031e-03 -7.960748172741607606e-03
1.535073339107269905e-03 -5.394826397630384483e-03
5.231715026319206860e-04 -2.740987181938821064e-03
0.000000000000000000e+00 0.000000000000000000e+00
-2.973186836352075544e-05 2.790321000254300174e-03
4.381982326211711267e-04 5.591991313107571270e-03
1.403819826947235675e-03 8.403731039175929216e-03
2.866680754154319645e-03 1.122382589436705762e-02
4.825845256876330584e-03 1.405013667912615588e-02
7.279891995469842114e-03 1.688011250244628170e-02
1.022691203412270412e-02 1.971080762027403732e-02
1.366450685330735174e-02 2.253890171016646390e-02
1.758978645284244025e-02 2.536072336852427181e-02
2.199936761795681650e-02 2.817227658387200934e-02
2.688937242745914960e-02 3.096926990989651990e-02
3.225542708825088895e-02 3.374714803563681753e-02
3.809266118388818928e-02 3.650112542767385698e-02
4.439570742661899660e-02 3.922622170065235420e-02
5.115870200226160791e-02 4.191729835819862915e-02
5.837528559545744622e-02 4.456909653643313651e-02
6.603860517924532714e-02 4.717627537690663453e-02
7.414131664765792606e-02 4.973345065495875239e-02
8.267558836322337623e-02 5.223523329317574654e-02
9.163310568300675474e-02 5.467626739772846189e-02
1.010050765173200887e-01 5.705126746775822377e-02
1.107822379646392491e-01 5.935505444444200140e-02
1.209548640548144816e-01 6.158259028665340196e-02
1.315127746205695392e-01 6.372901078393483632e-02
1.424453453047780649e-01 6.578965634444874921e-02
1.537415186983502879e-01 6.776010052529046757e-02
1.653898165909685747e-01 6.963617610457986662e-02
1.773783533046459915e-01 7.141399852864678544e-02
1.896948500683552086e-01 7.308998660289300897e-02
2.023266503810036143e-01 7.466088033104725796e-02
2.152607363000154650e-01 7.612375584401941120e-02
2.284837455838891196e-01 7.747603739588734828e-02
2.419819896094704548e-01 7.871550644020749998e-02
2.557414719784484314e-01 7.984030783433418432e-02
2.697479077228058797e-01 8.084895325228932950e-02
2.839867430157117512e-01 8.174032191749777687e-02
2.984431752926370862e-01 8.251365879498606670e-02
3.131021736872946493e-01 8.316857040806513446e-02
3.279484996883015313e-01 8.370501846675801327e-02
3.429667279251661927e-01 8.412331151402618890e-02
3.581412669961958617e-01 8.442409481097590263e-02
3.734563802560832424e-01 8.460833869353724668e-02
3.888962064871032132e-01 8.467732564051047572e-02
4.044447803848622014e-01 8.463263629633628604e-02
4.200860527972104519e-01 8.447613469150166976e-02
4.358039106630581805e-01 8.420995289923627336e-02
4.515821966062310011e-01 8.383647535923929861e-02
4.674047281479618010e-01 8.335832308781668254e-02
4.832553165099572334e-01 8.277833797926648085e-02
4.991177849880121808e-01 8.209956738594184622e-02
5.149759868837060495e-01 8.132524914450134368e-02
5.308138229886631976e-01 8.045879719381673900e-02
5.466152586220472953e-01 7.950378790627755932e-02
5.623643402273069691e-01 7.846394722924596166e-02
5.780452115385946721e-01 7.734313870764307486e-02
5.936421293307075908e-01 7.614535243255060593e-02
6.092243006480632106e-01 7.486591421316340922e-02
6.247428310619749237e-01 7.347218548612881317e-02
6.401214290712625710e-01 7.196551202663153957e-02
6.553447024043607128e-01 7.035176625013681018e-02
6.703975112647074797e-01 6.863708223341427606e-02
6.852649806598795079e-01 6.682784109644714088e-02
6.999325121557771201e-01 6.493065638017511687e-02
7.143857950984582317e-01 6.295235934249784893e-02
7.286108173390568599e-01 6.089998408487513198e-02
7.425938754893971483e-01 5.878075241483766977e-02
7.563215847277335868e-01 5.660205834587446472e-02
7.697808881658733116e-01 5.437145213552463385e-02
7.829590657810343579e-01 5.209662376505044823e-02
7.958437429085221115e-01 4.978538576969958329e-02
8.084228982848522538e-01 4.744565533713194366e-02
8.206848716256028853e-01 4.508543560287389673e-02
8.326183707181857852e-01 4.271279608540295286e-02
8.442124780070239254e-01 4.033585221936714094e-02
8.554566566474229861e-01 3.796274396314308630e-02
8.663407560047190481e-01 3.560161347608314930e-02
8.768550165771049620e-01 3.326058188099081936e-02
8.869900743237882912e-01 3.094772514819412595e-02
8.967369643847069582e-01 2.867104915865889558e-02
9.060871241838079904e-01 2.643846402447134342e-02
9.150323959146435815e-01 2.425775776535720601e-02
9.235650284145925371e-01 2.213656945928602418e-02
9.316776784421066937e-01 2.008236200329618568e-02
9.393634113797667551e-01 1.810239463714029967e-02
9.466157013943621301e-01 1.620369539689572175e-02
9.534284310934064699e-01 1.439303367805025956e-02
9.597958907252370775e-01 1.267689309755883759e-02
9.657127769768459880e-01 1.106144485177769539e-02
9.711741914296878608e-01 9.552521771906824499e-03
9.761756387386629763e-01 8.155593280511089227e-03
9.807130246031443566e-01 6.875741451812394239e-03
9.847826536011879961e-01 5.717638374751672983e-03
9.883812269588267974e-01 4.685525011350458180e-03
9.915058403255581077e-01 3.783191733757893405e-03
9.941539816247996209e-01 3.013960711665433171e-03
9.963235290442152836e-01 2.380670307678768843e-03
9.980127492254902144e-01 1.885661621951249031e-03
9.992202957064737490e-01 1.530767309133944289e-03
9.999452076607355799e-01 1.317302770737716717e-03
1.000000000000000000e+00 1.246059804614032835e-03
