1.000000000000000000e+00 -1.253746859664564171e-03
9.996245139232795562e-01 -1.263525390985706202e-03
9.988744496969698128e-01 -1.292850776959075972e-03
9.976252420085292005e-01 -1.341692719057258195e-03
9.958782382689485013e-01 -1.410001795334437117e-03
9.936353216215016992e-01 -1.497711041776004625e-03
9.908989077376871846e-01 -1.604738102722967803e-03
9.876719407371531423e-01 -1.730987888381312761e-03
9.839578882600680254e-01 -1.876355661794347311e-03
9.797607357255154747e-01 -2.040730463534915027e-03
9.750849798139404889e-01 -2.223998770049534154e-03
9.699356212153702472e-01 -2.426048271311642950e-03
9.643181566880010269e-01 -2.646771645433089806e-03
9.582385704737658161e-01 -2.886070202325058745e-03
9.517033251186342024e-01 -3.143857265532673008e-03
9.447193517456546896e-01 -3.420061161080015927e-03
9.372940398281670582e-01 -3.714627684611511438e-03
9.294352265092118426e-01 -4.027521923295432349e-03
9.211511855110245950e-01 -4.358729316822206046e-03
9.124506156757165032e-01 -4.708255852290036889e-03
9.033426291748858361e-01 -5.076127300675484233e-03
8.938367394221116147e-01 -5.462387417760491970e-03
8.839428487181727467e-01 -5.867095049588193917e-03
8.736712356545347502e-01 -6.290320101488411711e-03
8.630325422962958903e-01 -6.732138350140848965e-03
8.520377611615177482e-01 -7.192625099698070346e-03
8.406982220098218050e-01 -7.671847705303679044e-03
8.290255784494154900e-01 -8.169857010047878315e-03
8.170317943684682893e-01 -8.686677764087635464e-03
8.047291301940576735e-01 -9.222298116943718899e-03
7.921301289798439171e-01 -9.776658295448815289e-03
7.792476023222929538e-01 -1.034963860008007719e-02
7.660946161046490177e-01 -1.094104687107288337e-02
7.526844760680384550e-01 -1.155060559241899085e-02
7.390307132100145671e-01 -1.217793881627134492e-02
7.251470690125273455e-01 -1.282255910209284880e-02
7.110474805036886004e-01 -1.348385467384326936e-02
6.967460651606748323e-01 -1.416107700436572067e-02
6.822571056646623555e-01 -1.485332903874040170e-02
6.675950345226201454e-01 -1.555955426759526167e-02
6.527744185750502526e-01 -1.627852685712965347e-02
6.378099434131702106e-01 -1.700884303490901236e-02
6.227163977334678746e-01 -1.774891391936927326e-02
6.075086576618551337e-01 -1.849695996653506758e-02
5.922016710836680575e-01 -1.925100718986504783e-02
5.768104420193458370e-01 -2.000888528860837387e-02
5.613500150886454598e-01 -2.076822779685739279e-02
5.458354601085786406e-01 -2.152647433992826986e-02
5.302818568717735381e-01 -2.228087505715909203e-02
5.147042801525956168e-01 -2.302849722107894181e-02
4.991177849880121808e-01 -2.376623405260852237e-02
4.835373922788244183e-01 -2.449081570095641702e-02
4.679780747545005948e-01 -2.519882232565470032e-02
4.524547433414101150e-01 -2.588669918721638041e-02
4.369822339698464786e-01 -2.655077362268355723e-02
4.215752948498698860e-01 -2.718727375335540028e-02
4.062485742398060928e-01 -2.779234874470079553e-02
3.911268945807701014e-01 -2.837039177568383141e-02
3.761922385403816960e-01 -2.895232542614438118e-02
3.613819086133655545e-01 -2.953706701943188684e-02
3.467089965969198384e-01 -3.011937041036116119e-02
3.321864206526454755e-01 -3.069387358253175199e-02
3.178269235178928787e-01 -3.125512984065439287e-02
3.036430714860559599e-01 -3.179763912279948146e-02
2.896472540365884751e-01 -3.231587911202842001e-02
2.758516839816312904e-01 -3.280433583290037758e-02
2.622683979845616964e-01 -3.325753342871680396e-02
2.489092572968186479e-01 -3.367006282987971416e-02
2.357859485533021215e-01 -3.403660904213663685e-02
2.229099844636821537e-01 -3.435197680544484211e-02
2.102927042372253197e-01 -3.461111439934053818e-02
1.979452735823126197e-01 -3.480913539862810768e-02
1.858786841286703129e-01 -3.494133821345812851e-02
1.741037521303709090e-01 -3.500322327996616134e-02
1.626311163207369570e-01 -3.499050780109602687e-02
1.514712348061557357e-01 -3.489913797153049169e-02
1.406343809042033266e-01 -3.472529865528857507e-02
1.301306378520330209e-01 -3.446542051902726223e-02
1.199698923333035600e-01 -3.411618465791604882e-02
1.101618267955760122e-01 -3.367452478367708585e-02
1.007159105546328731e-01 -3.313762707556320436e-02
9.164138970706266207e-02 -3.250292782427720989e-02
8.294727589724244787e-02 -3.176810902575460949e-02
7.464233400901630622e-02 -3.093109210600959030e-02
6.673506887544750077e-02 -2.999002997960280997e-02
5.923371112154844631e-02 -2.894329766248868174e-02
5.214620227442919032e-02 -2.778948167485346607e-02
4.548017929247741287e-02 -2.652736848091984123e-02
3.924295867963116524e-02 -2.515593222047388111e-02
3.344152036224962848e-02 -2.367432199102038545e-02
2.808249151430054769e-02 -2.208184893998930282e-02
2.317213052138449719e-02 -2.037797342334163667e-02
1.871631127542341955e-02 -1.856229248034399829e-02
1.472050798960835433e-02 -1.663452786432092698e-02
1.118978071746914993e-02 -1.459451485601452603e-02
8.128761750805905267e-03 -1.244219206998409613e-02
5.541643058863359242e-03 -1.017759244548635186e-02
3.432164915783823475e-03 -7.800835591758676670e-03
1.803605845308707371e-03 -5.312121633856910913e-03
6.587739912705830626e-04 -2.711726679493119564e-03
0.000000000000000000e+00 0.000000000000000000e+00
-1.653343570021830237e-04 2.785719798132817084e-03
1.696657264197337688e-04 5.607747325800946717e-03
1.005870481136180447e-03 8.464694386466896717e-03
2.343655626658875443e-03 1.135455806687469746e-02
4.182897654056435405e-03 1.427473064096644595e-02
6.522968553842128925e-03 1.722201398232856007e-02
9.362730071644322083e-03 2.019263835267929783e-02
1.270052759594550267e-02 2.318228539561156473e-02
1.653418380167254870e-02 2.618611512832006230e-02
2.086099219054592113e-02 2.919879668973190262e-02
2.567771068352491665e-02 3.221454257168872293e-02
3.098055543211748752e-02 3.522714603090464774e-02
3.676519502354144708e-02 3.823002135366185272e-02
4.302674525955145490e-02 4.121624662285938712e-02
4.975976469008376590e-02 4.417860861834280173e-02
5.695825108068892223e-02 4.710964946660722158e-02
6.461563898704016096e-02 5.000171464513957637e-02
7.272479860074247682e-02 5.284700193996738626e-02
8.127803601837561842e-02 5.563761095247900940e-02
9.026709507041978664e-02 5.836559275329807756e-02
9.968316082873357464e-02 6.102299928691289760e-02
1.095168648909072978e-01 6.360193214080230029e-02
1.197582925175074003e-01 6.609459030684271263e-02
1.303969916743853430e-01 6.849331658065495321e-02
1.414219840072968026e-01 7.079064226602602150e-02
1.528217777505743169e-01 7.297932987635841195e-02
1.645843825459773757e-01 7.505241355292988081e-02
1.766973261226402747e-01 7.700323695023984782e-02
1.891476727647111167e-01 7.882548837146730047e-02
2.019220434703016542e-01 8.051323297163393011e-02
2.150066376841871518e-01 8.206094188199399009e-02
2.283872564677014438e-01 8.346351814596178476e-02
2.420493269528104785e-01 8.471631939403656553e-02
2.559779279137233132e-01 8.581517722217159305e-02
2.701578162788219606e-01 8.675641327434306660e-02
2.845734543983388654e-01 8.753685206518847794e-02
2.992090378791635308e-01 8.815383061201101378e-02
3.140485237974294241e-01 8.860520497670848483e-02
3.290756591020633781e-01 8.888935384684529262e-02
3.442740090281328214e-01 8.900517931074733435e-02
3.596269853474052813e-01 8.895210500380992813e-02
3.751178742947636757e-01 8.873007182188252795e-02
3.907298640226876119e-01 8.833953141239883622e-02
4.063701111744695282e-01 8.778571411046812156e-02
4.219902401098994948e-01 8.710819226017492423e-02
4.376845324658493741e-01 8.631847670560177654e-02
4.534369433400756710e-01 8.541948879937262540e-02
4.692314057161862673e-01 8.441438726186153985e-02
4.850518486430475118e-01 8.330655186118088307e-02
5.008822150119880412e-01 8.209956738594184622e-02
5.167064789255326751e-01 8.079720807869913979e-02
5.325086626575399329e-01 7.940342267572216006e-02
5.482728532099359064e-01 7.792232017480070494e-02
5.639832184756590205e-01 7.635815642763213451e-02
5.796240230208853372e-01 7.471532162742021421e-02
5.951796435020567655e-01 7.299832873610820339e-02
6.106345837346875971e-01 7.121180286963474382e-02
6.259734894313871978e-01 6.936047163420216988e-02
6.411811626260591757e-01 6.744915638221382626e-02
6.562425757998974207e-01 6.548276433369190630e-02
6.711428857226714451e-01 6.346628148800267932e-02
6.858674470200157858e-01 6.140476623194184025e-02
7.004018254741058991e-01 5.930334353396704561e-02
7.147318110613842812e-01 5.716719960085641511e-02
7.288434307270194035e-01 5.500157686252692135e-02
7.427229608917010895e-01 5.281176914330515393e-02
7.563569396823328628e-01 5.060311687369853373e-02
7.697321788743479720e-01 4.838100219569527183e-02
7.828357755298378517e-01 4.615084381680867320e-02
7.956551233126292200e-01 4.391809147338565644e-02
8.081779234589189231e-01 4.168821987199522461e-02
8.203921953802214562e-01 3.946672198881206323e-02
8.322862868742367803e-01 3.725910162057666231e-02
8.438488839188669211e-01 3.507086509668622121e-02
8.550690200250297135e-01 3.290751207992227700e-02
8.659360851251158842e-01 3.077452540292327163e-02
8.764398339759248424e-01 2.867735990839108406e-02
8.865703940576167286e-01 2.662143028278908877e-02
8.963182729535790205e-01 2.461209789556447619e-02
9.056743652000616152e-01 2.265465667828162402e-02
9.146299585988454384e-01 2.075431810011654776e-02
9.231767399909907024e-01 1.891619531751624270e-02
9.313068004947320233e-01 1.714528659611061837e-02
9.390126402156966368e-01 1.544645812181800332e-02
9.462871724427135423e-01 1.382442633518066524e-02
9.531237273473853744e-01 1.228373993800129654e-02
9.595160552102152129e-01 1.082876173407770239e-02
9.654583292002505424e-01 9.463650476016143703e-03
9.709451477388553187e-01 8.192342897578926142e-03
9.759715364812131533e-01 7.018536115652234883e-03
9.805329499514278124e-01 5.945670587627193554e-03
9.846252728685630506e-01 4.976913808736669990e-03
9.882448212015942923e-01 4.115144929693431014e-03
9.913883429910016476e-01 3.362940467906245026e-03
9.940530189736360711e-01 2.722561275708007284e-03
9.962364630455294856e-01 2.195940916579964229e-03
9.979367225945507958e-01 1.784675585491570697e-03
9.991522787313017462e-01 1.490015692436260589e-03
9.998820464424520438e-01 1.312859209301180542e-03
1.000000000000000000e+00 1.253746859664564171e-03
