1.000000000000000000e+00 -8.369311851950560818e-04
9.996795984123616474e-01 -8.387800558000616359e-04
9.989338618011270876e-01 -8.443281464667609041e-04
9.976918246775382526e-01 -8.535800932396012033e-04
9.959547716384781202e-01 -8.665442816464133478e-04
9.937244986347175679e-01 -8.832338133826332519e-04
9.910033105017276300e-01 -9.036678171086195152e-04
9.877940178070658828e-01 -9.278730618043384056e-04
9.840999330302986348e-01 -9.558858206675179513e-04
9.799248660943359335e-01 -9.877539241115523231e-04
9.752731192696223461e-01 -1.023538932210666785e-03
9.701494814747958495e-01 -1.063318350123263444e-03
9.645592219991634408e-01 -1.107187804746675042e-03
9.585080836736382670e-01 -1.155263097239681708e-03
9.520022755176065221e-01 -1.207682044186915264e-03
9.450484648895572937e-01 -1.264606020129360568e-03
9.376537691692296006e-01 -1.326221115983173410e-03
9.298257469985176105e-01 -1.392738831508186226e-03
9.215723891074639740e-01 -1.464396225434969057e-03
9.129021087504247678e-01 -1.541455454048081854e-03
9.038237317759215683e-01 -1.624202637850343661e-03
8.943464863518997277e-01 -1.712946006275894648e-03
8.844799923661307295e-01 -1.808013282112370598e-03
8.742342505194076185e-01 -1.909748280157861494e-03
8.636196311270412096e-01 -2.018506708464587115e-03
8.526468626420647956e-01 -2.134651175084583546e-03
8.413270199115437942e-01 -2.258545418284367903e-03
8.296715121755289246e-01 -2.390547793487960912e-03
8.176920708165689167e-01 -2.531004065463660427e-03
8.054007368663370636e-01 -2.680239569235385449e-03
7.928098482748784370e-01 -2.838550817591033518e-03
7.799320269473042355e-01 -3.006196646628433999e-03
7.667801655524369986e-01 -3.183389003259432665e-03
7.533674141079893527e-01 -3.370283489749686945e-03
7.397071663473256953e-01 -3.566969789984802963e-03
7.258130458736947732e-01 -3.773462110016827242e-03
7.116988921090421361e-01 -3.989689771391528167e-03
6.973787460460195708e-01 -4.215488099635150698e-03
6.828668358136461558e-01 -4.450589751979958791e-03
6.681775620690977302e-01 -4.694616627849434315e-03
6.533254832303301285e-01 -4.947072502764007784e-03
6.383253005665470159e-01 -5.207336521160847026e-03
6.231918431658779456e-01 -5.474657676177493298e-03
6.079400528019310856e-01 -5.748150394800272817e-03
5.925849687230806406e-01 -6.026791335029244023e-03
5.771417123903385127e-01 -6.309417488007097730e-03
5.616254721914041292e-01 -6.594725662575663672e-03
5.460514881598942383e-01 -6.881273412668188066e-03
5.304350367297844260e-01 -7.167481449558879558e-03
5.147914155556928550e-01 -7.451637561530898707e-03
4.991359284297607335e-01 -7.731902043277765618e-03
4.834838703255184278e-01 -8.006314616618083468e-03
4.678505125982412305e-01 -8.272802803192820520e-03
4.522510883699038531e-01 -8.529191689047817271e-03
4.367007781249508946e-01 -8.773215000700346905e-03
4.212146955407232163e-01 -9.002527392769479886e-03
4.058078735735781151e-01 -9.214717828819659479e-03
3.904952508185409177e-01 -9.407323920028111408e-03
3.752916581568081500e-01 -9.577847070910507077e-03
3.602118057016492347e-01 -9.723768267886335331e-03
3.452702700493063270e-01 -9.842564335160577937e-03
3.304814818374612884e-01 -9.931724473438461459e-03
3.158597136098066915e-01 -9.988766890540796972e-03
3.014190679813284479e-01 -1.001125532917022595e-02
2.874539510717783464e-01 -1.004059781911022242e-02
2.737226850404439471e-01 -1.013520557568146213e-02
2.602058950148335437e-01 -1.028847309168326452e-02
2.469150854108408122e-01 -1.049307295679019481e-02
2.338615923725494150e-01 -1.074152702992917097e-02
2.210565878774673199e-01 -1.102624107668377651e-02
2.085110833076951053e-01 -1.133953859316362556e-02
1.962359322879475010e-01 -1.167369366270589598e-02
1.842418326066966594e-01 -1.202096271441444042e-02
1.725393270557015746e-01 -1.237361507498888069e-02
1.611388030453967113e-01 -1.272396222717946460e-02
1.500504908785147140e-01 -1.306438570921641951e-02
1.392844605913718392e-01 -1.338736360943805492e-02
1.288506173008728828e-01 -1.368549562887506552e-02
1.187586950248951390e-01 -1.395152670157944613e-02
1.090182489737000077e-01 -1.417836917790475659e-02
9.963864633982180696e-02 -1.435912358968491689e-02
9.062905564291366678e-02 -1.448709802829033222e-02
8.199843471379809901e-02 -1.455582617686956501e-02
7.375551742795394272e-02 -1.455908404674110222e-02
6.590879932245917450e-02 -1.449090547493808376e-02
5.846652225160224592e-02 -1.434559644539602774e-02
5.143665825463744623e-02 -1.411774830029370771e-02
4.482689282423533289e-02 -1.380224991069532378e-02
3.864460777583780815e-02 -1.339429887699328248e-02
3.289686392622577504e-02 -1.288941182980654979e-02
2.759038379405857194e-02 -1.228343390104285823e-02
2.273153453590007894e-02 -1.157254743287186929e-02
1.832631132835117402e-02 -1.075327998946649932e-02
1.438032140042978108e-02 -9.822511732630795356e-03
1.089876891041634613e-02 -8.777482217918063448e-03
7.886440848204867224e-03 -7.615796662625825067e-03
5.347694127985853745e-03 -6.335431731193994984e-03
3.286444017130783248e-03 -4.934740877096736346e-03
1.706154025742061351e-03 -3.412459273356883635e-03
6.098273578452446074e-04 -1.767708356384662229e-03
0.000000000000000000e+00 0.000000000000000000e+00
-1.163877235768445684e-04 1.866355702792897543e-03
2.671175459863795723e-04 3.806464620919940318e-03
1.151591379789220241e-03 5.819065263450017879e-03
2.537604557536381374e-03 7.902128479071792236e-03
4.425218556657473448e-03 1.005286571738140365e-02
6.813980360894932725e-03 1.226774182438892906e-02
9.702916660822895334e-03 1.454249228562883370e-02
1.309052754301774993e-02 1.687214480296202537e-02
1.697477978715696695e-02 1.925104506462970919e-02
2.135309991078789688e-02 2.167288654248438959e-02
2.622236711954877356e-02 2.413074412572084257e-02
3.157890633591084462e-02 2.661711137697585217e-02
3.741848149178352706e-02 2.912394117450208333e-02
4.373628927934319899e-02 3.164268948337219806e-02
5.052695356002996629e-02 3.416436197947232689e-02
5.778452063367724156e-02 3.667956323253684925e-02
6.550245556810252445e-02 3.917854813879066006e-02
7.367363978418682569e-02 4.165127528004884672e-02
8.229037008252461372e-02 4.408746187450875847e-02
9.134435928523085280e-02 4.647663997509896006e-02
1.008267386506095792e-01 4.880821356425889268e-02
1.107280621993157188e-01 5.107151618954095668e-02
1.210383130686675246e-01 5.325586878257763945e-02
1.317469119872168304e-01 5.535063730485016709e-02
1.428427279349378243e-01 5.734528986742276624e-02
1.543140910259145626e-01 5.922945297844739443e-02
1.661488076206467102e-01 6.099296658183449293e-02
1.783341776446139282e-01 6.262593756305014081e-02
1.908570140590762354e-01 6.411879141350732003e-02
2.037036643998318686e-01 6.546232176340566200e-02
2.168600342704019857e-01 6.664773751402433555e-02
2.303116126484541504e-01 6.766670732421811718e-02
2.440434988387883142e-01 6.851140123198264098e-02
2.580404308834514659e-01 6.917452922016169292e-02
2.722868152200093039e-01 6.964937656532713128e-02
2.867667573631489941e-01 6.992983584017738174e-02
3.014330413838910427e-01 7.001100631301213073e-02
3.160157337055156113e-01 6.995766349845247700e-02
3.307805979172475652e-01 6.981683541989135156e-02
3.457127355757463327e-01 6.958915900926562759e-02
3.607970882591216011e-01 6.927550850000036009e-02
3.760184546783372217e-01 6.887698736949668388e-02
3.913615077849167956e-01 6.839491941034170353e-02
4.068108118406975060e-01 6.783083909247390741e-02
4.223508394190461646e-01 6.718648137786421837e-02
4.379659883107449581e-01 6.646377114608073566e-02
4.536405983115819329e-01 6.566481238351176697e-02
4.693589678724456316e-01 6.479187728117311029e-02
4.851053705963535023e-01 6.384739537610703564e-02
5.008640715702394886e-01 6.283394285960429426e-02
5.166193435224354369e-01 6.175423216209109667e-02
5.323554827995290450e-01 6.061110190977689327e-02
5.480568251586203088e-01 5.940750733234777259e-02
5.637077613729003511e-01 5.814651118439827931e-02
5.792927526498926616e-01 5.683127522623338673e-02
5.947963458626441824e-01 5.546505229244391710e-02
6.102031885946116452e-01 5.405117895956892959e-02
6.254980439989771268e-01 5.259306880750549973e-02
6.406658054726823703e-01 5.109420625339423927e-02
6.556915111446175448e-01 4.955814092176959174e-02
6.705603581761938603e-01 4.798848250106356461e-02
6.852577168710319855e-01 4.638889602431556236e-02
6.997691445887611605e-01 4.476309750136533983e-02
7.140803994560307455e-01 4.311484982105336095e-02
7.281774538658519758e-01 4.144795883515763751e-02
7.420465077543899612e-01 3.976626953104987067e-02
7.556740016423819650e-01 3.807366219741991492e-02
7.690466294265599911e-01 3.637404848691265513e-02
7.821513509048265700e-01 3.467136728113764249e-02
7.949754040175947001e-01 3.296958026718783963e-02
8.075063167866395331e-01 3.127266714046128548e-02
8.197319189321208288e-01 2.958462035609358415e-02
8.316403531481233458e-01 2.790943936052561053e-02
8.432200860171449319e-01 2.625112424547944995e-02
8.544599185444826661e-01 2.461366877867934150e-02
8.653489962943705649e-01 2.300105277881806659e-02
8.758768191110519741e-01 2.141723381628481485e-02
8.860332504096587458e-01 1.986613823578090715e-02
8.958085260237909075e-01 1.835165151189893651e-02
9.051932625990258829e-01 1.687760796374529818e-02
9.141784655241371738e-01 1.544777986949740639e-02
9.227555363945513234e-01 1.406586603612427697e-02
9.309162800054262554e-01 1.273547989312003546e-02
9.386529108746340944e-01 1.146013719176104152e-02
9.459580592988109382e-01 1.024324340287634943e-02
9.528247769484130547e-01 9.088080916212600696e-03
9.592465420103427620e-01 7.997796153009203990e-03
9.652172638890881284e-01 6.975386710216868041e-03
9.707312874794297164e-01 6.023688659778098607e-03
9.757833970255312961e-01 5.145364129447504292e-03
9.803688195826073537e-01 4.342889292706576809e-03
9.844832280983324413e-01 3.618542894397004574e-03
9.881227441316815518e-01 2.974395435763281699e-03
9.912839402269612021e-01 2.412299137708310160e-03
9.939638419604202024e-01 1.933878794290173116e-03
9.961599296759998667e-01 1.540523619935241619e-03
9.978701399255417437e-01 1.233380183643419765e-03
9.990928666271444714e-01 1.013346511777293759e-03
9.998269619533699526e-01 8.810674280432857384e-04
1.000000000000000000e+00 8.369311851950560818e-04
