1.000000000000000000e+00 -6.126040002477151428e-04
9.996022869579915815e-01 -5.702508849240386793e-04
9.988505001289444962e-01 -4.433831047457636510e-04
9.975984462960579835e-01 -2.325746802798480100e-04
9.958475100112490486e-01 6.121994397919672867e-05
9.935996261174215860e-01 4.366692856720480725e-04
9.908572762486633767e-01 8.920695676467463395e-04
9.876234843726409141e-01 1.425350820182264694e-03
9.839018114056230502e-01 2.034084344491335003e-03
9.796963489360558386e-01 2.715491539162297706e-03
9.750117120973854634e-01 3.466454090186326178e-03
9.698530316348092928e-01 4.283525523578713204e-03
9.642259452137300624e-01 5.162944117276765596e-03
9.581365880198954299e-01 6.100647165914566648e-03
9.515915827024484797e-01 7.092286588199856606e-03
9.445980287114409402e-01 8.133245861912757196e-03
9.371634910807672414e-01 9.218658265994382137e-03
9.292959887060227020e-01 1.034342640279668941e-02
9.210039821645419345e-01 1.150224296633724913e-02
9.122963611219361280e-01 1.268961271437832675e-02
9.031824313659131409e-01 1.389987559338519765e-02
8.936719015041834080e-01 1.512723095598008868e-02
8.837748693589533300e-01 1.636576280049215765e-02
8.735018080860516010e-01 1.760946595171618279e-02
8.628635520422629490e-01 1.885227309116391942e-02
8.518712824201399858e-01 2.008808253406530950e-02
8.405365126655699459e-01 2.131078663931544603e-02
8.288710736898294851e-01 2.251430072764067786e-02
8.168870988849330494e-01 2.369259237266325979e-02
8.045970089488538868e-01 2.483971091947048335e-02
7.920134965257846771e-01 2.594981707595092960e-02
7.791495106660977221e-01 2.701721241374166471e-02
7.660182411110648681e-01 2.803636860835029276e-02
7.526331024087653532e-01 2.900195624206306638e-02
7.390077178698947202e-01 2.990887298881537287e-02
7.251559033753512962e-01 3.075227099745708736e-02
7.110916510514446731e-01 3.152758328893925932e-02
6.968291128331907114e-01 3.223054898401628288e-02
6.823825839413436567e-01 3.285723718118851305e-02
6.677664863043306642e-01 3.340406930988125411e-02
6.529953519619605684e-01 3.386783979128996785e-02
6.380838064934338805e-01 3.424573484891599295e-02
6.230465525175828967e-01 3.453534932252252249e-02
6.078983533181916421e-01 3.473470135296868183e-02
5.926540166514717711e-01 3.484224482099972792e-02
5.773283787960843405e-01 3.485687944041501035e-02
5.619362889083335810e-01 3.477795842489391637e-02
5.464925937461239114e-01 3.460529366789250050e-02
5.310121228248572134e-01 3.433915839615886423e-02
5.155096740665484623e-01 3.398028727925586634e-02
5.000000000000001110e-01 3.352987399971421589e-02
4.844977945648890616e-01 3.298956631073732271e-02
4.690176805661263604e-01 3.236145863041453574e-02
4.535741978169173239e-01 3.164808224284012400e-02
4.381817919997236799e-01 3.085239319706721897e-02
4.228548042639603821e-01 2.997775801414248598e-02
4.076074615679716184e-01 2.902793733029791767e-02
3.924538677608493953e-01 2.800706762046553666e-02
3.774079953872606641e-01 2.691964116042047314e-02
3.624836781859175350e-01 2.577048439786933445e-02
3.476946042399553516e-01 2.456473491255167785e-02
3.330543097255787011e-01 2.330781715282103511e-02
3.185761731941876840e-01 2.200541714117082784e-02
3.042734103130938506e-01 2.066345634376799689e-02
2.901590689811258117e-01 1.928806489928793291e-02
2.762460247281580128e-01 1.788555440028911231e-02
2.625469763020575886e-01 1.646239041613562978e-02
2.490744413429002435e-01 1.502516494021750165e-02
2.358407520426726578e-01 1.358056893610315452e-02
2.228580506891257307e-01 1.213536514748422487e-02
2.101382849949950393e-01 1.069636132554965119e-02
1.976932031184398530e-01 9.270384014982351734e-03
1.855343482872021943e-01 7.864253026340046332e-03
1.736730529475276896e-01 6.484756708397005492e-03
1.621204323691853300e-01 5.138628119323553761e-03
1.508873776497627883e-01 3.832522180591744348e-03
1.399845480745834092e-01 2.572993882441511337e-03
1.294223628028394191e-01 1.366477594829690334e-03
1.192109918655819278e-01 2.192675232098595384e-04
1.093603464767706201e-01 -8.625006655675095113e-04
9.988006867437400349e-02 -1.872867035326221397e-03
9.077952032419789319e-02 -2.806063391260913559e-03
8.206777153444545780e-02 -3.656528121531749109e-03
7.375358854365013372e-02 -4.418919892602620608e-03
6.584542115832447973e-02 -5.088130230609480900e-03
5.835138982916600325e-02 -5.659295029288115286e-03
5.127927246571816616e-02 -6.127805031989910778e-03
4.463649109881060589e-02 -6.489315341036073354e-03
3.843009850770572750e-02 -6.739754012094536020e-03
3.266676493452783103e-02 -6.875329794409423996e-03
2.735276501214328401e-02 -6.892539079586767342e-03
2.249396503311395720e-02 -6.788172122272565640e-03
1.809581068664735740e-02 -6.559318595490946230e-03
1.416331538761120973e-02 -6.203372541695385128e-03
1.070104931671586775e-02 -5.718036777786586998e-03
7.713129283982334168e-03 -5.101326808541280580e-03
5.203209518710338877e-03 -4.351574298154878805e-03
3.174473478506986777e-03 -3.467430144019218504e-03
1.629626757691603591e-03 -2.447867190525449856e-03
5.708911617809660308e-04 -1.292182613704738296e-03
0.000000000000000000e+00 0.000000000000000000e+00
-7.745152751256604608e-05 1.410578908008434072e-03
3.436448140368374409e-04 2.920985111656781118e-03
1.263561918413016929e-03 4.530195100297901810e-03
2.682089166811896241e-03 6.236584630437027980e-03
4.598530120880006504e-03 8.037935830832081477e-03
7.011699954595411108e-03 9.931447624491492737e-03
9.919922673641466682e-03 1.191374939373423050e-02
1.332102818472156655e-02 1.398091779285914188e-02
1.721234928994308869e-02 1.612849659215168791e-02
2.159071869270318481e-02 1.835151941708993220e-02
2.645246611124671757e-02 2.064453522786207501e-02
3.179341560404292527e-02 2.300163636680985224e-02
3.760888321720825406e-02 2.541648898531475090e-02
4.389367506826247906e-02 2.788236564706856463e-02
5.064208598246620896e-02 3.039217989173974288e-02
5.784789879781193633e-02 3.293852253186968504e-02
6.550438445240633345e-02 3.551369944649972188e-02
7.360430296353946689e-02 3.810977062762738871e-02
8.213990540124038731e-02 4.071859023018026269e-02
9.110293695067865627e-02 4.333184737282939208e-02
1.004846411475389667e-01 4.594110743567621225e-02
1.102757653586289299e-01 4.853785360164667578e-02
1.204665675667009883e-01 5.111352839131204362e-02
1.310468245040052604e-01 5.365957494579971787e-02
1.420058411636897500e-01 5.616747781940827078e-02
1.533324617021259439e-01 5.862880305243522994e-02
1.650150817288205951e-01 6.103523730546127346e-02
1.770416619641083933e-01 6.337862584880346595e-02
1.893997432285838833e-01 6.565100921490896191e-02
2.020764627125319346e-01 6.784465833694719450e-02
2.150585714587435748e-01 6.995210801359642849e-02
2.283324529783309076e-01 7.196618855780122226e-02
2.418841429067288828e-01 7.388005550588547243e-02
2.556993495962274210e-01 7.568721728260419113e-02
2.697634755322952382e-01 7.738156073725929729e-02
2.840616394538015288e-01 7.895737448563344696e-02
2.985786990521256401e-01 8.040937001195332112e-02
3.132992741211346188e-01 8.173270050411388099e-02
3.282077700291301525e-01 8.292297741372633979e-02
3.432884013850973082e-01 8.397628474994515979e-02
3.585252157748533008e-01 8.488919113225157353e-02
3.739021174478847076e-01 8.565875964221134065e-02
3.894028908426083180e-01 8.628255552749564128e-02
4.050112238463040026e-01 8.675865182299717648e-02
4.207107306958089987e-01 8.708563296356672256e-02
4.364849744359721728e-01 8.726259647065064129e-02
4.523174888645684621e-01 8.728915280088117568e-02
4.681917999045605017e-01 8.716542344845414070e-02
4.840914463569828685e-01 8.689203739495895973e-02
5.000000000000001110e-01 8.647012600028577967e-02
5.159010850115798297e-01 8.590131642644042997e-02
5.317783967044562576e-01 8.518772368270981221e-02
5.476157195723906357e-01 8.433194137582879224e-02
5.633969446559708993e-01 8.333703124282393349e-02
5.791060862441468338e-01 8.220651153729416349e-02
5.947272979342530519e-01 8.094434433229535930e-02
6.102448880783510887e-01 7.955492179499248917e-02
6.256433346472721757e-01 7.804305148010928783e-02
6.409072995457955058e-01 7.641394068120489769e-02
6.560216424129871049e-01 7.467317987120683509e-02
6.709714339409609263e-01 7.282672525666608609e-02
6.857419687433344846e-01 7.088088046409615761e-02
7.003187778015900200e-01 6.884227737170500738e-02
7.146876405136282084e-01 6.671785609598208933e-02
7.288345963641954528e-01 6.451484414009131529e-02
7.427459562318209363e-01 6.224073470992436824e-02
7.564083133416059646e-01 5.990326420403984525e-02
7.698085538679321216e-01 5.751038888555402850e-02
7.829338671860330834e-01 5.507026074733897825e-02
7.957717557666884600e-01 5.259120258654591262e-02
8.083100447041227099e-01 5.008168231042076091e-02
8.205368908637566960e-01 4.755028650248022126e-02
8.324407916338227853e-01 4.500569328621752824e-02
8.440105932631187802e-01 4.245664453244335501e-02
8.552354987664074759e-01 3.991191746593468481e-02
8.661050753791488255e-01 3.738029573707721959e-02
8.766092615444079916e-01 3.487054003442555811e-02
8.867383734168361453e-01 3.239135832436429441e-02
8.964831108715072272e-01 2.995137581412855507e-02
9.058345630090343104e-01 2.755910474411795222e-02
9.147842131526258136e-01 2.522291412454097034e-02
9.233239433374733629e-01 2.295099953975832108e-02
9.314460382979211639e-01 2.075135315110034073e-02
9.391431889630964536e-01 1.863173403526577343e-02
9.464084954769272917e-01 1.659963900053878713e-02
9.532354697635710972e-01 1.466227402687873133e-02
9.596180376640855991e-01 1.282652647836413431e-02
9.655505406745215069e-01 1.109893823743852807e-02
9.710277373194162731e-01 9.485679909873891841e-03
9.760448041977681788e-01 7.992526247316826538e-03
9.805973367408874486e-01 6.624832930716730885e-03
9.846813497230080259e-01 5.387514852876856310e-03
9.882932775661065206e-01 4.285026031856533843e-03
9.914299744800254555e-01 3.321341279058146606e-03
9.940887144777161843e-01 2.499939736618733525e-03
9.962671913032289384e-01 1.823790388302885552e-03
9.979635183070220128e-01 1.295339636558518089e-03
9.991762282993270627e-01 9.165010258771111220e-04
9.999042734077400185e-01 6.886471792277318532e-04
1.000000000000000000e+00 6.126040002477151428e-04
