1.000000000000000000e+00 -2.099488105296368895e-03
9.997056417387669702e-01 -2.151712132538906135e-03
9.989619084603296173e-01 -2.308227076849018837e-03
9.977231763030645073e-01 -2.568562651874244616e-03
9.959906792993645785e-01 -2.931938781765805122e-03
9.937661432412736584e-01 -3.397271139700961621e-03
9.910517838325162421e-01 -3.963178775797858606e-03
9.878503043200896894e-01 -4.627993711087676106e-03
9.841648926109665130e-01 -5.389772342745993185e-03
9.799992178805561061e-01 -6.246308477066741909e-03
9.753574266806023241e-01 -7.195147781200893732e-03
9.702441385551420217e-01 -8.233603422934400104e-03
9.646644411739907499e-01 -9.358772650139552882e-03
9.586238849939766604e-01 -1.056755404832178391e-02
9.521284774587794875e-01 -1.185666520615667394e-02
9.451846767487585010e-01 -1.322266051522015193e-02
9.377993850925706587e-01 -1.466194883135865656e-02
9.299799416526787210e-01 -1.617081073131226843e-02
9.217341149970288416e-01 -1.774541510920883691e-02
9.130700951692658496e-01 -1.938183487322196405e-02
9.039964853698149172e-01 -2.107606152276709707e-02
8.945222932600412902e-01 -2.282401841078403326e-02
8.846569219014791541e-01 -2.462157252349515130e-02
8.744101603418348301e-01 -2.646454464108440041e-02
8.637921738590997878e-01 -2.834871777647538296e-02
8.528134938746971816e-01 -3.026984382522259973e-02
8.414850075461323131e-01 -3.222364839683972138e-02
8.298179470491159337e-01 -3.420583383604727801e-02
8.178238785586465776e-01 -3.621208048072331598e-02
8.055146909380287434e-01 -3.823804624114881395e-02
7.929025841443180234e-01 -4.027936462174420973e-02
7.800000573582406282e-01 -4.233164134126006506e-02
7.668198968462135445e-01 -4.439044973966600749e-02
7.533751635617446096e-01 -4.645132518917642617e-02
7.396791804932040248e-01 -4.850975875242428959e-02
7.257455197647472156e-01 -5.056119035222395031e-02
7.115879894970641439e-01 -5.260100173424121089e-02
6.972206204345875458e-01 -5.462450951584193332e-02
6.826576523458934842e-01 -5.662695862114087292e-02
6.679135202041962538e-01 -5.860351640362943676e-02
6.530028401551420947e-01 -6.054926775360866542e-02
6.379403952795072996e-01 -6.245921147798160628e-02
6.227411211589121143e-01 -6.432825822483738409e-02
6.074200912532742302e-01 -6.615123020485828842e-02
5.919925020994373233e-01 -6.792286293615189263e-02
5.764736583412012338e-01 -6.963780920899960425e-02
5.608789576018622380e-01 -7.129064543264343468e-02
5.452238752113161002e-01 -7.287588048810018926e-02
5.295239488007769113e-01 -7.438796716967210898e-02
5.137947627792098793e-01 -7.582131625393351282e-02
4.980519327066453283e-01 -7.717031318919929939e-02
4.823110895806229648e-01 -7.842933735153502506e-02
4.665878640530924382e-01 -7.959278376600005533e-02
4.508978705961471656e-01 -8.065508714478582253e-02
4.352566916359853488e-01 -8.161074804798640336e-02
4.196798616754476297e-01 -8.245436092868782540e-02
4.041828514263686722e-01 -8.318064378261467995e-02
3.887810519737758264e-01 -8.378446908445255636e-02
3.734897589946611918e-01 -8.426089565882821653e-02
3.583241570546349952e-01 -8.460520110439931352e-02
3.432993040062130574e-01 -8.481291436512697346e-02
3.284301155128059313e-01 -8.487984802405727780e-02
3.137313497226362213e-01 -8.480212988221834391e-02
2.992175921168234165e-01 -8.457623337885293580e-02
2.849032405557215264e-01 -8.419900640937030833e-02
2.708024905472848909e-01 -8.366769810422781950e-02
2.569293207607656337e-01 -8.297998314546033150e-02
2.432974788084120987e-01 -8.213398321767205468e-02
2.299204673170515689e-01 -8.112828521681045291e-02
2.168115303105042913e-01 -7.996195587265743365e-02
2.039836399226997721e-01 -7.863455247932150949e-02
1.914494834601626339e-01 -7.714612947161851586e-02
1.792214508312160726e-01 -7.549724063352500347e-02
1.673116223578237638e-01 -7.368893677724615288e-02
1.557317569844861027e-01 -7.172275878714608199e-02
1.467106480611418406e-01 -7.009028575932259308e-02
1.367010530507591359e-01 -6.813757909881537622e-02
1.271261490438519992e-01 -6.613236291630712749e-02
1.179643537963092348e-01 -6.408047106134244497e-02
1.091943568440733731e-01 -6.198535088838090512e-02
1.007956376275113697e-01 -5.984845078394700202e-02
9.274898401640117862e-02 -5.766953764840815344e-02
8.503698815283117218e-02 -5.544694157352648284e-02
7.764449565831887945e-02 -5.317773072830062758e-02
7.055898607455199367e-02 -5.085782508268927443e-02
6.377086664619256717e-02 -4.848206233494023465e-02
5.727366761242896204e-02 -4.604423265296208462e-02
5.106413423067668322e-02 -4.353710021659573659e-02
4.514221790640389476e-02 -4.095242897537498816e-02
3.951097520989168416e-02 -3.828102772794740594e-02
3.417638857892739412e-02 -3.551282602687098888e-02
2.914712575856201124e-02 -3.263698808607935764e-02
2.443425641988820202e-02 -2.964206740450397656e-02
2.005094407781925214e-02 -2.651620072588008539e-02
1.601212971262808496e-02 -2.324733659804244582e-02
1.233422079741080049e-02 -1.982349137569036981e-02
9.034796158643186581e-03 -1.623302407229328462e-02
6.132333616632528253e-03 -1.246492092729817487e-02
3.645963953650042076e-03 -8.509080747188001170e-03
1.595251637158853894e-03 -4.356592792733203143e-03
0.000000000000000000e+00 0.000000000000000000e+00
-1.101812002890453909e-03 4.506936966247841736e-03
-1.672692381921601044e-03 9.107954926216639546e-03
-1.694298219712524547e-03 1.380304384770805921e-02
-1.149497473120950596e-03 1.858880369514428685e-02
-2.256139254846068615e-05 2.345838123541064621e-02
1.700619558683194761e-03 2.840146910108303988e-02
4.032293983433426002e-03 3.340437127220782787e-02
6.982582451480723665e-03 3.845013933206713197e-02
1.055918856449503465e-02 4.351878378268313197e-02
1.476709512591907643e-02 4.858756415982851129e-02
1.960825583588286097e-02 5.363136046173788696e-02
2.508129620534475801e-02 5.862312634037029901e-02
3.118124008534218020e-02 6.353442152292163025e-02
3.789927992155168318e-02 6.833601708352557424e-02
4.522260916543964504e-02 7.299856267629051265e-02
5.313433388158442239e-02 7.749330004162363617e-02
6.161347733773758772e-02 8.179280251939718971e-02
7.063508634515375251e-02 8.587171653422137618e-02
8.017044170903710187e-02 8.970747863188605065e-02
9.018736799754129008e-02 9.328098108513184494e-02
1.006506307802362138e-01 9.657716056412367356e-02
1.115224034279016230e-01 9.958548780136501632e-02
1.227627813256884082e-01 1.023003411940514168e-01
1.343303195278295337e-01 1.047212532663332474e-01
1.461825707523106976e-01 1.068530251299867756e-01
1.597211370868251712e-01 1.089240691210344586e-01
1.713765123185245209e-01 1.103771232018129073e-01
1.833545594200945150e-01 1.116578904464090860e-01
1.956434628868611025e-01 1.127653505854043087e-01
2.082311077848272018e-01 1.136989871313519723e-01
2.211050918373650143e-01 1.144587938075330574e-01
2.342527377039519965e-01 1.150452763285647606e-01
2.476611054412170276e-01 1.154594496391472963e-01
2.613170051375193759e-01 1.157028307729523892e-01
2.752070097131683601e-01 1.157774275460271701e-01
2.893174678792058141e-01 1.156857233473940760e-01
3.036345172483960742e-01 1.154306583331422692e-01
3.181440975926860815e-01 1.150156073686647712e-01
3.328319642419029223e-01 1.144443550963205741e-01
3.476837016188396023e-01 1.137210685323145620e-01
3.626847369061358406e-01 1.128502676166935059e-01
3.778203538404841799e-01 1.118367941538711274e-01
3.930757066296818869e-01 1.106857795879296891e-01
4.084358339879069488e-01 1.094026120571152810e-01
4.238856732843217512e-01 1.079929031655630922e-01
4.394100747997105039e-01 1.064624548975756646e-01
4.549938160853386204e-01 1.048172270810330126e-01
4.706216164175944239e-01 1.030633057821401938e-01
4.862781513412489653e-01 1.012068729841901632e-01
5.019480672933548382e-01 9.925417786888680871e-02
5.176159962989184127e-01 9.721150998065336557e-02
5.332665707285365597e-01 9.508517451290698919e-02
5.488844381071984468e-01 9.288146991122799012e-02
5.644542759624422423e-01 9.060666794242916433e-02
5.799608066990299404e-01 8.826699633149932833e-02
5.953888124862874998e-01 8.586862402102628244e-02
6.107231501432685006e-01 8.341764906075614661e-02
6.259487660059429581e-01 8.092008908916946408e-02
6.410507107597220866e-01 7.838187432506241170e-02
6.560141542198055786e-01 7.580884294579606775e-02
6.708244000410953367e-01 7.320673869074113826e-02
6.854669003387846571e-01 7.058121049406945735e-02
6.999272702001931856e-01 6.793781392092761162e-02
7.141913020680087376e-01 6.528201415559242715e-02
7.282449799747995334e-01 6.261919026979959058e-02
7.420744936085116317e-01 5.995464048430723669e-02
7.556662521886267081e-01 5.729358812707618931e-02
7.690068981327834452e-01 5.464118798728667681e-02
7.820833204938901773e-01 5.200253276575944605e-02
7.948826681481551137e-01 4.938265932908875167e-02
8.073923627149478532e-01 4.678655448673801204e-02
8.196001111900431679e-01 4.421916002721423822e-02
8.314939182745363366e-01 4.168537677085551452e-02
8.430620983825564130e-01 3.919006742232634954e-02
8.542932873118502801e-01 3.673805803509698487e-02
8.651764535623119867e-01 3.433413793245089496e-02
8.757009092886247625e-01 3.198305796431718390e-02
8.858563208743103212e-01 2.968952701581491216e-02
8.956327191156493450e-01 2.745820672118998163e-02
9.050205090051325341e-01 2.529370437511075168e-02
9.140104791052960920e-01 2.320056407143181523e-02
9.225938105049864557e-01 2.118325613682855990e-02
9.307620853512651449e-01 1.924616496252475051e-02
9.385072949512930363e-01 1.739357537105126056e-02
9.458218474396097308e-01 1.562965768601302236e-02
9.526985750072400894e-01 1.395845170066409638e-02
9.591307406900043686e-01 1.238384976524699310e-02
9.651120447142608194e-01 1.090957923311553120e-02
9.706366303990835442e-01 9.539184521316463120e-03
9.756990896145513181e-01 8.276009052291210394e-03
9.802944677963871811e-01 7.123177349506264709e-03
9.844182685176645631e-01 6.083577561044850070e-03
9.880664576186577452e-01 5.159844681481077534e-03
9.912354668961725901e-01 4.354344733810727903e-03
9.939221973538641119e-01 3.669160159980341344e-03
9.961240220151134084e-01 3.106076650895791408e-03
9.978387883000154890e-01 2.666571625023489087e-03
9.990648199679419417e-01 2.351804539215344124e-03
9.998009186269646298e-01 2.162609186649683789e-03
1.000000000000000000e+00 2.099488105296368895e-03
