1.000000000000000000e+00 -1.674649667940660306e-03
9.996156955152267765e-01 -1.700924670321967347e-03
9.988649733989619639e-01 -1.779699631864782973e-03
9.976146874161339051e-01 -1.910824981852803257e-03
9.958662120851452526e-01 -2.094053309851970704e-03
9.936214681503178214e-01 -2.329042132074623725e-03
9.908829190341866822e-01 -2.615357675600419804e-03
9.876535663235612716e-01 -2.952479593767821410e-03
9.839369443235284063e-01 -3.339806504103936830e-03
9.797371137196858593e-01 -3.776662220266193380e-03
9.750586543941763829e-01 -4.262302532012891138e-03
9.699066574454532352e-01 -4.795922372545081795e-03
9.642867164650525957e-01 -5.376663200965412989e-03
9.582049181269599591e-01 -6.003620419327598129e-03
9.516678321463784007e-01 -6.675850638996039775e-03
9.446825006648682521e-01 -7.392378609918764595e-03
9.372564271179513185e-01 -8.152203629015950664e-03
9.293975646394219137e-01 -8.954305250195377514e-03
9.211143040538526394e-01 -9.797648128465320794e-03
9.124154615052628703e-01 -1.068118584409972691e-02
9.033102657657151591e-01 -1.160386356962164918e-02
8.938083452629045356e-01 -1.256461946227176163e-02
8.839197148607293997e-01 -1.356238468729360075e-02
8.736547624215750263e-01 -1.459608200244939813e-02
8.630242351737378304e-01 -1.566462286126391046e-02
8.520392259022653292e-01 -1.676690302113266473e-02
8.407111589766359527e-01 -1.790179667213413761e-02
8.290517762242917144e-01 -1.906814913266043077e-02
8.170731226552357951e-01 -2.026476818827257359e-02
8.047875320398064636e-01 -2.149041417998776016e-02
7.922076123394492519e-01 -2.274378897695107649e-02
7.793462309889191975e-01 -2.402352399562478202e-02
7.662165000278704508e-01 -2.532816745272100517e-02
7.528317610802837123e-01 -2.665617106162414610e-02
7.392055701816147018e-01 -2.800587640155913910e-02
7.253516824558727816e-01 -2.937550120483786373e-02
7.112840366480277510e-01 -3.076312581982012725e-02
6.970167395210287165e-01 -3.216668011545192885e-02
6.825640501312759678e-01 -3.358393109716222708e-02
6.679403640013706900e-01 -3.501247150334982350e-02
6.531601972143078472e-01 -3.644970964657878731e-02
6.382381704587287707e-01 -3.789286075391443132e-02
6.231889930602796390e-01 -3.933894004662950167e-02
6.080274470392990072e-01 -4.078475778093654941e-02
5.927683712398322813e-01 -4.222691644866577443e-02
5.774266455791184915e-01 -4.366181031020199832e-02
5.620171754700884481e-01 -4.508562740187424533e-02
5.465548764718578534e-01 -4.649435412677652146e-02
5.310546592245835029e-01 -4.788378250217385779e-02
5.155314147252626489e-01 -4.924952009873687087e-02
5.000000000000001110e-01 -5.058700266742872931e-02
4.844752242259157127e-01 -5.189150940954222191e-02
4.689718353521866723e-01 -5.315818080478335039e-02
4.535045072647317377e-01 -5.438203887206213838e-02
4.380878275328195515e-01 -5.555800969842336623e-02
4.227362857684900388e-01 -5.668094803397377701e-02
4.074642626212521823e-01 -5.774566371534387010e-02
3.922860194212144380e-01 -5.874694964776319694e-02
3.772156884737911109e-01 -5.967961104676718087e-02
3.622672639986285748e-01 -6.053849561539813295e-02
3.474545936946173419e-01 -6.131852431195658482e-02
3.327913709020546285e-01 -6.201472234727864463e-02
3.182911273224325877e-01 -6.262225003947466395e-02
3.039672262462091434e-01 -6.313643314829137099e-02
2.898328562295108823e-01 -6.355279231090990577e-02
2.759010251522623913e-01 -6.386707120613349664e-02
2.621845545829551982e-01 -6.407526308453456720e-02
2.486960743693557851e-01 -6.417363531812163291e-02
2.354480173700914114e-01 -6.415875164427042865e-02
2.224526142393731531e-01 -6.402749180477354529e-02
2.097218881762372422e-01 -6.377706831155849354e-02
1.972676495506714145e-01 -6.340504010549813385e-02
1.851014903218752561e-01 -6.290932291330367243e-02
1.732347781686605914e-01 -6.228819614922515013e-02
1.616786502585916552e-01 -6.154030625259306053e-02
1.504440065907794444e-01 -6.066466639850006531e-02
1.395415028571588001e-01 -5.966065256648353521e-02
1.289815427784093971e-01 -5.852799600025289373e-02
1.187742698832246063e-01 -5.726677213962178686e-02
1.089295587131489385e-01 -5.587738615316380220e-02
9.945700544944249821e-02 -5.436055524603765343e-02
9.036591797308304863e-02 -5.271728796125633998e-02
8.166530538382262006e-02 -5.094886073378214475e-02
7.336386701884173300e-02 -4.905679199461812634e-02
6.546998102571088829e-02 -4.704281415599532307e-02
5.799169255777210374e-02 -4.490884383833075588e-02
5.093670167240455654e-02 -4.265695072442760721e-02
4.431235102368836359e-02 -4.028932544604295340e-02
3.812561345047507655e-02 -3.780824692217316790e-02
3.238307956861095210e-02 -3.521604957698815791e-02
2.709094548187125640e-02 -3.251509086815394800e-02
2.225500072989851016e-02 -2.970771955326140246e-02
1.788061659302181070e-02 -2.679624511326182679e-02
1.397273487320323422e-02 -2.378290873730549634e-02
1.053585726751300571e-02 -2.066985625337376675e-02
7.574035445523190184e-03 -1.745911336386316362e-02
5.090861934904623680e-03 -1.415256351514543667e-02
3.089461910460688555e-03 -1.075192869551374643e-02
1.572485970985379108e-03 -7.258753417281074878e-03
5.421039759167796228e-04 -3.674392096661324627e-03
0.000000000000000000e+00 0.000000000000000000e+00
-4.866434164837963802e-05 3.713857528095889596e-03
4.007856007430619233e-04 7.416459390991518054e-03
1.348573486459315367e-03 1.110618368093997492e-02
2.794436750617611438e-03 1.478090029257281973e-02
4.737623959339150488e-03 1.843798303796009494e-02
7.176892003798273148e-03 2.207432653560873620e-02
1.011050318804944219e-02 2.568636768798511147e-02
1.353622227834711152e-02 2.927011151238455983e-02
1.745131359315853573e-02 3.282116104322110872e-02
2.185253822297521242e-02 3.633475098065500064e-02
2.673615147716358956e-02 3.980578472147237173e-02
3.209790066127357622e-02 4.322887437374494518e-02
3.793302329233049636e-02 4.659838332746918388e-02
4.423624586157608868e-02 4.990847092945382285e-02
5.100178325386010847e-02 5.315313879248130535e-02
5.822333893042552777e-02 5.632627825641538938e-02
6.589410597721473417e-02 5.942171851258383486e-02
7.400676911416230463e-02 6.243327490248069822e-02
8.255350775235523186e-02 6.535479690756278159e-02
9.152600017561016155e-02 6.818021535853871495e-02
1.009154289111606484e-01 7.090358840986669964e-02
1.107124873409862514e-01 7.351914584790730789e-02
1.209073875911310103e-01 7.602133132896680967e-02
1.314898697214298695e-01 7.840484217589727134e-02
1.424492122226730939e-01 8.066466639850006226e-02
1.537742438127196187e-01 8.279611664317933217e-02
1.654533565076876933e-01 8.479486082051124196e-02
1.774745199294353315e-01 8.665694920501817999e-02
1.898252967963523219e-01 8.837883784879524418e-02
2.024928595312897317e-01 8.995740819905745367e-02
2.154640079084961524e-01 9.138998285846711145e-02
2.287251876509121540e-01 9.267433747557188295e-02
2.422625098802733412e-01 9.380870880015594604e-02
2.560617713153298114e-01 9.479179898411452254e-02
2.701084751081908597e-01 9.562277625198295494e-02
2.843878522054164582e-01 9.630127210588368403e-02
2.988848831190103472e-01 9.682737526686513441e-02
3.135843199928897151e-01 9.720162258790290832e-02
3.284707088526542251e-01 9.742498720279443858e-02
3.435284119304353179e-01 9.749886419945552607e-02
3.587416299621422611e-01 9.742505412543843446e-02
3.740944243613542608e-01 9.720574464764446254e-02
3.895707391822432752e-01 9.684349069708358959e-02
4.051544227930234388e-01 9.634119343310890149e-02
4.208292491912793420e-01 9.570207835987684653e-02
4.365789389028763012e-01 9.492967292099599441e-02
4.523871794167540483e-01 9.402778388663590725e-02
4.682376451185001898e-01 9.300047483107290458e-02
4.841140166959562174e-01 9.185204397810765864e-02
5.000000000000001110e-01 9.058700266742873708e-02
5.158793443528656431e-01 8.921005466730230760e-02
5.317358603047299681e-01 8.772607652846341197e-02
5.475534368466566937e-01 8.614009914135029033e-02
5.633160580942160323e-01 8.445729062444687352e-02
5.790078194611126827e-01 8.268294063610506783e-02
5.946129433458925417e-01 8.082244616643080581e-02
6.101157943572437237e-01 7.888129883025693512e-02
6.255008941045754334e-01 7.686507364750677640e-02
6.407529355805006155e-01 7.477941926395471894e-02
6.558567971606398261e-01 7.263004953407772857e-02
6.707975562439209005e-01 7.042273635886560357e-02
6.855605025534021735e-01 6.816330364559045063e-02
7.001311511137520149e-01 6.585762223402569226e-02
7.144952549170451306e-01 6.351160561479390898e-02
7.286388172836739674e-01 6.113120625068732550e-02
7.425481039201009548e-01 5.872241230113905280e-02
7.562096546700876054e-01 5.629124454365845576e-02
7.696102949511265390e-01 5.384375328402244559e-02
7.827371468632116080e-01 5.138601504931833430e-02
7.955776399530238852e-01 4.892412886445002274e-02
8.081195216131701331e-01 4.646421192328484273e-02
8.203508670934539504e-01 4.401239447998706728e-02
8.322600890993605560e-01 4.157481380394650178e-02
8.438359469520527734e-01 3.915760706272040231e-02
8.550675552842821325e-01 3.676690302113266862e-02
8.659443922476739441e-01 3.440881247067762577e-02
8.764563072088845663e-01 3.208941733116331407e-02
8.865935279150600756e-01 2.981475839557908708e-02
8.963466671127860996e-01 2.759082171897464519e-02
9.057067286092322922e-01 2.542352368212270203e-02
9.146651127692990713e-01 2.331869479040616158e-02
9.232136214481626579e-01 2.128206229716384304e-02
9.313444623645219522e-01 1.931923176816105828e-02
9.390502529259123765e-01 1.743566772943599963e-02
9.463240235234999798e-01 1.563667356406928111e-02
9.531592203196411761e-01 1.392737084402223546e-02
9.595497075570210699e-01 1.231267830075383207e-02
9.654897694231989735e-01 1.079729065253717639e-02
9.709741115087723307e-01 9.385657517029282609e-03
9.759978619009772594e-01 8.081962644513942043e-03
9.805565719572574279e-01 6.890103710225870155e-03
9.846462168051026698e-01 5.813672903226667701e-03
9.882631956151861630e-01 4.855938544447420922e-03
9.914043316945021500e-01 4.019827957835384047e-03
9.940668724448199489e-01 3.307911806171550707e-03
9.962484892293327343e-01 2.722390087279331211e-03
9.979472771869460912e-01 2.265079967279026545e-03
9.991617550293095951e-01 1.937405605575232221e-03
9.998908648505048236e-01 1.740390101756531882e-03
1.000000000000000000e+00 1.674649667940660306e-03
