1.000000000000000000e+00 -1.448864714575476493e-03
9.994981678894814259e-01 -1.446392367917940808e-03
9.987380926226439026e-01 -1.438999052957849094e-03
9.974722686839463393e-01 -1.426756174595507267e-03
9.957021461415855867e-01 -1.409783497558863858e-03
9.934297507294912455e-01 -1.388250247672992302e-03
9.906576795323864815e-01 -1.362376587173560203e-03
9.873890955035025119e-01 -1.332435399182004595e-03
9.836277208622016266e-01 -1.298754300151174802e-03
9.793778294272402762e-01 -1.261717784404724641e-03
9.746442379487502139e-01 -1.221769392139986435e-03
9.694322965080939269e-01 -1.179413781718497908e-03
9.637478780594318506e-01 -1.135218578970111775e-03
9.575973671900911421e-01 -1.089815870788773608e-03
9.509876481785666247e-01 -1.043903207660226359e-03
9.439260924292360855e-01 -9.982439800383172135e-04
9.364205453616797348e-01 -9.536670367482347199e-04
9.284793128298969300e-01 -9.110654198451768188e-04
9.201111471428431443e-01 -8.713940995586852423e-04
9.113252327527087138e-01 -8.356666050137722540e-04
9.021311716713550366e-01 -8.049504611882078720e-04
8.925389686685565316e-01 -7.803613598571512711e-04
8.825590162983273368e-01 -7.630560118337958997e-04
8.722020797918997870e-01 -7.542236493600779079e-04
8.614792818480672132e-01 -7.550761706959958908e-04
8.504020873438661310e-01 -7.668369434375710281e-04
8.389822879811636991e-01 -7.907283084524867334e-04
8.272319868778492680e-01 -8.279578521486370690e-04
8.151635831062316040e-01 -8.797035406167032223e-04
8.027897561760675149e-01 -9.470978345811585652e-04
7.901234504555496585e-01 -1.031210928566471396e-03
7.771778595207196050e-01 -1.133033280800672948e-03
7.639664104221650653e-01 -1.253457621670589495e-03
7.505027478576342670e-01 -1.393260647590405243e-03
7.368007182402946942e-01 -1.553084623549451371e-03
7.228743536547935777e-01 -1.733419130986568746e-03
7.087378556969572418e-01 -1.934583207686066397e-03
6.944055791977583603e-01 -2.156708132816494150e-03
6.798920158379944123e-01 -2.399721112825201064e-03
6.652117776667061388e-01 -2.663330122493083596e-03
6.503795805435703681e-01 -2.947010149953903368e-03
6.354102275330644201e-01 -3.249991084859779611e-03
6.203185922858711621e-01 -3.571247475174885166e-03
6.051196024505294258e-01 -3.909490360416788268e-03
5.898282231654590202e-01 -4.263161367720973149e-03
5.744594406879400816e-01 -4.630429232138244533e-03
5.590282462221787263e-01 -5.009188874402645264e-03
5.435496200129854572e-01 -5.397063138409964600e-03
5.280385157746516622e-01 -5.791407257266262265e-03
5.125098455261548613e-01 -6.189316081481391341e-03
4.969784649037117807e-01 -6.587634066226942531e-03
4.814591590198590842e-01 -6.982967977108525681e-03
4.659666289346097723e-01 -7.371702236202745673e-03
4.505154787988194243e-01 -7.750016792775454855e-03
4.351202037227573927e-01 -8.113907366726104409e-03
4.197951784140978582e-01 -8.459207877989274871e-03
4.045546466192879165e-01 -8.781614842430861267e-03
3.894127113906932225e-01 -9.076713484758941464e-03
3.743833261892987041e-01 -9.340005292119146763e-03
3.594802868193255341e-01 -9.566936708830818537e-03
3.447172241771968570e-01 -9.752928653536607762e-03
3.301075977831688935e-01 -9.893406525226404458e-03
3.156646900499650576e-01 -9.983830354430164866e-03
3.014016012292436431e-01 -1.001972475054075523e-02
2.883128100383867687e-01 -1.007714281727904726e-02
2.755163028219665411e-01 -1.026345758915367390e-02
2.629085139820492301e-01 -1.056680469702631076e-02
2.504946527429059988e-01 -1.097418136316090365e-02
2.382800911938073030e-01 -1.147246559284888223e-02
2.262704263281158368e-01 -1.204844619723405286e-02
2.144715333177632799e-01 -1.268884896186536770e-02
2.028896093334169870e-01 -1.338035988152606881e-02
1.915312075033015482e-01 -1.410964637701579705e-02
1.804032608694990381e-01 -1.486337736365962725e-02
1.695130964414664487e-01 -1.562824296221794473e-02
1.588684396569132184e-01 -1.639097453913263003e-02
1.484774097370189783e-01 -1.713836564322570449e-02
1.383485065653924095e-01 -1.785729427810747033e-02
1.284905898291513748e-01 -1.853474682074127133e-02
1.189128512384030889e-01 -1.915784377274331457e-02
1.096247806905348149e-01 -1.971386741664549191e-02
1.006361272718885452e-01 -2.019029134776727935e-02
9.195685599562385126e-02 -2.057481176556063412e-02
8.359710116472596209e-02 -2.085538033725461635e-02
7.556711722679287924e-02 -2.102023839139439965e-02
6.787722795555663213e-02 -2.105795215880496701e-02
6.053777475566797517e-02 -2.095744875248094566e-02
5.355906484420135116e-02 -2.070805256444820108e-02
4.695132001616963979e-02 -2.029952175512637902e-02
4.072462665319789149e-02 -1.972208451745602331e-02
3.488888758510655386e-02 -1.896647481238722399e-02
2.945377636387130904e-02 -1.802396729271311948e-02
2.442869445841355097e-02 -1.688641115726866038e-02
1.982273182687099497e-02 -1.554626270596851621e-02
1.564463127023822675e-02 -1.399661639696453755e-02
1.190275691731855143e-02 -1.223123423947247192e-02
8.605067135511002691e-03 -1.024457338880209976e-02
5.759092104830606379e-03 -8.031811843224273204e-03
3.371916233473467965e-03 -5.588872175014121188e-03
1.450165532031338694e-03 -2.912443259913832013e-03
0.000000000000000000e+00 0.000000000000000000e+00
-9.567258977629387092e-04 3.109737952730302641e-03
-1.398644661745026933e-03 6.376882870140234555e-03
-1.321056707910603107e-03 9.800460615930836270e-03
-7.197684499887675724e-04 1.337796688455769427e-02
4.089024875437883774e-04 1.710537234898362735e-02
2.068118001073052971e-03 2.097713560990626877e-02
4.260506234381682307e-03 2.498622381196459463e-02
6.988144412955372975e-03 2.912414078425970554e-02
1.025253795918573511e-02 3.338096255622879927e-02
1.405459611973991670e-02 3.774538009527028670e-02
1.839460439257665364e-02 4.220474910928460888e-02
2.327219409557901644e-02 4.674514675509151840e-02
2.868630947181751226e-02 5.135143509206172019e-02
3.463517277831267005e-02 5.600733111863792635e-02
4.111624785607558008e-02 6.069548322695756531e-02
4.812620272934353682e-02 6.539755390659192369e-02
5.566087183133050509e-02 7.009430852135373202e-02
6.371521850236107343e-02 7.476570997191919754e-02
7.228329845354973526e-02 7.939101904020412492e-02
8.135822493451784487e-02 8.394890018747358518e-02
9.093213638590649794e-02 8.841753254545159368e-02
1.009961673950594829e-01 9.277472579666429242e-02
1.115404238041479840e-01 9.699804058551261821e-02
1.225539628415696913e-01 1.010649130340499358e-01
1.340247791565393198e-01 1.049527828555453235e-01
1.459397976298448252e-01 1.086392244647537975e-01
1.582848738068492467e-01 1.121020803773508517e-01
1.710448027480090394e-01 1.153195960742871978e-01
1.842033370136067494e-01 1.182705553831289308e-01
1.977432143897636940e-01 1.209344153023494406e-01
2.116461958197534687e-01 1.232914390719151709e-01
2.258931138271962624e-01 1.253228261814267608e-01
2.404639315067231276e-01 1.270108379135457821e-01
2.553378119162357796e-01 1.283389169539831676e-01
2.704931974384867099e-01 1.292917995684449983e-01
2.859078983965405718e-01 1.298556188594133798e-01
3.014505081359758476e-01 1.300192267182245787e-01
3.162107572653572451e-01 1.299216235702535527e-01
3.311544819715399601e-01 1.296636284181321708e-01
3.462657814478558027e-01 1.292461180017467071e-01
3.615286071414453017e-01 1.286704171730588542e-01
3.769267866458466676e-01 1.279382858892915142e-01
3.924440472127644908e-01 1.270519044653861118e-01
4.080640387949877046e-01 1.260138573697393571e-01
4.237703565456715227e-01 1.248271158481787518e-01
4.395465627129384600e-01 1.234950196574868819e-01
4.553762078826663617e-01 1.220212581817033404e-01
4.712428515360770898e-01 1.204098511921633391e-01
4.871300819020128459e-01 1.186651294960864161e-01
5.030215350962884413e-01 1.167917156988799998e-01
5.189009135519734306e-01 1.147945052826017942e-01
5.347520037546618088e-01 1.126786481777022897e-01
5.505586933055290899e-01 1.104495309777691336e-01
5.663049873421257541e-01 1.081127599180478766e-01
5.819750243522910926e-01 1.056741447085908225e-01
5.975530914202658028e-01 1.031396832825503262e-01
6.130236389460133051e-01 1.005155474899540879e-01
6.283712948789839103e-01 9.780806973783089109e-02
6.435808785061649662e-01 9.502373054932655716e-02
6.586374138313773052e-01 9.216914698796507821e-02
6.735261425785854517e-01 8.925106186892134419e-02
6.882325368466837290e-01 8.627633365749640126e-02
7.027423114370223711e-01 8.325192693627686547e-02
7.170414358681156397e-01 8.018490330700972502e-02
7.311161460847531712e-01 7.708241258126818929e-02
7.449529558614209623e-01 7.395168410567959372e-02
7.585386678927370507e-01 7.080001806293086120e-02
7.718603845568319244e-01 6.763477658897702749e-02
7.849055183314112005e-01 6.446337454981909687e-02
7.976618018369234786e-01 6.129326982776008015e-02
8.101172974769090818e-01 5.813195297703295517e-02
8.222604066424581415e-01 5.498693612187655066e-02
8.340798784458030024e-01 5.186574098622392937e-02
8.455648179475250270e-01 4.877588596284264388e-02
8.567046938426813307e-01 4.572487215062708693e-02
8.674893455733445613e-01 4.272016831140294790e-02
8.779089898385598056e-01 3.976919472161398461e-02
8.879542264774621385e-01 3.687930591917087247e-02
8.976160437071341036e-01 3.405777237110323846e-02
9.068858227035924147e-01 3.131176111297812037e-02
9.157553415218532278e-01 2.864831543591241786e-02
9.242167783591721530e-01 2.607433372093730106e-02
9.322627141740469359e-01 2.359654754306887703e-02
9.398861346821839602e-01 2.122149918830397095e-02
9.470804317591321464e-01 1.895551874553229668e-02
9.538394042874529521e-01 1.680470095171159722e-02
9.601572584938898869e-01 1.477488198232781817e-02
9.660286078288197187e-01 1.287161638991049691e-02
9.714484724461316389e-01 1.110015440102816824e-02
9.764122783464034283e-01 9.465419786613662317e-03
9.809158562497030109e-01 7.971988521594773613e-03
9.849554402664294495e-01 6.624068447610148049e-03
9.885276664352449227e-01 5.425480147099891182e-03
9.916295711963023507e-01 4.379639228372941492e-03
9.942585898656465249e-01 3.489540209488072031e-03
9.964125551728924002e-01 2.757742174136520400e-03
9.980896959191336570e-01 2.186356355403144824e-03
9.992886358056276563e-01 1.777035783578914804e-03
1.000008392476250174e+00 1.530967112404389013e-03
1.000000000000000000e+00 1.448864714575476493e-03
