1.000000000000000000e+00 -1.647375535160716708e-03
9.994148883058383559e-01 -1.643321586208032091e-03
9.986482903315017090e-01 -1.631211066315798805e-03
9.973716655359847749e-01 -1.611198067756625498e-03
9.955865688866348817e-01 -1.583539772446363510e-03
9.932951718149715115e-01 -1.548596960080038864e-03
9.905002567578921058e-01 -1.506834652119000374e-03
9.872052102291040132e-01 -1.458822825874994938e-03
9.834140144855944010e-01 -1.405237116478338412e-03
9.791312378655442350e-01 -1.346859409755394275e-03
9.743620238841028680e-01 -1.284578216303532139e-03
9.691120791816941749e-01 -1.219388706634513993e-03
9.633876604258352350e-01 -1.152392279414065149e-03
9.571955602717684419e-01 -1.084795529781527185e-03
9.505430924894280320e-01 -1.017908482663693395e-03
9.434380763644223400e-01 -9.531419570222125770e-04
9.358888204788544662e-01 -8.920039311824893430e-04
9.279041059740189556e-01 -8.360947867974838354e-04
9.194931693914568660e-01 -7.871013195771044829e-04
9.106656851817415133e-01 -7.467894185765426573e-04
9.014317479619008422e-01 -7.169953324339152501e-04
8.918018545928643181e-01 -6.996154602935088229e-04
8.817868861380352419e-01 -6.965946269767778198e-04
8.713980897533585290e-01 -7.099128259752639225e-04
8.606470605483992342e-01 -7.415704396765768203e-04
8.495457234473184904e-01 -7.935719735031668276e-04
8.381063150685520435e-01 -8.679083688939576158e-04
8.263413656327556200e-01 -9.665379888382057139e-04
8.142636809005147080e-01 -1.091366398454338832e-03
8.018863241346280146e-01 -1.244225091404232986e-03
7.892225980767110238e-01 -1.426849340191042870e-03
7.762860269245984712e-01 -1.640855374098075525e-03
7.630903382956426562e-01 -1.887717112150924526e-03
7.496494451615930421e-01 -2.168742699525570694e-03
7.359774277432823419e-01 -2.485051113811968804e-03
7.220885153577705218e-01 -2.837549122023337589e-03
7.079970682168048590e-01 -3.226908879838813471e-03
6.937175591832103194e-01 -3.653546470936096247e-03
6.792645555009569902e-01 -4.117601686146665774e-03
6.646527005247886422e-01 -4.618919339349339404e-03
6.498966954861818968e-01 -5.157032409387841965e-03
6.350112813436111781e-01 -5.731147284821276611e-03
6.200112207762685790e-01 -6.340131371040912123e-03
6.049112803910997593e-01 -6.982503297355134586e-03
5.897262132228818787e-01 -7.656425935282699935e-03
5.744707416156715762e-01 -8.359702408817872021e-03
5.591595405809330899e-01 -9.089775243239672786e-03
5.438072217326731517e-01 -9.843728761601139299e-03
5.284283179026605382e-01 -1.061829479790501324e-02
5.130372685390744980e-01 -1.140986175374750222e-02
4.976484059895039391e-01 -1.221448698155230134e-02
4.822759427640345709e-01 -1.302791243311324232e-02
4.669339598661606527e-01 -1.384558346773605286e-02
4.516363962685021605e-01 -1.466267067054574658e-02
4.363970395969276050e-01 -1.547409448923396658e-02
4.212295180708735542e-01 -1.627455245737478157e-02
4.061472937297033736e-01 -1.705854873510917469e-02
3.914577441901373467e-01 -1.783612523131811178e-02
3.770873630408977384e-01 -1.866737950761030579e-02
3.628435752942275605e-01 -1.955177000640138940e-02
3.487361208822595260e-01 -2.048085225396197029e-02
3.347745211094812490e-01 -2.144592755076849683e-02
3.209681047650690400e-01 -2.243809027791346389e-02
3.073260354771087943e-01 -2.344827442724211480e-02
2.938573398093133338e-01 -2.446729895852763764e-02
2.805709355834050123e-01 -2.548591162704200858e-02
2.674756599032451776e-01 -2.649483096823931905e-02
2.545802963601151991e-01 -2.748478617178487515e-02
2.418936009120793151e-01 -2.844655462373627680e-02
2.294243259536197233e-01 -2.937099694228533647e-02
2.171812421240590651e-01 -3.024908937819016652e-02
2.051731574438089845e-01 -3.107195349507704124e-02
1.934089334151954387e-01 -3.183088308650999093e-02
1.818974977783836267e-01 -3.251736832560817719e-02
1.706478536715771432e-01 -3.312311717864464128e-02
1.596690850069392709e-01 -3.364007414623997050e-02
1.489703579383473697e-01 -3.406043642433007057e-02
1.385609183629077090e-01 -3.437666760200203814e-02
1.284500854639334111e-01 -3.458150903460330272e-02
1.186472413676985665e-01 -3.466798904835120820e-02
1.091618170486742395e-01 -3.462943014716894641e-02
1.000032746771364056e-01 -3.445945440384827474e-02
9.118108665816751501e-02 -3.415198722611341442e-02
8.270471166134354957e-02 -3.370125969396338406e-02
7.458356798515672348e-02 -3.310180966803487335e-02
6.682700463889329479e-02 -3.234848186987406005e-02
5.944427055679549210e-02 -3.143642713414666195e-02
5.244448238454386957e-02 -3.036110103013860140e-02
4.583659129612477345e-02 -2.911826204557888681e-02
3.962934930985279047e-02 -2.770396952000237639e-02
3.383127557564258314e-02 -2.611458150769504702e-02
2.845062310159207630e-02 -2.434675274183831922e-02
2.349534637669670536e-02 -2.239743286189008545e-02
1.897307032826717199e-02 -2.026386505558713802e-02
1.489106102767839487e-02 -1.794358525529144571e-02
1.125619852682630678e-02 -1.543442201579509065e-02
8.074952170558310355e-03 -1.273449718718329057e-02
5.353358687926577583e-03 -9.842227481987540424e-03
3.097003317967082434e-03 -6.756327020665044668e-03
1.311004174512044517e-03 -3.475810923463443485e-03
0.000000000000000000e+00 0.000000000000000000e+00
-8.175645402436445327e-04 3.623797160742838527e-03
-1.123731746238641402e-03 7.347578404553116276e-03
-9.153232910065738775e-04 1.116994507140398225e-02
-1.896534850360761040e-04 1.508842842995997829e-02
1.055460878036034757e-03 1.909949915775979029e-02
2.821688243632883113e-03 2.319858350791951379e-02
5.110167732985504419e-03 2.738008603230387972e-02
7.921492494672218582e-03 3.163741869242521487e-02
1.125569122146496959e-02 3.596303615179516355e-02
1.511220812920388915e-02 4.034847700718025010e-02
1.948988173592175813e-02 4.478441068133904440e-02
2.438692281562387931e-02 4.926068966644042008e-02
2.980089193147499038e-02 5.376640677562262438e-02
3.572867697718515312e-02 5.828995703015851099e-02
4.216647117273892437e-02 6.281910378158231389e-02
4.910975197097969258e-02 6.734104864204371044e-02
5.655326133471291761e-02 7.184250477222337006e-02
6.449098783981740968e-02 7.630977305453896797e-02
7.291615104830187488e-02 8.072882066025187375e-02
8.182118857637842024e-02 8.508536150263869280e-02
9.119774625661102030e-02 8.936493805482281783e-02
1.010366717602774467e-01 9.355300400037580566e-02
1.113280120066326984e-01 9.763500717763295977e-02
1.220610146402412999e-01 1.015964722750628269e-01
1.332241338065132674e-01 1.054230827352310301e-01
1.448050403997341307e-01 1.091007613291694045e-01
1.567906368979646581e-01 1.126157488715356092e-01
1.691670768361151489e-01 1.159546805600734087e-01
1.819197889032147519e-01 1.191046594407554338e-01
1.950335055834679088e-01 1.220533265227769643e-01
2.084922961942495823e-01 1.247889270953836394e-01
2.222796041089242502e-01 1.273003728313865934e-01
2.363782878895139550e-01 1.295772993000985640e-01
2.507706659950398320e-01 1.316101185551488972e-01
2.654385646770482388e-01 1.333900665099273797e-01
2.803633686256140067e-01 1.349092448648477327e-01
2.955260738881106963e-01 1.361606574056651864e-01
3.109073425502532628e-01 1.371382405500216339e-01
3.264875586452276046e-01 1.378368880793955920e-01
3.422468847427931338e-01 1.382524700547342889e-01
3.581653186665432753e-01 1.383818459751574581e-01
3.742227497942476333e-01 1.382228722990866132e-01
3.903990144133203666e-01 1.377744045047481214e-01
4.064713916845722474e-01 1.370452794666438268e-01
4.223360168888958266e-01 1.361163894710138433e-01
4.382697268387682477e-01 1.350095006550703913e-01
4.542552904129836255e-01 1.337282498948582365e-01
4.702755206045262093e-01 1.322767133401497319e-01
4.863132981578373593e-01 1.306593847535621744e-01
5.023515940104963384e-01 1.288811536482189490e-01
5.183734905390537939e-01 1.269472834689878982e-01
5.343622016266529329e-01 1.248633900350311354e-01
5.503010915858413954e-01 1.226354204313460095e-01
5.661736929833713905e-01 1.202696325047891424e-01
5.819637234245595980e-01 1.177725750864415666e-01
5.976551013628429443e-01 1.151510690277690041e-01
6.132319610054429715e-01 1.124121891035544940e-01
6.286786663885864934e-01 1.095632468007066984e-01
6.439798246956182082e-01 1.066117739794309183e-01
6.591202988887657765e-01 1.035655073625123546e-01
6.740852197205029483e-01 1.004323737801641608e-01
6.888599971837211511e-01 9.722047607254953594e-02
7.034303314515704120e-01 9.393807953013874612e-02
7.177822233482680225e-01 9.059359873386510498e-02
7.319019843817762272e-01 8.719558464289148270e-02
7.457762463584333146e-01 8.375271176787957295e-02
7.593919705887782756e-01 8.027376526208465646e-02
7.727364566833543336e-01 7.676762776139570144e-02
7.857973509275323343e-01 7.324326580755527449e-02
7.985626542157621133e-01 6.970971569606473905e-02
8.110207295183485821e-01 6.617606860150725134e-02
8.231603088481750374e-01 6.265145484790320130e-02
8.349704996908966503e-01 5.914502720989578410e-02
8.464407908601366826e-01 5.566594315165904194e-02
8.575610577392289713e-01 5.222334593395158014e-02
8.683215668730125403e-01 4.882634454524142215e-02
8.787129798771010636e-01 4.548399243978060169e-02
8.887263566377542334e-01 4.220526509337856752e-02
8.983531577828263170e-01 3.899903641590148073e-02
9.075852464130466091e-01 3.587405408764619830e-02
9.164148890928204283e-01 3.283891391422956441e-02
9.248347561105584314e-01 2.990203332096517952e-02
9.328379210299249102e-01 2.707162413242785587e-02
9.404178595650092287e-01 2.435566480559547137e-02
9.475684478239458919e-01 2.176187230522351121e-02
9.542839599765915448e-01 1.929767382760094047e-02
9.605590654122125871e-01 1.697017859328681447e-02
9.663888254624163343e-01 1.478614994058017294e-02
9.717686897725313910e-01 1.275197795916908211e-02
9.766944924110507742e-01 1.087365290750893360e-02
9.811624478113990522e-01 9.156739657939949595e-03
9.851691466430366750e-01 7.606353410362983770e-03
9.887115517096434214e-01 6.227136908499231877e-03
9.917869939707967264e-01 5.023239382485555037e-03
9.943931687801662589e-01 3.998297427944044399e-03
9.965281324278431052e-01 3.155418014937417300e-03
9.981902990670952214e-01 2.497163800625250285e-03
9.993784380967698500e-01 2.025540897270167607e-03
1.000091672059893133e+00 1.741989222838980335e-03
1.000000000000000000e+00 1.647375535160716708e-03
