1.000000000000000000e+00 -1.044789049720470106e-03
9.996459968192753509e-01 -1.048831394722897015e-03
9.988976965127587260e-01 -1.060995218489738361e-03
9.976514372472535808e-01 -1.081390937379830006e-03
9.959085791778728991e-01 -1.110202739058421036e-03
9.936710231089805889e-01 -1.147688800377091867e-03
9.909412071115650811e-01 -1.194181547454915273e-03
9.877221022165312281e-01 -1.250087914156515012e-03
9.840172072144789395e-01 -1.315889544259343964e-03
9.798305425980035066e-01 -1.392142872875626672e-03
9.751666436872871158e-01 -1.479479014362806207e-03
9.700305529836623641e-01 -1.578603377219571589e-03
9.644278117988351884e-01 -1.690294921494470311e-03
9.583644512095392809e-01 -1.815404971172052996e-03
9.518469823885197245e-01 -1.954855492962128717e-03
9.448823863629125519e-01 -2.109636753970747618e-03
9.374781032503547440e-01 -2.280804273922891305e-03
9.296420210215498026e-01 -2.469474992933840332e-03
9.213824638356196139e-01 -2.676822583256160959e-03
9.127081799915056637e-01 -2.904071842885732821e-03
9.036283295350195921e-01 -3.152492120280091237e-03
8.941524715570575710e-01 -3.423389732579988631e-03
8.842905512140980528e-01 -3.718099354439922608e-03
8.740528864975614098e-01 -4.037974370654303854e-03
8.634501547740701666e-01 -4.384376202959438043e-03
8.524933791142642603e-01 -4.758662639430092517e-03
8.411939144237544630e-01 -5.162175213468105789e-03
8.295634333861451326e-01 -5.596225698196871656e-03
8.176139122249991287e-01 -6.062081800785924096e-03
8.053576162892133183e-01 -6.560952159518674415e-03
7.928070854646261933e-01 -7.093970763925979556e-03
7.799751194138810906e-01 -7.662180934724070053e-03
7.668747626465960421e-01 -8.266519015279763516e-03
7.535192894228215366e-01 -8.907797939577195845e-03
7.399221884945338390e-01 -9.586690852894860781e-03
7.260971476924892309e-01 -1.030371497035130479e-02
7.120580383690929827e-01 -1.105921586492557632e-02
6.978188997118698333e-01 -1.185335238030828242e-02
6.833939229466134968e-01 -1.268608236484540866e-02
6.687974354541109667e-01 -1.355714942079784893e-02
6.540438848294007901e-01 -1.446607085809876667e-02
6.391478229176068560e-01 -1.541212703374570184e-02
6.241238898653393985e-01 -1.639435224696047730e-02
6.089867982312732186e-01 -1.741152734638835506e-02
5.937176172801182927e-01 -1.845944814860814298e-02
5.783128000819577341e-01 -1.951207127225121352e-02
5.628345500074861674e-01 -2.056128074735275035e-02
5.472979941760305334e-01 -2.160446085981913497e-02
5.317182919258212070e-01 -2.263886278177724976e-02
5.161106198952791768e-01 -2.366161062366212153e-02
5.004901572628365214e-01 -2.466970921083485452e-02
4.848720711766205671e-01 -2.566005355931710516e-02
4.692715024035375992e-01 -2.662943999979760709e-02
4.537035512249247282e-01 -2.757457887383175932e-02
4.381832636030302819e-01 -2.849210870151579200e-02
4.227256176391704368e-01 -2.937861169626571761e-02
4.073455103405524969e-01 -3.023063048004603903e-02
3.920577447085215050e-01 -3.104468583184318356e-02
3.768770171564555516e-01 -3.181729528370141891e-02
3.618179052608024304e-01 -3.254499236254981137e-02
3.468948558439125529e-01 -3.322434626262658897e-02
3.321221733824846756e-01 -3.385198172279067774e-02
3.175140087307142811e-01 -3.442459887560125886e-02
3.030843481427252795e-01 -3.493899283089217656e-02
2.888470025746860403e-01 -3.539207275577647971e-02
2.748155972432582694e-01 -3.578088021563822357e-02
2.610035614138068727e-01 -3.610260654670494757e-02
2.474241183891889573e-01 -3.635460904019409412e-02
2.340902756680223185e-01 -3.653442573068997612e-02
2.210148152401664734e-01 -3.663978859717796632e-02
2.082102839867797095e-01 -3.666863500384262564e-02
1.956889841527751916e-01 -3.661911722907958133e-02
1.834629638607978286e-01 -3.648960995488772369e-02
1.715440076379698697e-01 -3.627871561457909899e-02
1.599436269295936575e-01 -3.598526752420497243e-02
1.486730505776979461e-01 -3.560833075186990715e-02
1.377432152467161497e-01 -3.514720070878016300e-02
1.271647557836117770e-01 -3.460139947603139976e-02
1.169479955053205761e-01 -3.397066991134917169e-02
1.071029364123569083e-01 -3.325496760982332711e-02
9.763924933372467030e-02 -3.245445082169429868e-02
8.856626401473033372e-02 -3.156946845803433599e-02
7.989295916581921897e-02 -3.060054634131897239e-02
7.162795249697651023e-02 -2.954837188202122378e-02
6.377949076844162402e-02 -2.841377738413065901e-02
5.635543989433366985e-02 -2.719772220158205370e-02
4.936327514114695336e-02 -2.590127398369131487e-02
4.281007146784244349e-02 -2.452558926060064565e-02
3.670249405831167711e-02 -2.307189362923528150e-02
3.104678910023695587e-02 -2.154146180622447740e-02
2.584877486674175967e-02 -1.993559781654594479e-02
2.111383315864201124e-02 -1.825561558526836783e-02
1.684690116554761821e-02 -1.650282019470391062e-02
1.305246380348943497e-02 -1.467849006060040207e-02
9.734546585161252957e-03 -1.278386026881355060e-02
6.896709076294184511e-03 -1.082010729836980351e-02
4.542038988148042536e-03 -8.788335338163550531e-03
2.673146951687572874e-03 -6.689564382992836504e-03
1.292162013768838411e-03 -4.524720270510797226e-03
4.007278897040170845e-04 -2.294626794297582699e-03
0.000000000000000000e+00 0.000000000000000000e+00
9.271174456438287313e-05 2.327516006507901816e-03
6.811095579596025120e-04 4.656163547495588417e-03
1.764888445232430832e-03 6.984886293949050910e-03
3.343259697374192582e-03 9.312294752327258257e-03
5.414950328568156161e-03 1.163667412099114382e-02
7.978202686150025896e-03 1.395599517893573831e-02
1.103077425776324144e-02 1.626792808814183158e-02
1.456993770582130400e-02 1.856985895933212574e-02
1.859248116441503465e-02 2.085890900132990680e-02
2.309470883810470915e-02 2.313195604694774990e-02
2.807244194553758926e-02 2.538565822373601080e-02
3.352102005343697566e-02 2.761647951629066580e-02
3.943530284817641646e-02 2.982071694843573678e-02
4.580967239283369186e-02 3.199452909867041978e-02
5.263803591729854237e-02 3.413396565098251317e-02
5.991382918769479204e-02 3.623499767560166285e-02
6.763002049907995694e-02 3.829354833056469731e-02
7.577911533216570572e-02 4.030552367511502226e-02
8.435316171070794677e-02 4.226684328991868467e-02
9.334375629132798946e-02 4.417347040676506548e-02
1.027420512119526785e-01 4.602144126169266380e-02
1.125387617188902817e-01 4.780689340014979138e-02
1.227241745859286304e-01 4.952609268063316861e-02
1.332881573318725199e-01 5.117545874396847716e-02
1.442201682357545922e-01 5.275158873868605880e-02
1.555092671417176164e-01 5.425127911846000517e-02
1.671441270383784150e-01 5.567154535493164247e-02
1.791130463905127590e-01 5.700963943803736417e-02
1.914039621942485447e-01 5.826306506578061983e-02
2.040044637207472644e-01 5.942959045580054056e-02
2.169018069077028321e-01 6.050725874166369700e-02
2.300829293529812469e-01 6.149439594710491563e-02
2.435344658604401691e-01 6.238961656104713427e-02
2.572427644844781369e-01 6.319182676472752391e-02
2.711939030171949816e-01 6.390022538926094786e-02
2.853737058602413001e-01 6.451430270711858150e-02
2.997677612224942112e-01 6.503383718395973345e-02
3.143614385846080217e-01 6.545889033773556742e-02
3.291399063722241780e-01 6.578979986972896543e-02
3.440881497811401069e-01 6.602717124700144269e-02
3.591909886999684054e-01 6.617186792741969192e-02
3.744330956786898201e-01 6.622500042692336386e-02
3.897990138949362082e-01 6.618791443390965867e-02
4.052731750737231242e-01 6.606217817754148069e-02
4.208399173205989441e-01 6.584956925547361117e-02
4.364835028326655708e-01 6.555206112203229574e-02
4.521881354565610578e-01 6.517180943041338270e-02
4.679379780671492628e-01 6.471113841217299156e-02
4.837171697452513630e-01 6.417252746439723599e-02
4.995098427371637007e-01 6.355859809972375096e-02
5.153001391828491151e-01 6.287210139714510815e-02
5.310722276034922640e-01 6.211590607258181407e-02
5.468103191424840137e-01 6.129298726792330176e-02
5.624986835568183130e-01 6.040641613596489656e-02
5.781216649582734401e-01 5.945935027679757900e-02
5.936636973056065303e-01 5.845502505911968905e-02
6.091564431652695122e-01 5.739095377086501915e-02
6.245659972995156739e-01 5.624618317745257168e-02
6.398432831216225303e-01 5.502215235666439719e-02
6.549731095455468832e-01 5.372327679168954762e-02
6.699404847911806238e-01 5.235413626367353690e-02
6.847306297380646445e-01 5.091946578888145725e-02
6.993289909229108980e-01 4.942414670644929703e-02
7.137212531959798989e-01 4.787319783369893555e-02
7.278933520470575180e-01 4.627176659797977570e-02
7.418314856071818175e-01 4.462512004853137065e-02
7.555221263275497812e-01 4.293863564901506669e-02
7.689520323324009476e-01 4.121779175116317001e-02
7.821082584382497149e-01 3.946815765242350782e-02
7.949781668278469438e-01 3.769538314545491098e-02
8.075494373637632783e-01 3.590518747474479022e-02
8.198100775236906168e-01 3.410334762530707609e-02
8.317484319375071378e-01 3.229568588017264069e-02
8.433531915049342631e-01 3.048805659697637407e-02
8.546134020722832014e-01 2.868633216909377212e-02
8.655184726473416079e-01 2.689638815320367915e-02
8.760581831328981828e-01 2.512408756253130260e-02
8.862226915616914225e-01 2.337526434303071471e-02
8.960025408186330642e-01 2.165570606807048007e-02
9.053886648399278592e-01 1.997113590543668840e-02
9.143723942830562779e-01 1.832719392835356620e-02
9.229454616663956834e-01 1.672941785939796241e-02
9.311000059823940633e-01 1.518322335235382757e-02
9.388285767935089510e-01 1.369388393192581127e-02
9.461241378254556800e-01 1.226651072454013058e-02
9.529800700774998523e-01 1.090603212496602664e-02
9.593901744744417481e-01 9.617173553000069042e-03
9.653486740894163809e-01 8.404437461781651825e-03
9.708502159705632018e-01 7.272083764331775321e-03
9.758898726078665264e-01 6.224110847524538109e-03
9.804631430789397806e-01 5.264237342861224390e-03
9.845659539141521366e-01 4.395884821104364265e-03
9.881946597222162065e-01 3.622161573062086110e-03
9.913460436171237511e-01 2.945847631664289153e-03
9.940173174861571814e-01 2.369381181031984807e-03
9.962061221366050878e-01 1.894846486650632929e-03
9.979105273558264155e-01 1.523963467185281704e-03
9.991290319155128330e-01 1.258079013119115224e-03
9.998605635464562491e-01 1.098160140482671654e-03
1.000000000000000000e+00 1.044789049720470106e-03
