1.000000000000000000e+00 -1.041891770549332758e-03
9.996195067731115103e-01 -1.039682203742755412e-03
9.988690030547077159e-01 -1.033061930620174937e-03
9.976190515869981512e-01 -1.022056460470443595e-03
9.958709829575270733e-01 -1.006709059259131619e-03
9.936266569856557762e-01 -9.870818492296383299e-04
9.908884597438835096e-01 -9.632572966205624459e-04
9.876592997625965875e-01 -9.353400369951140030e-04
9.839426034431663082e-01 -9.034589749693125275e-04
9.797423097088259203e-01 -8.677695836653209413e-04
9.750628639267010511e-01 -8.284563192425078472e-04
9.699092111376743652e-01 -7.857350575800931165e-04
9.642867886333550409e-01 -7.398554537799972852e-04
9.582015179213031475e-01 -6.911031207803451301e-04
9.516597961207657885e-01 -6.398015211320487103e-04
9.446684868315396999e-01 -5.863134659677918942e-04
9.372349105181989604e-01 -5.310421174303976699e-04
9.293668344508423385e-01 -4.744313953205445133e-04
9.210724622417744145e-01 -4.169656954346647598e-04
9.123604230152309036e-01 -3.591688359157012289e-04
9.032397602444260931e-01 -3.016021588067140796e-04
8.937199202869804404e-01 -2.448617267363940170e-04
8.838107406462506477e-01 -1.895745690726983318e-04
8.735224379823536278e-01 -1.363939477431169028e-04
8.628655958928619363e-01 -8.599362998026362226e-05
8.518511524793624945e-01 -3.906117323403818231e-05
8.404903877124344502e-01 3.709753906514651201e-06
8.287949106042018510e-01 4.162797202293330723e-05
8.167766461945817902e-01 7.401425076159276473e-05
8.044478223547397722e-01 1.002115481206281022e-04
7.918209564091668318e-01 1.195959310854623203e-04
7.789088415762855933e-01 1.315880627233805000e-04
7.657245332265814053e-01 1.356651253366959742e-04
7.522813349570065533e-01 1.313730353945316565e-04
7.385927844808005682e-01 1.183387939921384802e-04
7.246726393329027127e-01 9.628280678440279128e-05
7.105348623927911778e-01 6.503099991992181139e-05
6.961936072287762123e-01 2.452655365610401095e-05
6.816632032704965649e-01 -2.515892679341713567e-05
6.669581408194691363e-01 -8.381498293455469373e-05
6.520930559109942015e-01 -1.510827933733152606e-04
6.370827150443598708e-01 -2.264467526165922506e-04
6.219419998020458973e-01 -3.092272986851829497e-04
6.066858913823551802e-01 -3.985751378360463670e-04
5.913294550734985444e-01 -4.934669999528754070e-04
5.758878247004820539e-01 -5.927030409623307294e-04
5.603761870791085231e-01 -6.949059891886225082e-04
5.448097665138773582e-01 -7.985221111293308582e-04
5.292038093784556807e-01 -9.018240490246826058e-04
5.135735688186310322e-01 -1.002915558124130302e-03
4.979342896181520595e-01 -1.099738146091752689e-03
4.823011932675889679e-01 -1.190079590910504692e-03
4.666894632752598415e-01 -1.271584287343169306e-03
4.511142307573653421e-01 -1.341765345886314353e-03
4.355905603417745131e-01 -1.398018342620703514e-03
4.201334364164295287e-01 -1.437636593822413933e-03
4.047577497491559040e-01 -1.457827806040930263e-03
3.894782845008468164e-01 -1.455731930955155018e-03
3.743097056486257568e-01 -1.428440035031224020e-03
3.592665468298065767e-01 -1.373013977155092269e-03
3.443631986113671606e-01 -1.286506673281777313e-03
3.296138971833875719e-01 -1.165982715980860840e-03
3.150327134686041752e-01 -1.008539108770481474e-03
3.006335426340542849e-01 -8.113258704710094027e-04
2.864300939848703487e-01 -5.715662635860443985e-04
2.724358812147805731e-01 -2.865764029818806957e-04
2.586642129829178627e-01 4.621599311011026501e-05
2.451281837822563148e-01 4.292539385562094134e-04
2.318406650615025821e-01 8.648348175176456820e-04
2.188142965596618639e-01 1.355095525964092329e-03
2.060614778108530720e-01 1.901999298431128471e-03
1.943125595083811386e-01 2.464673523360001728e-03
1.834749258643912362e-01 2.813259911959783977e-03
1.728613107470837462e-01 2.932115690528758201e-03
1.624740357942202340e-01 2.843640337681717367e-03
1.523167057410637071e-01 2.570227374493867789e-03
1.423942090832636398e-01 2.134334151760397535e-03
1.327126752756693506e-01 1.558534617858840787e-03
1.232793963442658652e-01 8.655501161412421096e-04
1.141027212571632393e-01 7.825553058825318598e-05
1.051919312000462597e-01 -7.803398782604206718e-04
9.655710320951102488e-02 -1.687135949536039403e-03
8.820896861613844453e-02 -2.619007176024486239e-03
8.015877160054668549e-02 -3.552887278112804720e-03
7.241813200014621255e-02 -4.465869286050690862e-03
6.499891541491657765e-02 -5.335317468998800744e-03
5.791311270497057073e-02 -6.138987530419536681e-03
5.117273017898317511e-02 -6.855151731111883140e-03
4.478969114614216734e-02 -7.462725942287869174e-03
3.877574903514386523e-02 -7.941396022144747713e-03
3.314241195277187191e-02 -8.271741313487674177e-03
2.790087833835422360e-02 -8.435353451652995854e-03
2.306198324476640971e-02 -8.414949035473268113e-03
1.863615471895901932e-02 -8.194475041085533956e-03
1.463337974529506716e-02 -7.759206146336624504e-03
1.106317923655511168e-02 -7.095833383505804545e-03
7.934591596774821787e-03 -6.192543753540107922e-03
5.256164426541504175e-03 -5.039090620770842258e-03
3.035953986845578868e-03 -3.626854868444770626e-03
1.281532075919827223e-03 -1.948896937627603038e-03
0.000000000000000000e+00 0.000000000000000000e+00
-7.880924416514272380e-04 2.195464578091386228e-03
-1.062682415117137836e-03 4.611057028874120979e-03
-8.181290296215009035e-04 7.245798220365647080e-03
-4.929291125258580125e-05 1.009633188670128884e-02
1.248480168307228126e-03 1.315692748762363994e-02
3.079369526016212562e-03 1.641949235277454996e-02
5.447083342293656226e-03 1.987359259951501297e-02
8.354855626602515975e-03 2.350648236823925374e-02
1.180543598470282229e-02 2.730314098998063918e-02
1.580107175207459691e-02 3.124631779268179782e-02
2.034348201063067990e-02 3.531658437037971804e-02
2.543382296560648542e-02 3.949239428928533885e-02
3.107264413703568831e-02 4.375015039138252515e-02
3.725983482901007449e-02 4.806428008346870506e-02
4.399456039671563456e-02 5.240731926887687298e-02
5.127518795599020351e-02 5.675000588801193402e-02
5.909920139550977475e-02 6.106138437428454413e-02
6.746310588184648016e-02 6.530892268845059356e-02
7.636232251592725562e-02 6.945864394149557641e-02
8.579107442500640002e-02 7.347527491729993754e-02
9.574226636714634753e-02 7.732241401216237431e-02
1.062073608799449925e-01 8.096272115766174615e-02
1.171762550938710706e-01 8.435813211614073825e-02
1.286371634953250298e-01 8.747009906138784874e-02
1.405765130723888312e-01 9.025985851541676319e-02
1.529788582770910399e-01 9.268872646174522445e-02
1.658268239292645385e-01 9.471841879105524775e-02
1.791010843869193514e-01 9.631139320759643518e-02
1.927803868386425978e-01 9.743120645538949631e-02
2.061532698966739019e-01 9.809217257416423530e-02
2.191023255882074416e-01 9.858874548047712183e-02
2.323325399595009833e-01 9.897429798550312630e-02
2.458304004673728116e-01 9.924756387204156094e-02
2.595821129153671469e-01 9.940760456984129578e-02
2.735736190456726780e-01 9.945381178711047709e-02
2.877906144500569918e-01 9.938590785547790629e-02
3.022185667311652058e-01 9.920394390664602491e-02
3.168427338467181276e-01 9.890829602018919031e-02
3.316481825713212817e-01 9.849965950044350937e-02
3.466198070136854992e-01 9.797904145599312109e-02
3.617423471309642591e-01 9.734775186770519562e-02
3.770004071865196149e-01 9.660739334049048277e-02
3.923784741026108969e-01 9.575984973989501436e-02
4.078609356651197171e-01 9.480727391725166098e-02
4.234320985433398521e-01 9.375207472647291429e-02
4.390762060939213396e-01 9.259690353174102051e-02
4.547774559241204440e-01 9.134464039848634587e-02
4.705200171954270205e-01 8.999838015032811389e-02
4.862880476542829622e-01 8.856141846231244119e-02
5.020657103818481071e-01 8.703723814609172493e-02
5.178371902594972598e-01 8.542949576595154637e-02
5.335867101508577903e-01 8.374200870613648928e-02
5.492985468046371889e-01 8.197874279011863052e-02
5.649570464851959573e-01 8.014380053165540141e-02
5.805466403397491204e-01 7.824141007609120013e-02
5.960518595122262786e-01 7.627591486875190396e-02
6.114573500141875506e-01 7.425176406585003164e-02
6.267478873628091751e-01 7.217350368243928560e-02
6.419083909948695155e-01 7.004576845198892676e-02
6.569239384639534718e-01 6.787327435343332160e-02
6.717797794258224542e-01 6.566081174440112356e-02
6.864613494141815764e-01 6.341323902402355717e-02
7.009542834060045191e-01 6.113547673550822487e-02
7.152444291722817038e-01 5.883250200774636784e-02
7.293178604066440363e-01 5.650934322676169630e-02
7.431608896209150883e-01 5.417107482192343865e-02
7.567600807933647644e-01 5.182281204860592072e-02
7.701022617524155844e-01 4.946970564840312556e-02
7.831745362758452123e-01 4.711693627008058105e-02
7.959642958833063053e-01 4.476970853909055525e-02
8.084592312982368245e-01 4.243324467058463834e-02
8.206473435541079553e-01 4.011277753027099602e-02
8.325169547194504194e-01 3.781354305898367019e-02
8.440567182162542759e-01 3.554077199024309464e-02
8.552556287071849672e-01 3.329968080511461898e-02
8.661030315285498382e-01 3.109546188504465347e-02
8.765886316481059648e-01 2.893327284076249728e-02
8.867025021295388276e-01 2.681822501345511311e-02
8.964350920887101948e-01 2.475537116293730772e-02
9.057772341305213581e-01 2.274969237609535122e-02
9.147201512593310380e-01 2.080608424717298593e-02
9.232554632602408828e-01 1.892934239914735584e-02
9.313751925531015274e-01 1.712414743221152280e-02
9.390717695256647346e-01 1.539504940094073987e-02
9.463380373568285320e-01 1.374645193580064165e-02
9.531672563452537883e-01 1.218259613700828012e-02
9.595531077626778815e-01 1.070754437917403878e-02
9.654896972548965284e-01 9.325164173443751051e-03
9.709715578165512007e-01 8.039112239886122419e-03
9.759936523684525911e-01 6.852818946521488028e-03
9.805513759681173669e-01 5.769473272597342925e-03
9.846405576854647679e-01 4.792008452458028020e-03
9.882574621761508471e-01 3.923088452639370352e-03
9.913987909848053226e-01 3.165095428708348049e-03
9.940616836094819941e-01 2.520118299942835770e-03
9.962437183569509136e-01 1.989942569349379461e-03
9.979429130160818451e-01 1.576041503906371955e-03
9.991577253735638431e-01 1.279568775496552633e-03
9.998870535926200898e-01 1.101352646984410377e-03
1.000000000000000000e+00 1.041891770549332758e-03
