1.000000000000000000e+00 -1.047059275382860753e-03
9.996726182923172388e-01 -1.057322524778851747e-03
9.989263189732902060e-01 -1.088084291113300146e-03
9.976833446411423889e-01 -1.139260997814707391e-03
9.959449808465734577e-01 -1.210714572303679161e-03
9.937130248701407931e-01 -1.302254249810687846e-03
9.909897832477351232e-01 -1.413639041791666653e-03
9.877780686114152608e-01 -1.544580813298705333e-03
9.840811958617944333e-01 -1.694747899578278108e-03
9.799029776911287737e-01 -1.863769179400861717e-03
9.752477194788665704e-01 -2.051238511421725214e-03
9.701202135836269891e-01 -2.256719430451787408e-03
9.645257330573457910e-01 -2.479749993067282762e-03
9.584700248086512886e-01 -2.719847656664827612e-03
9.519593022433787688e-01 -2.976514072993862239e-03
9.450002374105174185e-01 -3.249239676445902017e-03
9.375999526818097340e-01 -3.537507948995955234e-03
9.297660119927132483e-01 -3.840799247668271951e-03
9.215064116715193654e-01 -4.158594086694758843e-03
9.128295708821576593e-01 -4.490375775067114231e-03
9.037443217046230437e-01 -4.835632320821991667e-03
8.942598988751310207e-01 -5.193857525989830325e-03
8.843859292060773925e-01 -5.564551210471163981e-03
8.741324207037342031e-01 -5.947218518957958847e-03
8.635097513994056673e-01 -6.341368282125782810e-03
8.525286579075854743e-01 -6.746510421402462238e-03
8.412002237225609802e-01 -7.162152405359003063e-03
8.295358672629496999e-01 -7.587794784858858596e-03
8.175473296719238947e-01 -8.022925853193025106e-03
8.052466623793989031e-01 -8.467015496203810290e-03
7.926462144312931279e-01 -8.919508315505590007e-03
7.797586195901544670e-01 -9.379816125031718507e-03
7.665967832109945590e-01 -9.847309936946579620e-03
7.531738688961187034e-01 -1.032131156716263251e-02
7.395032849330707148e-01 -1.080108500302339597e-02
7.255986705205242915e-01 -1.128582768589435348e-02
7.114738817880502664e-01 -1.177466186923841265e-02
6.971429776170854353e-01 -1.226662621805256134e-02
6.826202052721676017e-01 -1.276066781816917461e-02
6.679199858534385914e-01 -1.325563476378046820e-02
6.530568995835830393e-01 -1.375026948857108189e-02
6.380456709446346020e-01 -1.424320300003627596e-02
6.229011536824161643e-01 -1.473295016795665019e-02
6.076383156986940870e-01 -1.521790620668378446e-02
5.922722238533567607e-01 -1.569634447699084709e-02
5.768180287009930796e-01 -1.616641571693716237e-02
5.612909491880893054e-01 -1.662614879270083237e-02
5.457062573386097792e-01 -1.707345303990408930e-02
5.300792629569220926e-01 -1.750612224388563287e-02
5.144252983778264676e-01 -1.792184028398104839e-02
4.987597032938045905e-01 -1.831818844250746384e-02
4.830978096894880669e-01 -1.869265435417719057e-02
4.674549269127499240e-01 -1.904264254647335119e-02
4.518463269107233504e-01 -1.936548649649745893e-02
4.362872296574782927e-01 -1.965846210534049829e-02
4.207927887980387749e-01 -1.991880246752772421e-02
4.053780775309500650e-01 -2.014371379091976777e-02
3.900580747487404909e-01 -2.033039230198897124e-02
3.748476514524244352e-01 -2.047604195296767043e-02
3.597615574527333049e-01 -2.057789273130350427e-02
3.448144083671007554e-01 -2.063321935843478658e-02
3.300206729176606846e-01 -2.063936015436141844e-02
3.153946605317138330e-01 -2.059373583703824270e-02
3.009505092423795936e-01 -2.049386802141024005e-02
2.867021738835504596e-01 -2.033739718205675867e-02
2.726634145699033951e-01 -2.012209984596861206e-02
2.588477854496704089e-01 -1.984590478795737051e-02
2.452686237152101323e-01 -1.950690801054285120e-02
2.319390388542197368e-01 -1.910338630278786767e-02
2.188719021227407691e-01 -1.863380918829929400e-02
2.060798362199925959e-01 -1.809684909129593774e-02
1.940061632564160365e-01 -1.751845710408431525e-02
1.826010753954059596e-01 -1.704437082455349459e-02
1.714583678570420211e-01 -1.668398812229028583e-02
1.605851225663552651e-01 -1.642246435749580499e-02
1.499886830857516395e-01 -1.624496018842141315e-02
1.396766658186170962e-01 -1.613667229512740636e-02
1.296569617672072294e-01 -1.608286424024990557e-02
1.199377294355491730e-01 -1.606889815495373894e-02
1.105273796382943152e-01 -1.608026778195895470e-02
1.014345531007865425e-01 -1.610263324585629874e-02
9.266809181680146779e-02 -1.612185776285948724e-02
8.423700517301166424e-02 -1.612404635484647117e-02
7.615043185877688747e-02 -1.609558650126189511e-02
6.841759856239759685e-02 -1.602319055056992264e-02
6.104777641648150704e-02 -1.589393962217595588e-02
5.405023610112710819e-02 -1.569532866039155539e-02
4.743420244915413919e-02 -1.541531225331784286e-02
4.120880932670875629e-02 -1.504235079989454070e-02
3.538305548851893023e-02 -1.456545659571958397e-02
2.996576203232730051e-02 -1.397423941022876009e-02
2.496553200326910582e-02 -1.325895114199913440e-02
2.039071262726415215e-02 -1.241052916293114775e-02
1.624936058336103051e-02 -1.142063799366424201e-02
1.254921065851995719e-02 -1.028170898980309937e-02
9.297648064351494990e-03 -8.986977759644996372e-03
6.501684633419519722e-03 -7.530519077615947798e-03
4.167939052349684328e-03 -5.907279102304186479e-03
2.302621229543151335e-03 -4.113104752776123793e-03
9.115208361968813507e-04 -2.144770140906015858e-03
0.000000000000000000e+00 0.000000000000000000e+00
-4.180812019284813660e-04 2.292710725184285772e-03
-3.293496578147100864e-04 4.703626049033734352e-03
2.700963445703198108e-04 7.231303662061069719e-03
1.383614052102715396e-03 9.872791957512654787e-03
3.014011340510845682e-03 1.262363422211569899e-02
5.163538612791321661e-03 1.547788071366585326e-02
7.833877477891644167e-03 1.842810852872192942e-02
1.102612624410477180e-02 2.146544916259074051e-02
1.474078231978793833e-02 2.457962366499572004e-02
1.897772167251916831e-02 2.775898529774523116e-02
2.373617555725561490e-02 3.099056960466056720e-02
2.901470478503989647e-02 3.426015180809301869e-02
3.481117186686472076e-02 3.755231144948022182e-02
4.112271143285353703e-02 4.085050419222105433e-02
4.794569939515070517e-02 4.413714070210279783e-02
5.527572139373882615e-02 4.739367251174666368e-02
6.310754113727957970e-02 5.060068475896493251e-02
7.143506932497326045e-02 5.373799566230212654e-02
8.025133390863681271e-02 5.678476255803520389e-02
8.954845252426611724e-02 5.971959426928000192e-02
9.931760798601527163e-02 6.252066950760933051e-02
1.095490277886616848e-01 6.516586091923552704e-02
1.202319686023331780e-01 6.763286428064964328e-02
1.313547067599715734e-01 6.989933222301633609e-02
1.429045357277008987e-01 7.194301172236777786e-02
1.548677715049560089e-01 7.374188443715196106e-02
1.672297668193062636e-01 7.527430881124068385e-02
1.799749348559046280e-01 7.651916269628721012e-02
1.930867830906076998e-01 7.745598509133401477e-02
2.061349114875343780e-01 7.809335221485314005e-02
2.190447200251285365e-01 7.860011379216401417e-02
2.322341661667838286e-01 7.900686598460032739e-02
2.456899605344189941e-01 7.931299869690150439e-02
2.593985404486146007e-01 7.951819712572821830e-02
2.733460856905498559e-01 7.962244107644575464e-02
2.875185345513768809e-01 7.962600213719187026e-02
3.019016001228398971e-01 7.952943884311525213e-02
3.164807867836084698e-01 7.933358998388945205e-02
3.312414068370481690e-01 7.903956622503900686e-02
3.461685972579519044e-01 7.864874022806157827e-02
3.612473365080375309e-01 7.816273546563355656e-02
3.764624613827209365e-01 7.758341393624321181e-02
3.917986838547172224e-01 7.691286298735289240e-02
4.072406078833255560e-01 7.615338145764620481e-02
4.227727461617306060e-01 7.530746534711801887e-02
4.383795367782175600e-01 7.437779321881268779e-02
4.540453597707624356e-01 7.336721152805747437e-02
4.697545535579369380e-01 7.227872006426430684e-02
4.854914312323838632e-01 7.111545767701833720e-02
5.012402967061956316e-01 6.988068844250744371e-02
5.169854607003018243e-01 6.857778840867748138e-02
5.327112565723913784e-01 6.721023303815271133e-02
5.484020559799047678e-01 6.578158544729767465e-02
5.640422843762151750e-01 6.429548551818090041e-02
5.796164363392380947e-01 6.275563993801447360e-02
5.951090907323680623e-01 6.116581319827026075e-02
6.105049256978486438e-01 5.952981956349216730e-02
6.257887334824389081e-01 5.785151599820911178e-02
6.409454350945947843e-01 5.613479601965967736e-02
6.559600947913646340e-01 5.438358442460708431e-02
6.708179343918529991e-01 5.260183282066040189e-02
6.855043474125105396e-01 5.079351587650725308e-02
7.000049130176952961e-01 4.896262819155115797e-02
7.143054097770226152e-01 4.711318167383818367e-02
7.283918292190224575e-01 4.524920330602200808e-02
7.422503891686449418e-01 4.337473317257273947e-02
7.558675468542526144e-01 4.149382261756290324e-02
7.692300117680024307e-01 3.961053240119046664e-02
7.823247582619763385e-01 3.772893072471409509e-02
7.951390378611800092e-01 3.585309099761119223e-02
8.076603912735776936e-01 3.398708922742697119e-02
8.198766600767658508e-01 3.213500092181258150e-02
8.317759980607025705e-01 3.030089740346281202e-02
8.433468822061277459e-01 2.848884145184876759e-02
8.545781232789619875e-01 2.670288220053080794e-02
8.654588760220061072e-01 2.494704923516441464e-02
8.759786489267253895e-01 2.322534585476958291e-02
8.861273135697120829e-01 2.154174147710061216e-02
8.958951135005596145e-01 1.990016318771037351e-02
9.052726726703244076e-01 1.830448645119517326e-02
9.142510033924042823e-01 1.675852502182148540e-02
9.228215138304959320e-01 1.526602010892237106e-02
9.309760150112306176e-01 1.383062886980285754e-02
9.387067273620539609e-01 1.245591231910215917e-02
9.460062867778508133e-01 1.114532275834561117e-02
9.528677502226408080e-01 9.902190842519600911e-03
9.592846008753297404e-01 8.729712411701043631e-03
9.652507528309057783e-01 7.630935224865534328e-03
9.707605553705985768e-01 6.608745739835403948e-03
9.758087968162870718e-01 5.665856087789113149e-03
9.803907079858145135e-01 4.804791392760074560e-03
9.845019652668366428e-01 4.027877586071507317e-03
9.881386933273321738e-01 3.337229862685258883e-03
9.912974674809537090e-01 2.734741921044337755e-03
9.939753157249969773e-01 2.222076120238605876e-03
9.961697204679045292e-01 1.800654678357827866e-03
9.978786199619376074e-01 1.471652023876264407e-03
9.991004094549813530e-01 1.235988398039126763e-03
9.998339420734143612e-01 1.094324790723844726e-03
1.000000000000000000e+00 1.047059275382860753e-03
