1.000000000000000000e+00 -1.235531651370537585e-03
9.994995063533077539e-01 -1.220163777925565999e-03
9.987396455427071107e-01 -1.174166835936217308e-03
9.974742139462420276e-01 -1.097860634268695706e-03
9.957047137253182134e-01 -9.917774280256658019e-04
9.934332429878556248e-01 -8.566607589718358735e-04
9.906624909228368692e-01 -6.934637924894495632e-04
9.873957316186232624e-01 -5.033471125532487482e-04
9.836368166183339090e-01 -2.876759268073945421e-04
9.793901662751173243e-01 -4.801662558338685993e-05
9.746607599783914111e-01 2.138673681544968688e-04
9.694541253289262750e-01 4.960205262079233832e-04
9.637763263458625218e-01 7.963009916473699074e-04
9.576339507923329331e-01 1.112387277737587540e-03
9.510340967082342445e-01 1.441785962114366590e-03
9.439843582388772747e-01 1.781840446413711365e-03
9.364928108467958090e-01 2.129740846729668777e-03
9.285679959909769465e-01 2.482535073242388840e-03
9.202189053533335050e-01 2.837141148131572602e-03
9.114549646865472976e-01 3.190360799532651614e-03
9.022860173506450643e-01 3.538894355912296924e-03
8.927223075980814659e-01 3.879356949968057813e-03
8.827744636589328620e-01 4.208296024190455453e-03
8.724534806693310385e-01 4.522210111776916314e-03
8.617707034777504216e-01 4.817568846921707615e-03
8.507378093555041376e-01 5.090834137914841684e-03
8.393667906300719128e-01 5.338482415298020228e-03
8.276699372529146004e-01 5.557027845888497242e-03
8.156598193075120795e-01 5.743046382183078502e-03
8.033492694586474858e-01 5.893200495866661448e-03
7.907513653406602616e-01 6.004264424292853064e-03
7.778794118806300339e-01 6.073149740263992374e-03
7.647469235522920128e-01 6.096931038627573241e-03
7.513676065579854013e-01 6.072871518505246202e-03
7.377553409390575911e-01 5.998448227742494976e-03
7.239241626198046342e-01 5.871376726757686348e-03
7.098882453961296024e-01 5.689634922667018146e-03
6.956618828873951665e-01 5.451485821631386897e-03
6.812594704782827248e-01 5.155498948008298277e-03
6.666954872864955250e-01 4.800570183245811418e-03
6.519844782016104290e-01 4.385939785604135721e-03
6.371410360499109027e-01 3.911208363747850636e-03
6.221797839492920756e-01 3.376350592958939079e-03
6.071153579269420453e-01 2.781726482046380233e-03
5.919623898801178452e-01 2.128090021770265294e-03
5.767354909666033702e-01 1.416595071482326662e-03
5.614492355160426440e-01 6.487983693705817734e-04
5.461181455560040199e-01 -1.733404172167760104e-04
5.307566760471076339e-01 -1.047461651862820198e-03
5.153792009196750401e-01 -1.970811715610136516e-03
5.000000000000001110e-01 -2.940252000571554059e-03
4.846332469074586258e-01 -3.952270855555009565e-03
4.692929979942931928e-01 -5.002998393162039203e-03
4.539931823881106498e-01 -6.088224033170205884e-03
4.387475931831035791e-01 -7.203416623755308501e-03
4.235698798099701290e-01 -8.343746950804135920e-03
4.084735415967729044e-01 -9.504112416725801760e-03
3.934719225139056697e-01 -1.067916364426910875e-02
3.785782070763246687e-01 -1.186333273831490648e-02
3.638054173557117021e-01 -1.305086291979668661e-02
3.491664110347212913e-01 -1.423583923110535027e-02
3.346738804154301139e-01 -1.541222000177205204e-02
3.203403522750262744e-01 -1.657386875704563306e-02
3.061781884441331925e-01 -1.771458625025004036e-02
2.921995869674082758e-01 -1.882814230251612236e-02
2.784165836926039694e-01 -1.990830714054242501e-02
2.648410541235013960e-01 -2.094888193429488704e-02
2.514847153643302025e-01 -2.194372825177861447e-02
2.383591279787274919e-01 -2.288679616692322616e-02
2.254756975851315848e-01 -2.377215077887234046e-02
2.128456760128590031e-01 -2.459399692617519895e-02
2.004801618489966686e-01 -2.534670190711818885e-02
1.883901002155997373e-01 -2.602481604725240955e-02
1.765862816293757853e-01 -2.662309098660118820e-02
1.650793398118690913e-01 -2.713649559157790131e-02
1.538797483368365138e-01 -2.756022942982667978e-02
1.429978160227020900e-01 -2.788973377952996477e-02
1.324436810012927790e-01 -2.812070017773806926e-02
1.222273034190459184e-01 -2.824907654451231168e-02
1.123584567530671180e-01 -2.827107095070806320e-02
1.028467177513087277e-01 -2.818315312665869293e-02
9.370145503319003699e-02 -2.798205383648979042e-02
8.493181641370260715e-02 -2.766476226797025956e-02
7.654671503988530468e-02 -2.722852161040358390e-02
6.855481445303777954e-02 -2.667082301283620061e-02
6.096451271268442385e-02 -2.598939813160593137e-02
5.378392573865917181e-02 -2.518221048981662824e-02
4.702087004537639642e-02 -2.424744588159000180e-02
4.068284505702467885e-02 -2.318350206084127466e-02
3.477701520379194999e-02 -2.198897795782427111e-02
2.931019200708482111e-02 -2.066266266680598720e-02
2.428881636586931875e-02 -1.920352444501197825e-02
1.971894125666762837e-02 -1.761069995652163669e-02
1.560621505636473200e-02 -1.588348398521169727e-02
1.195586568986817949e-02 -1.402131982830083327e-02
8.772685793951693137e-03 -1.202379056673097586e-02
6.061019074474741433e-03 -9.890611390738685005e-03
3.824748016875417940e-03 -7.621623138772223860e-03
2.067283089672963120e-03 -5.216787185648124117e-03
7.915535580689813961e-04 -2.676181791805351019e-03
0.000000000000000000e+00 0.000000000000000000e+00
-2.981139238005814113e-04 2.774845370391764744e-03
-9.401151794452230516e-05 5.611052119924233791e-03
6.132873800445855488e-04 8.507260602337793354e-03
1.824279611047493685e-03 1.146145333430714092e-02
3.538973610910647102e-03 1.447096475197331110e-02
5.756883581443100230e-03 1.753249553388825516e-02
8.477023004887944413e-03 2.064213136191073508e-02
1.169789761470129731e-02 2.379536595432846582e-02
1.541749795718772714e-02 2.698712816991125085e-02
1.963329169776164770e-02 3.021181294805862574e-02
2.434221584198259514e-02 3.346331581903481261e-02
2.954066905472397392e-02 3.673507068977070744e-02
3.522450427064246353e-02 4.002009058515557105e-02
4.138902179532147341e-02 4.331101100238217427e-02
4.802896309894778837e-02 4.660013551698229117e-02
5.513850550309863652e-02 4.987948326388637332e-02
6.271125795617116250e-02 5.314083790531784479e-02
7.074025808428231754e-02 5.637579768971662936e-02
7.921797069224824350e-02 5.957582620225591874e-02
8.813628787374393203e-02 6.273230340791133286e-02
9.748653087124246885e-02 6.583657659246532068e-02
1.072594538051649393e-01 6.888001081522610036e-02
1.174452493682476145e-01 7.185403849952284872e-02
1.280335565558865796e-01 7.475020780306432244e-02
1.390134704766160245e-01 7.756022942982669643e-02
1.503735542594421826e-01 8.027602156804355960e-02
1.621018530469724994e-01 8.288975266481642123e-02
1.741859100357108503e-01 8.539388177653867151e-02
1.866127844980270678e-01 8.778119626536096121e-02
1.993690716946679709e-01 9.004484664492258539e-02
2.124409245627377207e-01 9.217837841310622116e-02
2.258140770422760735e-01 9.417576074517688967e-02
2.394738688852989517e-01 9.603141195686443199e-02
2.534052717747836136e-01 9.774022168324475457e-02
2.675929165678492816e-01 9.929756975516609852e-02
2.820211214675190647e-01 1.006993417899506027e-01
2.966739209210862982e-01 1.019419415466844836e-01
3.115350950402960284e-01 1.030223001281162232e-01
3.265881993392787397e-01 1.039378821405615438e-01
3.418165945903313685e-01 1.046866889498527242e-01
3.572034766050591337e-01 1.052672591948974334e-01
3.727319057588207030e-01 1.056786667405081037e-01
3.883848360895520435e-01 1.059205162675700973e-01
4.041451438175027167e-01 1.059929367111383802e-01
4.199956551497992518e-01 1.058965727655618305e-01
4.359191732525922736e-01 1.056325746801868581e-01
4.518985042933751362e-01 1.052025865696046419e-01
4.679164824763936692e-01 1.046087334588859385e-01
4.839559940144133043e-01 1.038536072769685875e-01
5.000000000000001110e-01 1.029402520005715527e-01
5.160315581584532518e-01 1.018721481370237214e-01
5.320338434822058371e-01 1.006531967175867126e-01
5.479901677625105272e-01 9.928770295365119125e-02
5.638839980482618364e-01 9.778035968706097480e-02
5.796989740736278041e-01 9.613623074327533324e-02
5.954189247056069778e-01 9.436073427264231317e-02
6.110278834696006856e-01 9.245962614125460832e-02
6.265101032155629968e-01 9.043898340923423040e-02
6.418500699893184835e-01 8.830518791135290313e-02
6.570325161733372443e-01 8.606490993314322435e-02
6.720424329587960655e-01 8.372509195554364569e-02
6.868650822063954164e-01 8.129293242306226408e-02
7.014860077473855648e-01 7.877586947480302859e-02
7.158910461689432791e-01 7.618156456476746219e-02
7.300663371197421148e-01 7.351788588786598022e-02
7.439983331626580654e-01 7.079289152120729622e-02
7.576738091923859164e-01 6.801481218658052275e-02
7.710798714267049769e-01 6.519203353962603475e-02
7.842039659715007716e-01 6.233307789396988485e-02
7.970338869518128755e-01 5.944658529445451950e-02
8.095577841943291109e-01 5.654129386237605193e-02
8.217641704411776660e-01 5.362601934710316265e-02
8.336419280707376700e-01 5.070963383232667682e-02
8.451803152986168133e-01 4.780104356116765540e-02
8.563689718310433241e-01 4.490916586208516109e-02
8.671979239436613529e-01 4.204290517661257720e-02
8.776575889611285541e-01 3.921112821000787008e-02
8.877387791168566133e-01 3.642263824652326037e-02
8.974327047776091693e-01 3.368614869178914589e-02
9.067309770243023870e-01 3.101025592534032913e-02
9.156256095880146439e-01 2.840341156623343161e-02
9.241090201486817923e-01 2.587389427361474342e-02
9.321740310129669194e-01 2.342978122167180613e-02
9.398138691970678860e-01 2.107891940432046057e-02
9.470221659494909572e-01 1.882889693896257904e-02
9.537929557577853323e-01 1.668701455045112220e-02
9.601206748916480960e-01 1.466025742582799905e-02
9.660001595423890475e-01 1.275526763728204206e-02
9.714266436252992909e-01 1.097831733500258256e-02
9.763957563167622311e-01 9.335282913098132129e-03
9.809035194018259629e-01 7.831620350482577930e-03
9.849463445102971670e-01 6.472341924614221503e-03
9.885210303201241722e-01 5.261994489252248830e-03
9.916247598058519630e-01 4.204639498076860604e-03
9.942550976072821456e-01 3.303834944214153763e-03
9.964099875891597735e-01 2.562619371594067937e-03
9.980877506568379687e-01 1.983498097834253925e-03
9.992870828855644483e-01 1.568431770212339992e-03
1.000007054012423957e+00 1.318827356511977121e-03
1.000000000000000000e+00 1.235531651370537585e-03
