1.000000000000000000e+00 -1.657141792037972313e-03
9.994696165244274511e-01 -1.661570577725140314e-03
9.987073381502047376e-01 -1.674876623212813876e-03
9.974378773313447022e-01 -1.697119254720834240e-03
9.956627362732900499e-01 -1.728398208255418249e-03
9.933840130842618299e-01 -1.768854880378706610e-03
9.906043968519258058e-01 -1.818674004666986791e-03
9.873271613921564827e-01 -1.878085681006997146e-03
9.835561577266974664e-01 -1.947367666560697458e-03
9.792958053566670484e-01 -2.026847820726686723e-03
9.745510824076325518e-01 -2.116906582089145110e-03
9.693275147292035321e-01 -2.217979343484593330e-03
9.636311640376293841e-01 -2.330558582201194308e-03
9.574686151936669942e-01 -2.455195596187770453e-03
9.508469627099483956e-01 -2.592501694171354606e-03
9.437737965822232677e-01 -2.743148687883554745e-03
9.362571875372543984e-01 -2.907868538262589966e-03
9.283056717868545249e-01 -3.087452014536244682e-03
9.199282353727309403e-01 -3.282746235465087981e-03
9.111342981806286323e-01 -3.494650975635272411e-03
9.019336976949019480e-01 -3.724113636369166813e-03
8.923366725563861568e-01 -3.972122800367225426e-03
8.823538459774931120e-01 -4.239700311317200210e-03
8.719962090591425463e-01 -4.527891844095938145e-03
8.612751040447008677e-01 -4.837755957464096729e-03
8.502022075368599330e-01 -5.170351648904621122e-03
8.387895136946121877e-01 -5.526724460017635315e-03
8.270493174194180064e-01 -5.907891210191616033e-03
8.149941975326036037e-01 -6.314823465588648155e-03
8.026369999401457012e-01 -6.748429879315020335e-03
7.899908207764986257e-01 -7.209537566440066964e-03
7.770689895161543292e-01 -7.698872703768750575e-03
7.638850520402514777e-01 -8.217040568435286796e-03
7.504527536458698300e-01 -8.764505250974836958e-03
7.367860219876078975e-01 -9.341569297087536083e-03
7.228989499446198952e-01 -9.948353547395934193e-03
7.088057784113817039e-01 -1.058477745574736006e-02
6.945208790168699853e-01 -1.125054017369877396e-02
6.800587367844379560e-01 -1.194510269148891385e-02
6.654339327531405557e-01 -1.266767132386636963e-02
6.506611265903938790e-01 -1.341718282248989536e-02
6.357550392352863122e-01 -1.419229138522197509e-02
6.207304356213098062e-01 -1.499135781654859639e-02
6.056021075363897666e-01 -1.581244107271782134e-02
5.903848566865365077e-01 -1.665329240021373031e-02
5.750934780368858190e-01 -1.751135224717433742e-02
5.597427435100369442e-01 -1.838375009470276378e-02
5.443473861261487468e-01 -1.926730731915651806e-02
5.289220846719669966e-01 -2.015854315795417157e-02
5.134814489866360576e-01 -2.105368381077801776e-02
4.980400059506386312e-01 -2.194867466590254973e-02
4.826121862604090262e-01 -2.283919559839386187e-02
4.672123120650635286e-01 -2.372067924379203663e-02
4.518545855332841144e-01 -2.458833210829841631e-02
4.365530784078100468e-01 -2.543715833513847391e-02
4.213217225923590048e-01 -2.626198590734706018e-02
4.061743018013556084e-01 -2.705749503037377379e-02
3.913695198284218302e-01 -2.783153206959816661e-02
3.768487060479264183e-01 -2.863433166857097534e-02
3.624539817061593339e-01 -2.946485498249099000e-02
3.481960407040839978e-01 -3.031539278701671919e-02
3.340853658292100570e-01 -3.117804025989887734e-02
3.201322458229012291e-01 -3.204474144616953346e-02
3.063467937177247746e-01 -3.290733331150192537e-02
2.927389660869062493e-01 -3.375758896502173423e-02
2.793185828254463599e-01 -3.458725965838343325e-02
2.660953470671018062e-01 -3.538811519842306741e-02
2.530788648336372293e-01 -3.615198244541208139e-02
2.402786640127475004e-01 -3.687078160707080166e-02
2.277042122688502923e-01 -3.753656007924235233e-02
2.153649335064146964e-01 -3.814152362666947682e-02
2.032702225282900788e-01 -3.867806474087364527e-02
1.914294575611468485e-01 -3.913878805595913390e-02
1.798520103560005412e-01 -3.951653274656740517e-02
1.685472536131265020e-01 -3.980439187455398625e-02
1.575245655266208078e-01 -3.999572869170028855e-02
1.467933312935028878e-01 -4.008418994441911853e-02
1.363629414846092569e-01 -4.006371626256241547e-02
1.262427872285750985e-01 -3.992854974775900123e-02
1.164422522149272110e-01 -3.967323890694287453e-02
1.069707015767119851e-01 -3.929264110368611840e-02
9.783746776615590002e-02 -3.878192272349405278e-02
8.905183358769577784e-02 -3.813655726928275730e-02
8.062301260042004092e-02 -3.735232161981111992e-02
7.256012714574902600e-02 -3.642529069690061960e-02
6.487218429532712327e-02 -3.535183079689421803e-02
5.756805004797007491e-02 -3.412859184806524282e-02
5.065642213259909099e-02 -3.275249885868873612e-02
4.414580179595718051e-02 -3.122074282035652501e-02
3.804446496924034082e-02 -2.953077132799041341e-02
3.236043321638316927e-02 -2.768027917203363594e-02
2.710144486850464551e-02 -2.566719914963521906e-02
2.227492674397587788e-02 -2.348969333044951396e-02
1.788796684182223859e-02 -2.114614499911959128e-02
1.394728837794167314e-02 -1.863515148076688721e-02
1.045922550923448179e-02 -1.595551803804807003e-02
7.429701060593390909e-03 -1.310625300872782055e-02
4.864206534313477402e-03 -1.008656433144139615e-02
2.767784641401846261e-03 -6.895857584546010582e-03
1.145014550162825207e-03 -3.533735638876105319e-03
0.000000000000000000e+00 0.000000000000000000e+00
-6.515749158944252224e-04 3.657057503275600897e-03
-7.945130696734054466e-04 7.388567071119404167e-03
-4.261711373934736966e-04 1.119299565595509825e-02
4.555976249288442095e-04 1.506786237770839539e-02
1.852433895627858887e-03 1.900974898968532320e-02
3.765460893369604843e-03 2.301431669129027496e-02
6.195271219430438688e-03 2.707632914638354732e-02
9.141912127393046067e-03 3.118968152256212933e-02
1.260486945455239864e-02 3.534743532459926063e-02
1.658305048846329607e-02 3.954185875493797242e-02
2.107476607653420431e-02 4.376447229577097586e-02
2.607771231579147225e-02 4.800609917107447056e-02
3.158895218341976896e-02 5.225692031325875064e-02
3.760489748601057031e-02 5.650653342807511470e-02
4.412129151630508894e-02 6.074401572331775134e-02
5.113319281038738312e-02 6.495798984190798153e-02
5.863496039563643319e-02 6.913669251836110363e-02
6.662024091028914685e-02 7.326804545963738757e-02
7.508195795928238048e-02 7.733972793716371863e-02
8.401230404834067467e-02 8.133925056657757835e-02
9.340273540938237584e-02 8.525402974566922976e-02
1.032439699956357454e-01 8.907146221923609164e-02
1.135259888849311644e-01 9.277899924225485595e-02
1.242380412850857679e-01 9.636421982002976727e-02
1.353686532868317305e-01 9.981490251585950491e-02
1.469056404581847719e-01 1.031190953333246396e-01
1.588361243203477435e-01 1.062651832015069353e-01
1.711465526901637391e-01 1.092419526172619948e-01
1.838227238187336576e-01 1.120386530289389782e-01
1.968498142011122776e-01 1.146450545804918175e-01
2.102124098790190132e-01 1.170515018734909485e-01
2.238945410082560650e-01 1.192489634467794046e-01
2.378797194159919248e-01 1.212290767190068314e-01
2.521509788311832034e-01 1.229841881875144011e-01
2.666909174350068912e-01 1.245073887274545654e-01
2.814817423480210912e-01 1.257925438869551549e-01
2.965053156474947160e-01 1.268343191268545000e-01
3.117432014924210737e-01 1.276282000062596844e-01
3.271767139254987966e-01 1.281705073670881267e-01
3.427869649209686620e-01 1.284584076209936698e-01
3.585549122546115020e-01 1.284899182897877301e-01
3.744614067872189533e-01 1.282639089948012234e-01
3.904872387750358831e-01 1.277800981307898320e-01
4.064443836129200127e-01 1.270464373066526598e-01
4.222438123674103760e-01 1.261301834187129600e-01
4.381136880278858059e-01 1.250499968066688394e-01
4.540371011482016717e-01 1.238096481285588246e-01
4.699971684056233334e-01 1.224132874708034613e-01
4.859770546614629039e-01 1.208654225321013076e-01
5.019599940493616463e-01 1.191708968881247666e-01
5.179293100914922343e-01 1.173348685734783570e-01
5.338684348573464744e-01 1.153627891888926171e-01
5.497609271923658003e-01 1.132603837106105904e-01
5.655904900542675362e-01 1.110336311459940023e-01
5.813409870033453553e-01 1.086887461451940817e-01
5.969964578991883153e-01 1.062321616439523275e-01
6.125411338601529643e-01 1.036705125778839554e-01
6.279594515435452662e-01 1.010106206746034241e-01
6.432360668039430740e-01 9.825948029739667300e-02
6.583558677845537943e-01 9.542424528342700885e-02
6.733039874921510348e-01 9.251221669121206803e-02
6.880658159002401852e-01 8.953083134682465749e-02
7.026270116179107461e-01 8.648765105636765926e-02
7.169735131536911776e-01 8.339035233410260761e-02
7.310915497949268538e-01 8.024671648145273450e-02
7.449676521141077590e-01 7.706461984214388328e-02
7.585886621045014877e-01 7.385202405310742346e-02
7.719417429387455121e-01 7.061696610947260089e-02
7.850143883359764763e-01 6.736754806498308767e-02
7.977944315159745114e-01 6.411192619633482304e-02
8.102700537128308955e-01 6.085829947106753679e-02
8.224297922160861418e-01 5.761489717346270079e-02
8.342625479042342640e-01 5.438996556107293656e-02
8.457575922340765384e-01 5.119175344565521368e-02
8.569045736496875287e-01 4.802849661594497249e-02
8.676935233767109068e-01 4.490840104543480926e-02
8.781148605713170463e-01 4.183962485560039496e-02
8.881593967982963633e-01 3.883025903331869394e-02
8.978183398193044784e-01 3.588830693004053940e-02
9.070832966800455033e-01 3.302166259904606993e-02
9.159462760939333092e-01 3.023808805534612329e-02
9.243996901292843571e-01 2.754518956995515369e-02
9.324363552170893410e-01 2.495039313589489036e-02
9.400494925066092966e-01 2.246091926694007701e-02
9.472327276061449641e-01 2.008375731138464099e-02
9.539800897560711812e-01 1.782563948161906137e-02
9.602860104903140348e-01 1.569301481577551130e-02
9.661453218506221852e-01 1.369202329983961949e-02
9.715532542250220338e-01 1.182847038726340082e-02
9.765054338875210904e-01 1.010780215809364835e-02
9.809978803202762387e-01 8.535081360880485135e-03
9.850270034019336096e-01 7.114964578131235257e-03
9.885896005465909520e-01 5.851680749860527567e-03
9.916828538767630263e-01 4.749011279972449769e-03
9.943043275108759405e-01 3.810271936932044592e-03
9.964519650411879370e-01 3.038296743664630102e-03
9.981240872717352941e-01 2.435424032111354643e-03
9.993193902780668214e-01 2.003484815674787950e-03
1.000036943841304149e+00 1.743793608250930735e-03
1.000000000000000000e+00 1.657141792037972313e-03
