1.000000000000000000e+00 -1.039446968344206546e-03
9.996007613990134377e-01 -1.032768436835677537e-03
9.988487946877854240e-01 -1.012764040338475814e-03
9.975964224256057555e-01 -9.795274963732612892e-04
9.958450013368714826e-01 -9.332154053327995939e-04
9.935964275276054636e-01 -8.740478331724838880e-04
9.908531332066424779e-01 -8.023090794852375841e-04
9.876180825112186312e-01 -7.183485844374046681e-04
9.838947664667296866e-01 -6.225819163957900700e-04
9.796871971157805614e-01 -5.154917716271049596e-04
9.749999008563258185e-01 -3.976289084259218565e-04
9.698379110325893171e-01 -2.696129306274282211e-04
9.642067598254859817e-01 -1.321328298601502985e-04
9.581124694914192608e-01 1.405280776190821757e-05
9.515615429995580854e-01 1.681160264060000548e-04
9.445609541180044477e-01 3.291602521116564206e-04
9.371181369986940624e-01 4.962216638616061271e-04
9.292409753094309499e-01 6.682712719048126970e-04
9.209377909592484368e-01 8.442177840800122596e-04
9.122173324603751743e-01 1.022911331798206577e-03
9.030887629665670380e-01 1.203148116303957155e-03
8.935616480235729631e-01 1.383676022988713714e-03
8.836459430631470324e-01 1.563201237069329619e-03
8.733519806674530095e-01 1.740395878078884392e-03
8.626904576260473467e-01 1.913906653597384488e-03
8.516724218030405913e-01 2.082364514743344913e-03
8.403092588276493968e-01 2.244395277454378640e-03
8.286126786172811620e-01 2.398631154805857396e-03
8.165947017386969708e-01 2.543723126889677055e-03
8.042676456097492821e-01 2.678354056413236040e-03
7.916441105417931778e-01 2.801252440532753241e-03
7.787369656212165259e-01 2.911206672815708912e-03
7.655593344276291345e-01 3.007079673967814892e-03
7.521245805861822564e-01 3.087823736356687387e-03
7.384462931522068896e-01 3.152495415699049786e-03
7.245382718278755574e-01 3.200270293815549866e-03
7.104145120128689816e-01 3.230457429312428436e-03
6.960891896939478407e-01 3.242513308622598650e-03
6.815766461818902888e-01 3.236055108171785599e-03
6.668913727082473875e-01 3.210873079642621863e-03
6.520479948987594199e-01 3.166941874447375127e-03
6.370612571448551753e-01 3.104430630604525232e-03
6.219460068993285518e-01 3.023711655209031235e-03
6.067171789268559490e-01 2.925367548505072857e-03
5.913897795443668892e-01 2.810196631080862095e-03
5.759788708902132681e-01 2.679216553723960670e-03
5.604995552645012369e-01 2.533665989775862881e-03
5.449669595856676541e-01 2.375004332139322993e-03
5.293962200103261573e-01 2.204909341108833576e-03
5.138024667644403021e-01 2.025272714577724953e-03
4.982008092339434979e-01 1.838193578551250429e-03
4.826063213619518066e-01 1.645969922874572500e-03
4.670340273976882894e-01 1.451088034258238291e-03
4.514988880391371806e-01 1.256210005636367033e-03
4.360157870073277375e-01 1.064159427204974806e-03
4.205995180850396475e-01 8.779053897438118814e-04
4.052647726467321632e-01 7.005449546274786221e-04
3.900261276997194493e-01 5.352842668904650436e-04
3.748980344491900096e-01 3.854185074756363849e-04
3.598948073917514479e-01 2.543108980351954651e-04
3.450306139339363032e-01 1.453709860811183696e-04
3.303194645237262361e-01 6.203244965332505023e-05
3.157752032748250004e-01 7.730668783366423380e-06
3.014114990553348750e-01 -1.411968426206361427e-05
2.878261340208518870e-01 -7.054262779004893957e-05
2.745000175756263094e-01 -2.558760156487829840e-04
2.613773683124701597e-01 -5.599355169499178886e-04
2.484670262508872629e-01 -9.713821184789833696e-04
2.357777921333223947e-01 -1.478628182035097993e-03
2.233184554317773074e-01 -2.069880095667990527e-03
2.110978189462637822e-01 -2.733179256122819645e-03
1.991247195542078796e-01 -3.456441541376718829e-03
1.874080447715437414e-01 -4.227495456190659417e-03
1.759567448889996222e-01 -5.034119144531709611e-03
1.647798405479076189e-01 -5.864076461852406330e-03
1.538864257161522420e-01 -6.705152289257450271e-03
1.432856661145668065e-01 -7.545187252471836914e-03
1.329867932256774132e-01 -8.372111983284233339e-03
1.229990940891811935e-01 -9.173981031774934569e-03
1.133318971513950085e-01 -9.939006506025714616e-03
1.039945544889861462e-01 -1.065559148382779972e-02
9.499642077073727764e-02 -1.131236320958079258e-02
8.634682935533843917e-02 -1.189820606026977326e-02
7.805506594875981363e-02 -1.240229423799992653e-02
7.013034026231532159e-02 -1.281412412367714110e-02
6.258175612275561350e-02 -1.312354620742245057e-02
5.541828048930875356e-02 -1.332079649636894701e-02
4.864871183017956818e-02 -1.339652728959870275e-02
4.228164830320379347e-02 -1.334183720298972101e-02
3.632545617266569327e-02 -1.314830032340505959e-02
3.078823887719563113e-02 -1.280799437164096069e-02
2.567780714254691912e-02 -1.231352775648630188e-02
2.100165050826964530e-02 -1.165806540773321742e-02
1.676691060913172715e-02 -1.083535328361621281e-02
1.298035652084784594e-02 -9.839741457544820546e-03
9.648362445504786444e-03 -8.666205699754679290e-03
6.776887975226115676e-03 -7.310367481268394835e-03
4.371461133338861750e-03 -5.768512339997693139e-03
2.437164350795530121e-03 -4.037606561611490827e-03
9.786234921264742002e-04 -2.115312140649665360e-03
0.000000000000000000e+00 0.000000000000000000e+00
-4.851838578580741071e-04 2.279724384663391317e-03
-4.638927790670888725e-04 4.694282140883250520e-03
6.657426358114195558e-05 7.242386317253162939e-03
1.108410710296119442e-03 9.921528727731391412e-03
2.663296959357555095e-03 1.272798745768064475e-02
4.732392750463432912e-03 1.565684080166292874e-02
7.316327452120949260e-03 1.870198753861294916e-02
1.041518836309927865e-02 2.185617343022575737e-02
1.402850718051012677e-02 2.511102380941603734e-02
1.815524482765083769e-02 2.845708210737684860e-02
2.279377487310884839e-02 3.188385414992888495e-02
2.794186580854485930e-02 3.537985803629400960e-02
3.359666248583929177e-02 3.893267939594330374e-02
3.975466704467189166e-02 4.252903180149976425e-02
4.641171968887659177e-02 4.615482209754961929e-02
5.356297969382110141e-02 4.979522038634174447e-02
6.120290704729665354e-02 5.343473439141586262e-02
6.932524514264648552e-02 5.705728789890192332e-02
7.792300495470100286e-02 6.064630295327817777e-02
8.698845113606651358e-02 6.418478545951787628e-02
9.651309047291457832e-02 6.765541381661593912e-02
1.064876631350296643e-01 7.104063017837747296e-02
1.169021371438629803e-01 7.432273390612187391e-02
1.277457064640218631e-01 7.748397674482535025e-02
1.390067930973002963e-01 8.050665921960137306e-02
1.506730535234036550e-01 8.337322771396563081e-02
1.627313897873486626e-01 8.606637165594106798e-02
1.751679654797668462e-01 8.856912020391682905e-02
1.879682267928158568e-01 9.086493779271245796e-02
2.011169287612631917e-01 9.293781787319289889e-02
2.145981667160919981e-01 9.477237415790226716e-02
2.283954128876811707e-01 9.635392867251668658e-02
2.424915579987418635e-01 9.766859591046640754e-02
2.568689575858148499e-01 9.870336239774732401e-02
2.715094826848269416e-01 9.944616099839156953e-02
2.863945744140754535e-01 9.988593932956865706e-02
3.014406103098846157e-01 1.000137046573319199e-01
3.161002440404973024e-01 9.994043034440278084e-02
3.309426152309826175e-01 9.974648579443481933e-02
3.459523916911163566e-01 9.943228680409396669e-02
3.611140865690193880e-01 9.899858948882152287e-02
3.764120783859553621e-01 9.844648199016800549e-02
3.918306309037382640e-01 9.777737488363218155e-02
4.073539127675434579e-01 9.699299048479628760e-02
4.229660168747297333e-01 9.609535125208076844e-02
4.386509794283681152e-01 9.508676748176234095e-02
4.543927986423486054e-01 9.396982448513688246e-02
4.701754530729985726e-01 9.274736942904227011e-02
4.859829195599201235e-01 9.142249800960700057e-02
5.017991907660567241e-01 8.999854111532630541e-02
5.176082923136879899e-01 8.847905161968928900e-02
5.333942995189873137e-01 8.686779142592118697e-02
5.491413537328468930e-01 8.516871886732665931e-02
5.648336782998032435e-01 8.338597654659517244e-02
5.804555941500179062e-01 8.152387967665319923e-02
5.959915350413579338e-01 7.958690496461026664e-02
6.114260624696867819e-01 7.757968005944268497e-02
6.267438802655265206e-01 7.550697356367097601e-02
6.419298488943742109e-01 7.337368558978446531e-02
6.569689994761882534e-01 7.118483882389525785e-02
6.718465475370442030e-01 6.894557004238094366e-02
6.865479065027878525e-01 6.666112201238755253e-02
7.010587009408328907e-01 6.433683569426104643e-02
7.153647795522038999e-01 6.197814265345730211e-02
7.294522279116711916e-01 5.959055758141913739e-02
7.433073809495087669e-01 5.717967081940939639e-02
7.569168351641890613e-01 5.475114077642703053e-02
7.702674605513678552e-01 5.231068613212088575e-02
7.833464122309142796e-01 4.986407771803297306e-02
7.961411417506799593e-01 4.741712997546192188e-02
8.086394080432273146e-01 4.497569189562992953e-02
8.208292880099927746e-01 4.254563735749353204e-02
8.326991867063711084e-01 4.013285479025689717e-02
8.442378471010393293e-01 3.774323610120408623e-02
8.554343593835068704e-01 3.538266482458125861e-02
8.662781697953644278e-01 3.305700346365841868e-02
8.767590889630065831e-01 3.077208001546603844e-02
8.868672997126424429e-01 2.853367368571156637e-02
8.965933643521176721e-01 2.634749981971636068e-02
9.059282314083804133e-01 2.421919409352096819e-02
9.148632418141867673e-01 2.215429602728399838e-02
9.233901345427668605e-01 2.015823190040216817e-02
9.315010516945129160e-01 1.823629716411493545e-02
9.391885430451696326e-01 1.639363846243484246e-02
9.464455700703637842e-01 1.463523538579999429e-02
9.532655094664614914e-01 1.296588209363681160e-02
9.596421561925617683e-01 1.139016895185396283e-02
9.655697260627655876e-01 9.912464338977137329e-03
9.710428579216362488e-01 8.536896780052153494e-03
9.760566154388278237e-01 7.267337570487319293e-03
9.806064885611627258e-01 6.107384052618812509e-03
9.846883946619013894e-01 5.060343705944934586e-03
9.882986794275288034e-01 4.129219207702310157e-03
9.914341175220463542e-01 3.316694613818055217e-03
9.940919130675323068e-01 2.625122801351716887e-03
9.962696999776065043e-01 2.056514302480846532e-03
9.979655421774742408e-01 1.612527647046292515e-03
9.991779337404861350e-01 1.294461315856030355e-03
9.999057989667181623e-01 1.103247390574384158e-03
1.000000000000000000e+00 1.039446968344206546e-03
