1.000000000000000000e+00 -1.466744182049189386e-03
9.996528522879108980e-01 -1.490593511832502939e-03
9.989050221805680918e-01 -1.562085619846080011e-03
9.976595188929522351e-01 -1.681053422622080405e-03
9.959176613049158799e-01 -1.847220304497935875e-03
9.936812929439099440e-01 -2.060202862109471178e-03
9.909527791033564403e-01 -2.319514666091346093e-03
9.877350031696241484e-01 -2.624570961194981362e-03
9.840313621806722200e-01 -2.974694206058628443e-03
9.798457616435746198e-01 -3.369120335731637123e-03
9.751826096417738343e-01 -3.807005614111025078e-03
9.700468102659288716e-01 -4.287433930000947996e-03
9.644437564045911238e-01 -4.809424379818379516e-03
9.583793219326312007e-01 -5.371938972260154911e-03
9.518598533363211711e-01 -5.973890285688945520e-03
9.448921608142634154e-01 -6.614148907692290504e-03
9.374835088929694971e-01 -7.291550488287079114e-03
9.296416065948561736e-01 -8.004902243572684095e-03
9.213745971948016367e-01 -8.752988755223640310e-03
9.126910475992664473e-01 -9.534576922941968846e-03
9.035999373793927036e-01 -1.034841994168040138e-02
8.941106474865568865e-01 -1.119326019288708479e-02
8.842329486756640433e-01 -1.206783095891789462e-02
8.739769896581319752e-01 -1.297085689180442133e-02
8.633532850031301331e-01 -1.390105319138331720e-02
8.523727028023285746e-01 -1.485712347299149826e-02
8.410464521102701818e-01 -1.583775633107516179e-02
8.293860701695949800e-01 -1.684162063171638218e-02
8.174034094278420648e-01 -1.786735959375911065e-02
8.051106243504653204e-01 -1.891358374447291851e-02
7.925201580331219242e-01 -1.997886286103240511e-02
7.796447286152778933e-01 -2.106171703306929099e-02
7.664973154967267277e-01 -2.216060700371673409e-02
7.530911453587914028e-01 -2.327392396649148945e-02
7.394396779927475682e-01 -2.439997901266863917e-02
7.255565919393466290e-01 -2.553699243813071368e-02
7.114557699452273010e-01 -2.668308312972579588e-02
6.971512842443600144e-01 -2.783625825868506903e-02
6.826573816754910595e-01 -2.899440351243175173e-02
6.679884686496599944e-01 -3.015527409602268907e-02
6.531590959852416889e-01 -3.131648673042129738e-02
6.381839436314487024e-01 -3.247551286679593863e-02
6.230778053047414389e-01 -3.362967332412359484e-02
6.078555730659990219e-01 -3.477613454167612084e-02
5.925322218694977217e-01 -3.591190661865679978e-02
5.771227941176031440e-01 -3.703384329058714147e-02
5.616423842575036796e-01 -3.813864396632257736e-02
5.461061234582047508e-01 -3.922285792115878800e-02
5.305291644072565038e-01 -4.028289071079205197e-02
5.149266662672628003e-01 -4.131501283836384875e-02
4.993137798320291254e-01 -4.231537067294657839e-02
4.837056329212328643e-01 -4.327999958312629680e-02
4.681173160507258180e-01 -4.420483921435315600e-02
4.525638684129892342e-01 -4.508575080400625823e-02
4.370602641989120296e-01 -4.591853639421251965e-02
4.216213992879707106e-01 -4.669895976991876585e-02
4.062620783291399640e-01 -4.742276891907017122e-02
3.910827805706531546e-01 -4.809129416661025308e-02
3.760728744076974328e-01 -4.872373881882648139e-02
3.611869587193743958e-01 -4.931788212621823070e-02
3.464385522991310085e-01 -4.986878077852595348e-02
3.318410077865500130e-01 -5.037149632938650590e-02
3.174075066897211750e-01 -5.082112563065822874e-02
3.031510550627993794e-01 -5.121283105577463524e-02
2.890844797569501745e-01 -5.154187016411322653e-02
2.752204251514191458e-01 -5.180362446332810455e-02
2.615713502615848451e-01 -5.199362693647994332e-02
2.481495261128255359e-01 -5.210758801547625552e-02
2.349670332630932612e-01 -5.214141970161041695e-02
2.220357593534258711e-01 -5.209125755758135801e-02
2.093673965643817192e-01 -5.195348032295017682e-02
1.969734388576447615e-01 -5.172472693614488942e-02
1.848651788858493572e-01 -5.140191078040198119e-02
1.730537044599834706e-01 -5.098223100793922158e-02
1.615498944724809982e-01 -5.046318083564295398e-02
1.503644141851537275e-01 -4.984255274606549241e-02
1.395077098042639130e-01 -4.911844056897171629e-02
1.289900022800562207e-01 -4.828923846045612978e-02
1.188212802846656257e-01 -4.735363683817055136e-02
1.090112923401817535e-01 -4.631061537186911825e-02
9.956953808743002066e-02 -4.515943316771823396e-02
9.050525870533329686e-02 -4.389961632207909498e-02
8.182742651018296010e-02 -4.253094305523831553e-02
7.354473378334756839e-02 -4.105342666735221219e-02
6.566558089450842683e-02 -3.946729658725315476e-02
5.819806380504103510e-02 -3.777297780935707366e-02
5.114996105228701573e-02 -3.597106903438110348e-02
4.452872032986124329e-02 -3.406231984566453902e-02
3.834144479148966778e-02 -3.204760726437305002e-02
3.259487921592178067e-02 -2.992791203361801558e-02
2.729539617799192977e-02 -2.770429498346002953e-02
2.244898237573559469e-02 -2.537787382587539803e-02
1.806122526550531238e-02 -2.294980072110289551e-02
1.413730015620779865e-02 -2.042124094446799709e-02
1.068195791010667813e-02 -1.779335296598159172e-02
7.699513391170106566e-03 -1.506727023396906354e-02
5.193834792795372357e-03 -1.224408492898606225e-02
3.168333965103911458e-03 -9.324833925672640356e-03
1.625957848074590945e-03 -6.310487168361125429e-03
5.691811008589401071e-04 -3.201938631625593935e-03
0.000000000000000000e+00 0.000000000000000000e+00
-7.574146659054017657e-05 3.251267377385391993e-03
3.473137236538500865e-04 6.507570962990483210e-03
1.269701431816092248e-03 9.767406455478119809e-03
2.691463892726863195e-03 1.302872867657829149e-02
4.612146013692234106e-03 1.628896261462396342e-02
7.030791361204601596e-03 1.954501905019094543e-02
9.945937905044877764e-03 2.279331460337358228e-02
1.335561360586361157e-02 2.602979599794793750e-02
1.725733194732145120e-02 2.924996829586101743e-02
2.164808752685453905e-02 3.244892681662176620e-02
2.652435182985276099e-02 3.562139242073023709e-02
3.188206932025898499e-02 3.876174980466023240e-02
3.771665398615761666e-02 4.186408842749254205e-02
4.402298648169362949e-02 4.492224566638505778e-02
5.079541200659117711e-02 4.792985177992648699e-02
5.802773906162798923e-02 5.088037624525610508e-02
6.571323921270889878e-02 5.376717502677220289e-02
7.384464798780196459e-02 5.658353833138017597e-02
8.241416702010498363e-02 5.932273840754696131e-02
9.141346753762263910e-02 6.197807695287482072e-02
1.008336952841278333e-01 6.454293170735965479e-02
1.106654769395452320e-01 6.701080182676139030e-02
1.208989280894842006e-01 6.937535165233310597e-02
1.315236627743247566e-01 7.163045251921597301e-02
1.425288046282988108e-01 7.377022227572918589e-02
1.539029995988302757e-01 7.578906221915120145e-02
1.656344302163648141e-01 7.768169118991502531e-02
1.777108313654612304e-01 7.944317660492312971e-02
1.901195074893789749e-01 8.106896225137102951e-02
2.028473511431452547e-01 8.255489270447911865e-02
2.158808627944434344e-01 8.389723427528079924e-02
2.292061717579103042e-01 8.509269243749385814e-02
2.428090581368035905e-01 8.613842572491416105e-02
2.566749756367001645e-01 8.703205613211648095e-02
2.707890751090341053e-01 8.777167609095655465e-02
2.851362286779771660e-01 8.835585213288658923e-02
2.997010543024201112e-01 8.878362538191565678e-02
3.144679406256011278e-01 8.905450905469429468e-02
3.294210719681588406e-01 8.916848317226219733e-02
3.445444533259216513e-01 8.912598671211673096e-02
3.598219352413964400e-01 8.892790744913692258e-02
3.752372384274479389e-01 8.857556974931858618e-02
3.907739780328045587e-01 8.807072059108692064e-02
4.063566070851356571e-01 8.741834582958173117e-02
4.219441356717986702e-01 8.664623877446513134e-02
4.376065022367838231e-01 8.576367178282466586e-02
4.533278182684965518e-01 8.477427721211042155e-02
4.690921644199610441e-01 8.368188250515772031e-02
4.848836080006390659e-01 8.249049035660928342e-02
5.006862201679711522e-01 8.120425956183546790e-02
5.164840928108654916e-01 7.982748674344398998e-02
5.322613551220569672e-01 7.836458912316743297e-02
5.480021898603097963e-01 7.682008847774042526e-02
5.636908493068008008e-01 7.519859638683906722e-02
5.793116709226280303e-01 7.350480084979504891e-02
5.948490927162271014e-01 7.174345431615222757e-02
6.102876683305437089e-01 6.991936314374258554e-02
6.256120818601136335e-01 6.803737846734553285e-02
6.408071624077806838e-01 6.610238843166582612e-02
6.558578983897059844e-01 6.411931171479613722e-02
6.707494515956315961e-01 6.209309224296097329e-02
6.854671710091870818e-01 6.002869497456604642e-02
6.999966063904207170e-01 5.793110261175262593e-02
7.143235216198455806e-01 5.580531308106789767e-02
7.284339078002001200e-01 5.365633761175343103e-02
7.423139961089680883e-01 5.148919923069118082e-02
7.559502703915799149e-01 4.930893148734452613e-02
7.693294794822702620e-01 4.712057722013165972e-02
7.824386492368529122e-01 4.492918717755502167e-02
7.952650942593512129e-01 4.273981831299030615e-02
8.077964293025112763e-01 4.055753158117392926e-02
8.200205803208476807e-01 3.838738907690873725e-02
8.319257951540572904e-01 3.623445037206891178e-02
8.435006538184185443e-01 3.410376792533018758e-02
8.547340783842188872e-01 3.200038145980763776e-02
8.656153424182816414e-01 2.992931122657160187e-02
8.761340799723276174e-01 2.789555009640620406e-02
8.862802941001254320e-01 2.590405444771849350e-02
8.960443648891337487e-01 2.395973384475640761e-02
9.054170569955547476e-01 2.206743952675116124e-02
9.143895266752954942e-01 2.023195175482631059e-02
9.229533283072136607e-01 1.845796608901966590e-02
9.311004204090876923e-01 1.675007869211614028e-02
9.388231711508941979e-01 1.511277077975807515e-02
9.461143633741048165e-01 1.355039235709272483e-02
9.529671991296984057e-01 1.206714540066802961e-02
9.593753037513498283e-01 1.066706666009525212e-02
9.653327294836604455e-01 9.354010266873749938e-03
9.708339586882966943e-01 8.131630347512470991e-03
9.758739066533798079e-01 7.003363844512826286e-03
9.804479240333686674e-01 5.972413751793156575e-03
9.845517989479588561e-01 5.041732970686843562e-03
9.881817587691232863e-01 4.214008988736393964e-03
9.913344716253323918e-01 3.491649576213531198e-03
9.940070476512278264e-01 2.876769684730806284e-03
9.961970400095621070e-01 2.371179718661620400e-03
9.979024457101277612e-01 1.976375333578288523e-03
9.991217062477034672e-01 1.693528896830869468e-03
9.998537080778207020e-01 1.523482724042819021e-03
1.000000000000000000e+00 1.466744182049189386e-03
