1.000000000000000000e+00 -1.459528952575749917e-03
9.995734130864941669e-01 -1.470033374274213114e-03
9.988193677851590069e-01 -1.501553798817598312e-03
9.975635750780620370e-01 -1.554111974323387543e-03
9.958074570896171540e-01 -1.627745036952384832e-03
9.935530006756339017e-01 -1.722506810244296086e-03
9.908027533469946357e-01 -1.838469555663476297e-03
9.875598180877348531e-01 -1.975726107456997425e-03
9.838278471101141731e-01 -2.134392308106186111e-03
9.796110345968680466e-01 -2.314609645500089602e-03
9.749141084874043406e-01 -2.516547979792031851e-03
9.697423213701159561e-01 -2.740408237001280747e-03
9.641014405471243220e-01 -2.986424938034547283e-03
9.579977373406063368e-01 -3.254868426134371016e-03
9.514379757113285985e-01 -3.546046652974186621e-03
9.444294002601490989e-01 -3.860306383817905390e-03
9.369797236820793795e-01 -4.198033685414436465e-03
9.290971137400954039e-01 -4.559653566605499815e-03
9.207901798223492307e-01 -4.945628650945900137e-03
9.120679591419230681e-01 -5.356456772870988453e-03
9.029399026328932543e-01 -5.792667403936713547e-03
8.934158605904654049e-01 -6.254816833211782404e-03
8.835060680964644808e-01 -6.743482045749949264e-03
8.732211302647427953e-01 -7.259253264926506313e-03
8.625720073343041694e-01 -7.802725147937686345e-03
8.515699996313595976e-01 -8.374486648559963109e-03
8.402267324153351868e-01 -8.975109586930277161e-03
8.285541406182237445e-01 -9.605135992216972535e-03
8.165644534818209399e-01 -1.026506431012767437e-02
8.042701790934381201e-01 -1.095533459280404950e-02
7.916840888177709701e-01 -1.167631281329138335e-02
7.788192016208572710e-01 -1.242827446999800189e-02
7.656887682814756957e-01 -1.321138766791120009e-02
7.523062554860187046e-01 -1.402569588238501697e-02
7.386853298047431071e-01 -1.487110062766662175e-02
7.248398415503467529e-01 -1.574734426560348705e-02
7.107838085239478465e-01 -1.665399319986620927e-02
6.965313996585908995e-01 -1.759042170725301502e-02
6.820969185762828513e-01 -1.855579666000323896e-02
6.674947870810085115e-01 -1.954906339138625174e-02
6.527395286170343258e-01 -2.056893295106549183e-02
6.378457517288227407e-01 -2.161387098684810007e-02
6.228281335658077955e-01 -2.268208847547533921e-02
6.077014034818819521e-01 -2.377153450721419467e-02
5.924803267854631406e-01 -2.487989130737236834e-02
5.771796887012020649e-01 -2.600457165274428634e-02
5.618142786085449369e-01 -2.714271881273449399e-02
5.463988746252613771e-01 -2.829120911388634599e-02
5.309482286055255962e-01 -2.944665719321487227e-02
5.154770516220482657e-01 -3.060542397059296330e-02
5.000000000000001110e-01 -3.176362733400015653e-02
4.845316619669851055e-01 -3.291715549427506882e-02
4.690865449781032037e-01 -3.406168292869576897e-02
4.536790637682112659e-01 -3.519268879583974802e-02
4.383235291749443263e-01 -3.630547766833518847e-02
4.230341377660112867e-01 -3.739520239589564504e-02
4.078249622929085993e-01 -3.845688887898300601e-02
3.927099429807159314e-01 -3.948546250410735897e-02
3.777028796502931995e-01 -4.047577596563159408e-02
3.628174246552773874e-01 -4.142263817644858959e-02
3.480670766020748652e-01 -4.232084395142363120e-02
3.334651748068907517e-01 -4.316520413336671913e-02
3.190248944300517753e-01 -4.395057582177536865e-02
3.047592422148049929e-01 -4.467189235984441592e-02
2.906810527457238669e-01 -4.532419273538736137e-02
2.768029851311434308e-01 -4.590265005637485934e-02
2.631375200049571594e-01 -4.640259877172697722e-02
2.496969567358940933e-01 -4.681956032266394035e-02
2.364934107272754771e-01 -4.714926692913276596e-02
2.235388106873947289e-01 -4.738768323930585280e-02
2.108448957502023213e-01 -4.753102559756205298e-02
1.984232123279801030e-01 -4.757577871731384633e-02
1.862851105821816400e-01 -4.751870957908350956e-02
1.744417404055483845e-01 -4.735687841087136973e-02
1.629040468179168977e-01 -4.708764664655751969e-02
1.516827646896444781e-01 -4.670868179828703559e-02
1.407884127201189384e-01 -4.621795921991819073e-02
1.302312866141381864e-01 -4.561376078008008705e-02
1.200214514157567081e-01 -4.489467050459492597e-02
1.101687329771868229e-01 -4.405956728838541364e-02
1.006827085591694704e-01 -4.310761481594488354e-02
9.157269657849767541e-02 -4.203824886644287606e-02
8.284774553773797956e-02 -4.085116221406595582e-02
7.451662219122531794e-02 -3.954628736577026765e-02
6.658779901974350157e-02 -3.812377740681990174e-02
5.906944110356135424e-02 -3.658398524892073761e-02
5.196939249931140092e-02 -3.492744159610591120e-02
4.529516224025903481e-02 -3.315483195951849510e-02
3.905391009150430831e-02 -3.126697306366031659e-02
3.325243220133695943e-02 -2.926478899339126152e-02
2.789714679712423928e-02 -2.714928743289152235e-02
2.299408007857427563e-02 -2.492153634492327158e-02
1.854885246289770390e-02 -2.258264143110375391e-02
1.456666533522369376e-02 -2.013372470163762168e-02
1.105228845362391139e-02 -1.757590446622905520e-02
8.010048151328798965e-03 -1.491027703694041556e-02
5.443816469291670387e-03 -1.213790040886358022e-02
3.357001340358429023e-03 -9.259780155974107335e-03
1.752537932137568279e-03 -6.276857747817912031e-03
6.328812395231156029e-04 -3.190001458173915942e-03
0.000000000000000000e+00 0.000000000000000000e+00
-1.394416052547155639e-04 3.249199605325763830e-03
2.207336395908727524e-04 6.513416708383576795e-03
1.081034056561574900e-03 9.791162634113448338e-03
2.441482216230565164e-03 1.308040557500465308e-02
4.301611253533541707e-03 1.637858154808581601e-02
6.660460817687367460e-03 1.968260988958150590e-02
9.516572726028982646e-03 2.298891312765704437e-02
1.286798640847122005e-02 2.629344102978785000e-02
1.671223424448277026e-02 2.959169857986283098e-02
2.104633690772222954e-02 3.287877760164310131e-02
2.586679884443758917e-02 3.614939171011758573e-02
3.116960402024434099e-02 3.939791424101797557e-02
3.695021207575982514e-02 4.261841878165783387e-02
4.320355503466924429e-02 4.580472190364524160e-02
4.992403470807085797e-02 4.895042768014654794e-02
5.710552093639292143e-02 5.204897355745000814e-02
6.474135080483114923e-02 5.509367714271882349e-02
7.282432896024694513e-02 5.807778346711377215e-02
8.134672914694060508e-02 6.099451228590255236e-02
9.030029706588318938e-02 6.383710498469646888e-02
9.967625464712276395e-02 6.659887067343976674e-02
1.094653058084541497e-01 6.927323106702319711e-02
1.196576437554022210e-01 7.185376377315096097e-02
1.302429598584697312e-01 7.433424363403880186e-02
1.412104541238080602e-01 7.670868179828704836e-02
1.525488472533943762e-01 7.897136223243692021e-02
1.642463942707999003e-01 8.111687541780050748e-02
1.762908996691289476e-01 8.314014901665527091e-02
1.886697340190436334e-01 8.503647533225951183e-02
2.013698519573246526e-01 8.680153542881047235e-02
2.143778114604745766e-01 8.843141981984618816e-02
2.276797942937280883e-01 8.992264567608496129e-02
2.412616275137350330e-01 9.127217054571543087e-02
2.551088058933278502e-01 9.247740262109688247e-02
2.692065151293098202e-01 9.353620762514905373e-02
2.835396556892034736e-01 9.444691242784804264e-02
2.980928671504144978e-01 9.520830553770506799e-02
3.128505528852705275e-01 9.581963464441772826e-02
3.277969049478181018e-01 9.628060141664041005e-02
3.429159290229777945e-01 9.659135378267205696e-02
3.581914693054934484e-01 9.675247594150904185e-02
3.736072331848521721e-01 9.676497636694750271e-02
3.891468156227417818e-01 9.663027407808794100e-02
4.047937231213670217e-01 9.635018345563055309e-02
4.205313971937580941e-01 9.592689788475025625e-02
4.363432372607515264e-01 9.536297250219410993e-02
4.522126229132745201e-01 9.466130631770039439e-02
4.681229354925836583e-01 9.382512396813011413e-02
4.840575789548868246e-01 9.285795734712321003e-02
5.000000000000001110e-01 9.176362733400014737e-02
5.159337074560800263e-01 9.054622582344111492e-02
5.318422909237878748e-01 8.921009823264920702e-02
5.477094386932531700e-01 8.775982663574699583e-02
5.635189549557595434e-01 8.620021364659341545e-02
5.792547763390291093e-01 8.453626714159886979e-02
5.949009878002616825e-01 8.277318588401991195e-02
6.104418379146607787e-01 8.091634608119477323e-02
6.258617535990472769e-01 7.897128887679123743e-02
6.411453543104066455e-01 7.694370875190854886e-02
6.562774657579133475e-01 7.483944278231390024e-02
6.712431331642830790e-01 7.266446067465992531e-02
6.860276341083952900e-01 7.042485548264557083e-02
7.006164909761898318e-01 6.812683488511366015e-02
7.149954830411250351e-01 6.577671289232688012e-02
7.291506581891999961e-01 6.338090183437769531e-02
7.430683442969725494e-01 6.094590447703648883e-02
7.567351602643526132e-01 5.847830610543647278e-02
7.701380266975212940e-01 5.598476641486335725e-02
7.832641762312735345e-01 5.347201105053832337e-02
7.961011634747021670e-01 5.094682264453979925e-02
8.086368745595384766e-01 4.841603120774967683e-02
8.208595362668688056e-01 4.588650374769941143e-02
8.327577247054285259e-01 4.336513299914607211e-02
8.443203735133535393e-01 4.085882517280967768e-02
8.555367815551878641e-01 3.837448664855996200e-02
8.663966200871076051e-01 3.591900956205825585e-02
8.768899393657167973e-01 3.349925625799737849e-02
8.870071746793249945e-01 3.112204260817817703e-02
8.967391517852252303e-01 2.879412021826610601e-02
9.060770917420541970e-01 2.652215757268829022e-02
9.150126151326388735e-01 2.431272019233063700e-02
9.235377456796660667e-01 2.217224990399368351e-02
9.316449132638484620e-01 2.010704334355401662e-02
9.393269563617843154e-01 1.812322983604451251e-02
9.465771239282191329e-01 1.622674881504367755e-02
9.533890767546909784e-01 1.442332696051348145e-02
9.597568883433746922e-01 1.271845524827372106e-02
9.656750453411272472e-01 1.111736611539219412e-02
9.711384475841096098e-01 9.625010953727582835e-03
9.761424078077493016e-01 8.246038148543608642e-03
9.806826510800752406e-01 6.984771880439603897e-03
9.847553140185169029e-01 5.845191906790282201e-03
9.883569438510125815e-01 4.830914533476397127e-03
9.914844973816941964e-01 3.945174979015923095e-03
9.941353399195038687e-01 3.190811321389686993e-03
9.963072442248608329e-01 2.570250203093425809e-03
9.979983895250179593e-01 2.085494452462722473e-03
9.992073606431125521e-01 1.738112759383272183e-03
9.999331472792374331e-01 1.529231521426059701e-03
1.000000000000000000e+00 1.459528952575749917e-03
