1.000000000000000000e+00 -1.253746859664564171e-03
9.996245008117007336e-01 -1.263522812160651878e-03
9.988743930602487220e-01 -1.292824841224144089e-03
9.976250989004679104e-01 -1.341575870404680638e-03
9.958779449837403819e-01 -1.409648792030586406e-03
9.936347856572068649e-01 -1.496868463176743210e-03
9.908980000229390406e-01 -1.603014433370891301e-03
9.876704881905717937e-01 -1.727824338903094807e-03
9.839556667477497021e-01 -1.870997882126446653e-03
9.797574634771503144e-01 -2.032201299209482250e-03
9.750803113526985699e-01 -2.211072206715385385e-03
9.699291418508181328e-01 -2.407224706398050206e-03
9.643093776150963858e-01 -2.620254618942143877e-03
9.582269245145779157e-01 -2.849744711220645287e-03
9.516881631369823458e-01 -3.095269778140649457e-03
9.446999397584954217e-01 -3.356401439386857803e-03
9.372695568314212133e-01 -3.632712513408326016e-03
9.294047630299254736e-01 -3.923780835821132768e-03
9.211137428924139892e-01 -4.229192396970546386e-03
9.124051060968420002e-01 -4.548543683615792824e-03
9.032878764025032980e-01 -4.881443122415155336e-03
8.937714802887115617e-01 -5.227511537921307114e-03
8.838657353173513531e-01 -5.586381554897558097e-03
8.735808382426515362e-01 -5.957695893674784179e-03
8.629273528878260713e-01 -6.341104527671989621e-03
8.519161978045499684e-01 -6.736260693765455665e-03
8.405586337277107800e-01 -7.142815768543753219e-03
8.288662508345698843e-01 -7.560413046258721015e-03
8.168509558145257143e-01 -7.988680477061589624e-03
8.045249587531352331e-01 -8.427222446518587567e-03
7.919007598320172425e-01 -8.875610699010022531e-03
7.789911358447906276e-01 -9.333374528052496011e-03
7.658091265283203386e-01 -9.799990375454408625e-03
7.523680207082893423e-01 -1.027487099816163513e-02
7.386813422584975752e-01 -1.075735437634574646e-02
7.247628358742739252e-01 -1.124669254841789354e-02
7.106264526619895383e-01 -1.174204056796618323e-02
6.962863355487645123e-01 -1.224244578388415661e-02
6.817568045190892656e-01 -1.274683764801416361e-02
6.670523416880647094e-01 -1.325401825434926323e-02
6.521875762242932417e-01 -1.376265381015083153e-02
6.371772691389634424e-01 -1.427126723223611990e-02
6.220362979612923393e-01 -1.477823205121153033e-02
6.067796413240847953e-01 -1.528176779267753985e-02
5.914223634866417889e-01 -1.577993698756123900e-02
5.759795988254604593e-01 -1.627064394395799293e-02
5.604665363260348254e-01 -1.675163539044170757e-02
5.448984041114612875e-01 -1.722050307604386377e-02
5.292904540453963191e-01 -1.767468838535776049e-02
5.136579464481280111e-01 -1.811148899888358893e-02
4.980161349650295555e-01 -1.852806759921434704e-02
4.823802516264352747e-01 -1.892146259341905001e-02
4.667654921369717713e-01 -1.928860079147208528e-02
4.511870014305877641e-01 -1.962631195028220060e-02
4.356598595249729367e-01 -1.993134506326865729e-02
4.201990677057615975e-01 -2.020038624699303786e-02
4.048195350669418491e-01 -2.043007804954016793e-02
3.895360654293050229e-01 -2.061703998059796761e-02
3.743633446536598908e-01 -2.075789004092339074e-02
3.593159283600119158e-01 -2.084926700948522282e-02
3.444082300580849076e-01 -2.088785323038128833e-02
3.296545096885672432e-01 -2.087039762893220379e-02
3.150688625684399669e-01 -2.079373867740098858e-02
3.006652087278228191e-01 -2.065482702575961726e-02
2.864572826200996181e-01 -2.045074751195397056e-02
2.724586231817978654e-01 -2.017874026926847614e-02
2.586825642139245485e-01 -1.983622065566950643e-02
2.451422250523286051e-01 -1.942079774134860409e-02
2.318505014912738971e-01 -1.893029110597561904e-02
2.188200569218659852e-01 -1.836274571621974994e-02
2.060633136453473291e-01 -1.771644467666530498e-02
1.942819505068876795e-01 -1.702423699822002562e-02
1.833882746996220725e-01 -1.647108117629044605e-02
1.727241756635570502e-01 -1.606954465689455769e-02
1.622932210773943007e-01 -1.580160518683756954e-02
1.520998491455620438e-01 -1.564930848907510746e-02
1.421493838415734401e-01 -1.559474802161003176e-02
1.324480248126261861e-01 -1.562005078385257650e-02
1.230028150549106469e-01 -1.570737172639278395e-02
1.138215898582372182e-01 -1.583889847834521122e-02
1.049129106672303247e-01 -1.599686730471867532e-02
9.628598745535729697e-02 -1.616359049054265709e-02
8.795059300459065477e-02 -1.632149474762448552e-02
7.991697217488884231e-02 -1.645316976719385024e-02
7.219574887724369838e-02 -1.654142569796294288e-02
6.479783306829461909e-02 -1.656935810555553931e-02
5.773432969194609160e-02 -1.652041885104188132e-02
5.101645112445217511e-02 -1.637849129553364466e-02
4.465543434702104464e-02 -1.612796827574117936e-02
3.866246378089713970e-02 -1.575383138426842550e-02
3.304860047595337830e-02 -1.524173021239266616e-02
2.782471814334210036e-02 -1.457806035885319054e-02
2.300144636164920889e-02 -1.375003916515997980e-02
1.858912115879266663e-02 -1.274577829812316779e-02
1.459774307252629036e-02 -1.155435245799599740e-02
1.103694271470615461e-02 -1.016586364206447345e-02
7.915953802576956161e-03 -8.571500536493512068e-03
5.243593568906145669e-03 -6.763592742721467356e-03
3.028250417063270330e-03 -4.735659668462791766e-03
1.277878643002211025e-03 -2.482454027749700365e-03
0.000000000000000000e+00 0.000000000000000000e+00
-7.844390087338110398e-04 2.679708140120726917e-03
-1.054978845334829298e-03 5.523021396806271355e-03
-8.055581719861423969e-04 8.528958822397311387e-03
-3.065511705472017540e-05 1.169453104302245472e-02
1.274716690156186064e-03 1.501473892535874245e-02
3.115006198784988495e-03 1.848258142314633881e-02
5.494116902460009777e-03 2.208907234486675100e-02
8.415392509719715058e-03 2.582326583137276726e-02
1.188159617971494553e-02 2.967229038951530243e-02
1.589488322889309052e-02 3.362139139574796265e-02
2.045676726487740543e-02 3.765398206285640315e-02
2.556807976472760813e-02 4.175170295333915232e-02
3.122892319156668137e-02 4.589449022375015341e-02
3.743861784203455362e-02 5.006065289348121672e-02
4.419564274333758619e-02 5.422695954545798946e-02
5.149757107889271768e-02 5.836873497953194018e-02
5.934100082116762487e-02 6.245996744413123691e-02
6.772148149339426992e-02 6.647342715756536513e-02
7.663343827008098352e-02 7.038079688411028045e-02
8.607009495782233510e-02 7.415281533595027841e-02
9.602339776607236865e-02 7.775943411254571114e-02
1.064839421693002108e-01 8.116998874543518427e-02
1.174409055569142352e-01 8.435338417105223141e-02
1.288819887370152295e-01 8.727829459212863017e-02
1.407933696678904945e-01 8.991337720100361919e-02
1.531596729939169732e-01 9.222749862637912022e-02
1.659639590127912345e-01 9.418997224216175967e-02
1.791877355516885151e-01 9.577080367193541166e-02
1.928109958401360569e-01 9.694094098121963654e-02
2.061514340621796448e-01 9.771178217474159322e-02
2.190965652260033203e-01 9.831781852137272404e-02
2.323227035297296683e-01 9.880159734839223662e-02
2.458163591973005213e-01 9.916225198982681066e-02
2.595637616843604611e-01 9.939927710603063682e-02
2.735508770786553856e-01 9.951252857657136297e-02
2.877634258148277224e-01 9.950222078546745730e-02
3.021869006373966715e-01 9.936892145469963800e-02
3.168065847468823359e-01 9.911354420653595287e-02
3.316075700661416104e-01 9.873733905650233789e-02
3.465747755669677521e-01 9.824188105655035086e-02
3.616929656007589200e-01 9.762905732192529717e-02
3.769467681814854809e-01 9.690105268529079774e-02
3.923206931741526904e-01 9.606033422774985786e-02
4.077991503473337720e-01 9.510963493850875528e-02
4.233664672540077833e-01 9.405193675311343537e-02
4.390069069107229160e-01 9.289045321456491922e-02
4.547046852508980219e-01 9.162861199236221887e-02
4.704439883337150907e-01 9.027003748186003540e-02
4.862089892954366555e-01 8.881853369054058811e-02
5.019838650349706111e-01 8.727806759921433177e-02
5.177528126300002809e-01 8.565275316514550652e-02
5.335000654839171519e-01 8.394683611104719612e-02
5.492099092070532595e-01 8.216467961923530627e-02
5.648666972382696549e-01 8.031075102441513625e-02
5.804548662147707150e-01 7.838960957206107805e-02
5.959589510990830341e-01 7.640589528260047225e-02
6.113636000724579356e-01 7.436431893508872737e-02
6.266535892035627331e-01 7.226965315821481939e-02
6.418138369002659438e-01 7.012672459173398265e-02
6.568294181506544316e-01 6.794040705819882897e-02
6.716855785572268811e-01 6.571561566352251971e-02
6.863677481655888757e-01 6.345730172579826245e-02
7.008615550860162191e-01 6.117044841521561416e-02
7.151528389030833432e-01 5.886006697409920663e-02
7.292276638652728238e-01 5.653119337525476518e-02
7.430723318432180813e-01 5.418888526907821024e-02
7.566733950420819754e-01 5.183821906536199842e-02
7.700176684506766511e-01 4.948428699444626377e-02
7.830922420073401780e-01 4.713219399429566941e-02
7.958844924604558946e-01 4.478705427515083243e-02
8.083820948998413636e-01 4.245398742148280558e-02
8.205730339341640311e-01 4.013811390188766481e-02
8.324456144890823861e-01 3.784454987106399687e-02
8.439884722009779461e-01 3.557840116386343926e-02
8.551905833819974934e-01 3.334475639926991891e-02
8.660412745335857032e-01 3.114867913172349873e-02
8.765302313878080565e-01 2.899519900809028466e-02
8.866475074584381222e-01 2.688930191040348611e-02
8.963835320869790735e-01 2.483591908688203426e-02
9.057291179724441532e-01 2.283991529624606470e-02
9.146754681777199414e-01 2.090607601262162163e-02
9.232141826096013082e-01 1.903909375994069716e-02
9.313372639740183923e-01 1.724355366533391470e-02
9.390371232124424816e-01 1.552391834021659908e-02
9.463065844298728102e-01 1.388451221525313639e-02
9.531388893290372311e-01 1.232950547084163406e-02
9.595277011694031133e-01 1.086289771793559969e-02
9.654671082731551834e-01 9.488501594673147410e-03
9.709516271034074331e-01 8.209926452242872694e-03
9.759762049424550723e-01 7.030562308538568575e-03
9.805362221997929728e-01 5.953564250355099230e-03
9.846274943808813740e-01 4.981837464117419220e-03
9.882462737481756410e-01 4.118023071418499756e-03
9.913892507057497916e-01 3.364484939041120087e-03
9.940535549379309055e-01 2.723297623747301163e-03
9.962367563307376050e-01 2.196235600102784680e-03
9.979368657026120859e-01 1.784763905153423326e-03
9.991523353680228370e-01 1.490030317125246246e-03
9.998820595540308664e-01 1.312859166753975850e-03
1.000000000000000000e+00 1.253746859664564171e-03
