1.000000000000000000e+00 -1.668033088657999751e-03
9.995477177870125685e-01 -1.684266581109946639e-03
9.987916540095909124e-01 -1.732958552974802821e-03
9.975325169032794870e-01 -1.814083861950966520e-03
9.957717580085283515e-01 -1.927601839812799088e-03
9.935114050153575072e-01 -2.073458105361008792e-03
9.907540573445161591e-01 -2.251587022426290198e-03
9.875028805332151105e-01 -2.461914724666525080e-03
9.837615994737997083e-01 -2.704362609170217827e-03
9.795344905623531995e-01 -2.978851183067210938e-03
9.748263728216653989e-01 -3.285304131816004902e-03
9.696425980691163460e-01 -3.623652464910483584e-03
9.639890402046955575e-01 -3.993838584707884963e-03
9.578720836975515018e-01 -4.395820117163519274e-03
9.512986113510885078e-01 -4.829573339651873666e-03
9.442759914267154775e-01 -5.295096040879446533e-03
9.368120642049576619e-01 -5.792409651232933131e-03
9.289151280598273441e-01 -6.321560488759750927e-03
9.205939251182551075e-01 -6.882619976298723699e-03
9.118576265711575424e-01 -7.475683698956816364e-03
9.027158176965245362e-01 -8.100869187981354566e-03
8.931784826479826078e-01 -8.758312336888776292e-03
8.832559890548316028e-01 -9.448162378173386236e-03
8.729590724718160333e-01 -1.017057537370678021e-02
8.622988207091039081e-01 -1.092570619865167875e-02
8.512866580653718485e-01 -1.171369902692566758e-02
8.399343294797624315e-01 -1.253467635548312364e-02
8.282538846119947840e-01 -1.338872663445718134e-02
8.162576618543175844e-01 -1.427589059997246348e-02
8.039582722744308407e-01 -1.519614643570074003e-02
7.913685834851329481e-01 -1.614939391742217442e-02
7.785017034343989506e-01 -1.713543772146487731e-02
7.653709641089010418e-01 -1.815397010239508738e-02
7.519899051447092031e-01 -1.920455316722939620e-02
7.383722573410124168e-01 -2.028660099228825689e-02
7.245319260761429181e-01 -2.139936184417357001e-02
7.104829746298637616e-01 -2.254190077787998972e-02
6.962396074216194997e-01 -2.371308289242205630e-02
6.818161531811319787e-01 -2.491155752733528045e-02
6.672270480750602806e-01 -2.613574368181812227e-02
6.524868188212572528e-01 -2.738381693202115649e-02
6.376100658301382396e-01 -2.865369811104499440e-02
6.226114464205764198e-01 -2.994304400063722491e-02
6.075056581652549248e-01 -3.124924026352910236e-02
5.923074224272631971e-01 -3.256939682104323386e-02
5.770314681556429903e-01 -3.390034585234021069e-02
5.616925160123152905e-01 -3.523864255982932930e-02
5.463052629061191379e-01 -3.658056881028870500e-02
5.308843670113639890e-01 -3.792213972363371599e-02
5.154444333481887908e-01 -3.925911324159539473e-02
5.000000000000001110e-01 -4.058700266742873430e-02
4.845655250392778557e-01 -4.190109212580349352e-02
4.691553742270689331e-01 -4.319645484989760587e-02
4.537838095435638430e-01 -4.446797416109261186e-02
4.384649785973866454e-01 -4.571036696623011902e-02
4.232129049497436180e-01 -4.691820955879890537e-02
4.080414793765901327e-01 -4.808596547431252810e-02
3.929644520777140770e-01 -4.920801511712129955e-02
3.779954258263961697e-01 -5.027868684653011289e-02
3.631478500374047957e-01 -5.129228918487413469e-02
3.484350157148675131e-01 -5.224314378957330141e-02
3.338700512253959252e-01 -5.312561881551008947e-02
3.194659188261075866e-01 -5.393416228364628778e-02
3.052354118622614410e-01 -5.466333506681222282e-02
2.911911525354752839e-01 -5.530784310418987437e-02
2.773455901312744110e-01 -5.586256846219798261e-02
2.637109995843592292e-01 -5.632259887121436603e-02
2.502994802517626294e-01 -5.668325538469101005e-02
2.371229547582431596e-01 -5.694011782950544887e-02
2.241931677750318985e-01 -5.708904774353099065e-02
2.115216845925507183e-01 -5.712620852801724575e-02
1.991198893500469858e-01 -5.704808257799763582e-02
1.869989827902568125e-01 -5.685148519306483517e-02
1.751699794151732603e-01 -5.653357511291934312e-02
1.636437039296685103e-01 -5.609186156648567761e-02
1.524307868729185000e-01 -5.552420776947089576e-02
1.415416593530938738e-01 -5.482883085234367682e-02
1.309865468183336046e-01 -5.400429824816802005e-02
1.207754618162783095e-01 -5.304952061685336284e-02
1.109181957150485454e-01 -5.196374142851577921e-02
1.014243093801184964e-01 -5.074652337313354661e-02
9.230312282360889076e-02 -4.939773180589610707e-02
8.356370386470163281e-02 -4.791751547700735803e-02
7.521485586168205617e-02 -4.630628483066233370e-02
6.726510459712567447e-02 -4.456468818998203518e-02
5.972268441752496410e-02 -4.269358617242553777e-02
5.259552374678583275e-02 -4.069402470323098264e-02
4.589123010915183154e-02 -3.856720701245965055e-02
3.961707481088002497e-02 -3.631446501399446941e-02
3.377997744111548017e-02 -3.393723047221332279e-02
2.838649036065295228e-02 -3.143700636392970232e-02
2.344278335243795558e-02 -2.881533883955084488e-02
1.895462860964245225e-02 -2.607379017831029308e-02
1.492738623588045835e-02 -2.321391311801581162e-02
1.136599042761937857e-02 -2.023722692021552236e-02
8.274936501171316350e-03 -1.714519550729943012e-02
5.658268915938891724e-03 -1.393920797913988062e-02
3.519570432058203961e-03 -1.062056178383750243e-02
1.861952524462332122e-03 -7.190448780403732414e-03
6.880471570072461875e-04 -3.649944391281034501e-03
0.000000000000000000e+00 0.000000000000000000e+00
-1.946075227388462570e-04 3.709142538432882389e-03
1.113190472661089100e-04 7.427007740969397177e-03
9.184649648617999613e-04 1.115194426197684344e-02
2.227029769583343394e-03 1.488171314528095347e-02
4.036722903691023455e-03 1.861350001844483057e-02
6.346758843691900284e-03 2.234393234356797306e-02
9.155851825372218061e-03 2.606910154403523430e-02
1.246221026172647170e-02 2.978458977699438917e-02
1.626353097061909031e-02 3.348550107449040775e-02
2.055699334419351654e-02 3.716649653268128822e-02
2.533925360465906149e-02 4.082183318893964352e-02
3.060643930086863126e-02 4.444540619135212839e-02
3.635414420686702841e-02 4.803079383459898932e-02
4.257742378719481247e-02 5.157130501077031304e-02
4.927079139410724812e-02 5.506002860365134810e-02
5.642821535901073465e-02 5.848988434061214159e-02
6.404311713437441100e-02 6.185367460761088954e-02
7.210837063328329188e-02 6.514413673005517436e-02
8.061630290182938974e-02 6.835399522535577643e-02
8.955869624493416337e-02 7.147601354188512501e-02
9.892679190926104149e-02 7.450304481357013231e-02
1.087112954079325483e-01 7.742808117928162703e-02
1.189023835512067889e-01 8.024430124123888008e-02
1.294897132254947958e-01 8.294511526646429489e-02
1.404624319405340382e-01 8.552420776947089465e-02
1.518091901416427636e-01 8.797557715236506426e-02
1.635181552611750244e-01 9.029357211984848086e-02
1.755770274610537751e-01 9.247292463063659651e-02
1.879730569969767506e-01 9.450877919294330132e-02
2.006930631149762556e-01 9.639671835926566512e-02
2.137234543728374070e-01 9.813278432407132601e-02
2.270502502627604058e-01 9.971349657645764419e-02
2.406591039978665247e-01 1.011358656077424867e-01
2.545353263139257805e-01 1.023974027205842713e-01
2.686639101291788401e-01 1.034961260309721909e-01
2.830295558994520566e-01 1.044305627966505556e-01
2.976166975029580497e-01 1.051997482446728749e-01
3.124095284892147162e-01 1.058032211062886474e-01
3.273920285293129284e-01 1.062410160987837804e-01
3.425479899101851466e-01 1.065136536208217272e-01
3.578610439233660401e-01 1.066221269499345869e-01
3.733146870087492020e-01 1.065678872478460215e-01
3.888923065257436362e-01 1.063528266911018816e-01
4.045772060376854884e-01 1.059792600509600752e-01
4.203526300100257629e-01 1.054499050476535027e-01
4.362017878383092073e-01 1.047678618000890405e-01
4.521078771379219430e-01 1.039365916829532721e-01
4.680541062436179289e-01 1.029598958893319510e-01
4.840237158825940744e-01 1.018418939786516347e-01
5.000000000000001110e-01 1.005870026674287321e-01
5.159663257299395012e-01 9.919991509444353595e-02
5.319061525179494820e-01 9.768558076306806115e-02
5.478030504123954092e-01 9.604918633214934442e-02
5.636407175519891899e-01 9.429613739368825076e-02
5.794029968845881839e-01 9.243204134119480109e-02
5.950738921584616259e-01 9.046269139769076706e-02
6.106375832312878060e-01 8.839405183750968786e-02
6.260784407442786526e-01 8.623224440195312313e-02
6.413810402090911467e-01 8.398353587610543625e-02
6.565301755536904205e-01 8.165432676326955796e-02
6.715108721702313099e-01 7.925114096509179584e-02
6.863083995035461626e-01 7.678061634997762619e-02
7.009082832131612317e-01 7.424949607028269449e-02
7.152963169352091199e-01 7.166462047034066751e-02
7.294585736634038309e-01 6.903291941294777134e-02
7.433814167607032397e-01 6.636140484165813092e-02
7.570515106056621146e-01 6.365716339028085202e-02
7.704558308700959479e-01 6.092734884934725148e-02
7.835816744177318549e-01 5.817917430200519879e-02
7.964166688073401890e-01 5.541990374867059033e-02
8.089487813785457559e-01 5.265684305064636389e-02
8.211663278943721611e-01 4.989733003754420748e-02
8.330579807116574864e-01 4.714872364138628091e-02
8.446127764489262946e-01 4.441839194136252417e-02
8.558201231211756133e-01 4.171369902692566300e-02
8.666698067123078664e-01 3.904199061277224825e-02
8.771519971586435593e-01 3.641057836677764892e-02
8.872572537209578725e-01 3.382672294060161400e-02
8.969765297277080274e-01 3.129761572194309643e-02
9.063011766784229151e-01 2.883035935673292777e-02
9.152229477034043992e-01 2.643194711841646491e-02
9.237340003837601898e-01 2.410924122934651054e-02
9.318268989441165218e-01 2.186895026570826600e-02
9.394946158389060331e-01 1.971760580186300918e-02
9.467305327616527544e-01 1.766153847210522043e-02
9.535284411149310690e-01 1.570685364719116850e-02
9.598825419864295272e-01 1.385940693930286932e-02
9.657874456835560117e-01 1.212477976206553093e-02
9.712381708851092199e-01 1.050825518163678654e-02
9.762301434734882433e-01 9.014794300567580826e-03
9.807591951145900877e-01 7.649013418006725233e-03
9.848215616548313678e-01 6.415162207854313917e-03
9.884138814055323241e-01 5.317103150685923915e-03
9.915331933841726730e-01 4.358292445778736562e-03
9.941769355797802632e-01 3.541762616506399699e-03
9.963429433059496354e-01 2.870107005953840065e-03
9.980294476998005093e-01 2.345466340090301451e-03
9.992350744186806466e-01 1.969517513540476692e-03
9.999588425787190316e-01 1.743464728261793226e-03
1.000000000000000000e+00 1.668033088657999751e-03
