1.000000000000000000e+00 -1.257947881374188405e-03
9.996794487880218405e-01 -1.278409171289958879e-03
9.989337006966946264e-01 -1.339739845541538642e-03
9.976916446414896278e-01 -1.441780827720301299e-03
9.959545655183515978e-01 -1.584268680533679977e-03
9.937242596893283153e-01 -1.766838105357387920e-03
9.910030325061599532e-01 -1.989025371220498519e-03
9.877936951486392392e-01 -2.250272604398756947e-03
9.840995607938926026e-01 -2.549932852328733179e-03
9.799244401356757006e-01 -2.887275819692826980e-03
9.752726362753698641e-01 -3.261494160562010934e-03
9.701489390085565878e-01 -3.671710198685742242e-03
9.645586185327961193e-01 -4.116982938615842968e-03
9.585074186035364985e-01 -4.596315223531441743e-03
9.520015491659087337e-01 -5.108660891543527482e-03
9.450476784905161853e-01 -5.652931780989123127e-03
9.376529248412415196e-01 -6.228004436833330451e-03
9.298248477025584657e-01 -6.832726374774238456e-03
9.215714385929061336e-01 -7.465921766940673658e-03
9.129011114894085566e-01 -8.126396423085623100e-03
9.038226928876278432e-01 -8.812941953752066390e-03
8.943454115182082331e-01 -9.524339016837191085e-03
8.844788877402571803e-01 -1.025935956605220599e-02
8.742331226291844004e-01 -1.101676803870049216e-02
8.636184867745506644e-01 -1.179532144065559632e-02
8.526457088013413843e-01 -1.259376830807214243e-02
8.413258636260407819e-01 -1.341084654783176663e-02
8.296703604569974910e-01 -1.424528018163899283e-02
8.176909305469240996e-01 -1.509577504161853899e-02
8.053996147039873543e-01 -1.596101348784453866e-02
7.928087505668817148e-01 -1.683964824002787131e-02
7.799309596485810570e-01 -1.773029543622195447e-02
7.667791341531243754e-01 -1.863152705048811558e-02
7.533664235698674938e-01 -1.954186281863158625e-02
7.397062210500803259e-01 -2.045976183605272003e-02
7.258121495716148841e-01 -2.138361400414418023e-02
7.116980478985767133e-01 -2.231173151125554616e-02
6.973779563444454377e-01 -2.324234054081721068e-02
6.828661023489270843e-01 -2.417357340259983223e-02
6.681768858808443401e-01 -2.510346128316578995e-02
6.533248646816022243e-01 -2.602992780827843855e-02
6.383247393660829161e-01 -2.695078360336572443e-02
6.231913384001767087e-01 -2.786372202813101190e-02
6.079396029764707610e-01 -2.876631624817049815e-02
5.925845718118166738e-01 -2.965601779014557376e-02
5.771413658925040879e-01 -3.053015670788481253e-02
5.616251731945194337e-01 -3.138594346500830912e-02
5.460512334077979313e-01 -3.222047261558465270e-02
5.304348226944166633e-01 -3.303072833829633070e-02
5.147912385113008193e-01 -3.381359185198396650e-02
4.991357845281559347e-01 -3.456585071168054302e-02
4.834837556709948858e-01 -3.528420995477188349e-02
4.678504233207708696e-01 -3.596530503718616684e-02
4.522510206952545797e-01 -3.660571646999023765e-02
4.367007284404275658e-01 -3.720198603792299746e-02
4.212146604553158591e-01 -3.775063445369551685e-02
4.058078499714053433e-01 -3.824818027578083535e-02
3.904952359046116039e-01 -3.869115989334673267e-02
3.752916494942759584e-01 -3.907614836035111505e-02
3.602118012399107005e-01 -3.939978084200435049e-02
3.452702681424850151e-01 -3.965877442113707740e-02
3.304814812530245671e-01 -3.984994999978636043e-02
3.158597135272770418e-01 -3.997025402277216977e-02
3.014190679812692730e-01 -4.001677974536045623e-02
2.874539581191539739e-01 -4.001597608493898117e-02
2.737227496196515952e-01 -4.000576215680062830e-02
2.602061182704824560e-01 -3.998085510720239544e-02
2.469156119071432565e-01 -3.993564071333498278e-02
2.338626018643707727e-01 -3.986456056472123533e-02
2.210582863398459497e-01 -3.976214037133161266e-02
2.085136934763454353e-01 -3.962301643314628669e-02
1.962396839711014751e-01 -3.944196007060747633e-02
1.842469530290418434e-01 -3.921389984725623390e-02
1.725460314882962809e-01 -3.893394144931724976e-02
1.611472859616790432e-01 -3.859738512154175377e-02
1.500609178564852597e-01 -3.819974059371386566e-02
1.392969611565149646e-01 -3.773673946733907547e-02
1.288652788743325228e-01 -3.720434506666468050e-02
1.187755581078932393e-01 -3.659875979184648576e-02
1.090373036632979464e-01 -3.591643004432806124e-02
9.965983023402251451e-02 -3.515404882492940974e-02
9.065225315591173005e-02 -3.430855613337695231e-02
8.202347778597801620e-02 -3.337713732372811493e-02
7.378218758099754082e-02 -3.235721959306672724e-02
6.593683097851574249e-02 -3.124646680074449206e-02
5.849560720762707333e-02 -3.004277283213160205e-02
5.146645117928538155e-02 -2.874425373418333651e-02
4.485701762551314031e-02 -2.734923886003800403e-02
3.867466467331071023e-02 -2.585626126629021054e-02
3.292643705201597770e-02 -2.426404760952990958e-02
2.761904914208702932e-02 -2.257150778824043927e-02
2.275886807858868224e-02 -2.077772457228203862e-02
1.835189712397871167e-02 -1.888194345506355801e-02
1.440375952207822476e-02 -1.688356295326723724e-02
1.091968303843383892e-02 -1.478212556580947752e-02
7.904485381773518338e-03 -1.257730958780007950e-02
5.362560687114345179e-03 -1.026892195681779370e-02
3.297867223587637453e-03 -7.856892288107404990e-03
1.713916469519018507e-03 -5.341268232574632874e-03
6.137636741458990693e-04 -2.722212266999898215e-03
0.000000000000000000e+00 0.000000000000000000e+00
-1.203240398774990303e-04 2.787977164605388424e-03
2.593551022094226334e-04 5.603938464283336751e-03
1.140168173332366469e-03 8.446441879009591522e-03
2.522737998407889939e-03 1.131338645540299302e-02
4.407174023088822334e-03 1.420202229097046638e-02
6.793066232877439069e-03 1.710896530345672184e-02
9.679478539174451654e-03 2.003021665526593179e-02
1.306494174739021401e-02 2.296118666406057537e-02
1.694744624446836365e-02 2.589672299345393419e-02
2.132443456275943949e-02 2.883114288253479582e-02
2.619279399375856743e-02 3.175826914013944041e-02
3.154884943843794254e-02 3.467146959961192598e-02
3.738835669050571964e-02 3.756369970257584373e-02
4.370649635469526367e-02 4.042754785623565994e-02
5.049786860400513888e-02 4.325528318818246815e-02
5.775648897762068051e-02 4.603890530581033341e-02
6.547578541505892635e-02 4.877019565443310722e-02
7.364859671200690849e-02 5.144077005918097634e-02
8.226717256952655044e-02 5.404213203085590778e-02
9.132317539103014525e-02 5.656572641520543621e-02
1.008076839610116404e-01 5.900299296856415660e-02
1.107111991163176185e-01 6.134541945048749279e-02
1.210236514952078846e-01 6.358459383579972979e-02
1.317344114220737050e-01 6.571225526428048358e-02
1.428323009569672786e-01 6.772034336585143477e-02
1.543056081096322307e-01 6.960104562238704495e-02
1.661421031880520038e-01 7.134684245388099588e-02
1.783290572222687442e-01 7.295054974634671008e-02
1.908532623759222613e-01 7.440535857114176366e-02
2.037010542311815386e-01 7.570487187997432255e-02
2.168583358080233559e-01 7.684313799622533026e-02
2.303106031566327927e-01 7.781468076091387076e-02
2.440429723424858699e-01 7.861452623012996077e-02
2.580402076278025536e-01 7.923822585952135233e-02
2.722867506408016558e-01 7.968187614989774570e-02
2.867667503157733666e-01 7.994213476565041610e-02
3.014330413839502176e-01 8.001661373458839044e-02
3.160157337880452610e-01 7.994951842804662312e-02
3.307805985016842865e-01 7.977335729742161818e-02
3.457127374825676447e-01 7.948983753720711976e-02
3.607970927208601353e-01 7.910094099674702672e-02
3.760184633408694133e-01 7.860890855940856625e-02
3.913615226988461093e-01 7.801622355355579408e-02
4.068108354428702778e-01 7.732559445155033628e-02
4.223508745044535218e-01 7.653993711042533787e-02
4.379660379952682869e-01 7.566235680150992793e-02
4.536406659862312063e-01 7.469613026629952357e-02
4.693590571499159925e-01 7.364468802250637158e-02
4.851054852508770443e-01 7.251159712776450439e-02
5.008642154718443429e-01 7.130054458923155980e-02
5.166195205668274726e-01 7.001532158569076514e-02
5.323556968348968077e-01 6.865980864510834447e-02
5.480570799107166158e-01 6.723796189537104007e-02
5.637080603697850467e-01 6.575380047955672880e-02
5.792930991477270863e-01 6.421139520003567303e-02
5.947967427739081492e-01 6.261485842842201555e-02
6.102036384200719699e-01 6.096833529134959573e-02
6.254985487646783637e-01 5.927599611568300925e-02
6.406663666731464701e-01 5.754203009152131232e-02
6.556921296933454490e-01 5.577064008761549452e-02
6.705610343644472504e-01 5.396603853197520784e-02
6.852584503357510570e-01 5.213244425082357025e-02
6.997699342903352937e-01 5.027408014197067010e-02
7.140812436664961682e-01 4.839517154436343699e-02
7.281783501679318649e-01 4.649994515423805375e-02
7.420474530516353306e-01 4.459262833009609850e-02
7.556749921805038239e-01 4.267744862374506926e-02
7.690476608258726143e-01 4.075863337292359029e-02
7.821524182035497486e-01 3.884040919256142449e-02
7.949765017255914223e-01 3.692700120642573858e-02
8.075074389489892424e-01 3.502263186866180072e-02
8.197330592017656459e-01 3.313151923537181742e-02
8.316415048666547793e-01 3.125787455966409084e-02
8.432212423026479442e-01 2.940589909929515119e-02
8.544610723852060774e-01 2.757978004380198106e-02
8.653501406468611101e-01 2.578368548755791481e-02
8.758779470012751922e-01 2.402175839611846164e-02
8.860343550355322950e-01 2.229810953516456196e-02
8.958096008574824021e-01 2.061680935391922015e-02
9.051943014873196081e-01 1.898187883768203549e-02
9.141794627851533850e-01 1.739727936671850439e-02
9.227564869091091637e-01 1.586690164073354531e-02
9.309171793013854002e-01 1.439455374918213910e-02
9.386537552026221753e-01 1.298394848735190919e-02
9.459588456978520465e-01 1.163869003615378150e-02
9.528255033001108432e-01 1.036226013956065284e-02
9.592472070804445305e-01 9.158003927377790510e-03
9.652178673554554500e-01 8.029115542262639169e-03
9.707318299456689781e-01 6.978623738455632351e-03
9.757838800197837781e-01 6.009377625386569562e-03
9.803692455412675866e-01 5.124032732089509393e-03
9.844836003347384734e-01 4.325037568148390639e-03
9.881230667901081954e-01 3.614620853704718709e-03
9.912842182225288790e-01 2.994779584953625399e-03
9.939640809058094550e-01 2.467268092629080947e-03
9.961601357961263892e-01 2.033588239392898536e-03
9.978703199615903685e-01 1.694980887989513529e-03
9.990930277315769326e-01 1.452418755748560546e-03
9.998271115777097595e-01 1.306600752785441613e-03
1.000000000000000000e+00 1.257947881374188405e-03
