1.000000000000000000e+00 -1.469999999999974149e-03
9.997532801828658000e-01 -1.510380631166247274e-03
9.990133642141357795e-01 -1.631408736809084221e-03
9.977809823015399981e-01 -1.832743745398166110e-03
9.960573506572389935e-01 -2.113820665051934292e-03
9.938441702975688852e-01 -2.473853980007423552e-03
9.911436253643444161e-01 -2.911843017419345377e-03
9.879583809693737173e-01 -3.426578698107163659e-03
9.842915805643155380e-01 -4.016651562832127681e-03
9.801468428384716436e-01 -4.680460945571227223e-03
9.755282581475768211e-01 -5.416225147420541258e-03
9.704403844771127829e-01 -6.221992449526239123e-03
9.648882429441257846e-01 -7.095652791083231076e-03
9.588773128419905145e-01 -8.034949929183545642e-03
9.524135262330097884e-01 -9.037493891319046957e-03
9.455032620941841159e-01 -1.010077352875140763e-02
9.381533400219318475e-01 -1.122216897982614321e-02
9.303710135019719329e-01 -1.239896385661831864e-02
9.221639627510076487e-01 -1.362835697599628151e-02
9.135402871372809708e-01 -1.490747346715825747e-02
9.045084971874737256e-01 -1.623337510175060228e-02
8.950775061878453176e-01 -1.760306970959630429e-02
8.852566213878947377e-01 -1.901351956254935735e-02
8.750555348152297963e-01 -2.046164863072906862e-02
8.644843137107058872e-01 -2.194434863900140281e-02
8.535533905932737309e-01 -2.345848387665986148e-02
8.422735529643443630e-01 -2.500089473937584100e-02
8.306559326618261352e-01 -2.656840000920059064e-02
8.187119948743448727e-01 -2.815779790521269477e-02
8.064535268264882983e-01 -2.976586596387219980e-02
7.938926261462365686e-01 -3.138935983376683198e-02
7.810416889260654028e-01 -3.302501109377351668e-02
7.679133974894984949e-01 -3.466952422625608349e-02
7.545207078751856589e-01 -3.631957289735649602e-02
7.408768370508578283e-01 -3.797179571433800110e-02
7.269952498697733745e-01 -3.962279164493903022e-02
7.128896457825364408e-01 -4.126911529550929963e-02
6.985739453173903657e-01 -4.290727225306553705e-02
6.840622763423390706e-01 -4.453371470112689468e-02
6.693689601226457953e-01 -4.614483752013674028e-02
6.545084971874738367e-01 -4.773697508036749138e-02
6.394955530196146931e-01 -4.930639892842959143e-02
6.243449435824275362e-01 -5.084931655791544158e-02
6.090716206982713654e-01 -5.236187144042250136e-02
5.936906572928624115e-01 -5.384014447539222509e-02
5.782172325201155871e-01 -5.528015699611756734e-02
5.626666167821522402e-01 -5.667787544520463960e-02
5.470541566592572735e-01 -5.802921780607375041e-02
5.313952597646567355e-01 -5.933006184815220463e-02
5.157053795390641460e-01 -6.057625521268013985e-02
5.000000000000001110e-01 -6.176362733400015542e-02
4.842946204609359651e-01 -6.288800315833066590e-02
4.686047402353434310e-01 -6.394521858885661436e-02
4.529458433407428930e-01 -6.493113755304218138e-02
4.373333832178479263e-01 -6.584167055591499951e-02
4.217827674798846904e-01 -6.667279455222835383e-02
4.063093427071378105e-01 -6.742057394138828430e-02
3.909283793017288566e-01 -6.808118246234183546e-02
3.756550564175726858e-01 -6.865092574172287909e-02
3.605044469803854179e-01 -6.912626422787652991e-02
3.454915028125263299e-01 -6.950383622631584046e-02
3.306310398773544268e-01 -6.978048073903918291e-02
3.159377236576611514e-01 -6.995325980123356935e-02
3.014260546826097453e-01 -7.001948000441865494e-02
2.871103542174636702e-01 -6.997671289520372706e-02
2.730047501302266255e-01 -6.982281394361200544e-02
2.591231629491425048e-01 -6.955593978438691372e-02
2.454792921248145632e-01 -6.917456344876909968e-02
2.320866025105017827e-01 -6.867748732279403689e-02
2.189583110739346528e-01 -6.806385359099974275e-02
2.061073738537634870e-01 -6.733315195128818098e-02
1.935464731735118682e-01 -6.648522441721821385e-02
1.812880051256552938e-01 -6.552026705782693083e-02
1.693440673381741424e-01 -6.443882856174046325e-02
1.577264470356556370e-01 -6.324180555134294168e-02
1.464466094067262691e-01 -6.193043461359749868e-02
1.355156862892943348e-01 -6.050628105618222063e-02
1.249444651847702037e-01 -5.897122444033199573e-02
1.147433786121054289e-01 -5.732744098455219012e-02
1.049224938121547934e-01 -5.557738297558183216e-02
9.549150281252632988e-02 -5.372375536402312912e-02
8.645971286271914025e-02 -5.176948976131483249e-02
7.783603724899246235e-02 -4.971771609164014200e-02
6.962898649802823359e-02 -4.757173218636707307e-02
6.184665997806820803e-02 -4.533497163921642453e-02
5.449673790581610611e-02 -4.301097026706927895e-02
4.758647376699032261e-02 -4.060333154375105058e-02
4.112268715800942998e-02 -3.811569139190956051e-02
3.511175705587432638e-02 -3.555168273094885811e-02
2.955961552288727257e-02 -3.291490018667022482e-02
2.447174185242323441e-02 -3.020886537066166597e-02
1.985315716152852294e-02 -2.743699313449003002e-02
1.570841943568446197e-02 -2.460255919539779818e-02
1.204161903062633820e-02 -2.170866951656617860e-02
8.856374635655639427e-03 -1.875823180623588035e-02
6.155829702431170336e-03 -1.575392947631398810e-02
3.942649342761117559e-03 -1.269819837283136382e-02
2.219017698460001853e-03 -9.593206558134025064e-03
9.866357858642205159e-04 -6.440837388407364035e-03
2.467198171341999924e-04 -3.242676090543932486e-03
0.000000000000000000e+00 0.000000000000000000e+00
2.467198171341999924e-04 3.242676090543932486e-03
9.866357858642205159e-04 6.440837388407364035e-03
2.219017698460001853e-03 9.593206558134025064e-03
3.942649342761117559e-03 1.269819837283136382e-02
6.155829702431170336e-03 1.575392947631398810e-02
8.856374635655639427e-03 1.875823180623588035e-02
1.204161903062633820e-02 2.170866951656617860e-02
1.570841943568446197e-02 2.460255919539779818e-02
1.985315716152852294e-02 2.743699313449003002e-02
2.447174185242323441e-02 3.020886537066166597e-02
2.955961552288727257e-02 3.291490018667022482e-02
3.511175705587432638e-02 3.555168273094885811e-02
4.112268715800942998e-02 3.811569139190956051e-02
4.758647376699032261e-02 4.060333154375105058e-02
5.449673790581610611e-02 4.301097026706927895e-02
6.184665997806820803e-02 4.533497163921642453e-02
6.962898649802823359e-02 4.757173218636707307e-02
7.783603724899246235e-02 4.971771609164014200e-02
8.645971286271914025e-02 5.176948976131483249e-02
9.549150281252632988e-02 5.372375536402312912e-02
1.049224938121547934e-01 5.557738297558183216e-02
1.147433786121054289e-01 5.732744098455219012e-02
1.249444651847702037e-01 5.897122444033199573e-02
1.355156862892943348e-01 6.050628105618222063e-02
1.464466094067262691e-01 6.193043461359749868e-02
1.577264470356556370e-01 6.324180555134294168e-02
1.693440673381741424e-01 6.443882856174046325e-02
1.812880051256552938e-01 6.552026705782693083e-02
1.935464731735118682e-01 6.648522441721821385e-02
2.061073738537634870e-01 6.733315195128818098e-02
2.189583110739346528e-01 6.806385359099974275e-02
2.320866025105017827e-01 6.867748732279403689e-02
2.454792921248145632e-01 6.917456344876909968e-02
2.591231629491425048e-01 6.955593978438691372e-02
2.730047501302266255e-01 6.982281394361200544e-02
2.871103542174636702e-01 6.997671289520372706e-02
3.014260546826097453e-01 7.001948000441865494e-02
3.159377236576611514e-01 6.995325980123356935e-02
3.306310398773544268e-01 6.978048073903918291e-02
3.454915028125263299e-01 6.950383622631584046e-02
3.605044469803854179e-01 6.912626422787652991e-02
3.756550564175726858e-01 6.865092574172287909e-02
3.909283793017288566e-01 6.808118246234183546e-02
4.063093427071378105e-01 6.742057394138828430e-02
4.217827674798846904e-01 6.667279455222835383e-02
4.373333832178479263e-01 6.584167055591499951e-02
4.529458433407428930e-01 6.493113755304218138e-02
4.686047402353434310e-01 6.394521858885661436e-02
4.842946204609359651e-01 6.288800315833066590e-02
5.000000000000001110e-01 6.176362733400015542e-02
5.157053795390641460e-01 6.057625521268013985e-02
5.313952597646567355e-01 5.933006184815220463e-02
5.470541566592572735e-01 5.802921780607375041e-02
5.626666167821522402e-01 5.667787544520463960e-02
5.782172325201155871e-01 5.528015699611756734e-02
5.936906572928624115e-01 5.384014447539222509e-02
6.090716206982713654e-01 5.236187144042250136e-02
6.243449435824275362e-01 5.084931655791544158e-02
6.394955530196146931e-01 4.930639892842959143e-02
6.545084971874738367e-01 4.773697508036749138e-02
6.693689601226457953e-01 4.614483752013674028e-02
6.840622763423390706e-01 4.453371470112689468e-02
6.985739453173903657e-01 4.290727225306553705e-02
7.128896457825364408e-01 4.126911529550929963e-02
7.269952498697733745e-01 3.962279164493903022e-02
7.408768370508578283e-01 3.797179571433800110e-02
7.545207078751856589e-01 3.631957289735649602e-02
7.679133974894984949e-01 3.466952422625608349e-02
7.810416889260654028e-01 3.302501109377351668e-02
7.938926261462365686e-01 3.138935983376683198e-02
8.064535268264882983e-01 2.976586596387219980e-02
8.187119948743448727e-01 2.815779790521269477e-02
8.306559326618261352e-01 2.656840000920059064e-02
8.422735529643443630e-01 2.500089473937584100e-02
8.535533905932737309e-01 2.345848387665986148e-02
8.644843137107058872e-01 2.194434863900140281e-02
8.750555348152297963e-01 2.046164863072906862e-02
8.852566213878947377e-01 1.901351956254935735e-02
8.950775061878453176e-01 1.760306970959630429e-02
9.045084971874737256e-01 1.623337510175060228e-02
9.135402871372809708e-01 1.490747346715825747e-02
9.221639627510076487e-01 1.362835697599628151e-02
9.303710135019719329e-01 1.239896385661831864e-02
9.381533400219318475e-01 1.122216897982614321e-02
9.455032620941841159e-01 1.010077352875140763e-02
9.524135262330097884e-01 9.037493891319046957e-03
9.588773128419905145e-01 8.034949929183545642e-03
9.648882429441257846e-01 7.095652791083231076e-03
9.704403844771127829e-01 6.221992449526239123e-03
9.755282581475768211e-01 5.416225147420541258e-03
9.801468428384716436e-01 4.680460945571227223e-03
9.842915805643155380e-01 4.016651562832127681e-03
9.879583809693737173e-01 3.426578698107163659e-03
9.911436253643444161e-01 2.911843017419345377e-03
9.938441702975688852e-01 2.473853980007423552e-03
9.960573506572389935e-01 2.113820665051934292e-03
9.977809823015399981e-01 1.832743745398166110e-03
9.990133642141357795e-01 1.631408736809084221e-03
9.997532801828658000e-01 1.510380631166247274e-03
1.000000000000000000e+00 1.469999999999974149e-03
