1.000000000000000000e+00 -8.386319209161255308e-04
9.997040592529697900e-01 -8.475741839440589049e-04
9.989602552025084181e-01 -8.743800786598554444e-04
9.977214238615064179e-01 -9.189872084353318355e-04
9.959888272313141000e-01 -9.812925272125834139e-04
9.937642298920751349e-01 -1.061153739026309776e-03
9.910498967922214408e-01 -1.158391211858144244e-03
9.878485904222173986e-01 -1.272790361381510860e-03
9.841635673840336551e-01 -1.404104448915878848e-03
9.799985743699410889e-01 -1.552057727729104324e-03
9.753578435661054424e-01 -1.716348862903914474e-03
9.702460874980752825e-01 -1.896654542495512926e-03
9.646684933365726744e-01 -2.092633191802762468e-03
9.586307166830212445e-01 -2.303928698379903179e-03
9.521388748549424186e-01 -2.530174053026164240e-03
9.451995396917388659e-01 -2.770994811465305255e-03
9.378197299014716659e-01 -3.026012282802457466e-03
9.300069029690296585e-01 -3.294846354114842630e-03
9.217689466456066016e-01 -3.577117865661636441e-03
9.131141700386993243e-01 -3.872450458118268518e-03
9.040512943209098040e-01 -4.180471821846382455e-03
8.945894430747539650e-01 -4.500814288377789213e-03
8.847381322894697364e-01 -4.833114715849408730e-03
8.745072600245328287e-01 -5.177013632897332907e-03
8.639070957532690720e-01 -5.532153619286677218e-03
8.529482693986522035e-01 -5.898176916093121266e-03
8.416417600721419756e-01 -6.274722273310611928e-03
8.299988845252737057e-01 -6.661421058088475705e-03
8.180312853227309500e-01 -7.057892662120144808e-03
8.057509187448209653e-01 -7.463739261760147028e-03
7.931700424266666660e-01 -7.878539998952268503e-03
7.803012027410758389e-01 -8.301844664758055090e-03
7.671572219319158226e-01 -8.733166979919495046e-03
7.537511850049735118e-01 -9.171977578235476422e-03
7.400964263836727897e-01 -9.617696808361247962e-03
7.262065163376677512e-01 -1.006968747774714470e-02
7.120952471932299188e-01 -1.052724766865238172e-02
6.977766193354270063e-01 -1.098960376035256446e-02
6.832648270133977464e-01 -1.145590379369593008e-02
6.685742439614448251e-01 -1.192521131397562134e-02
6.537194088502260580e-01 -1.239649982562944508e-02
6.387150105839268788e-01 -1.286864798755120963e-02
6.235758734609270215e-01 -1.334043567082867504e-02
6.083169422170709995e-01 -1.381054099158381121e-02
5.929532669721653271e-01 -1.427753842038430310e-02
5.774999881017078840e-01 -1.473989805656472987e-02
5.619723210570637395e-01 -1.519598614091413266e-02
5.463855411582844157e-01 -1.564406686375870159e-02
5.307549683844966504e-01 -1.608230550772888831e-02
5.150959521872219282e-01 -1.650877294570484571e-02
4.994238563521040120e-01 -1.692145149486185690e-02
4.837540439343085974e-01 -1.731824210768248204e-02
4.681018622922950567e-01 -1.769697286057074492e-02
4.524826282437506841e-01 -1.805540868060860962e-02
4.369116133662343526e-01 -1.839126223135083976e-02
4.214040294635054695e-01 -1.870220585967536861e-02
4.059750142166494991e-01 -1.898588448789230443e-02
3.906396170369840215e-01 -1.923992931886298399e-02
3.754127851353748491e-01 -1.946197220705782674e-02
3.603093498200689582e-01 -1.964966053554578415e-02
3.453440130324987867e-01 -1.980067242807971237e-02
3.305313341278011685e-01 -1.991273211691836631e-02
3.158857169040717450e-01 -1.998362528096903415e-02
3.014213968817160971e-01 -2.001121416536897832e-02
2.873394234852572060e-01 -2.002295760984074482e-02
2.734834164565099202e-01 -2.005782243901756828e-02
2.598451331633691574e-01 -2.011100827941509489e-02
2.464368386463670346e-01 -2.017727955609082899e-02
2.332706020797477853e-01 -2.025135367711538431e-02
2.203582945845421748e-01 -2.032792731007212333e-02
2.077115869354847766e-01 -2.040170171429285528e-02
1.953419470385716061e-01 -2.046740696364926157e-02
1.832606370612463176e-01 -2.051982491498907310e-02
1.714787101049222440e-01 -2.055381079878420419e-02
1.600070063196712411e-01 -2.056431333088695745e-02
1.488561483732322721e-01 -2.054639326711964198e-02
1.380365362007747454e-01 -2.049524034540247536e-02
1.275583409778117405e-01 -2.040618858292061327e-02
1.174314982759639692e-01 -2.027472991812415831e-02
1.076657003795835621e-01 -2.009652620884602725e-02
9.827038776019045296e-02 -1.986741961824026528e-02
8.925473972484752883e-02 -1.958344143933814230e-02
8.062766427364950750e-02 -1.924081942657659972e-02
7.239778722000776712e-02 -1.883598371848341918e-02
6.457344064503323100e-02 -1.836557144965202115e-02
5.716265077369007963e-02 -1.782643016207925701e-02
5.017312537518702625e-02 -1.721562013578017275e-02
4.361224080301190353e-02 -1.653041576626902709e-02
3.748702880083192024e-02 -1.576830612197318779e-02
3.180416320897307830e-02 -1.492699481791835009e-02
2.656994671219909537e-02 -1.400439934311123458e-02
2.179029777290196132e-02 -1.299864997799270866e-02
1.747073789454729395e-02 -1.190808843520953578e-02
1.361637935826092924e-02 -1.073126635184504414e-02
1.023191357084110575e-02 -9.466943754265110672e-03
7.321600155326069004e-03 -8.114087608004989099e-03
4.889256905663269016e-03 -6.671870554780996200e-03
2.938250715211758630e-03 -5.139669926921238037e-03
1.471489574967419032e-03 -3.517067116431637792e-03
4.914157218086660436e-04 -1.803847361732350369e-03
0.000000000000000000e+00 0.000000000000000000e+00
2.023912459733995337e-06 1.869612259337840579e-03
5.017819967610219999e-04 3.779737348140341669e-03
1.499784681708245075e-03 5.729219517823426304e-03
2.996041779858965668e-03 7.716335053366193790e-03
4.990059249536271668e-03 9.738800311175375979e-03
7.480835700470172232e-03 1.179378349191235326e-02
1.046685870299174717e-02 1.387792005384373868e-02
1.394610097682163000e-02 1.598733164420655314e-02
1.791601655015508457e-02 1.811764839916460423e-02
2.237353699264737344e-02 2.026403443740559113e-02
2.731506783680147030e-02 2.242121634852788092e-02
3.273648531091673253e-02 2.458351445529490323e-02
3.863313351300695642e-02 2.674487660880686679e-02
4.499982215879361896e-02 2.889891425783249618e-02
5.183082503794213258e-02 3.103894051813012311e-02
5.911987931110319200e-02 3.315800995471786250e-02
6.686018577604870006e-02 3.524895977984979917e-02
7.504441022433541719e-02 3.730445216202946113e-02
8.366468600059075167e-02 3.931701733681709776e-02
9.271261786486220680e-02 4.127909720851630215e-02
1.021792872447260248e-01 4.318308913308212260e-02
1.120552589482468886e-01 4.502138957676516534e-02
1.223305893917286530e-01 4.678643735205566950e-02
1.329948363778139242e-01 4.847075614234388347e-02
1.440370704402202662e-01 5.006699603925721109e-02
1.554458877516400328e-01 5.156797383173224170e-02
1.672094245714260408e-01 5.296671180334795032e-02
1.793153731900642700e-01 5.425647481407953887e-02
1.917509993084521303e-01 5.543080546418355237e-02
2.045031607720421973e-01 5.648355716112088420e-02
2.175583275633271307e-01 5.740892493496583399e-02
2.309026029412557801e-01 5.820147387330801975e-02
2.445217456032620917e-01 5.885616507288579657e-02
2.584011927349158522e-01 5.936837903173405179e-02
2.725260838039433309e-01 5.973393643211468568e-02
2.868812849496701345e-01 5.994911629055219016e-02
3.014307124835033935e-01 6.001104815459691599e-02
3.159897304112505578e-01 5.996288968624349791e-02
3.307307456269076851e-01 5.983613941455362406e-02
3.456389925925538731e-01 5.963173554414974431e-02
3.606995441407018776e-01 5.935082069028846385e-02
3.758973276997705226e-01 5.899473240611528835e-02
3.912171415664736918e-01 5.856499297907204193e-02
4.066436711976261220e-01 5.806329866366180537e-02
4.221615054962639113e-01 5.749150851640519311e-02
4.377551530694615001e-01 5.685163299493776329e-02
4.534090584377351019e-01 5.614582247691790595e-02
4.691076181783918053e-01 5.537635584589094273e-02
4.848351969875633327e-01 5.454562928067510641e-02
5.005761436478962656e-01 5.365614537241287368e-02
5.163148068909063637e-01 5.271050267941165129e-02
5.320355511448168206e-01 5.171138581454089167e-02
5.477227721602301314e-01 5.066155614354508896e-02
5.633609125072407409e-01 4.956384315546254193e-02
5.789344769385232903e-01 4.842113654871559036e-02
5.944280476135594959e-01 4.723637905866075182e-02
6.098262991794717314e-01 4.601256003476290879e-02
6.251140137039280509e-01 4.475270975838067239e-02
6.402760954553025075e-01 4.345989447570679926e-02
6.552975855247216153e-01 4.213721210496650105e-02
6.701636762838467654e-01 4.078778856278503923e-02
6.848597256712803949e-01 3.941477464191966290e-02
6.993712712993537250e-01 3.802134336150601868e-02
7.136840443718429627e-01 3.661068770176027082e-02
7.277839834018789977e-01 3.518601862784101475e-02
7.416572477180428669e-01 3.375056330240462643e-02
7.552902307453978059e-01 3.230756338334896116e-02
7.686695730470811672e-01 3.086027330235497496e-02
7.817821751110549666e-01 2.941195842109752684e-02
7.946152098658064711e-01 2.796589296535013577e-02
8.071561349081556314e-01 2.652535764257741430e-02
8.193927044259587955e-01 2.509363685587342324e-02
8.313129807983785646e-01 2.367401543611357545e-02
8.429053458565467505e-01 2.226977482477399822e-02
8.541585117878952582e-01 2.088418865182296164e-02
8.650615316681427025e-01 1.952051766618899398e-02
8.756038096059267639e-01 1.818200399031530065e-02
8.857751104863197389e-01 1.687186468496176817e-02
8.955655693009366702e-01 1.559328462545981828e-02
9.049657000540376472e-01 1.434940870577635329e-02
9.139664042358626173e-01 1.314333340175114981e-02
9.225589788564086957e-01 1.197809773945450809e-02
9.307351240349142074e-01 1.085667372852274284e-02
9.384869501423920291e-01 9.781956333321035341e-03
9.458069844966293660e-01 8.756753066629964499e-03
9.526881776110771582e-01 7.783773301043288295e-03
9.591239090009597845e-01 6.865617402226251512e-03
9.651079925516788949e-01 6.004765795449557367e-03
9.706346814561502834e-01 5.203568082265402385e-03
9.756986727290481998e-01 4.464232327728473101e-03
9.802951113070021982e-01 3.788814640125787170e-03
9.844195937445974209e-01 3.179209164735536525e-03
9.880681715165300361e-01 2.637138610687472622e-03
9.912373539364673913e-01 2.164145425591271123e-03
9.939241107030626354e-01 1.761583726298002802e-03
9.961258740831638869e-01 1.430612086071801972e-03
9.978405407415735784e-01 1.172187268704544174e-03
9.990664732257631409e-01 9.870589888668773477e-04
9.998025011127618100e-01 8.757657654395416399e-04
1.000000000000000000e+00 8.386319209161255308e-04
