1.000000000000000000e+00 -1.677903929314749406e-03
9.996671069184254188e-01 -1.711662880431501221e-03
9.989203717115056058e-01 -1.812845259256112016e-03
9.976766741620873846e-01 -1.981168415740787881e-03
9.959373046847104227e-01 -2.216163830880074972e-03
9.937040673097932153e-01 -2.517180914500873837e-03
9.909792771506548137e-01 -2.883392225433887082e-03
9.877657571706837114e-01 -3.313800019439581447e-03
9.840668342679173008e-01 -3.807244006194315453e-03
9.798863346974420185e-01 -4.362410174731870191e-03
9.752285788547957468e-01 -4.977840527386724438e-03
9.700983754458920583e-01 -5.651943545856695332e-03
9.645010150708555052e-01 -6.383005199802747887e-03
9.584422632505420481e-01 -7.169200298687280343e-03
9.519283529253946829e-01 -8.008603981518626347e-03
9.449659764566590292e-01 -8.899203136939027453e-03
9.375622771598680627e-01 -9.838907547743330761e-03
9.297248403999219812e-01 -1.082556055943562079e-02
9.214616842760654514e-01 -1.185694908175415410e-02
9.127812499236702681e-01 -1.293081274508734238e-02
9.036923914579850781e-01 -1.404485205015556029e-02
8.942043655830115290e-01 -1.519673536899735292e-02
8.843268208864494273e-01 -1.638410467783447261e-02
8.740697868393207948e-01 -1.760457992744052930e-02
8.634436625164758627e-01 -1.885576198377456741e-02
8.524592050518087216e-01 -2.013523410040709422e-02
8.411275178397331631e-01 -2.144056191416113255e-02
8.294600384923289660e-01 -2.276929198591659542e-02
8.174685265596896011e-01 -2.411894893912037985e-02
8.051650510193824051e-01 -2.548703127869900859e-02
7.925619775396501865e-01 -2.687100600221841579e-02
7.796719555200887219e-01 -2.826830214276943032e-02
7.665079049130166799e-01 -2.967630340865932276e-02
7.530830028286731315e-01 -3.109234010807924303e-02
7.394106699277090966e-01 -3.251368056706351040e-02
7.255045566051754324e-01 -3.393752226584483001e-02
7.113785289713633331e-01 -3.536098293180696406e-02
6.970466546363259797e-01 -3.678109183634880458e-02
6.825231883067497396e-01 -3.819478154787359081e-02
6.678225572058976711e-01 -3.959888039365350165e-02
6.529593463296462508e-01 -4.099010587939787981e-02
6.379482835540416508e-01 -4.236505930696618516e-02
6.228042246122871273e-01 -4.372022181786912320e-02
6.075421379615287831e-01 -4.505195207313234668e-02
5.921770895621888409e-01 -4.635648575895889162e-02
5.767242275947878083e-01 -4.762993708269828985e-02
5.611987671411688972e-01 -4.886830239525449815e-02
5.456159748586809632e-01 -5.006746604464243355e-02
5.299911536771616527e-01 -5.122320853139743224e-02
5.143396275494135361e-01 -5.233121700045638425e-02
4.986767262862529804e-01 -5.338709806651467660e-02
4.830177705071006522e-01 -5.438639293129866187e-02
4.673780567364523852e-01 -5.532459471228352160e-02
4.517728426754109017e-01 -5.619716786374902295e-02
4.362173326757960434e-01 -5.699956953332015186e-02
4.207266634421794604e-01 -5.772727266090788012e-02
4.053158899845706875e-01 -5.837579059283874716e-02
3.899999718414426941e-01 -5.894070295252633318e-02
3.747937595893915952e-01 -5.941768248082313769e-02
3.597119816520537583e-01 -5.980252253470204338e-02
3.447692314170171524e-01 -6.009116491259477999e-02
3.299799546654607063e-01 -6.027972765894318297e-02
3.153584373152176767e-01 -6.036453248962496410e-02
3.009187934739833703e-01 -6.034213147413816647e-02
2.866749537955626259e-01 -6.020933260994613956e-02
2.726406541284750462e-01 -5.996322392928889189e-02
2.588294244429917290e-01 -5.960119578906632881e-02
2.452545780198439052e-01 -5.912096101002514703e-02
2.319292008815004857e-01 -5.852057255228104715e-02
2.188661414451173459e-01 -5.779843843994730834e-02
2.060780003750663225e-01 -5.695333367800820001e-02
1.940368220246962983e-01 -5.600235540066925144e-02
1.826889197771252027e-01 -5.504226877825725561e-02
1.716006442534758758e-01 -5.407968799052194353e-02
1.607790987036232799e-01 -5.310538142654322447e-02
1.502315683031753557e-01 -5.211034625145991722e-02
1.399655367254043770e-01 -5.108582491319612479e-02
1.299886964077331120e-01 -5.002331883922052358e-02
1.203089525084198308e-01 -4.891459970924004474e-02
1.109344206683657991e-01 -4.775171868477733755e-02
1.018734188032131699e-01 -4.652701396279812496e-02
9.313445325041683209e-02 -4.523311699979522260e-02
8.472619968358818809e-02 -4.386295772684215694e-02
7.665747928132586597e-02 -4.240976904680882065e-02
6.893723069960082384e-02 -4.086709087374616051e-02
6.157447844547649790e-02 -3.922877394273512758e-02
5.457829828570610886e-02 -3.748898358737753206e-02
4.795778034697011083e-02 -3.564220365246204003e-02
4.172199057572791026e-02 -3.368324068182176889e-02
3.587993122551882963e-02 -3.160722849644621163e-02
3.044050102878165243e-02 -2.940963325576897297e-02
2.541245568961330442e-02 -2.708625907579534017e-02
2.080436930414965649e-02 -2.463325426130356585e-02
1.662459727719263827e-02 -2.204711819556929783e-02
1.288124125810768961e-02 -1.932470891965623952e-02
9.582116566650793893e-03 -1.646325142396096522e-02
6.734722521004866264e-03 -1.346034666700399694e-02
4.346216016692197072e-03 -1.031398133002540442e-02
2.423388636927640248e-03 -7.022538310326085186e-03
9.726475031802622002e-04 -3.584807951071469594e-03
0.000000000000000000e+00 0.000000000000000000e+00
-4.792078689118622154e-04 3.683435007256982870e-03
-4.501170651991989995e-04 7.416219174497824980e-03
9.181938022780663372e-05 1.119666436986332773e-02
1.150576164517368855e-03 1.502186192026846827e-02
2.729542838211547646e-03 1.888768906560809799e-02
4.831508013203590114e-03 2.278882340223141109e-02
7.458640784060037270e-03 2.671876521894108944e-02
1.061246956721926746e-02 3.066986759440995872e-02
1.429385863344374147e-02 3.463337409112639959e-02
1.850298267606481639e-02 3.859946384744662035e-02
2.323929982025571897e-02 4.255730383574019698e-02
2.850152353602074598e-02 4.649510802062074843e-02
3.428759396904874912e-02 5.040020311657029961e-02
4.059464924827453636e-02 5.425910060859719802e-02
4.741899736615571431e-02 5.805757466268635786e-02
5.475608925653559222e-02 6.178074551453065916e-02
6.260049371473060120e-02 6.541316788527751225e-02
7.094587481439673660e-02 6.893892393181259848e-02
7.978497247502144840e-02 7.234172019657902908e-02
8.910958682183948987e-02 7.560498797841393170e-02
9.891056695594378778e-02 7.871198650187759271e-02
1.091778047157910270e-01 8.164590821876123450e-02
1.199002339618073093e-01 8.438998553282035797e-02
1.310658358531842926e-01 8.692759819845541358e-02
1.426616505102771826e-01 8.924238060742417655e-02
1.546737953676879940e-01 9.131832814631399287e-02
1.670874904228724089e-01 9.313990178315555146e-02
1.798870904741853849e-01 9.469213002607974883e-02
1.930561243223274381e-01 9.596070739216905343e-02
2.061367473324606514e-01 9.695100242704635107e-02
2.190504807027519596e-01 9.777597484252378846e-02
2.322440041395030796e-01 9.845622567348935594e-02
2.457040062297852212e-01 9.899168813426426072e-02
2.594169014552932806e-01 9.938272401424688707e-02
2.733688461319782048e-01 9.963011808294032490e-02
2.875457546393647146e-01 9.973506924670287599e-02
3.019333158912361204e-01 9.969917868860816990e-02
3.165170100001046261e-01 9.952443525419245318e-02
3.312821250892481473e-01 9.921319837272823960e-02
3.462137742080355074e-01 9.876817882567931473e-02
3.612969123087170775e-01 9.819241769092208749e-02
3.765163532457537765e-01 9.748926380300684813e-02
3.918567867620150191e-01 9.666235007610228525e-02
4.073027954297049336e-01 9.571556903732304777e-02
4.228388715175899204e-01 9.465304791396808581e-02
4.384494337598998093e-01 9.347912360896827588e-02
4.541188440060748843e-01 9.219831788478903556e-02
4.698314237342344768e-01 9.081531305747750360e-02
4.855714704147712779e-01 8.933492847985943786e-02
5.013232737137472972e-01 8.776209806651466550e-02
5.170711315287147558e-01 8.610184908358735345e-02
5.327993658521518183e-01 8.435928239424216046e-02
5.484923384598335838e-01 8.253955431623816175e-02
5.641344664231355832e-01 8.064786021224121249e-02
5.797102374454433660e-01 7.868941989674983761e-02
5.952042250235359822e-01 7.666946490647850998e-02
6.106011034350139477e-01 7.459322764433794217e-02
6.258856625525679451e-01 7.246593237137076426e-02
6.410428224851877355e-01 7.029278798671512174e-02
6.560576480453014225e-01 6.807898250342188373e-02
6.709153630393939194e-01 6.582967909824012642e-02
6.856013643779284017e-01 6.355001358676563850e-02
7.001012359984547517e-01 6.124509315201453336e-02
7.144007625937095485e-01 5.891999613487347576e-02
7.284859431343713165e-01 5.657977267926327103e-02
7.423430041740065599e-01 5.422944601342974402e-02
7.559584129216981863e-01 5.187401414167942121e-02
7.693188900659803098e-01 4.951845171815525554e-02
7.824114223320420836e-01 4.716771187589101355e-02
7.952232747528229506e-01 4.482672779028882420e-02
8.077420026335941916e-01 4.250041376618111238e-02
8.199554631890001444e-01 4.019366565153341397e-02
8.318518268313233044e-01 3.791136039831923682e-02
8.434195880889555630e-01 3.565835461182097210e-02
8.546475761347387401e-01 3.343948195315932237e-02
8.655249649049359117e-01 3.125954928580031850e-02
8.760412827911387978e-01 2.912333148464828214e-02
8.861864218893400480e-01 2.703556485558743921e-02
8.959506467926791062e-01 2.500093914347771909e-02
9.053246029169623732e-01 2.302408813707101584e-02
9.142993243508916734e-01 2.110957890959025765e-02
9.228662412259498460e-01 1.926189976323923123e-02
9.310171866040218847e-01 1.748544697419201002e-02
9.387444028839956323e-01 1.578451046114746556e-02
9.460405477317092027e-01 1.416325852487216805e-02
9.528986995406248939e-01 1.262572182786911995e-02
9.593123624334389810e-01 1.117577680204475885e-02
9.652754708173960640e-01 9.817128687668250087e-03
9.707823935083335076e-01 8.553294418779106359e-03
9.758279374403578954e-01 7.387585578298316684e-03
9.804073509795012686e-01 6.323091650304679331e-03
9.845163268607137752e-01 5.362663797189802170e-03
9.881510047680637232e-01 4.508899385697284247e-03
9.913079735780340185e-01 3.764127478269001584e-03
9.939842732853445550e-01 3.130395494786152814e-03
9.961773966297675642e-01 2.609457234916174109e-03
9.978852904409926117e-01 2.202762433115159225e-03
9.991063567167659532e-01 1.911447997206663094e-03
9.998394534473061812e-01 1.736331057728163207e-03
1.000000000000000000e+00 1.677903929314749406e-03
