1.000000000000000000e+00 -1.408004639275067804e-03
9.993195211115823984e-01 -1.372762810700715787e-03
9.985456435057300517e-01 -1.267298428243942513e-03
9.972570294049374340e-01 -1.092393749329228754e-03
9.954554480488306822e-01 -8.493490269305993545e-04
9.931433691566301514e-01 -5.399772403996592422e-04
9.903239557834034867e-01 -1.665967088665858478e-04
9.870010552370357404e-01 2.679784216283154739e-04
9.831791881291828128e-01 7.604498273539954910e-04
9.788635356464139292e-01 1.307048802823347622e-03
9.740599251388524227e-01 1.903552212950748376e-03
9.687748141326358864e-01 2.545300608762027239e-03
9.630152728792958916e-01 3.227218510325832387e-03
9.567889655596070186e-01 3.943836855291427135e-03
9.501041302615294004e-01 4.689317604385439403e-03
9.429695578516211762e-01 5.457480486350944557e-03
9.353945698568292277e-01 6.241831854038199304e-03
9.273889954690591741e-01 7.035595610655309695e-03
9.189631477786162073e-01 7.831746150561993969e-03
9.101277993348350082e-01 8.623043242503616521e-03
9.008941571233025636e-01 9.402068764932009631e-03
8.912738370394820420e-01 1.016126518320079053e-02
8.812788379286846663e-01 1.089297563716392844e-02
8.709215152527138848e-01 1.158948548530831096e-02
8.602145544345745076e-01 1.224306512834649752e-02
8.491709439249131020e-01 1.284601391154888139e-02
8.378039480277618134e-01 1.339070488145613705e-02
8.261270795191025806e-01 1.386963014945254841e-02
8.141540720901349060e-01 1.427544659254459045e-02
8.018988526481416468e-01 1.460102160111554151e-02
7.893755135117044297e-01 1.483947856503315538e-02
7.765982845437936488e-01 1.498424177383087669e-02
7.635815052758500032e-01 1.502908039438053539e-02
7.503395970882421606e-01 1.496815118106195608e-02
7.368870355270721317e-01 1.479603956942562165e-02
7.232383228537651032e-01 1.450779880518624637e-02
7.094079609416643617e-01 1.409898676641460624e-02
6.954104246522301302e-01 1.356570014826297826e-02
6.812601358416989772e-01 1.290460569657082834e-02
6.669714381663001124e-01 1.211296819922901002e-02
6.525585728695362242e-01 1.118867497204679984e-02
6.380356557477033785e-01 1.013025660873521916e-02
6.234166554989568620e-01 8.936903802000767394e-03
6.087153736660412262e-01 7.608480083999641375e-03
5.938038890167446349e-01 6.153339959868636688e-03
5.786186068751932865e-01 4.642218665538079547e-03
5.633718877881627174e-01 3.094215826616328324e-03
5.480781324926730091e-01 1.512606979926223172e-03
5.327516796303263247e-01 -9.898946702190797309e-05
5.174067921784558655e-01 -1.736620446453326916e-03
5.020576447591842406e-01 -3.396009442191615102e-03
4.867183119033070549e-01 -5.072570646136434491e-03
4.714027573365631163e-01 -6.761425963845962839e-03
4.561248243441974326e-01 -8.457424735791620185e-03
4.408982272559524018e-01 -1.015516600432053718e-02
4.257365440779444232e-01 -1.184902312182358614e-02
4.106532102805975915e-01 -1.353317046362884774e-02
3.956615137332440968e-01 -1.520161198026333260e-02
3.807745907565538990e-01 -1.684821129841707066e-02
3.660054232440461131e-01 -1.846672305863011898e-02
3.513668367840085960e-01 -2.005082516075024773e-02
3.368714996936739148e-01 -2.159415157585184430e-02
3.225319228589392240e-01 -2.309032537576821698e-02
3.083604602557279972e-01 -2.453299162877715933e-02
2.943693100137119156e-01 -2.591584981233627932e-02
2.805705158699502988e-01 -2.723268540103490620e-02
2.669759688494200423e-01 -2.847740029999104583e-02
2.535974090017166782e-01 -2.964404181056587428e-02
2.404464270186567054e-01 -3.072682983622691821e-02
2.275344655562871743e-01 -3.172018206131740209e-02
2.148728200870248517e-01 -3.261873686399059669e-02
2.024726391133447045e-01 -3.341737375619650841e-02
1.903449235835757702e-01 -3.411123117787139003e-02
1.785005253628242916e-01 -3.469572150886485878e-02
1.669501446276544787e-01 -3.516654320009002938e-02
1.557043260716452771e-01 -3.551968996435143910e-02
1.447734538299952634e-01 -3.575145700671968074e-02
1.341677450545871730e-01 -3.585844431362842505e-02
1.238972420959139065e-01 -3.583755705851443540e-02
1.139718032745487553e-01 -3.568600321927774960e-02
1.044010922519175572e-01 -3.540128853860504549e-02
9.519456603746261070e-02 -3.498120899180136301e-02
8.636146169638021786e-02 -3.442384095778567438e-02
7.791078184840827259e-02 -3.372752931693211165e-02
6.985127907314830908e-02 -3.289087372414208066e-02
6.219143936062874328e-02 -3.191271332661840820e-02
5.493946476678950724e-02 -3.079211021304410073e-02
4.810325545189497037e-02 -2.952833189405852307e-02
4.169039129517924935e-02 -2.812083312294205023e-02
3.570811329099789211e-02 -2.656923737019136617e-02
3.016330494016251917e-02 -2.487331826617087543e-02
2.506247385477840262e-02 -2.303298132229031694e-02
2.041173379570259197e-02 -2.104824623327285552e-02
1.621678735864646309e-02 -1.891923005117123260e-02
1.248290951800649917e-02 -1.664613150604313599e-02
9.214932226841190260e-03 -1.422921672883940489e-02
6.417230257190031754e-03 -1.166880660934730557e-02
4.093708447423682895e-03 -8.965265996280551153e-03
2.247790502814305327e-03 -6.118994918141715429e-03
8.824094724105717219e-04 -3.130421972678522780e-03
0.000000000000000000e+00 0.000000000000000000e+00
-3.889698381421717371e-04 3.229089609309480132e-03
-2.745189310858640788e-04 6.513324749096087267e-03
3.443269494963212447e-04 9.851231729149190902e-03
1.468068428332203364e-03 1.324068485183842875e-02
3.096727178021150412e-03 1.667891719670342929e-02
5.229839753304779681e-03 2.016253623640969564e-02
7.866450702606213319e-03 2.368754413379551768e-02
1.100510507566633198e-02 2.724936252715750781e-02
1.464384046827864501e-02 3.084286157047494079e-02
1.878017876468394964e-02 3.446239295737629077e-02
2.341111775477665302e-02 3.810182662272596638e-02
2.853312281656939994e-02 4.175459078410819619e-02
3.414211886412388958e-02 4.541371495756378607e-02
4.023348276719113797e-02 4.907187555798140505e-02
4.680203645100346893e-02 5.272144367481977623e-02
5.384204088298810698e-02 5.635453459855509217e-02
6.134719114764819459e-02 5.996305866256253225e-02
6.931061280160470683e-02 6.353877295917381707e-02
7.772485968797566980e-02 6.707333348745440904e-02
8.658191337313510261e-02 7.055834729381732506e-02
9.587318434976083159e-02 7.398542417488576661e-02
1.055895151282969513e-01 7.734622752491628062e-02
1.157211853149532482e-01 8.063252392743375241e-02
1.262579187485934062e-01 8.383623111228460933e-02
1.371888927418072612e-01 8.694946392479986630e-02
1.485027494436567952e-01 8.996457798285512064e-02
1.601876093135239931e-01 9.287421072992249615e-02
1.722310866677348173e-01 9.567131962732029760e-02
1.846203072336790318e-01 9.834921726629959615e-02
1.973419276205021222e-01 1.009016032198643137e-01
2.103821565915821312e-01 1.033225924947746011e-01
2.237267780023468600e-01 1.056067404854717368e-01
2.373611752479124481e-01 1.077490643731250086e-01
2.512703570488649674e-01 1.097450609540587541e-01
2.654389843905029522e-01 1.115907209219030582e-01
2.798513984212154249e-01 1.132825396663625916e-01
2.944916491094914934e-01 1.148175246879798300e-01
3.093435244563830788e-01 1.161931997621711010e-01
3.243905800610349388e-01 1.174076060166666935e-01
3.396161688410440638e-01 1.184593001138748158e-01
3.550034707167247228e-01 1.193473497532397676e-01
3.705355220785914727e-01 1.200713267280828778e-01
3.861952448702136165e-01 1.206312977864627406e-01
4.019654751336780296e-01 1.210278135561151658e-01
4.178289908818249576e-01 1.212618957994472668e-01
4.337685391797434509e-01 1.213350232658700345e-01
4.497668623372883534e-01 1.212491164055364834e-01
4.658067231341237457e-01 1.210065212009721058e-01
4.818709290185648753e-01 1.206099923613768304e-01
4.979423552408159259e-01 1.200626761088582628e-01
5.140039668996724265e-01 1.193680927669022590e-01
5.300388398989871463e-01 1.185301193394355801e-01
5.460301808258415379e-01 1.175529722443862807e-01
5.619613457761417630e-01 1.164411903392200964e-01
5.778158581650378878e-01 1.151996183481010239e-01
5.935774255689801882e-01 1.138333907716659876e-01
6.094278677305015046e-01 1.123297991894303405e-01
6.252732316658982104e-01 1.106185889894755053e-01
6.409554502915260077e-01 1.086998193600208357e-01
6.564584215054114491e-01 1.065829428287255326e-01
6.717664820789914781e-01 1.042779923293980365e-01
6.868644168429791641e-01 1.017955445755373001e-01
7.017374659825506011e-01 9.914668283016006556e-02
7.163713306234085199e-01 9.634295913990545412e-02
7.307521768857816458e-01 9.339635607769916636e-02
7.448666385746435248e-01 9.031924801748389409e-02
7.587018186621291571e-01 8.712436194725164951e-02
7.722452897031469865e-01 8.382473781326968409e-02
7.854850933083371567e-01 8.043368837926742621e-02
7.984097387807687074e-01 7.696475857955364930e-02
8.110082010048349499e-01 7.343168434456279203e-02
8.232699176585548395e-01 6.984835088101884470e-02
8.351847858045496897e-01 6.622875039647474482e-02
8.467431579009269127e-01 6.258693926906866434e-02
8.579358372616343598e-01 5.893699467744215048e-02
8.687540729868372669e-01 5.529297072238621713e-02
8.791895543777457078e-01 5.166885409032268700e-02
8.892344048471048090e-01 4.807851932860844613e-02
8.988811753362085932e-01 4.453568382327068031e-02
9.081228372516448877e-01 4.105386259053778186e-02
9.169527749397269334e-01 3.764632301389988361e-02
9.253647777233990901e-01 3.432603967786340693e-02
9.333530315348846917e-01 3.110564946760464855e-02
9.409121101870344672e-01 2.799740711997056319e-02
9.480369663367470556e-01 2.501314142535720347e-02
9.547229222044901764e-01 2.216421229162625003e-02
9.609656601243740104e-01 1.946146889019261667e-02
9.667612130089556777e-01 1.691520911053570608e-02
9.721059548215896795e-01 1.453514055257458179e-02
9.769965911563012195e-01 1.233034328653444776e-02
9.814301500305293580e-01 1.030923460713344467e-02
9.854039729994482633e-01 8.479536003181064110e-03
9.889157067017116942e-01 6.848242555088396299e-03
9.919632949452853454e-01 5.421594961494707703e-03
9.945449714385076190e-01 4.205054382364336978e-03
9.966592532656473047e-01 3.203280269707234167e-03
9.983049351981425623e-01 2.420111338745583630e-03
9.994810849225415073e-01 1.858549812132072668e-03
1.000187039254149202e+00 1.520749047980039705e-03
1.000000000000000000e+00 1.408004639275067804e-03
