1.000000000000000000e+00 -6.177658256852687924e-04
9.996263932680867770e-01 -5.854159943161803270e-04
9.988765048784215006e-01 -4.885171843990778742e-04
9.976275981238910129e-01 -3.275209512429581903e-04
9.958810321912785479e-01 -1.031782281207324755e-04
9.936387066427122550e-01 1.834631668246615357e-04
9.909030581435905871e-01 5.310620301521278702e-04
9.876770562939984899e-01 9.379882878981255379e-04
9.839641985913247790e-01 1.402328536048009361e-03
9.797685045567945394e-01 1.921892618433104338e-03
9.750945090629841161e-01 2.494221254390405467e-03
9.699472549030194735e-01 3.116594728406587959e-03
9.643322846449940977e-01 3.786042653056037946e-03
9.582556318171616683e-01 4.499354814760190419e-03
9.517238114706220165e-01 5.253093109198555925e-03
9.447438101665306398e-01 6.043604569550928285e-03
9.373230754343637727e-01 6.867035486127367160e-03
9.294695047464744952e-01 7.719346610349743162e-03
9.211914340521706324e-01 8.596329429502364006e-03
9.124976259119141897e-01 9.493623491207846612e-03
9.033972572690593950e-01 1.040673474826930497e-02
8.938999068929633918e-01 1.133105488542332853e-02
8.840155425234138553e-01 1.226188157977365668e-02
8.737545077422804729e-01 1.319443963633465562e-02
8.631275085942281544e-01 1.412390292934442501e-02
8.521455999743888787e-01 1.504541706895742154e-02
8.408201717972081379e-01 1.595412270176543162e-02
8.291629349573703678e-01 1.684517934249804214e-02
8.171859070909284206e-01 1.771378962341309954e-02
8.049013981425678921e-01 1.855522383749400733e-02
7.923219957434484151e-01 1.936484464183326967e-02
7.794605504033477184e-01 2.013813177869046289e-02
7.663301605208951983e-01 2.087070666387718862e-02
7.529441572165855856e-01 2.155835668552406534e-02
7.393160889949577097e-01 2.219705905110869529e-02
7.254597062447890599e-01 2.278300401703476155e-02
7.113889455893329661e-01 2.331261733319212742e-02
6.971179141023927661e-01 2.378258173492429906e-02
6.826608734103108977e-01 2.418985731677179146e-02
6.680322237045707157e-01 2.453170062632026999e-02
6.532464876945421883e-01 2.480568232248890614e-02
6.383182945347627424e-01 2.500970325064911376e-02
6.232623637658597504e-01 2.514200879702776364e-02
6.080934893126066498e-01 2.520120139684843552e-02
5.928265235864901284e-01 2.518625108448827726e-02
5.774763617433594787e-01 2.509650398943057831e-02
5.620579261490974421e-01 2.493168869879318003e-02
5.465861511076306467e-01 2.469192042550021754e-02
5.310759679058821847e-01 2.437770294049956474e-02
5.155422902293695930e-01 2.398992824754832970e-02
5.000000000000001110e-01 2.352987399971422436e-02
4.844639336841973232e-01 2.299919867757588970e-02
4.689488691148183119e-01 2.239993456984995523e-02
4.534695128644267714e-01 2.173447861752350607e-02
4.380404882004757527e-01 2.100558120223023489e-02
4.226763236449274097e-01 2.021633297828735396e-02
4.073914421519553852e-01 1.937014986524024374e-02
3.922001509078172354e-01 1.847075633369069450e-02
3.771166317469487050e-01 1.752216713139084434e-02
3.621549321680485600e-01 1.652866760887684514e-02
3.473289569236238106e-01 1.549479281413417009e-02
3.326524601463922703e-01 1.442530553381134520e-02
3.181390379663437407e-01 1.332517346424483273e-02
3.038021215633714966e-01 1.219954569898358890e-02
2.896549705924359452e-01 1.105372872060056064e-02
2.757106669114153252e-01 9.893162083384705874e-03
2.619821085363219226e-01 8.723393970090021626e-03
2.484820037445723828e-01 7.550056800382145411e-03
2.352228652446146373e-01 6.378843061101802797e-03
2.222170043295331188e-01 5.215481519122301679e-03
2.094765249333112311e-01 4.065713966599247137e-03
1.970133175112542823e-01 2.935272636001597796e-03
1.848390526706275294e-01 1.829858408695362454e-03
1.729651744837749638e-01 7.551199262532150291e-04
1.614028934237623503e-01 -2.833663016725343486e-04
1.501631788717813776e-01 -1.280114714913335727e-03
1.392567511559982263e-01 -2.229748383881392099e-03
1.286940730930314913e-01 -3.127015508422838902e-03
1.184853410155756737e-01 -3.966804704577709534e-03
1.086404752826109626e-01 -4.744159064914717228e-03
9.916911028191753574e-02 -5.454288993016184750e-03
9.008058394795459556e-02 -6.092583826803363994e-03
8.138392683134754169e-02 -6.654622278548537329e-03
7.308785076895676913e-02 -7.136181731473227596e-03
6.520073721555298685e-02 -7.533246443655557123e-03
5.773062530925026498e-02 -7.842014719458875738e-03
5.068519975282474721e-02 -8.058905116766927612e-03
4.407177860169291667e-02 -8.180561764903610325e-03
3.789730105644950608e-02 -8.203858873188279999e-03
3.216831536333961128e-02 -8.125904513609500182e-03
2.689096692975402950e-02 -7.944043763089833968e-03
2.207098676369892085e-02 -7.655861291281172709e-03
1.771368034617604517e-02 -7.259183478809111065e-03
1.382391704349553510e-02 -6.752080148431089182e-03
1.040612016276190946e-02 -6.132865987753561600e-03
7.464257748191431736e-03 -5.400101737054904122e-03
5.001834208617929496e-03 -4.552595209477227657e-03
3.021882857667709896e-03 -3.589402203494719557e-03
1.526959437768591818e-03 -2.509827359255035074e-03
5.191366876015906942e-04 -1.313425001256072295e-03
0.000000000000000000e+00 0.000000000000000000e+00
-2.569705333319070948e-05 1.412088579842485586e-03
4.463121339598491054e-04 2.904092293531143881e-03
1.416152539252293809e-03 4.475039667060289050e-03
2.883464476904305622e-03 6.123437153045685304e-03
4.847401656670908936e-03 7.847275922297239359e-03
7.306629108549369395e-03 9.644041693340984350e-03
1.025932101775714131e-02 1.151072752513012699e-02
1.370315852519287877e-02 1.344384947661594019e-02
1.763532755935812504e-02 1.543946501618044184e-02
2.205251677509243932e-02 1.749319404434247077e-02
2.695091568243493385e-02 1.960024237482003995e-02
3.232621305529914668e-02 2.175542750211771278e-02
3.817359571432594328e-02 2.395320646846917784e-02
4.448774778115589801e-02 2.618770562933247364e-02
5.126285050238194724e-02 2.845275210483523554e-02
5.849258274058342227e-02 3.074190669470572984e-02
6.617012222709969804e-02 3.304849802638748502e-02
7.428814766663738300e-02 3.536565770029490713e-02
8.283884177748368494e-02 3.768635619256949232e-02
9.181389534313512402e-02 4.000343927426883162e-02
1.012045123416986242e-01 4.230966470667197471e-02
1.110014162086351841e-01 4.459773897529149822e-02
1.211948572765089160e-01 4.686035383020761835e-02
1.317746214225904433e-01 4.909022240741575671e-02
1.427300399416711607e-01 5.128011471491335238e-02
1.540500006475489236e-01 5.342289227813819957e-02
1.657229601925733209e-01 5.551154175196201801e-02
1.777369575806830582e-01 5.753920732059090992e-02
1.900796288357694541e-01 5.949922172224117456e-02
2.027382227742157428e-01 6.138513575214814277e-02
2.156996178183361867e-01 6.319074611511157902e-02
2.289503397763889281e-01 6.491012151715186418e-02
2.424765805050567435e-01 6.653762690470366170e-02
2.562642173619630870e-01 6.806794577885984243e-02
2.702988333490379258e-01 6.949610053123897457e-02
2.845657378424913952e-01 7.081747076683392317e-02
2.990499878018479940e-01 7.202780959745085088e-02
3.137364093489785621e-01 7.312325790682576432e-02
3.286096196083165832e-01 7.410035660497814314e-02
3.436540487014288492e-01 7.495605690461321080e-02
3.588539617927222758e-01 7.568772866622390516e-02
3.741934810881966667e-01 7.629316687080234249e-02
3.896566076956404778e-01 7.677059628961030446e-02
4.052272432623202358e-01 7.711867442917233473e-02
4.208892113148419711e-01 7.733649283647033024e-02
4.366262782352201000e-01 7.742357685420131475e-02
4.524221738170590146e-01 7.737988391891092999e-02
4.682606113558685501e-01 7.720580049587394411e-02
4.841253072376746069e-01 7.690213774383769518e-02
5.000000000000001110e-01 7.647012600028578466e-02
5.158684688487586989e-01 7.591140817386526907e-02
5.317145516234312863e-01 7.522803212522433114e-02
5.475221622108839004e-01 7.442244211093421158e-02
5.632753074152070383e-01 7.349746935763837308e-02
5.789581032968716956e-01 7.245632182532707466e-02
5.945547909992346947e-01 7.130257320992430814e-02
6.100497520839360810e-01 7.004015122645254610e-02
6.254275233989953220e-01 6.867332520516541972e-02
6.406728115044666438e-01 6.720669302445164695e-02
6.557705066804054850e-01 6.564516739625844699e-02
6.707056965407208748e-01 6.399396151246919406e-02
6.854636792743672435e-01 6.225857405429877783e-02
7.000299765323879653e-01 6.044477356151012337e-02
7.143903459757399155e-01 5.855858215424234597e-02
7.285307934947576891e-01 5.660625859758891543e-02
7.424375851067579468e-01 5.459428069784109938e-02
7.560972585337857321e-01 5.252932701956170014e-02
7.694966344581017914e-01 5.041825791437641591e-02
7.826228274487830872e-01 4.826809585554341087e-02
7.954632565490247220e-01 4.608600507691409942e-02
8.080056555104087046e-01 4.387927052074870604e-02
8.202380826577613249e-01 4.165527610587314161e-02
8.321489303662819026e-01 3.942148233571712845e-02
8.437269341314805882e-01 3.718540327470024748e-02
8.549611812121585830e-01 3.495458293104258124e-02
8.658411188271836201e-01 3.273657109418985633e-02
8.763565618881791197e-01 3.053889868545013597e-02
8.864977002523756200e-01 2.836905269094006088e-02
8.962551054827272434e-01 2.623445075633387344e-02
9.056197371058880563e-01 2.414241553298332107e-02
9.145829483626477518e-01 2.210014887455823834e-02
9.231364914498446650e-01 2.011470599224395028e-02
9.312725222574693706e-01 1.819296968456445007e-02
9.389836046094999222e-01 1.634162476492276306e-02
9.462627140218375921e-01 1.456713281582536212e-02
9.531032409953975604e-01 1.287570740336693373e-02
9.594989938668193608e-01 1.127328988880539618e-02
9.654442012432574716e-01 9.765525975873374023e-03
9.709335140512060924e-01 8.357743132803917979e-03
9.759620072321695261e-01 7.054929026862222230e-03
9.805251811201487477e-01 5.861711106466086299e-03
9.846189625373062970e-01 4.782337461758817167e-03
9.882397056447489447e-01 3.820659088800874327e-03
9.913841925850982451e-01 2.980113675435282737e-03
9.940496339524255154e-01 2.263711018417656137e-03
9.962336691231994390e-01 1.674020171689134286e-03
9.979343664791889834e-01 1.213158414808516734e-03
9.991502235498500584e-01 8.827821186752007757e-04
9.998801670976448230e-01 6.840795729025912330e-04
1.000000000000000000e+00 6.177658256852687924e-04
