1.000000000000000000e+00 -1.044789049720470106e-03
9.996459749665439487e-01 -1.048826674295132415e-03
9.988976021164974739e-01 -1.060945237842797961e-03
9.976511987240309631e-01 -1.081162027011522454e-03
9.959080903336635648e-01 -1.109506569341570320e-03
9.936701297341795636e-01 -1.146021681985670299e-03
9.909396940087967787e-01 -1.190764888503866806e-03
9.877196807758565900e-01 -1.243810153541751069e-03
9.840135036441093330e-01 -1.305249872583429203e-03
9.798250869110082251e-01 -1.375197042604739493e-03
9.751588595362131739e-01 -1.453787529574387168e-03
9.700197484256606328e-01 -1.541182340570761578e-03
9.644131710640218014e-01 -1.637569801978987737e-03
9.583450275351366177e-01 -1.743167540958162273e-03
9.518216919710301704e-01 -1.858224165238175907e-03
9.448500034704095940e-01 -1.983020536391625829e-03
9.374372565271279489e-01 -2.117870534075720276e-03
9.295911910080052465e-01 -2.263121213344928412e-03
9.213199817176883633e-01 -2.419152263960668361e-03
9.126322275859772848e-01 -2.586374689589488601e-03
9.035369405103171880e-01 -2.765228635762392168e-03
8.940435338830672318e-01 -2.956180308316744623e-03
8.841618108297930601e-01 -3.159717938556752537e-03
8.739019521813171654e-01 -3.376346767331788942e-03
8.632745041986975565e-01 -3.606583037385507895e-03
8.522903660668104120e-01 -3.850947001396376468e-03
8.409607771689089351e-01 -4.109954971804521268e-03
8.292973041514839494e-01 -4.384110457495832974e-03
8.173118277861144421e-01 -4.673894451345991449e-03
8.050165296327961295e-01 -4.979754951198806651e-03
7.924238785075761182e-01 -5.302095814712609601e-03
7.795466167562550286e-01 -5.641265065339347989e-03
7.663977463354573194e-01 -5.997542782175537684e-03
7.529905147025630630e-01 -6.371128720242532489e-03
7.393384005168217588e-01 -6.762129819639972617e-03
7.254550991554017392e-01 -7.170547771707870555e-03
7.113545080501633144e-01 -7.596266817618296807e-03
6.970507118534607915e-01 -8.039041959504653057e-03
6.825579674442751044e-01 -8.498487766183549647e-03
6.678906887892910316e-01 -8.974067954628767163e-03
6.530634316771207759e-01 -9.465085924561189579e-03
6.380908783475776058e-01 -9.970676416815444504e-03
6.229878220416278367e-01 -1.048979845657165705e-02
6.077691515012578760e-01 -1.102122973018758445e-02
5.924498354518671350e-01 -1.156356252936727863e-02
5.770449071028074250e-01 -1.211520137893932689e-02
5.615694487042299787e-01 -1.267436244481660174e-02
5.460385762003584498e-01 -1.323907479703419210e-02
5.304674240205874414e-01 -1.380718357941898913e-02
5.148711300503403532e-01 -1.437635511276410399e-02
4.992648208233435025e-01 -1.494408393272932470e-02
4.836635969758430464e-01 -1.550770173744497882e-02
4.680825190013077619e-01 -1.606438819336168666e-02
4.525365933412989206e-01 -1.661118352166729428e-02
4.370407588445134328e-01 -1.714500276199311390e-02
4.216098736215390108e-01 -1.766265158556120859e-02
4.062587023176947310e-01 -1.816084350677005937e-02
3.910938087009299124e-01 -1.864456484334360564e-02
3.761027081865802035e-01 -1.914545898880880628e-02
3.612356650078689113e-01 -1.966296935082840341e-02
3.465060809661876240e-01 -2.019232460026879061e-02
3.319271905234303377e-01 -2.072860463008366697e-02
3.175120568745208871e-01 -2.126676860587416173e-02
3.032735686854816093e-01 -2.180168331156527237e-02
2.892244374000676466e-01 -2.232815151392701994e-02
2.753771950063971796e-01 -2.284094007396342621e-02
2.617441921453251830e-01 -2.333480754114276856e-02
2.483375964348179810e-01 -2.380453097788669953e-02
2.351693908795020604e-01 -2.424493177646177069e-02
2.222513722320575702e-01 -2.465090024815827854e-02
2.095951491733150096e-01 -2.501741878509266409e-02
1.972121401808458185e-01 -2.533958341778682136e-02
1.851135709615011338e-01 -2.561262361648329947e-02
1.733104713316714618e-01 -2.583192021055815898e-02
1.618136714398900888e-01 -2.599302132797483636e-02
1.506337972395841440e-01 -2.609165628506745355e-02
1.397812651350518187e-01 -2.612374738562661669e-02
1.292662757408225283e-01 -2.608541961687142405e-02
1.190988067131038691e-01 -2.597300825802285190e-02
1.092886046316724757e-01 -2.578306444446125389e-02
9.984517593094845156e-02 -2.551235875649143087e-02
9.077777689967207742e-02 -2.515788292621418815e-02
8.209540278920077205e-02 -2.471684977861111215e-02
7.380677609051829180e-02 -2.418669154341382410e-02
6.592033405921761402e-02 -2.356505669241864415e-02
5.844421558559305396e-02 -2.284980547241938914e-02
5.138624752318937672e-02 -2.203900431671073495e-02
4.475393060339941803e-02 -2.113091932803803571e-02
3.855442507567169441e-02 -2.012400903285900544e-02
3.279453622235590365e-02 -1.901691661079462498e-02
2.748069990398766330e-02 -1.780846180417920005e-02
2.261896829474183829e-02 -1.649763271070316117e-02
1.821499596880025995e-02 -1.508357765734770137e-02
1.427402649644468439e-02 -1.356559734623757549e-02
1.080087970383356542e-02 -1.194313745281926943e-02
7.799939742743449735e-03 -1.021578184407155240e-02
5.275144106179652584e-03 -8.383246569456265576e-03
3.229973712896519727e-03 -6.445374760239879104e-03
1.667444168734626229e-03 -4.402132553885422343e-03
5.900982955811858843e-04 -2.253606139690958465e-03
0.000000000000000000e+00 0.000000000000000000e+00
-9.665866131278589950e-05 2.327599258330655986e-03
3.058274029938149114e-04 4.697758245829458147e-03
1.208061684023483979e-03 7.109233554948100019e-03
2.610154579342582534e-03 9.560212190844611171e-03
4.511719662118890938e-03 1.204832041505390222e-02
6.911869567477713430e-03 1.457063657913330347e-02
9.809211564807992015e-03 1.712370783459594634e-02
1.320184290256866226e-02 1.970357057261526781e-02
1.708734602831520760e-02 2.230577441568158681e-02
2.146278380085880552e-02 2.492540955392180679e-02
2.632469482341864148e-02 2.755713719146295898e-02
3.166908903607695835e-02 3.019522284328977207e-02
3.749144371261944192e-02 3.283357220078004374e-02
4.378670001079126850e-02 3.546576926471665947e-02
5.054926022603915825e-02 3.808511642827350913e-02
5.777298589691880204e-02 4.068467617942305575e-02
6.545119690553817537e-02 4.325731408254381016e-02
7.357667170878415264e-02 4.579574269282388893e-02
8.214164882576620308e-02 4.829256605441598765e-02
9.113782969410420820e-02 5.074032443422630406e-02
1.005563829926371111e-01 5.313153894769706564e-02
1.103879505111069886e-01 5.545875574090910337e-02
1.206226546287178653e-01 5.771458940468687793e-02
1.312501074435368509e-01 5.989176531099299483e-02
1.422594215738683943e-01 6.198316057956298336e-02
1.536392226314211851e-01 6.398184340323721797e-02
1.653776633446768229e-01 6.588111048352186805e-02
1.774624392898094538e-01 6.767452235326501531e-02
1.898808061661779178e-01 6.935593639062602456e-02
2.026195985342119643e-01 7.091953735738606990e-02
2.156652499158117353e-01 7.235986532470743693e-02
2.290038141415015049e-01 7.367184088028692901e-02
2.426209878148111454e-01 7.485078754204355089e-02
2.565021337529598267e-01 7.589245133459755766e-02
2.706323052540560714e-01 7.679301751540611176e-02
2.849962710348596939e-01 7.754912446708707441e-02
2.995785406797378814e-01 7.815787480077680816e-02
3.143633904408014157e-01 7.861684374192824676e-02
3.293348892312785159e-01 7.892408489439721453e-02
3.444769246588650358e-01 7.907813350065495683e-02
3.597732289529019245e-01 7.907800733520645164e-02
3.752074046485651682e-01 7.892320538454696000e-02
3.907629499025278008e-01 7.861370448005861045e-02
4.063599830965808901e-01 7.815420887253737847e-02
4.219556613382303700e-01 7.758357009238073254e-02
4.376260075911824199e-01 7.691270584491133322e-02
4.533550933401868654e-01 7.614397313382353927e-02
4.691269614693791001e-01 7.527995312956853313e-02
4.849256439460288837e-01 7.432343789766944486e-02
5.007351791766566640e-01 7.327741726606265549e-02
5.165396290277879388e-01 7.214506597038430891e-02
5.323230955087260297e-01 7.092973119798205717e-02
5.480697371181560973e-01 6.963492063190662718e-02
5.637637848600745016e-01 6.826429107559134346e-02
5.793895579374237492e-01 6.682163771775116723e-02
5.949314791338576880e-01 6.531088407561042031e-02
6.103740898952848548e-01 6.373607263328726069e-02
6.257020651232272357e-01 6.210135617140454672e-02
6.409002276916517804e-01 6.041098976412026533e-02
6.559535626978268974e-01 5.866932340112344935e-02
6.708472314560005589e-01 5.688079517503617788e-02
6.855665852404030369e-01 5.504992495938498820e-02
7.000971787813199398e-01 5.318130848910598146e-02
7.144247835149095671e-01 5.127961174463144256e-02
7.285354005841450098e-01 4.934956553214193964e-02
7.424152735848938978e-01 4.739596014667377816e-02
7.560509010478082548e-01 4.542364000152207537e-02
7.694290486435396703e-01 4.343749810679792267e-02
7.825367610958757769e-01 4.144247028206794747e-02
7.953613737848970189e-01 3.944352899264945422e-02
8.078905240201804672e-01 3.744567670625031930e-02
8.201121619625753034e-01 3.545393867607041921e-02
8.320145611721683210e-01 3.347335506802462390e-02
8.435863287597797910e-01 3.150897236318705996e-02
8.548164151197370497e-01 2.956583398162058313e-02
8.656941232227142180e-01 2.764897009016793056e-02
8.762091174491424272e-01 2.576338657423445783e-02
8.863514319459964153e-01 2.391405317175764739e-02
8.961114784926234034e-01 2.210589078612072711e-02
9.054800538646302632e-01 2.034375801336853196e-02
9.144483466885846568e-01 1.863243693741599774e-02
9.230079437843269341e-01 1.697661826465470675e-02
9.311508359959386194e-01 1.538088588616011443e-02
9.388694235167357460e-01 1.384970097128221216e-02
9.461565207179586379e-01 1.238738571049227515e-02
9.530053604949894064e-01 1.099810683770680031e-02
9.594095981488444114e-01 9.685859072710805914e-03
9.653633148242297679e-01 8.454448632562040766e-03
9.708610205285649331e-01 7.307476966838045637e-03
9.758976567589404683e-01 6.248324875177088331e-03
9.804685987659350621e-01 5.280137166697018020e-03
9.845696574845217430e-01 4.405808019525751448e-03
9.881970811628908447e-01 3.627967194853869322e-03
9.913475567198920535e-01 2.948967253687144029e-03
9.940182108609582068e-01 2.370871915917672958e-03
9.962066109808144221e-01 1.895445690587097215e-03
9.979107658790490332e-01 1.524144893445834956e-03
9.991291263117740851e-01 1.258110153319982579e-03
9.998605853991876513e-01 1.098160492610606755e-03
1.000000000000000000e+00 1.044789049720470106e-03
