1.000000000000000000e+00 -1.036812663512522289e-03
9.995829151954884750e-01 -1.025841404289430051e-03
9.988296134016245720e-01 -9.930072742237979269e-04
9.975750516508583576e-01 -9.385490915887904819e-04
9.958206398290059269e-01 -8.628644662361558814e-04
9.935683478473071872e-01 -7.665091496487695753e-04
9.908207017516452719e-01 -6.501960873757312367e-04
9.875807787736746723e-01 -5.147941372484496434e-04
9.838522013625042861e-01 -3.613264077817110974e-04
9.796391302424953818e-01 -1.909681632341303330e-04
9.749462565487401200e-01 -5.044235142775965741e-06
9.697787930967407544e-01 1.949741250604252255e-04
9.641424648466290215e-01 4.074730213413707211e-04
9.580434986249187768e-01 6.307003871071324708e-04
9.514886121681992437e-01 8.627712288423843023e-04
9.444850025534008431e-01 1.101673708259099001e-03
9.370403340783021173e-01 1.345276127988605241e-03
9.291627256538786961e-01 1.591334879982248332e-03
9.208607377669911775e-01 1.837503407977544856e-03
9.121433590679334236e-01 2.081342225693852410e-03
9.030199926325949145e-01 2.320330020949612493e-03
8.935004419436568535e-01 2.551875862768417796e-03
8.835948966294688844e-01 2.773332513942721594e-03
8.733139179932697393e-01 2.982010835645497460e-03
8.626684243593820689e-01 3.175195253758505975e-03
8.516696762571521750e-01 3.350160238877096519e-03
8.403292614578996567e-01 3.504187733744414807e-03
8.286590798751555242e-01 3.634585443456593568e-03
8.166713283342016405e-01 3.738705885496969306e-03
8.043784852134849839e-01 3.813966078815310412e-03
7.917932949580018809e-01 3.857867734117736286e-03
7.789287524633423665e-01 3.868017791591890631e-03
7.657980873287630885e-01 3.842149137799347886e-03
7.524147479784893955e-01 3.778141320729493796e-03
7.387923856523951338e-01 3.674041071318641383e-03
7.249448382702203819e-01 3.528082431371228761e-03
7.108861141775058012e-01 3.338706282003750525e-03
6.966303757862796209e-01 3.104579063675463879e-03
6.821919231291362351e-01 2.824610478725106399e-03
6.675851773514543952e-01 2.497969970215771496e-03
6.528246641729671396e-01 2.124101776861196667e-03
6.379249973564542486e-01 1.702738372875760298e-03
6.229008622277708573e-01 1.233912113713889203e-03
6.077669992974998880e-01 7.179649237398638695e-04
5.925381880399969159e-01 1.555558797447509356e-04
5.772292308902323699e-01 -4.523334353076641223e-04
5.618549375224456410e-01 -1.104395911126827834e-03
5.464301094769838940e-01 -1.798998299528446754e-03
5.309695252026657153e-01 -2.534183065946778168e-03
5.154879255814489580e-01 -3.307672726718037526e-03
5.000000000000001110e-01 -4.116876667142964352e-03
4.845203730289228683e-01 -4.958900406205148104e-03
4.690635917648938169e-01 -5.830557244690899588e-03
4.536441138838199771e-01 -6.728382204780739007e-03
4.382762964444797404e-01 -7.648648141413992574e-03
4.229743854720531271e-01 -8.587383879309302970e-03
4.077525063396853500e-01 -9.540394204872196249e-03
3.926246549539705311e-01 -1.050328151973423801e-02
3.776046897372384858e-01 -1.147146894270253958e-02
3.627063243860707553e-01 -1.244022462977197041e-02
3.479431213718444660e-01 -1.340468706783614489e-02
3.333284861356370365e-01 -1.435989108704326112e-02
3.188756619168277573e-01 -1.530079432954591090e-02
3.045977251425301402e-01 -1.622230390879002976e-02
2.905075812938811008e-01 -1.711930299352742990e-02
2.766179611554951956e-01 -1.798667705440199632e-02
2.629414173463187065e-01 -1.881933951818151249e-02
2.494903210239232672e-01 -1.961225658535431862e-02
2.362768586501480528e-01 -2.036047098070570965e-02
2.233130287040818451e-01 -2.105912442339683346e-02
2.106106382287643575e-01 -2.170347862271901351e-02
1.981812991007345370e-01 -2.228893462777279885e-02
1.860364239166504285e-01 -2.281105038347673586e-02
1.741872213985896922e-01 -2.326555637117620409e-02
1.626446912292141000e-01 -2.364836923929979767e-02
1.514196182395750045e-01 -2.395560335759922693e-02
1.405225658857499893e-01 -2.418358025709053255e-02
1.299638689654910584e-01 -2.432883594648178535e-02
1.197536255423404528e-01 -2.438812612421500936e-02
1.099016880619267528e-01 -2.435842933287475989e-02
1.004176536630612682e-01 -2.423694812924635442e-02
9.131085370443868532e-02 -2.402110836838595997e-02
8.259034254588053237e-02 -2.370855672336687897e-02
7.426488564074984478e-02 -2.329715658359209074e-02
6.634294701308243725e-02 -2.278498249345076165e-02
5.883267620877145193e-02 -2.217031330941562906e-02
5.174189482448643407e-02 -2.145162426724413901e-02
4.507808273062680060e-02 -2.062757816160587510e-02
3.884836411522957222e-02 -1.969701584810741243e-02
3.305949348416099137e-02 -1.865894628225345589e-02
2.771784175894935129e-02 -1.751253631134632588e-02
2.282938261711686678e-02 -1.625710043369607907e-02
1.839967922077951137e-02 -1.489209073484632807e-02
1.443387147756087369e-02 -1.341708720290645841e-02
1.093666397353553615e-02 -1.183178861464497834e-02
7.912314711054451583e-03 -1.013600417090626191e-02
5.364624775018297931e-03 -8.329646044349481998e-03
3.296929039638934588e-03 -6.412722984703717044e-03
1.712088014155647639e-03 -4.385335106924586127e-03
6.124809106195312682e-04 -2.247669966102838236e-03
0.000000000000000000e+00 0.000000000000000000e+00
-1.190412763511312292e-04 2.326600828971969043e-03
2.611835575727933928e-04 4.700747054345474213e-03
1.141106357281069118e-03 7.121232955556172292e-03
2.520673910503937187e-03 9.586319599204248115e-03
4.399344693807889957e-03 1.209374351910012801e-02
6.776085297775743567e-03 1.464072917911491724e-02
9.649366583691802723e-03 1.722400510426569040e-02
1.301715965058941257e-02 1.983982353309179242e-02
1.687693170594017911e-02 2.248398341361549160e-02
2.122564194589711753e-02 2.515185653634843810e-02
2.605973756161355029e-02 2.783841657122189048e-02
3.137514999651908054e-02 3.053827075125096005e-02
3.716729158539205935e-02 3.324569392445832910e-02
4.343105270949421115e-02 3.595466467729657722e-02
5.016079960286076028e-02 3.865890321771671412e-02
5.735037294305398575e-02 4.135191069429089428e-02
6.499308735530662240e-02 4.402700961952349390e-02
7.308173195210439232e-02 4.667738506076397204e-02
8.160857202099959518e-02 4.929612626099885708e-02
9.056535196199139159e-02 5.187626835424846705e-02
9.994329956238283408e-02 5.441083384628056518e-02
1.097331316818704050e-01 5.689287354078603753e-02
1.199250614040493490e-01 5.931550660390960683e-02
1.305088066928386803e-01 6.167195947591801869e-02
1.414736005738775337e-01 6.395560335759922777e-02
1.528082028420971739e-01 6.615999002047232014e-02
1.645009132777585925e-01 6.827888571374839122e-02
1.765395863346601590e-01 7.030630296690575098e-02
1.889116472462891994e-01 7.223653011436700910e-02
2.016041094787626164e-01 7.406415839771691989e-02
2.146035934437874604e-01 7.578410653078394843e-02
2.278963463708555126e-01 7.739164264330863907e-02
2.414682632257058592e-01 7.888240354942296917e-02
2.553049085519663031e-01 8.025241131734139888e-02
2.693915391049580554e-01 8.149808714610093374e-02
2.837131271410462396e-01 8.261626258347501417e-02
2.982543842226893505e-01 8.360418814593759129e-02
3.129997853984945455e-01 8.445953942640238576e-02
3.279335936190718170e-01 8.518042079807483513e-02
3.430398842532081938e-01 8.576536684283403433e-02
3.583025695747000805e-01 8.621334164985257342e-02
3.737054230979068858e-01 8.652373614445708905e-02
3.892321036494871822e-01 8.669636361837504412e-02
4.048661790745902711e-01 8.673145364040225902e-02
4.205911494877162538e-01 8.662964453111546281e-02
4.363904699912161123e-01 8.639197458655922812e-02
4.522475727976658089e-01 8.601987223392829063e-02
4.681458887057930451e-01 8.551514529727002878e-02
4.840688678929490618e-01 8.487996954333601463e-02
5.000000000000001110e-01 8.411687666714295908e-02
5.159228334966793339e-01 8.322874186384890405e-02
5.318209943266477557e-01 8.221877111852590736e-02
5.476782038415306531e-01 8.109048832867599144e-02
5.634782960418588393e-01 7.984772235627207726e-02
5.792052341499988044e-01 7.849459408711378927e-02
5.948431265457279071e-01 7.703550355578529796e-02
6.103762420990428428e-01 7.547511717490092142e-02
6.257890249370842151e-01 7.381835508804064638e-02
6.410661086827751376e-01 7.207037864720483578e-02
6.561923302019805337e-01 7.023657799813667890e-02
6.711527428938371953e-01 6.832255974081578864e-02
6.859326295555419062e-01 6.633413461813135459e-02
7.005175148485011105e-01 6.427730517347206296e-02
7.148931773875670803e-01 6.215825330794381987e-02
7.290456614693263671e-01 5.998332766032769825e-02
7.429612884493205227e-01 5.775903072784118603e-02
7.566266677718819222e-01 5.549200564333911512e-02
7.700287076502339012e-01 5.318902252480353643e-02
7.831546253887884390e-01 5.085696431579520699e-02
7.959919573344712562e-01 4.850281204088016662e-02
8.085285684394916128e-01 4.613362940777885474e-02
8.207526614144881050e-01 4.375654669793202500e-02
8.326527854484967461e-01 4.137874389911554152e-02
8.442178444707890694e-01 3.900743304742812501e-02
8.554371049293952867e-01 3.664983976112290431e-02
8.663002030620297056e-01 3.431318396506891771e-02
8.767971516371898533e-01 3.200465982178233443e-02
8.869183461463205909e-01 2.973141490262825107e-02
8.966545704320337817e-01 2.750052865063734586e-02
9.059970017423525368e-01 2.531899020405248973e-02
9.149372152066285180e-01 2.319367566691901347e-02
9.234671877350241198e-01 2.113132492941950311e-02
9.315793013500651698e-01 1.913851815594910799e-02
9.392663459655615776e-01 1.722165207285149616e-02
9.465215216349673888e-01 1.538691620004193142e-02
9.533384402978203331e-01 1.364026918121000881e-02
9.597111270590622523e-01 1.198741537574533715e-02
9.656340210416225478e-01 1.043378188180215868e-02
9.711019758574848115e-01 8.984496163907979005e-03
9.761102597464135222e-01 7.644364460144877776e-03
9.806545554344479054e-01 6.417851143153482582e-03
9.847309597661267899e-01 5.309059206027172406e-03
9.883359831650727623e-01 4.321712038607649319e-03
9.914665489770435602e-01 3.459136651845659723e-03
9.941199927478305831e-01 2.724248497842624191e-03
9.962940614854720600e-01 2.119538021090877113e-03
9.979869129522216387e-01 1.647059062441237056e-03
9.991971150266469870e-01 1.308419221644696422e-03
9.999236451702431250e-01 1.104772267158558689e-03
1.000000000000000000e+00 1.036812663512522289e-03
