1.000000000000000000e+00 -6.276983888962920071e-04
9.996980188549877688e-01 -6.237991203196432142e-04
9.989537374043793161e-01 -6.121188141862540441e-04
9.977141140835387167e-01 -5.927100586292236364e-04
9.959804163931683663e-01 -5.656607939487066396e-04
9.937544165504303972e-01 -5.310947374235324694e-04
9.910383892173818543e-01 -4.891719477565034278e-04
9.878351085976428969e-01 -4.400894996083859739e-04
9.841478449138028051e-01 -3.840822312844527440e-04
9.799803602803698332e-01 -3.214235220092862087e-04
9.753369039891109926e-01 -2.524260495033953458e-04
9.702222072253751106e-01 -1.774424738855934040e-04
9.646414772354039435e-01 -9.686599037623221109e-05
9.586003909657262456e-01 -1.113069095857099552e-05
9.521050881964573387e-01 7.928832586302390559e-05
9.451621641907139715e-01 1.738751577463528569e-04
9.377786618824051068e-01 2.720736724848536736e-04
9.299620636243811633e-01 3.732885090703417022e-04
9.217202825183498094e-01 4.768865572599362626e-04
9.130616533471388463e-01 5.821989613951040685e-04
9.039949231288096909e-01 6.885236873491115683e-04
8.945292413108860696e-01 7.951286834959594638e-04
8.846741496215717593e-01 9.012556576242884698e-04
8.744395715933631630e-01 1.006124481897472181e-03
8.638358017729573790e-01 1.108938227445744815e-03
8.528734946298670572e-01 1.208888819135906650e-03
8.415636531747439086e-01 1.305163289686108244e-03
8.299176172971032273e-01 1.396950600763734868e-03
8.179470518310129057e-01 1.483448987230993193e-03
8.056639343563748445e-01 1.563873769476697984e-03
7.930805427427178866e-01 1.637465568006323674e-03
7.802094424419945273e-01 1.703498844342326429e-03
7.670634735367023449e-01 1.761290683012076141e-03
7.536557375497884292e-01 1.810209721146512421e-03
7.399995840232086453e-01 1.849685125144530373e-03
7.261085968727144513e-01 1.879215508129982587e-03
7.119965805274156567e-01 1.898377677664080804e-03
6.976775458638623251e-01 1.906835100489910617e-03
6.831656959458193290e-01 1.904345970056977450e-03
6.684754115824848020e-01 1.890770763264687515e-03
6.536212367196160278e-01 1.866079175302692156e-03
6.386178636798139907e-01 1.830356325658536593e-03
6.234801182700153710e-01 1.783808134282881264e-03
6.082229447760161278e-01 1.726765774495875316e-03
5.928613908655260278e-01 1.659689118404899383e-03
5.774105924227828091e-01 1.583169101272957624e-03
5.618857583390911570e-01 1.497928943296079202e-03
5.463021552847349138e-01 1.404824180458803112e-03
5.306750924885025311e-01 1.304841470358090311e-03
5.150199065515356223e-01 1.199096153921847679e-03
4.993519463223206056e-01 1.088828569582488831e-03
4.836865578593728121e-01 9.753991324725520828e-04
4.680390695075167806e-01 8.602822073529199642e-04
4.524247771126136408e-01 7.450588200221333612e-04
4.368589293981751664e-01 6.314082676472827782e-04
4.213567135255136265e-01 5.210987035597289263e-04
4.059332408569680251e-01 4.159767863420350820e-04
3.906035329393379163e-01 3.179564962681111218e-04
3.753825077219993256e-01 2.290072341403909251e-04
3.602849660213332528e-01 1.511413280994994279e-04
3.453255782401113416e-01 8.640108289269254893e-05
3.305188713474345730e-01 3.684551322776646876e-05
3.158792161217702787e-01 4.536908083364876720e-06
3.014208146566487723e-01 -8.472623897432668416e-06
2.873680518581996912e-01 -4.429361169927190089e-05
2.735432013128896167e-01 -1.621328080553888218e-04
2.599352119984107978e-01 -3.555978027026465704e-04
2.465561370893342430e-01 -6.175136831935851278e-04
2.334178449070375139e-01 -9.404977356607634176e-04
2.205320186765841461e-01 -1.316993752845264237e-03
2.079101559442121938e-01 -1.739306048592466347e-03
1.955635675093385928e-01 -2.199633028179243111e-03
1.835033757364363249e-01 -2.690100179731372970e-03
1.717405121263197165e-01 -3.202792367885960723e-03
1.602857140429614358e-01 -3.729785326476105917e-03
1.491495205105676236e-01 -4.263176262136521288e-03
1.383422670158524770e-01 -4.795113495152027172e-03
1.278740792718472130e-01 -5.317825077443476961e-03
1.177548659216977045e-01 -5.823646340189392312e-03
1.079943101833137076e-01 -6.305046335134303903e-03
9.860186045799793075e-02 -6.754653144086932709e-03
8.958671994786503168e-02 -7.165278040440446750e-03
8.095783534759669331e-02 -7.529938494754761374e-03
7.272388469547251544e-02 -7.841880023549635190e-03
6.489326448636142941e-02 -8.094596886503716698e-03
5.747407616515570750e-02 -8.281851642287483412e-03
5.047411213272566533e-02 -8.397693577335470574e-03
4.390084140767885890e-02 -8.436476025045651361e-03
3.776139509584693771e-02 -8.392872595247138912e-03
3.206255182539114595e-02 -8.261892335365624007e-03
2.681072330864973929e-02 -8.038893845601953123e-03
2.201194019230718821e-02 -7.719598370684171984e-03
1.767183835518449514e-02 -7.300101890412935036e-03
1.379564580797891862e-02 -6.776886230348339556e-03
1.038817034172616859e-02 -6.146829212629689385e-03
7.453788061761443436e-03 -5.407213865124921477e-03
4.996432931679669481e-03 -4.555736704910771581e-03
3.019587437463088116e-03 -3.590515109528392285e-03
1.526274465772601251e-03 -2.510093786572280966e-03
5.190504726674833452e-04 -1.313450348987467257e-03
0.000000000000000000e+00 0.000000000000000000e+00
-2.561083839908341467e-05 1.412097695395702571e-03
4.469971059558397811e-04 2.904099134135337650e-03
1.418447959456915590e-03 4.474839495881673818e-03
2.888865753842565203e-03 6.122433452788568833e-03
4.857871343100897236e-03 7.844282919880499194e-03
7.324578929585109401e-03 9.637088819100554996e-03
1.028759225327375779e-02 1.149686678334637877e-02
1.374500051618442881e-02 1.341896670390846022e-02
1.769437413074985768e-02 1.539809600244201188e-02
2.213276039619672952e-02 1.742834648704348621e-02
2.705667922038339918e-02 1.950322463127992026e-02
3.246211901590171506e-02 2.161568509522970860e-02
3.834453290834000105e-02 2.375816728885241091e-02
4.469883540125497989e-02 2.592263476041396092e-02
5.151939964647650472e-02 2.810061717636378256e-02
5.880005546977498665e-02 3.028325464410247872e-02
6.653408830058395174e-02 3.246134411559919303e-02
7.471423915038823138e-02 3.462538759793404308e-02
8.333270577757324882e-02 3.676564188665887301e-02
9.238114516705472901e-02 3.887216952950098281e-02
1.018506774409958793e-01 4.093489072148843999e-02
1.117318913025131533e-01 4.294363582815090286e-02
1.220148510976931944e-01 4.488819823114605090e-02
1.326891055627361926e-01 4.675838719056413934e-02
1.437436983028849147e-01 4.854408042034286802e-02
1.551671800283498381e-01 5.023527607774402881e-02
1.669476225500285682e-01 5.182214387473157297e-02
1.790726345148742626e-01 5.329507502836706989e-02
1.915293788376851436e-01 5.464473077898067410e-02
2.043045917633147801e-01 5.586208921883450279e-02
2.173846034712851594e-01 5.693849019018581981e-02
2.307553601139660515e-01 5.786567802994971310e-02
2.444024471602948834e-01 5.863584195838603130e-02
2.583111138998742118e-01 5.924165393118107498e-02
2.724662989475636343e-01 5.967630379770105103e-02
2.868526565767276493e-01 5.993353163276643469e-02
3.014312947085707184e-01 6.000822360773934439e-02
3.159962311935520241e-01 5.996435969982832209e-02
3.307432084072742806e-01 5.984826543322512016e-02
3.456574273849413181e-01 5.966019359121235710e-02
3.607239279394375830e-01 5.940059890401452186e-02
3.759276051131460461e-01 5.907013306444579281e-02
3.912532256641197970e-01 5.866963899404547406e-02
4.066854445573075960e-01 5.820014447731221285e-02
4.222088214342557544e-01 5.766285528153500956e-02
4.378078370375206863e-01 5.705914787773309904e-02
4.534669095688721452e-01 5.639056187444180940e-02
4.691704109631700814e-01 5.565879227062738022e-02
4.849026830624991180e-01 5.486568162701639662e-02
5.006480536776796164e-01 5.401321224674404675e-02
5.163908525265926697e-01 5.310349844663835028e-02
5.321154270408109399e-01 5.213877898985992687e-02
5.478061580337796332e-01 5.112140973922077447e-02
5.634474752252133234e-01 5.005385657852653991e-02
5.790238726174483652e-01 4.893868863695333138e-02
5.945199237201987952e-01 4.777857183900977023e-02
6.099202966205266030e-01 4.657626279027277799e-02
6.252097688948397014e-01 4.533460299704512170e-02
6.403732423594153955e-01 4.405651340657484871e-02
6.553957576553316455e-01 4.274498924370288833e-02
6.702625086628067885e-01 4.140309510994943931e-02
6.849588567388588123e-01 4.003396030227862612e-02
6.994703447709184063e-01 3.864077430124027851e-02
7.137827110376572248e-01 3.722678237199775197e-02
7.278819028668322977e-01 3.579528121701082422e-02
7.417540900785070113e-01 3.434961461592053733e-02
7.553856782005828885e-01 3.289316898652371729e-02
7.687633214422946448e-01 3.142936880064114286e-02
7.818739354101362782e-01 2.996167179016688206e-02
7.947047095497552505e-01 2.849356388159048070e-02
8.072431192966017521e-01 2.702855380174919858e-02
8.194769379176768398e-01 2.557016730339892879e-02
8.313942480265490431e-01 2.412194096627391302e-02
8.429834527539448175e-01 2.268741553750897033e-02
8.542332865566804045e-01 2.127012878445885130e-02
8.651328256484543955e-01 1.987360784290773119e-02
8.756714980370964296e-01 1.850136105422948291e-02
8.858390931542177160e-01 1.715686929604424982e-02
8.956257710648045656e-01 1.584357682212708326e-02
9.050220712461377603e-01 1.456488163854584295e-02
9.140189209274230953e-01 1.332412545405422047e-02
9.226076429836654880e-01 1.212458325342937251e-02
9.307799633795627026e-01 1.096945255254150667e-02
9.385280181614585882e-01 9.861842403293014439e-03
9.458443599976542604e-01 8.804762225000636877e-03
9.527219642695622381e-01 7.801110546162661960e-03
9.591542347182547834e-01 6.853663746728093711e-03
9.651350086528476258e-01 5.965064895846424776e-03
9.706585617288504553e-01 5.137812783540429001e-03
9.757196123060426496e-01 4.374251246740233287e-03
9.803133253965734539e-01 3.676558890604310695e-03
9.844353162148282710e-01 3.046739305013939150e-03
9.880816533411045377e-01 2.486611873567329267e-03
9.912488615113069779e-01 1.997803268356193856e-03
9.939339240447073731e-01 1.581739718331072117e-03
9.961342849213096207e-01 1.239640132237534694e-03
9.978478505195412795e-01 9.725101490330421983e-04
9.990729910238922429e-01 7.811371794967868990e-04
9.998085415107438312e-01 6.660864925628673166e-04
1.000000000000000000e+00 6.276983888962920071e-04
