1.000000000000000000e+00 -2.098913536218252520e-03
9.996838824687585001e-01 -2.148630945678550990e-03
9.989384056012053925e-01 -2.297628539270349639e-03
9.976967729149452957e-01 -2.545443535790919108e-03
9.959602265819162970e-01 -2.891308358863499232e-03
9.937305037106800576e-01 -3.334156161819131891e-03
9.910098344211356602e-01 -3.872628436566027607e-03
9.878009393788564907e-01 -4.505084583161746668e-03
9.841070267961633533e-01 -5.229613285353981907e-03
9.799317889084301347e-01 -6.044045508649745213e-03
9.752793979354122955e-01 -6.945968912023214176e-03
9.701545015385476534e-01 -7.932743442635543582e-03
9.645622177862027691e-01 -9.001517865308953509e-03
9.585081296397265360e-01 -1.014924696529362694e-02
9.519982789738924422e-01 -1.137270915434542527e-02
9.450391601458765223e-01 -1.266852420644629801e-02
9.376377131273232468e-01 -1.403317085074708322e-02
9.298013162142867438e-01 -1.546300395548141048e-02
9.215377783299049108e-01 -1.695427104760560341e-02
9.128553309345942557e-01 -1.850312792859461208e-02
9.037626195583113864e-01 -2.010565316690362397e-02
8.942686949690644704e-01 -2.175786127177711110e-02
8.843830039913610497e-01 -2.345571438092400318e-02
8.741153799876736352e-01 -2.519513232562923047e-02
8.634760330153005148e-01 -2.697200097059958279e-02
8.524755396702220489e-01 -2.878217876167171729e-02
8.411248326287235066e-01 -3.062150145181331481e-02
8.294351898966717540e-01 -3.248578501400005425e-02
8.174182237754619162e-01 -3.437082678784535161e-02
8.050858695527582931e-01 -3.627240494466098253e-02
7.924503739253039303e-01 -3.818627639222464676e-02
7.795242831602720024e-01 -4.010817327529062060e-02
7.663204310008920883e-01 -4.203379826015533199e-02
7.528519263214379365e-01 -4.395881882077868480e-02
7.391321405361206409e-01 -4.587886076953075903e-02
7.251746947660024922e-01 -4.778950129705993727e-02
7.109934467677719860e-01 -4.968626180265368897e-02
6.966024776280564934e-01 -5.156460080841551719e-02
6.820160782269831801e-01 -5.341990725733247736e-02
6.672487354748528610e-01 -5.524749449666647300e-02
6.523151183261374220e-01 -5.704259524395307451e-02
6.372300635755062670e-01 -5.880035782322457633e-02
6.220085614412514952e-01 -6.051584394395731481e-02
6.066657409422943070e-01 -6.218402827485028372e-02
5.912168550759264729e-01 -6.379980003912043285e-02
5.756772658045347102e-01 -6.535796682789968282e-02
5.600624288607835011e-01 -6.685326079395911836e-02
5.443878783820633727e-01 -6.828034734986523913e-02
5.286692113864250864e-01 -6.963383645336461425e-02
5.129220721037118791e-01 -7.090829651891719654e-02
4.971621361771293435e-01 -7.209827094853732410e-02
4.814050947520505663e-01 -7.319829722816906248e-02
4.656666384704073458e-01 -7.420292848846768430e-02
4.499624413905438103e-01 -7.510675738184190153e-02
4.343081448538901879e-01 -7.590444208170031570e-02
4.187193413212123572e-01 -7.659073416580536309e-02
4.032115582025006528e-01 -7.716050810420270467e-02
3.878002417057397899e-01 -7.760879203408245497e-02
3.725007407308419949e-01 -7.793079946980205341e-02
3.573282908359015075e-01 -7.812196156677676806e-02
3.422979983036222862e-01 -7.817795953357202510e-02
3.274248243362727351e-01 -7.809475676778764031e-02
3.127235694078099870e-01 -7.786863027860799202e-02
2.982088578018919356e-01 -7.749620095250477070e-02
2.838951223643403909e-01 -7.697446221874201799e-02
2.697965894982403134e-01 -7.630080667815625217e-02
2.559272644292505672e-01 -7.547305027218595419e-02
2.456789116735415002e-01 -7.619929912849106313e-02
2.329307827746035231e-01 -7.555626020289193945e-02
2.204770831231837314e-01 -7.482982651528993778e-02
2.083220055576906204e-01 -7.402011251647692969e-02
1.964690881758737462e-01 -7.312675943983587556e-02
1.849213225287156537e-01 -7.214897876620102180e-02
1.736812687291557633e-01 -7.108559527073585182e-02
1.627511750999363904e-01 -6.993508831020985028e-02
1.521330997594724788e-01 -6.869563025915507992e-02
1.418290314081476766e-01 -6.736512129655065906e-02
1.318410065408341381e-01 -6.594122006485853005e-02
1.221712203800948554e-01 -6.442137005220195667e-02
1.128221289976167607e-01 -6.280282186725651139e-02
1.037965403618052035e-01 -6.108265186669198377e-02
9.509769240414618630e-02 -5.925777784053209291e-02
8.672931661808266912e-02 -5.732497264870552167e-02
7.869568617032764168e-02 -5.528087682369185740e-02
7.100164799244866598e-02 -5.312201120564685047e-02
6.365263880662293261e-02 -5.084479065866359671e-02
5.665468550146556675e-02 -4.844553983531085795e-02
5.001439069231010393e-02 -4.592051182044662450e-02
4.373890465954535789e-02 -4.326591030646102093e-02
3.783588514728859764e-02 -4.047791574411523791e-02
3.231344671613129577e-02 -3.755271569006671251e-02
2.718010147572536353e-02 -3.448653934748829863e-02
2.244469307744602002e-02 -3.127569608195298473e-02
1.811632582946599151e-02 -2.791661750092114605e-02
1.420429071410030629e-02 -2.440590251920200446e-02
1.071798994979570110e-02 -2.074036469949920580e-02
7.666861558195027168e-03 -1.691708105882587174e-02
5.060305181233616841e-03 -1.293344146809930970e-02
2.907610154928174599e-03 -8.787197741486825128e-03
1.217886595590011826e-03 -4.476511510432867706e-03
0.000000000000000000e+00 0.000000000000000000e+00
-7.244469613216118417e-04 4.582387562882479608e-03
-9.343385831997335668e-04 9.209676460093999331e-03
-6.222697843136131349e-04 1.388018344692465780e-02
2.184371273272083837e-04 1.859067160648272474e-02
1.593669455066638700e-03 2.333635634827314204e-02
3.508458557210972564e-03 2.811092933025495857e-02
5.966912231786686630e-03 3.290660050550243271e-02
8.972145793922903928e-03 3.771415833337946749e-02
1.252621284733168236e-02 4.252304801748989227e-02
1.663003698871517305e-02 4.732146743544020373e-02
2.128334589848594749e-02 5.209648020654055606e-02
2.648460945220329488e-02 5.683414510227973587e-02
3.223098362370875603e-02 6.151966074197499912e-02
3.851826203251507846e-02 6.613752423583625639e-02
4.534083700500927960e-02 7.067170214568781195e-02
5.269167196368775702e-02 7.510581183814157846e-02
6.056228682572882549e-02 7.942331101682041650e-02
6.894275787990225557e-02 8.360769295194851736e-02
7.782173332129209420e-02 8.764268469116928695e-02
8.718646526324745627e-02 9.151244534914021456e-02
9.702285862669282612e-02 9.520176144894344772e-02
1.073155368441160024e-01 9.869623623748501051e-02
1.180479238287062832e-01 1.019824699287451286e-01
1.292023411704409930e-01 1.050482279479910269e-01
1.407601190539800595e-01 1.078825944572220780e-01
1.527017189713748835e-01 1.104761087325703134e-01
1.650068659471925214e-01 1.128208823285685170e-01
1.776546877225949339e-01 1.149106953881961490e-01
1.906238581711499902e-01 1.167410709240054578e-01
2.038927421498363535e-01 1.183093263847847659e-01
2.174395390246855742e-01 1.196146023137251158e-01
2.312424222464000423e-01 1.206578683781792394e-01
2.452796725760876262e-01 1.214419074901591095e-01
2.623190614690344424e-01 1.231553899153431664e-01
2.762129107622129376e-01 1.230897366185761677e-01
2.903255860705869495e-01 1.228555648775899456e-01
3.046432515633275551e-01 1.224559546668695792e-01
3.191518779075123158e-01 1.218944226457509550e-01
3.338372554184361185e-01 1.211748970920612650e-01
3.486850073214303736e-01 1.203016903637251361e-01
3.636806031248693283e-01 1.192794693122601751e-01
3.788093721043033768e-01 1.181132240855976012e-01
3.940565168977179233e-01 1.168082357644977948e-01
4.094071272117749682e-01 1.153700432770026346e-01
4.248461936385570237e-01 1.138044100289879457e-01
4.403586215818056648e-01 1.121172906761706417e-01
4.559292452909419757e-01 1.103147984441879143e-01
4.715428420002795162e-01 1.084031733789996843e-01
4.871841461698213638e-01 1.063887518803462440e-01
5.028378638228708786e-01 1.042779378368706433e-01
5.184886869744164128e-01 1.020771756434066813e-01
5.341213081428883847e-01 9.979292533949925270e-02
5.497204349364511744e-01 9.743164006418586487e-02
5.652708047035209793e-01 9.499974597615545857e-02
5.807571992356964641e-01 9.250362474138373869e-02
5.961644595097983501e-01 8.994959864298714136e-02
6.114775004542484238e-01 8.734391832110158238e-02
6.266813257236035772e-01 8.469275310482840546e-02
6.417610424637231192e-01 8.200218385440782853e-02
6.567018760488102513e-01 7.927819819046660887e-02
6.714891847704387295e-01 7.652668794905950755e-02
6.861084744576949612e-01 7.375344866685615286e-02
7.005454130067242380e-01 7.096418087071736103e-02
7.147858447973008955e-01 6.816449292047242758e-02
7.288158049735442567e-01 6.535990513330666718e-02
7.426215335655950156e-01 6.255585490304019225e-02
7.561894894289333813e-01 5.975770251789947612e-02
7.695063639781049014e-01 5.697073737622126294e-02
7.825590946918588031e-01 5.420018430087318595e-02
7.953348783671692068e-01 5.145120965991122064e-02
8.078211841002183036e-01 4.872892701293168871e-02
8.200057659732278292e-01 4.603840201943344701e-02
8.318766754269805164e-01 4.338465636691590799e-02
8.434222732999652195e-01 4.077267050198880860e-02
8.546312415163254128e-01 3.820738497694034508e-02
8.654925944061112597e-01 3.569370025646631528e-02
8.759956896427859574e-01 3.323647486400296142e-02
8.861302387844284256e-01 3.084052178368291985e-02
8.958863174066261648e-01 2.851060307171381786e-02
9.052543748166360649e-01 2.625142266925050566e-02
9.142252433399676859e-01 2.406761744696110650e-02
9.227901471721103865e-01 2.196374654876656271e-02
9.309407107896571221e-01 1.994427913803901650e-02
9.386689669165404482e-01 1.801358068324758477e-02
9.459673640424917096e-01 1.617589795106622388e-02
9.528287734921271346e-01 1.443534290276973948e-02
9.592464960442544930e-01 1.279587571388940415e-02
9.652142681020488002e-01 1.126128715715319153e-02
9.707262674156779125e-01 9.835180604382978350e-03
9.757771183597413467e-01 8.520953913999739990e-03
9.803618967685131524e-01 7.321781476929169197e-03
9.844761343324677227e-01 6.240596694919075572e-03
9.881158225598909439e-01 5.280075161565284982e-03
9.912774163075531719e-01 4.442618807793390079e-03
9.939578368844577128e-01 3.730341260310214655e-03
9.961544747325616900e-01 3.145054643878610577e-03
9.978651916881347006e-01 2.688258036502437151e-03
9.990883228270661665e-01 2.361127761128789092e-03
9.998226778969730999e-01 2.164509668738808911e-03
1.000000000000000000e+00 2.098913536218252520e-03
