1.000000000000000000e+00 -1.259348121730951252e-03
9.997116415544013979e-01 -1.286002822795078663e-03
9.989683890463775251e-01 -1.365877279190521980e-03
9.977304566695831545e-01 -1.498703221332247770e-03
9.959990762120454200e-01 -1.684035758315077357e-03
9.937759703454356330e-01 -1.921256677393262668e-03
9.910633507984191182e-01 -2.209578987694144157e-03
9.878639160150634035e-01 -2.548052634216339905e-03
9.841808483034242272e-01 -2.935571289299370584e-03
9.800178104804467827e-01 -3.370880111533962331e-03
9.753789420202780835e-01 -3.852584346818622909e-03
9.702688547139737274e-01 -4.379158633231837808e-03
9.646926278493719309e-01 -4.948956860816523112e-03
9.586558029206321274e-01 -5.560222429457020374e-03
9.521643778775393807e-01 -6.211098742922391107e-03
9.452248009251995597e-01 -6.899639774943793977e-03
9.378439638851666649e-01 -7.623820543948150313e-03
9.300291951293607751e-01 -8.381547336777324386e-03
9.217882520983460282e-01 -9.170667528331169147e-03
9.131293134156689417e-01 -9.988978853483468714e-03
9.040609706099763665e-01 -1.083423799967279770e-02
8.945922194565768537e-01 -1.170416840307892531e-02
8.847324509499745471e-01 -1.259646714800262066e-02
8.744914419186960997e-01 -1.350881088770278932e-02
8.638793452934626638e-01 -1.443886072518639832e-02
8.529066800394426995e-01 -1.538426601394930412e-02
8.415843207629718492e-01 -1.634266706105289013e-02
8.299234870027335509e-01 -1.731169673781686458e-02
8.179357322150150322e-01 -1.828898102638959119e-02
8.056329324622503174e-01 -1.927213855314245314e-02
7.930272748136769634e-01 -2.025877918179747050e-02
7.801312454665894069e-01 -2.124650176005785790e-02
7.669576175963346287e-01 -2.223289113288001370e-02
7.535194389429370476e-01 -2.321551455304305539e-02
7.398300191420155159e-01 -2.419191763501656739e-02
7.259029168075108451e-01 -2.515962001098661499e-02
7.117519263736777901e-01 -2.611611085802846913e-02
6.973910647037899757e-01 -2.705884447258894224e-02
6.828345574731254919e-01 -2.798523607249475686e-02
6.680968253339699681e-01 -2.889265800752128383e-02
6.531924698706719212e-01 -2.977843655706913922e-02
6.381362593531496596e-01 -3.063984948769809397e-02
6.229431142977218672e-01 -3.147412453420016243e-02
6.076280928446851082e-01 -3.227843895565990495e-02
5.922063759627008706e-01 -3.304992030269891801e-02
5.766932524907670832e-01 -3.378564851404299019e-02
5.611041040293309745e-01 -3.448265943993619742e-02
5.454543896929409108e-01 -3.513794986705501278e-02
5.297596307377177016e-01 -3.574848409479183808e-02
5.140353950778527858e-01 -3.631120208645242931e-02
4.982972817062776283e-01 -3.682302919145571951e-02
4.825609050356047258e-01 -3.728088740646599841e-02
4.668418791763817577e-01 -3.768170811497420503e-02
4.511558021706234545e-01 -3.802244621663593283e-02
4.355182401994732722e-01 -3.830009553012612283e-02
4.199447117846812905e-01 -3.851170532684670272e-02
4.044506720043555270e-01 -3.865439782796163681e-02
3.890514967441354166e-01 -3.872538647436639392e-02
3.737624670055342824e-01 -3.872199475872211555e-02
3.585987532936950606e-01 -3.864167539096938220e-02
3.435754001071839037e-01 -3.848202955411259008e-02
3.287073105527054118e-01 -3.824082599581785785e-02
3.140092311077504195e-01 -3.791601969373619568e-02
2.994957365541790484e-01 -3.750576982862989517e-02
2.851812151055896916e-01 -3.700845679947561973e-02
2.710798537510348272e-01 -3.642269801880976265e-02
2.572056238372073533e-01 -3.574736223468012730e-02
2.455990638540507254e-01 -3.667105780476102861e-02
2.325931106689628214e-01 -3.631343448667769674e-02
2.198695743034840833e-01 -3.594094074948693540e-02
2.074361528761197726e-01 -3.555422473622459056e-02
1.953000421749289950e-01 -3.515319336706761166e-02
1.834679955674914931e-01 -3.473704393532160012e-02
1.719463881727631149e-01 -3.430429975087497668e-02
1.607412838742240946e-01 -3.385284890165381200e-02
1.498585036183739949e-01 -3.337998531587964279e-02
1.393036933606063288e-01 -3.288245144764231909e-02
1.290823899984085421e-01 -3.235648206613780942e-02
1.192000836728990820e-01 -3.179784879426456046e-02
1.096622749234319738e-01 -3.120190520401651749e-02
1.004745253420936540e-01 -3.056363242352554827e-02
9.164250058757536510e-02 -2.987768533419181416e-02
8.317200487044658364e-02 -2.913843952857471040e-02
7.506900630140787845e-02 -2.834003925558940470e-02
6.733965278669648558e-02 -2.747644659688915775e-02
5.999027844630019923e-02 -2.654149209779331151e-02
5.302740080767547048e-02 -2.552892702108142814e-02
4.645770927858983157e-02 -2.443247730796229214e-02
4.028804561807694529e-02 -2.324589922471287026e-02
3.452537729752806761e-02 -2.196303655398407217e-02
2.917676477064807053e-02 -2.057787906496532510e-02
2.424932375004662521e-02 -1.908462187449266531e-02
1.975018362074139680e-02 -1.747772519888648665e-02
1.568644310993012880e-02 -1.575197389963643030e-02
1.206512428272243920e-02 -1.390253614931060908e-02
8.893125850849888797e-03 -1.192502048994473554e-02
6.177176672021463151e-03 -9.815530525764152095e-03
3.923790188124170672e-03 -7.570716485094516543e-03
2.139220407302592965e-03 -5.187822901170660583e-03
8.294198842076870712e-04 -2.664731695769797289e-03
0.000000000000000000e+00 0.000000000000000000e+00
-3.359802499392870864e-04 2.770607748219410058e-03
-1.659488355741519337e-04 5.610301619777834786e-03
5.142452087958328168e-04 8.517458463919864650e-03
1.708122013500771967e-03 1.148912107342100510e-02
3.418533554012451441e-03 1.452101213871867177e-02
5.647624988588839656e-03 1.760756296036356319e-02
8.396794951322547607e-03 2.074195690421772043e-02
1.166665525062752715e-02 2.391618745031297635e-02
1.545699057301041894e-02 2.712113054449425201e-02
1.976671893419839829e-02 3.034663081033881632e-02
2.459385374824647752e-02 3.358160101640939726e-02
2.993546849367170748e-02 3.681413402053158868e-02
3.578766503742902838e-02 4.003162622949067023e-02
4.214554672630517473e-02 4.322091142160682659e-02
4.900319736533201298e-02 4.636840358481751634e-02
5.635366716943993742e-02 4.946024722938389268e-02
6.418896669464858873e-02 5.248247344871795339e-02
7.250006962753834105e-02 5.542115983181769567e-02
8.127692513786291539e-02 5.826259218482901514e-02
9.050848028295900571e-02 6.099342590597377906e-02
1.001827127008776130e-01 6.360084478570346422e-02
1.102866735513117757e-01 6.607271497954762818e-02
1.208065403711318514e-01 6.839773193002439411e-02
1.317276792179823408e-01 7.056555809908268695e-02
1.430347151950785434e-01 7.256694951394664084e-02
1.547116101970871793e-01 7.439386932401427510e-02
1.667417465035851698e-01 7.603958680870764875e-02
1.791080146838190945e-01 7.749876055731672042e-02
1.917929041720947414e-01 7.876750485123718004e-02
2.047785948314072013e-01 7.984343860453242681e-02
2.180470478443852222e-01 8.072571654792209950e-02
2.315800943520407440e-01 8.141504266196500361e-02
2.453595203955784010e-01 8.191366616642906107e-02
2.610407020610776563e-01 8.342970187783733949e-02
2.749296465094184239e-01 8.321162795922969202e-02
2.890394933293376489e-01 8.288955945832354733e-02
3.033563728110404423e-01 8.246552354299470367e-02
3.178662162075718833e-01 8.194181206087916558e-02
3.325547692020034418e-01 8.132096632009147563e-02
3.474076055178687561e-01 8.060576038426570111e-02
3.624101406670757752e-01 7.979918313645278927e-02
3.775476458296110893e-01 7.890441937451767029e-02
3.928052618593222967e-01 7.792483020478174760e-02
4.081680134099200941e-01 7.686393300076156676e-02
4.236208231750880904e-01 7.572538119002927837e-02
4.391485262362225805e-01 7.451294412459644190e-02
4.547358845108623315e-01 7.323048727898195942e-02
4.703676012943051044e-01 7.188195300550621891e-02
4.860283358862672043e-01 7.047134205864317991e-02
5.017027182937225938e-01 6.900269607978905262e-02
5.173753640002755061e-01 6.748008121094190015e-02
5.330308887915957694e-01 6.590757298092647654e-02
5.486539236255736363e-01 6.428924258137563852e-02
5.642291295349735059e-01 6.262914462213253763e-02
5.797412125494640911e-01 6.093130642752705994e-02
5.951749386230239525e-01 5.919971890656562652e-02
6.105151485518576226e-01 5.743832900191120361e-02
6.257467728671332052e-01 5.565103369507125308e-02
6.408548466860797266e-01 5.384167551888133924e-02
6.558245245042757521e-01 5.201403950358268052e-02
6.706410949113216224e-01 5.017185145991431144e-02
6.852899952115526494e-01 4.831877748201843237e-02
6.997568259309907557e-01 4.645842453489079649e-02
7.140273651913950914e-01 4.459434197584720427e-02
7.280875829320359038e-01 4.273002384723335184e-02
7.419236549597001407e-01 4.086891176852599367e-02
7.555219768074342701e-01 3.901439825016383978e-02
7.688691773826623610e-01 3.716983024894594811e-02
7.819521323855413986e-01 3.533851278564042325e-02
7.947579774787961737e-01 3.352371244948405132e-02
8.072741211907262793e-01 3.172866062141315585e-02
8.194882575336747133e-01 2.995655625797768659e-02
8.313883783209187195e-01 2.821056809073271138e-02
8.429627851657168769e-01 2.649383611122838739e-02
8.542001011471047622e-01 2.480947222921793191e-02
8.650892821279491107e-01 2.316056001105313081e-02
8.756196277117634930e-01 2.155015342607652373e-02
8.857807918258149282e-01 1.998127455076153733e-02
8.955627929191137815e-01 1.845691020301563207e-02
9.049560237649710848e-01 1.698000750201968112e-02
9.139512608588929998e-01 1.555346837184996313e-02
9.225396734036692692e-01 1.418014302949212845e-02
9.307128318745830908e-01 1.286282251933492868e-02
9.384627161586970301e-01 1.160423037644865013e-02
9.457817232631686721e-01 1.040701351956371985e-02
9.526626745884801961e-01 9.273732491346706186e-03
9.590988227633489016e-01 8.206851178052797582e-03
9.650838580388796384e-01 7.208726152660762873e-03
9.706119142402518385e-01 6.281595794979274311e-03
9.756775742748755587e-01 5.427569348795149157e-03
9.802758751964965045e-01 4.648616079813386315e-03
9.844023128252068489e-01 3.946554698864464250e-03
9.880528459236840311e-01 3.323043212619878218e-03
9.912238999302697140e-01 2.779569358921506628e-03
9.939123702497021373e-01 2.317441775884345433e-03
9.961156251024325670e-01 1.937782043330188268e-03
9.978315079334968418e-01 1.641517722043765812e-03
9.990583393818940339e-01 1.429376501048960999e-03
9.997949188113302021e-01 1.301881545855337018e-03
1.000000000000000000e+00 1.259348121730951252e-03
