1.000000000000000000e+00 -1.464629574091348089e-03
9.996243370844836162e-01 -1.483722862241317227e-03
9.988742349913706242e-01 -1.540956143308281701e-03
9.976249564595370822e-01 -1.636190197070734337e-03
9.958778373744074930e-01 -1.769194744739534340e-03
9.936347448875789690e-01 -1.939651041259936141e-03
9.908980743547650683e-01 -2.147155425164968320e-03
9.876707454353350624e-01 -2.391223748392196785e-03
9.839561973797859018e-01 -2.671296588816715091e-03
9.797583835362341231e-01 -2.986745130418350450e-03
9.750817651111565176e-01 -3.336877580332482402e-03
9.699313042230580661e-01 -3.720945978836275730e-03
9.643124562904415997e-01 -4.138153247858005271e-03
9.582311617973739981e-01 -4.587660316083016013e-03
9.516938374810540724e-01 -5.068593154336736677e-03
9.447073669860871492e-01 -5.580049553756503446e-03
9.372790910297028599e-01 -6.121105481387253792e-03
9.294167971209267298e-01 -6.690820853243770010e-03
9.211287088748061347e-01 -7.288244573519689351e-03
9.124234749602826433e-01 -7.912418700377642222e-03
9.033101577172575336e-01 -8.562381613448712819e-03
8.937982214749404797e-01 -9.237170075591457849e-03
8.838975205998077511e-01 -9.935820101322353007e-03
8.736182872975409852e-01 -1.065736656632387119e-02
8.629711191892927014e-01 -1.140084151619558464e-02
8.519669666786580109e-01 -1.216527115774605934e-02
8.406171201219434508e-01 -1.294967154219580675e-02
8.289331968108060167e-01 -1.375304297624305519e-02
8.169271277732368386e-01 -1.457436322354763343e-02
8.046111443962236098e-01 -1.541257958537163922e-02
7.919977648713597551e-01 -1.626659997438311550e-02
7.790997804632333601e-01 -1.713528311954071529e-02
7.659302415996408486e-01 -1.801742806207396949e-02
7.525024437825921231e-01 -1.891176312243829719e-02
7.388299133196765123e-01 -1.981693453537281338e-02
7.249263928766357390e-01 -2.073149496445725326e-02
7.108058268539213520e-01 -2.165389211855836896e-02
6.964823465924915302e-01 -2.258245770001033464e-02
6.819702554171264142e-01 -2.351539691809079527e-02
6.672840135289367369e-01 -2.445077880119181368e-02
6.524382227624723196e-01 -2.538652753696411107e-02
6.374476112267463135e-01 -2.632041506161901176e-02
6.223270178534657804e-01 -2.725005510755862392e-02
6.070913768796758481e-01 -2.817289890268874150e-02
5.917557022957442570e-01 -2.908623269533169159e-02
5.763350722930057346e-01 -2.998717725584729848e-02
5.608446137483429350e-01 -3.087268948019090270e-02
5.452994867853718786e-01 -3.173956619204919283e-02
5.297148694536302216e-01 -3.258445020930981345e-02
5.141059425681643313e-01 -3.340383870788915521e-02
4.984878747520812281e-01 -3.419409388185855325e-02
4.828758077239553304e-01 -3.495145586389001441e-02
4.672848418704145246e-01 -3.567205783483005932e-02
4.517300221417746009e-01 -3.635194321625765529e-02
4.362263243052780792e-01 -3.698708480574326718e-02
4.207886415863521523e-01 -3.757340568175712714e-02
4.054317717234083851e-01 -3.810680167430474663e-02
3.901704044561500329e-01 -3.858316516891679288e-02
3.750191094612347897e-01 -3.899840998606321496e-02
3.599923247425970696e-01 -3.934849705584385349e-02
3.451043454768913388e-01 -3.962946058932042409e-02
3.303693133075414901e-01 -3.983743443343715218e-02
3.158012060739158189e-01 -3.996867828641328946e-02
3.014138279553674749e-01 -4.001960344498863009e-02
2.877116487125143673e-01 -4.002951044134309133e-02
2.742611362231069383e-01 -4.005442387855969594e-02
2.610179440641018922e-01 -4.008709895862513223e-02
2.479919303753604642e-01 -4.011975077758001690e-02
2.351928347690851739e-01 -4.014461491273441096e-02
2.226302954801168410e-01 -4.015398304819933067e-02
2.103138653981438122e-01 -4.014023622687711707e-02
1.982530266237741978e-01 -4.009587556628587540e-02
1.864572032174776905e-01 -4.001355031846367399e-02
1.749357718438471210e-01 -3.988608319629765447e-02
1.636980700527025101e-01 -3.970649292928954410e-02
1.527534019823560685e-01 -3.946801405045612804e-02
1.421110413179299814e-01 -3.916411395229614512e-02
1.317802313879498921e-01 -3.878850728316983465e-02
1.217701823344874146e-01 -3.833516778574960066e-02
1.120900653448589218e-01 -3.779833770621613548e-02
1.027490039852934078e-01 -3.717253492647887986e-02
9.375606272805955821e-02 -3.645255799183999557e-02
8.512023281240232997e-02 -3.563348922321397938e-02
7.685041562539822457e-02 -3.471069611631552587e-02
6.895540383075239588e-02 -3.367983124024118147e-02
6.144386051094185425e-02 -3.253683085472166420e-02
5.432429662037278201e-02 -3.127791246916843126e-02
4.760504707390476875e-02 -2.989957156764436533e-02
4.129424581581042641e-02 -2.839857772223171317e-02
3.539980022872964843e-02 -2.677197031312932365e-02
2.992936525028507683e-02 -2.501705406736558224e-02
2.489031756667874420e-02 -2.313139461943496469e-02
2.028973024785120718e-02 -2.111281428662720172e-02
1.613434817778236149e-02 -1.895938823947815668e-02
1.243056461648687529e-02 -1.666944123378318737e-02
9.184399207535141191e-03 -1.424154505512853844e-02
6.401477716904406534e-03 -1.167451681004366693e-02
4.087013756133870378e-03 -8.967418179801771999e-03
2.245792705650442520e-03 -6.119555733710693377e-03
8.821580133785281771e-04 -3.130482378576247577e-03
0.000000000000000000e+00 0.000000000000000000e+00
-3.887183791101281923e-04 3.229129724984483325e-03
-2.725211339220012709e-04 6.513561081273749193e-03
3.510216407861335448e-04 9.851742566155053532e-03
1.483820968617828584e-03 1.324121355792146418e-02
3.127260197327199481e-03 1.667861410988411702e-02
5.282184654824403566e-03 2.015970084025405645e-02
7.948889883470314915e-03 2.367936879247619850e-02
1.112710862351771676e-02 2.723167910012272430e-02
1.481599675637830169e-02 3.080989225119280459e-02
1.901411845456139199e-02 3.440650670880711359e-02
2.371943081704489670e-02 3.801330260904361991e-02
2.892926829593822635e-02 4.162139022221428286e-02
3.464032724211409120e-02 4.522126283145112835e-02
4.084865091360786321e-02 4.880285365224691640e-02
4.754961530069035797e-02 5.235559638879796335e-02
5.473791612538402018e-02 5.586848899783994349e-02
6.240755737065823566e-02 5.933016020836508198e-02
7.055184168558259472e-02 6.272893832639325762e-02
7.916336299737872229e-02 6.605292183805842876e-02
8.823400163975925192e-02 6.929005131189291955e-02
9.775492227945066503e-02 7.242818209257026463e-02
1.077165748897234432e-01 7.545515727371110426e-02
1.181086989815905153e-01 7.835888043687240512e-02
1.289203312606586882e-01 8.112738764770825728e-02
1.401398168310964698e-01 8.374891820866248171e-02
1.517548240186087638e-01 8.621198368055746353e-02
1.637523628325011638e-01 8.850543470314325978e-02
1.761188070338328970e-01 9.061852516709936745e-02
1.888399197232495386e-01 9.254097331708729945e-02
2.019008823093831617e-01 9.426301939711914657e-02
2.152863266677524645e-01 9.577547948553988277e-02
2.289803702519183914e-01 9.706979520702335718e-02
2.429666538742686621e-01 9.813807905277247001e-02
2.572283818341831174e-01 9.897315508710355370e-02
2.717483640373463127e-01 9.956859486820535121e-02
2.865090597224129731e-01 9.991874846241025065e-02
3.014382814098520158e-01 1.000193544288305453e-01
3.160742412414064839e-01 9.993757489432497643e-02
3.308927664471673635e-01 9.972254537989003187e-02
3.458786601481613210e-01 9.937605526342546680e-02
3.610165692181737662e-01 9.890023728795786784e-02
3.762910033739105820e-01 9.829755028464939870e-02
3.916863541473076804e-01 9.757076065923037111e-02
4.071869136908672360e-01 9.672292293795900497e-02
4.227768933734172285e-01 9.575735966685186562e-02
4.384404421304177735e-01 9.467764095112364553e-02
4.541616645397111851e-01 9.348756391072160499e-02
4.699246386002723375e-01 9.219113231281035603e-02
4.857134331979165998e-01 9.079253662337896658e-02
5.015121252479189939e-01 8.929613469818509230e-02
5.173048165099639606e-01 8.770643330844936358e-02
5.330756500756832494e-01 8.602807066952783410e-02
5.488088265331426685e-01 8.426580011172876694e-02
5.644886198159615454e-01 8.242447500201352528e-02
5.800993927472254397e-01 8.050903499407358055e-02
5.956256122899805661e-01 7.852449365274635773e-02
6.110518645168668828e-01 7.647592746745739134e-02
6.263628693113892920e-01 7.436846623888662688e-02
6.415434948124830727e-01 7.220728479385239706e-02
6.565787716124753537e-01 6.999759595596968809e-02
6.714539067163548536e-01 6.774464467440594051e-02
6.861542972675517271e-01 6.545370319042639884e-02
7.006655440422892012e-01 6.313006710174051683e-02
7.149734647111515295e-01 6.077905216822020174e-02
7.290641068629110100e-01 5.840599168959806353e-02
7.429237607820391442e-01 5.601623427643788455e-02
7.565389719677791946e-01 5.361514183010852863e-02
7.698965533793561411e-01 5.120808754572718502e-02
7.829835973888974454e-01 4.880045375404992725e-02
7.957874874211133820e-01 4.639762942397992335e-02
8.082959092567529868e-01 4.400500715659753925e-02
8.204968619754529069e-01 4.162797951417755715e-02
8.323786685128462537e-01 3.927193454328070654e-02
8.439299858067452753e-01 3.694225036939088880e-02
8.551398145078894508e-01 3.464428876134081903e-02
8.659975082321190731e-01 3.238338758654905891e-02
8.764927823329186074e-01 3.016485210245082454e-02
8.866157221759817242e-01 2.799394505499089303e-02
8.963567909007501555e-01 2.587587558121449971e-02
9.057068366576899177e-01 2.381578693934366733e-02
9.146570993142792982e-01 2.181874311582696763e-02
9.231992166272091627e-01 1.988971438420899726e-02
9.313252298830171361e-01 1.803356191485561838e-02
9.390275890141608350e-01 1.625502155716512104e-02
9.462991572022810827e-01 1.455868693650349405e-02
9.531332149849655044e-01 1.294899202636242211e-02
9.595234638866070309e-01 1.143019337185253829e-02
9.654640295978099696e-01 1.000635215332819697e-02
9.709494647311674997e-01 8.681316288491110894e-03
9.759747511839971246e-01 7.458702777569320777e-03
9.805353021407091640e-01 6.341880499013375153e-03
9.846269637488451743e-01 5.333953662546201714e-03
9.882460165034123722e-01 4.437746122351139862e-03
9.913891763739237639e-01 3.655786745764659073e-03
9.940535957075588014e-01 2.990296022167476114e-03
9.962368639400704939e-01 2.443174083028362611e-03
9.979370081435429141e-01 2.015990287474552899e-03
9.991524934369009348e-01 1.709974508618814339e-03
9.998822232812479838e-01 1.526010234484541112e-03
1.000000000000000000e+00 1.464629574091348089e-03
