1.000000000000000000e+00 -1.046163981493820156e-03
9.996611779697356370e-01 -1.053760991280480166e-03
9.989139861978749702e-01 -1.076537478747267981e-03
9.976695352715378995e-01 -1.114450127849978987e-03
9.959291268837879851e-01 -1.167427769344120273e-03
9.936945807190047386e-01 -1.235372889341734143e-03
9.909682317860734058e-01 -1.318163686460735711e-03
9.877529270164889796e-01 -1.415656624000291054e-03
9.840520211467943534e-01 -1.527689410050583375e-03
9.798693719083019227e-01 -1.654084326213818438e-03
9.752093345501336996e-01 -1.794651814917938657e-03
9.700767557242165884e-01 -1.949194226360933917e-03
9.644769667629228271e-01 -2.117509619117118307e-03
9.584157763815501774e-01 -2.299395503520792854e-03
9.518994628387557055e-01 -2.494652414236855735e-03
9.449347655884005048e-01 -2.703087198005075728e-03
9.375288764560539834e-01 -2.924515904451199626e-03
9.296894303726539466e-01 -3.158766172086714154e-03
9.214244956965780275e-01 -3.405679008129875243e-03
9.127425641537108003e-01 -3.665109869491267776e-03
9.036525404230335567e-01 -3.936928963049800625e-03
8.941637313929132747e-01 -4.221020696047749626e-03
8.842858351106898107e-01 -4.517282221849031401e-03
8.740289294454520741e-01 -4.825621042213198639e-03
8.634034604811250402e-01 -5.145951644374920780e-03
8.524202306542625340e-01 -5.478191169305075478e-03
8.410903866483436797e-01 -5.822254126254847520e-03
8.294254070539546220e-01 -6.178046187739660161e-03
8.174370898021249277e-01 -6.545457118158319251e-03
8.051375393762992827e-01 -6.924352907947468883e-03
7.925391538070388764e-01 -7.314567203188395914e-03
7.796546114526139437e-01 -7.715892137599194428e-03
7.664968575681715413e-01 -8.128068689530944940e-03
7.530790906661902762e-01 -8.550776700645888045e-03
7.394147486714426343e-01 -8.983624705114139769e-03
7.255174948746750951e-01 -9.426139728163637072e-03
7.114012036906685044e-01 -9.877757220447140607e-03
6.970799462281769276e-01 -1.033781129976021201e-02
6.825679756814728716e-01 -1.080552547401690197e-02
6.678797125557107695e-01 -1.128000401896356308e-02
6.530297297410442292e-01 -1.176022418083071119e-02
6.380327374532801521e-01 -1.224502936798023758e-02
6.229035680617405202e-01 -1.273312348663786786e-02
6.076571608278460435e-01 -1.322306656409643136e-02
5.923085465806351424e-01 -1.371327178846339090e-02
5.768728323578942163e-01 -1.420200407728716696e-02
5.613651860437169905e-01 -1.468738026844741001e-02
5.458008210350534517e-01 -1.516737100579518618e-02
5.301949809710664319e-01 -1.563980436947585984e-02
5.145629245598499768e-01 -1.610237127698365203e-02
4.989199105372009169e-01 -1.655263265613803395e-02
4.832811827916640435e-01 -1.698802836570872943e-02
4.676619556889656248e-01 -1.740588781373856447e-02
4.520773996271941209e-01 -1.780344219811776096e-02
4.365426268517266228e-01 -1.817783826904799047e-02
4.210726775559328616e-01 -1.852615348909869564e-02
4.056825062901882051e-01 -1.884541244398136098e-02
3.903869686977439746e-01 -1.913260433632434088e-02
3.752008085916170299e-01 -1.938470137596141202e-02
3.601386453819651612e-01 -1.959867786387217356e-02
3.452149618585013124e-01 -1.977152975321386230e-02
3.304440923274880593e-01 -1.990029446010468592e-02
3.158402110978430488e-01 -1.998207068916495882e-02
3.014173213060081236e-01 -2.001403803444302618e-02
2.875398502853570015e-01 -2.003690202652117641e-02
2.739021687679982775e-01 -2.010827834330753544e-02
2.604765780312563450e-01 -2.022134838066388940e-02
2.472740337323473536e-01 -2.036863223038679754e-02
2.343053398380613439e-01 -2.054255632419758892e-02
2.215811570783504936e-01 -2.073548840052229225e-02
2.091120106711779891e-01 -2.093977113773479171e-02
1.969082970665563814e-01 -2.114775429723255579e-02
1.849802894769569939e-01 -2.135182524909751828e-02
1.733381419850834049e-01 -2.154443778209180760e-02
1.619918920478319868e-01 -2.171813912788282327e-02
1.509514612464618322e-01 -2.186559515629632466e-02
1.402266541668912292e-01 -2.197961372372408267e-02
1.298271553298985526e-01 -2.205316618030665407e-02
1.197625241280925595e-01 -2.207940706296949301e-02
1.100421877640863216e-01 -2.205169202067521622e-02
1.006754322216456693e-01 -2.196359403528290455e-02
9.167139133796230188e-02 -2.180891801614022116e-02
8.303903407999951858e-02 -2.158171385898436864e-02
7.478715016043537001e-02 -2.127628806993257793e-02
6.692433415855691958e-02 -2.088721406337244735e-02
5.945896833804878434e-02 -2.040934124850457207e-02
5.239920437654922714e-02 -1.983780302325195005e-02
4.575294424079181382e-02 -1.916802379634500314e-02
3.952782045582868553e-02 -1.839572515873942257e-02
3.373117602706039719e-02 -1.751693132424747210e-02
2.837004427946740806e-02 -1.652797395648376508e-02
2.345112887949296621e-02 -1.542549649505956660e-02
1.898078430151785290e-02 -1.420645808852006794e-02
1.496499699288064006e-02 -1.286813723491324682e-02
1.140936747910652194e-02 -1.140813522320643925e-02
8.319093634648291880e-03 -9.824379460126729524e-03
5.698955324292038008e-03 -8.115126757477218386e-03
3.553300596798479247e-03 -6.278966644665081275e-03
1.886033585711521885e-03 -4.314824760141487171e-03
7.006042430230056527e-04 -2.221966363781857200e-03
0.000000000000000000e+00 0.000000000000000000e+00
-2.071646087546057222e-04 2.320613710190092948e-03
8.723798601691925506e-05 4.708830107704542987e-03
8.847348001215246758e-04 7.163291031018362807e-03
2.186343361230197110e-03 9.681823505355015638e-03
3.992565770214048793e-03 1.226144851488230811e-02
6.303381792204756917e-03 1.489839482967730486e-02
9.118241068372036351e-03 1.758811778791128863e-02
1.243605456985107278e-02 2.032532290201559053e-02
1.625518544356407968e-02 2.310399412681740650e-02
2.057343942537906076e-02 2.591742659792529643e-02
2.538805501871414794e-02 2.875826362016176488e-02
3.069569365591997070e-02 3.161853765872199573e-02
3.649243007522704613e-02 3.448971506015176269e-02
4.277374315743141808e-02 3.736274420633043519e-02
4.953450747358342787e-02 4.022810678258087469e-02
5.676898579757950342e-02 4.307587182097120937e-02
6.447082283562109717e-02 4.589575216198213403e-02
7.263304041798540611e-02 4.867716296216365035e-02
8.124803438747597861e-02 5.140928186235864394e-02
9.030757340340699046e-02 5.408111042069695118e-02
9.980279986022326522e-02 5.668153640702935231e-02
1.097242330961182982e-01 5.919939655093100356e-02
1.200617750396418548e-01 6.162353933400922801e-02
1.308047184116974404e-01 6.394288741913620178e-02
1.419417575669907061e-01 6.614649931450267140e-02
1.534610020234792871e-01 6.822362987915074617e-02
1.653499926912648799e-01 7.016378928893741984e-02
1.775957207743535937e-01 7.195680009773322561e-02
1.901846492804673550e-01 7.359285204803397984e-02
2.031027370363489848e-01 7.506255430797682815e-02
2.163354650695188119e-01 7.635698483786285129e-02
2.298678651829422215e-01 7.746773661848653514e-02
2.436845505172817727e-01 7.838696050557925066e-02
2.577697478670286646e-01 7.910740450914231781e-02
2.721073314924549735e-01 7.962244933295320459e-02
2.866808581495703390e-01 7.992614004758832880e-02
3.014347880592113671e-01 8.001378901828493095e-02
3.160352362174792540e-01 7.995096729707665273e-02
3.308179874272207943e-01 7.978540540655756907e-02
3.457680437665513473e-01 7.951812442731891195e-02
3.608702485788056746e-01 7.915041809598619138e-02
3.761093042435283418e-01 7.868384167454758882e-02
3.914697899057137387e-01 7.812019982663792605e-02
4.069361791240874160e-01 7.746153370763561585e-02
4.224928574038365192e-01 7.671010747419343412e-02
4.381241395839692299e-01 7.586839441442837229e-02
4.538142870542916651e-01 7.493906289258170372e-02
4.695475247817212372e-01 7.392496229171885425e-02
4.853080581302078866e-01 7.282910912519767466e-02
5.010800894627993607e-01 7.165467347246456953e-02
5.168478345182783151e-01 7.040496587754385693e-02
5.325955385582470392e-01 6.908342482969387355e-02
5.483074922834610954e-01 6.769360492547477071e-02
5.639680475205874899e-01 6.623916579027003260e-02
5.795616326823369580e-01 6.472386181551345596e-02
5.950727680050896806e-01 6.315153274587806398e-02
6.104860805686966874e-01 6.152609512886508814e-02
6.257863191031145522e-01 5.985153461796587082e-02
6.409583685859492341e-01 5.813189910021362983e-02
6.559872646339034441e-01 5.637129259983629515e-02
6.708582076895808211e-01 5.457386989217768991e-02
6.855565770032052697e-01 5.274383174635249860e-02
7.000679444066038037e-01 5.088542070149040114e-02
7.143780878744043772e-01 4.900291727010896992e-02
7.284730048648716538e-01 4.710063645330445081e-02
7.423389254302730222e-01 4.518292444617920400e-02
7.559623250841810416e-01 4.325415540831611949e-02
7.693299374108254485e-01 4.131872817318416047e-02
7.824287663995168618e-01 3.938106277210839945e-02
7.952460984854342607e-01 3.744559665278519855e-02
8.077695142766773140e-01 3.551678047917336545e-02
8.199868999465648178e-01 3.359907340878823950e-02
8.318864582696976484e-01 3.169693775477730457e-02
8.434567192803450464e-01 2.981483295344992956e-02
8.546865505322849277e-01 2.795720877289983169e-02
8.655651669402867343e-01 2.612849771472839852e-02
8.760821401850075185e-01 2.433310657834015373e-02
8.862274076650996646e-01 2.257540717551757142e-02
8.959912809827773605e-01 2.085972620167079322e-02
9.053644539519138945e-01 1.919033428894475340e-02
9.143380101208511412e-01 1.757143428494059231e-02
9.229034298054372698e-01 1.600714881881918489e-02
9.310525966312899193e-01 1.450150723369856426e-02
9.387778035878097116e-01 1.305843198022906687e-02
9.460717585999677270e-01 1.168172458075206546e-02
9.529275896272638713e-01 1.037505128626254117e-02
9.593388493024308517e-01 9.141928559290316003e-03
9.652995191253287421e-01 7.985708524587310439e-03
9.708040132300089775e-01 6.909564536015769080e-03
9.758471817450199426e-01 5.916477012154777032e-03
9.804243137686413645e-01 5.009219694808842924e-03
9.845311399818367226e-01 4.190346483780069999e-03
9.881638349222584550e-01 3.462178997959234131e-03
9.913190189426154264e-01 2.826795007060426464e-03
9.939937598761330317e-01 2.286017870249274116e-03
9.961855744306900018e-01 1.841407107632948544e-03
9.978924293315420968e-01 1.494250218253797549e-03
9.991127422303965888e-01 1.245555844057800619e-03
9.998453823959959630e-01 1.096048363523704052e-03
1.000000000000000000e+00 1.046163981493820156e-03
