1.000000000000000000e+00 -1.673862370390112164e-03
9.996059166418576059e-01 -1.698703797721735432e-03
9.988543593881185068e-01 -1.773165475588788344e-03
9.976026670535366181e-01 -1.897060231681111687e-03
9.958521926197173579e-01 -2.070078232437240831e-03
9.936048269718661397e-01 -2.291790117219036273e-03
9.908629956391108440e-01 -2.561651294517084190e-03
9.876296546447580482e-01 -2.879007310588148350e-03
9.839082854962816205e-01 -3.243100178199779214e-03
9.797028893502001123e-01 -3.653075532520616564e-03
9.750179803916678711e-01 -4.107990463039752974e-03
9.698585784724789161e-01 -4.606821855073944469e-03
9.642302010542009860e-01 -5.148475062228445934e-03
9.581388545052859085e-01 -5.731792722364124557e-03
9.515910248022032558e-01 -6.355563524386673678e-03
9.445936676849303604e-01 -7.018530731632216003e-03
9.371541983165272427e-01 -7.719400269855280876e-03
9.292804804950631770e-01 -8.456848193822297938e-03
9.209808154639201883e-01 -9.229527356214592068e-03
9.122639303635685648e-01 -1.003607311582082467e-02
9.031389663643695220e-01 -1.087510793864816458e-02
8.936154665159541377e-01 -1.174524476536331109e-02
8.837033633443668323e-01 -1.264508904105901034e-02
8.734129662235854408e-01 -1.357323932837919966e-02
8.627549485433765319e-01 -1.452828645210591310e-02
8.517403346908557493e-01 -1.550881115196654607e-02
8.403804868587432253e-01 -1.651338025016627770e-02
8.286870916892317140e-01 -1.754054137049474577e-02
8.166721467587928496e-01 -1.858881627624228011e-02
8.043479469061858289e-01 -1.965669292408371918e-02
7.917270704035201945e-01 -2.074261635998046749e-02
7.788223649685430683e-01 -2.184497861051147224e-02
7.656469336153755023e-01 -2.296210774834547483e-02
7.522141203407930465e-01 -2.409225633333448788e-02
7.385374956437934513e-01 -2.523358945050213978e-02
7.246308418776160609e-01 -2.638417258260405962e-02
7.105081384355478313e-01 -2.754195956761397099e-02
6.961835467746487760e-01 -2.870478090013539596e-02
6.816713952849532410e-01 -2.987033264012771763e-02
6.669861640155496652e-01 -3.103616619230593204e-02
6.521424692731864203e-01 -3.219967921503080754e-02
6.371550481134793387e-01 -3.335810790843839191e-02
6.220387427493283550e-01 -3.450852091801898808e-02
6.068084849055908059e-01 -3.564781507198487576e-02
5.914792801532988697e-01 -3.677271314876582459e-02
5.760661922605614382e-01 -3.787976384512733996e-02
5.605843276006559073e-01 -3.896534408606263516e-02
5.450488196605310920e-01 -4.002566378517616319e-02
5.294748136949121164e-01 -4.105677312922676597e-02
5.138774515723214531e-01 -4.205457242334190160e-02
4.982718568595213560e-01 -4.301482449471880076e-02
4.826731201901009460e-01 -4.393316961298063955e-02
4.670962849611389744e-01 -4.480514284537578940e-02
4.515563333990648132e-01 -4.562619372532760592e-02
4.360681730320538074e-01 -4.639170807409088992e-02
4.206466236015617977e-01 -4.709703177808632901e-02
4.053064044400184751e-01 -4.773749628946644119e-02
3.900621223353530342e-01 -4.830844558521301541e-02
3.749282598960436697e-01 -4.880526429111410602e-02
3.599191644229129960e-01 -4.922340665182968478e-02
3.450490372860863242e-01 -4.955842600737368070e-02
3.303319237975682054e-01 -4.980600442010336970e-02
3.157817035619522317e-01 -4.996198208503743743e-02
3.014120812800471505e-01 -5.002238615026140256e-02
2.877975479260930225e-01 -5.002581464875402451e-02
2.744406199506612687e-01 -5.002749664618575537e-02
2.612886270805246380e-01 -5.001997424760574323e-02
2.483508786968670334e-01 -4.999531005117661270e-02
2.356365822345970751e-01 -4.994564420700281504e-02
2.231548646810000147e-01 -4.986323037203783254e-02
2.109147927616266960e-01 -4.974046877144826934e-02
1.989253914023831060e-01 -4.956993620081250745e-02
1.871956600877380250e-01 -4.934441285314673104e-02
1.757345867732289790e-01 -4.905690590340056750e-02
1.645511590551377856e-01 -4.870066982999289584e-02
1.536543723503031866e-01 -4.826922349753601238e-02
1.430532348934493714e-01 -4.775636406658216593e-02
1.327567694169755619e-01 -4.715617783460142320e-02
1.227740114376848490e-01 -4.646304814713964754e-02
1.131140041352452219e-01 -4.567166054898658123e-02
1.037857898671172702e-01 -4.477700537207685710e-02
9.479839842310819331e-02 -4.377437797968987410e-02
8.616083217860373566e-02 -4.265937690532876914e-02
7.788204835787965186e-02 -4.142790013950698597e-02
6.997093866685014096e-02 -4.007613982867554853e-02
6.243630659738838573e-02 -3.860057565783020506e-02
5.528684274228456291e-02 -3.699796719212666146e-02
4.853109849046124274e-02 -3.526534545329402387e-02
4.217745849580129686e-02 -3.340000400397784980e-02
3.623411232956427058e-02 -3.139948980757024249e-02
3.070902573569390948e-02 -2.926159412280648214e-02
2.560991191027163147e-02 -2.698434368162265853e-02
2.094420322101788606e-02 -2.456599238568076340e-02
1.671902377023322395e-02 -2.200501374176060815e-02
1.294116318517705283e-02 -1.930009423907155797e-02
9.617051993978564112e-03 -1.645012785262944116e-02
6.752738913210589930e-03 -1.345421183632688859e-02
4.353870335801564642e-03 -1.031164394737011346e-02
2.425672265619902186e-03 -7.021921220495296045e-03
9.729348985562891140e-04 -3.584740385973441898e-03
0.000000000000000000e+00 0.000000000000000000e+00
-4.794952642878891292e-04 3.683387732381677646e-03
-4.524006938914613713e-04 7.415926568058351862e-03
8.416506111843862978e-05 1.119596833372339499e-02
1.132559772311644754e-03 1.502090858420468585e-02
2.694607410883775693e-03 1.888719690738501628e-02
4.771586086134226891e-03 2.279035384554242705e-02
7.364214291019454198e-03 2.672499429475864996e-02
1.047263565035103962e-02 3.068485719917628599e-02
1.409640241278541442e-02 3.466284131338050190e-02
1.823445796915255934e-02 3.865104676424801350e-02
2.288511871621027108e-02 4.264082210348454222e-02
2.804605561594735591e-02 4.662281650396041949e-02
3.371427582555761721e-02 5.058703671710079036e-02
3.988610479169608231e-02 5.452290837520514660e-02
4.655716921424382648e-02 5.841934119190650421e-02
5.372238128928627510e-02 6.226479758627431055e-02
6.137592463817681532e-02 6.604736423155654901e-02
6.951124231938118903e-02 6.975482600850806125e-02
7.812102730233008718e-02 7.337474182590830729e-02
8.719721575793538959e-02 7.689452175749089680e-02
9.673098348906436494e-02 8.030150493534071732e-02
1.067127457865260087e-01 8.358303763510116502e-02
1.171321609525648455e-01 8.672655098830399367e-02
1.279781376851392982e-01 8.971963776199427809e-02
1.392388464631493517e-01 9.255012765574235911e-02
1.509017350161734883e-01 9.520616058126081527e-02
1.629535479031193057e-01 9.767625741024618669e-02
1.753803501635725626e-01 9.994938770178243836e-02
1.881675549446406304e-01 1.020150339516139315e-01
2.012999549459002779e-01 1.038632519416902988e-01
2.147617574668692908e-01 1.054847268093783985e-01
2.285366227864064903e-01 1.068708245012917613e-01
2.426077055527620929e-01 1.080136383263690658e-01
2.569576988177603716e-01 1.089060303760841786e-01
2.715688803097919823e-01 1.095416676358314245e-01
2.864231605088343180e-01 1.099150526698211838e-01
3.014400280851723402e-01 1.100221371341033177e-01
3.160937437533700711e-01 1.099308786929491244e-01
3.309301559571406481e-01 1.096911153665562494e-01
3.459339683389663356e-01 1.093050206814787373e-01
3.610897295378578398e-01 1.087751468839436991e-01
3.763818529391017020e-01 1.081044045897002898e-01
3.917946362681046790e-01 1.072960410755265936e-01
4.073122809742571460e-01 1.063536175531206995e-01
4.229189113582075832e-01 1.052809857631810675e-01
4.385985934036420453e-01 1.040822642194712683e-01
4.543353532824209728e-01 1.027618144197915417e-01
4.701131955095478876e-01 1.013242173233560861e-01
4.859161207317709841e-01 9.977425037246959172e-02
5.017281431404788661e-01 9.811686531104532594e-02
5.175333075058068388e-01 9.635716702390209609e-02
5.333157058344013546e-01 9.450039358944478662e-02
5.490594936579834551e-01 9.255189770485575118e-02
5.647489059636485731e-01 9.051712960788524387e-02
5.803682727796697360e-01 8.840162158335362896e-02
5.959020344324259533e-01 8.621097410618050461e-02
6.113347564909519249e-01 8.395084363675352213e-02
6.266511444155267174e-01 8.162693204934698410e-02
6.418360579257500476e-01 7.924497764067177374e-02
6.568745251017612530e-01 7.681074763403639150e-02
6.717517562297419254e-01 7.433003206552005193e-02
6.864531573997249003e-01 7.180863891246332120e-02
7.009643438601319554e-01 6.925239030186558509e-02
7.152711531295250502e-01 6.666711961727579683e-02
7.293596578619306880e-01 6.405866930774486989e-02
7.432161784579222052e-01 6.143288919156721095e-02
7.568272954095782712e-01 5.879563504100471238e-02
7.701798613636214874e-01 5.615276723199869036e-02
7.832610128835877372e-01 5.351014924502067727e-02
7.960581818889529426e-01 5.087364580957727533e-02
8.085591067467907678e-01 4.824912049530961922e-02
8.207518429898968959e-01 4.564243256687220557e-02
8.326247736344205563e-01 4.305943293753239365e-02
8.441666190699455008e-01 4.050595907736135454e-02
8.553664464956917124e-01 3.798782875556130229e-02
8.662136788780352425e-01 3.551083252245938737e-02
8.766981034068741518e-01 3.308072486450615302e-02
8.868098794314226430e-01 3.070321399472755036e-02
8.965395458597364975e-01 2.838395027098635642e-02
9.058780280105779292e-01 2.612851326454311909e-02
9.148166439109933767e-01 2.394239753127015008e-02
9.233471100380951091e-01 2.183099716690389824e-02
9.314615465088806889e-01 1.979958925543414544e-02
9.391524817273364523e-01 1.785331634563314812e-02
9.464128565034378715e-01 1.599716811437920660e-02
9.532360276638163210e-01 1.423596239641235911e-02
9.596157711786951205e-01 1.257432577813364684e-02
9.655462848340505833e-01 1.101667396769863937e-02
9.710221904817466498e-01 9.567192164728779633e-03
9.760385359034857711e-01 8.229815660276590047e-03
9.805907963267431748e-01 7.008210901115641267e-03
9.846748756323494556e-01 5.905757251929265837e-03
9.882871072939893864e-01 4.925529684547091426e-03
9.914242550895779882e-01 4.070282615116774944e-03
9.940835136232716307e-01 3.342435098126576246e-03
9.962625086947606290e-01 2.744057570726069102e-03
9.979592975495433782e-01 2.276860322084930249e-03
9.991723690401530522e-01 1.942183840899320982e-03
9.999006437238739942e-01 1.740991169964959317e-03
1.000000000000000000e+00 1.673862370390112164e-03
