1.000000000000000000e+00 -1.669134890062729535e-03
9.995573500056273986e-01 -1.686801930605398223e-03
9.988019548806785775e-01 -1.739763737840716983e-03
9.975438959219508073e-01 -1.827902910170130192e-03
9.957845705965625571e-01 -1.951025570842305394e-03
9.935259315605059482e-01 -2.108864012668524440e-03
9.907704828984830181e-01 -2.301080313166180974e-03
9.875212753425416379e-01 -2.527270834648129121e-03
9.837819005078519696e-01 -2.786971502135199372e-03
9.795564841908425135e-01 -3.079663732353609025e-03
9.748496787808857977e-01 -3.404780869869175434e-03
9.696666548416644771e-01 -3.761714971946377318e-03
9.640130919221677752e-01 -4.149823772295699147e-03
9.578951686599304072e-01 -4.568437645731777789e-03
9.513195522405736293e-01 -5.016866391100059490e-03
9.442933872779620819e-01 -5.494405648760683145e-03
9.368242841783784858e-01 -6.000342771523916457e-03
9.289203070500866577e-01 -6.533961974207926592e-03
9.205899612166019708e-01 -7.094548596880275240e-03
9.118421803880312204e-01 -7.681392330228131726e-03
9.026863135400943206e-01 -8.293789268184529467e-03
8.931321115450741033e-01 -8.931042672687478784e-03
8.831897135931098264e-01 -9.592462357944971790e-03
8.728696334361418785e-01 -1.027736262648198604e-02
8.621827454805989221e-01 -1.098505871614339352e-02
8.511402707487940589e-01 -1.171486174568264413e-02
8.397537627231406177e-01 -1.246607217609166027e-02
8.280350930818607402e-01 -1.323797183493759938e-02
8.159964373300390150e-01 -1.402981458111619492e-02
8.036502603257704713e-01 -1.484081571710702332e-02
7.910093016978981817e-01 -1.567014028445982282e-02
7.780865611495483281e-01 -1.651689040534989536e-02
7.648952836403654088e-01 -1.738009185808913823e-02
7.514489444401167839e-01 -1.825868009698765684e-02
7.377612340471393360e-01 -1.915148594648750230e-02
7.238460429669325569e-01 -2.005722121561166749e-02
7.097174463490200091e-01 -2.097446449114783243e-02
6.953896884838640657e-01 -2.190164737630615963e-02
6.808771671661005831e-01 -2.283704144562293328e-02
6.661944179354190032e-01 -2.377874618645750560e-02
6.513560982119827036e-01 -2.472467819245215831e-02
6.363769713491220781e-01 -2.567256186477379423e-02
6.212718906319769641e-01 -2.661992186288687778e-02
6.060557832566204617e-01 -2.756407752815447088e-02
5.907436343297483017e-01 -2.850213948093312244e-02
5.753504709340827583e-01 -2.943100856530394410e-02
5.598913463090318121e-01 -3.034737728551712560e-02
5.443813241996752206e-01 -3.124773384503425067e-02
5.288354634296871248e-01 -3.212836886321433078e-02
5.132688027552018140e-01 -3.298538480672538742e-02
4.976963460567903064e-01 -3.381470813324936875e-02
4.821330479255713786e-01 -3.461210410458617076e-02
4.665937996969914958e-01 -3.537319418548348637e-02
4.510934159819640077e-01 -3.609347590406606493e-02
4.356466217399123098e-01 -3.676834501025649793e-02
4.202680399318577953e-01 -3.739311973071594158e-02
4.049721797841630000e-01 -3.796306688319950329e-02
3.897734256849962331e-01 -3.847342958042552358e-02
3.746860267262125399e-01 -3.891945622414293843e-02
3.597240868933316849e-01 -3.929643046456530314e-02
3.449015558958515859e-01 -3.959970177917101347e-02
3.302322206195059673e-01 -3.982471630843316401e-02
3.157296971714921296e-01 -3.996704757466282981e-02
3.014074234794139051e-01 -4.002242670405751351e-02
2.880265861873764210e-01 -4.004197881057321856e-02
2.749190022064779693e-01 -4.009842397827034777e-02
2.620096155881331823e-01 -4.018270957543147726e-02
2.493061112259695455e-01 -4.028508352511869089e-02
2.368161477400705373e-01 -4.039581123931865192e-02
2.245473933801849786e-01 -4.050521359372885599e-02
2.125075590440414774e-01 -4.060370160478239676e-02
2.007044278411302951e-01 -4.068180782688083502e-02
1.891458807076180082e-01 -4.073021454089489207e-02
1.778399176609746224e-01 -4.073977885031043744e-02
1.667946743711524182e-01 -4.070155483872360536e-02
1.560184338165300499e-01 -4.060681297182283656e-02
1.455196328852221832e-01 -4.044705694888942049e-02
1.353068638738198770e-01 -4.021403822376412585e-02
1.253888709244277422e-01 -3.989976842387599199e-02
1.157745415254897575e-01 -3.949652989911538181e-02
1.064728932810702910e-01 -3.899688463091586371e-02
9.749305622589912734e-02 -3.839368172673562202e-02
8.884425102879076053e-02 -3.768006371703098989e-02
8.053576348433696963e-02 -3.684947186154606535e-02
7.257691574161255488e-02 -3.589565065998939764e-02
6.497703475872082524e-02 -3.481265174951257008e-02
5.774541850317464753e-02 -3.359483735833879159e-02
5.089130044034207573e-02 -3.223688347179355651e-02
4.442381286553167413e-02 -3.073378285415914735e-02
3.835194963991914174e-02 -2.908084805740887568e-02
3.268452888665996509e-02 -2.727371453610027280e-02
2.743015619147724446e-02 -2.530834397656912121e-02
2.259718883213798768e-02 -2.318102793806552098e-02
1.819370153393394182e-02 -2.088839189355616924e-02
1.422745421403239299e-02 -1.842739974849008297e-02
1.070586213687494195e-02 -1.579535890677705862e-02
7.635968856220648991e-03 -1.298992594440845187e-02
5.024422267575304538e-03 -1.000911294241833838e-02
2.877454038242836191e-03 -6.851294522062597106e-03
1.200862621785387524e-03 -3.515215616028078728e-03
0.000000000000000000e+00 0.000000000000000000e+00
-7.074229875169874308e-04 3.646745411239059147e-03
-9.041824665143951591e-04 7.376634985480004861e-03
-5.863868706553003983e-04 1.118821212422271491e-02
2.493298293015861269e-04 1.507885494157884705e-02
1.605797267987399586e-03 1.904478431311783238e-02
3.485295057278884993e-03 2.308107922378456814e-02
5.889536527318734588e-03 2.718169929755355832e-02
8.819650039230936267e-03 3.133951435605955571e-02
1.227615813157980143e-02 3.554634081891291236e-02
1.625895481818650373e-02 3.979298472468898590e-02
2.076728140585540339e-02 4.406929111862793735e-02
2.579970124621697863e-02 4.836419952080257822e-02
3.135407387567678422e-02 5.266580515686923591e-02
3.742752903080599769e-02 5.696142560244343844e-02
4.401644105291138698e-02 6.123767246161430228e-02
5.111640421452385424e-02 6.548052767012108033e-02
5.872220951171949754e-02 6.967542398427881145e-02
6.682782346919416416e-02 7.380732918793669883e-02
7.542636949953915315e-02 7.786083352169353988e-02
8.451011234398236871e-02 8.182023981146793745e-02
9.407044609881982933e-02 8.566965574758757251e-02
1.040978862997831156e-01 8.939308774115800604e-02
1.145820664957205443e-01 9.297453576203423831e-02
1.255117396933664864e-01 9.639808854277223671e-02
1.368747849969224883e-01 9.964801851609797478e-02
1.486582197001588557e-01 1.027088758404141738e-01
1.608482170153736623e-01 1.055655808594379297e-01
1.734301295436925794e-01 1.082035143390758236e-01
1.863885185058934413e-01 1.106086048279494305e-01
1.997071886634854965e-01 1.127674124984384546e-01
2.133692287676843269e-01 1.146672088435162773e-01
2.273570572809330281e-01 1.162960516317039228e-01
2.416524730236595808e-01 1.176428545587086261e-01
2.562367103101518273e-01 1.186974510800693910e-01
2.710904980539752818e-01 1.194506519644645826e-01
2.861941222475509194e-01 1.198942961719960953e-01
3.014446858858055855e-01 1.200220946825134027e-01
3.161457501438301732e-01 1.199255763852117573e-01
3.310298591352028863e-01 1.196715309037036795e-01
3.460814497292010739e-01 1.192618280113110774e-01
3.612848070674391510e-01 1.186987507740506764e-01
3.766240861089328318e-01 1.179849766222578478e-01
3.920833329184614802e-01 1.171235569008436395e-01
4.076465056301126211e-01 1.161178952347385052e-01
4.232974950279115856e-01 1.149717250441756045e-01
4.390201446957835429e-01 1.136890865374303450e-01
4.547982706995217783e-01 1.122743034966846576e-01
4.706156807736953662e-01 1.107319601561238820e-01
4.864561929963005515e-01 1.090668784505714195e-01
5.023036539432099712e-01 1.072840958883514023e-01
5.181419563229264780e-01 1.053888442741389986e-01
5.339550560996263462e-01 1.033865294768383514e-01
5.497269891188393265e-01 1.012827124046070254e-01
5.654418872552726683e-01 9.908309131461395802e-02
5.810839941061484160e-01 9.679348554960565121e-02
5.966376802559765213e-01 9.441982075748601988e-02
6.120874581399222691e-01 9.196811561451266603e-02
6.274179965328781083e-01 8.944447003799087248e-02
6.426141346901073081e-01 8.685505484108498042e-02
6.576608961629649697e-01 8.420610275112627718e-02
6.725435023098725873e-01 8.150390068407634137e-02
6.872473855185775582e-01 7.875478314207040587e-02
7.017582021509166657e-01 7.596512657861306805e-02
7.160618452160528724e-01 7.314134455736361062e-02
7.301444567726141921e-01 7.028988351579941452e-02
7.439924400545763206e-01 6.741721893457425230e-02
7.575924713102545338e-01 6.452985170721463326e-02
7.709315113386315810e-01 6.163430450296009111e-02
7.839968167025824775e-01 5.873711791802883886e-02
7.967759505945749554e-01 5.584484621725555736e-02
8.092567933272061254e-01 5.296405247874155786e-02
8.214275524186507305e-01 5.010130296862275179e-02
8.332767722417915301e-01 4.726316059098779887e-02
8.447933432055481084e-01 4.445617727901843286e-02
8.559665104377534028e-01 4.168688521714232487e-02
8.667858819408128523e-01 3.896178680994803051e-02
8.772414361943177141e-01 3.628734334131791806e-02
8.873235291826796489e-01 3.366996229616968372e-02
8.970229008306165319e-01 3.111598334685153691e-02
9.063306808348531307e-01 2.863166303604447113e-02
9.152383938865307211e-01 2.622315821749389431e-02
9.237379642854133266e-01 2.389650834446602201e-02
9.318217199538572082e-01 2.165761672302372529e-02
9.394823958654852092e-01 1.951223087256107394e-02
9.467131369104061500e-01 1.746592215908999990e-02
9.535075002254459475e-01 1.552406488713430760e-02
9.598594570240506219e-01 1.369181505342447272e-02
9.657633939660837941e-01 1.197408897958928894e-02
9.712141141125610888e-01 1.037554205148615710e-02
9.762068375142678445e-01 8.900547799518293557e-03
9.807372014861007736e-01 7.553177557146974717e-03
9.848012606207791064e-01 6.337180933774515593e-03
9.883954865962057967e-01 5.255967333260053512e-03
9.915167678302058141e-01 4.312588740632434733e-03
9.941624090346318221e-01 3.509723987211910493e-03
9.963301307179154298e-01 2.849664688560743162e-03
9.980180686811291890e-01 2.334303030708554869e-03
9.992247735475929815e-01 1.965121558254760790e-03
9.999492103601042015e-01 1.743185093596363693e-03
1.000000000000000000e+00 1.669134890062729535e-03
