1.000000000000000000e+00 -6.244735774300488266e-04
9.996677643800686575e-01 -6.087431477990069969e-04
9.989211079256552495e-01 -5.616185526241986286e-04
9.976775500295035348e-01 -4.832997547445526854e-04
9.959383936318094710e-01 -3.741196277982609822e-04
9.937054601537731457e-01 -2.345433478601090249e-04
9.909810868213725366e-01 -6.516751857736256467e-05
9.877681232510063802e-01 1.332809926818654712e-04
9.840699273161712668e-01 3.599465356324744493e-04
9.798903603178168442e-01 6.138465075860581772e-04
9.752337814840706942e-01 8.938735704080535797e-04
9.701050418275918297e-01 1.198798293695975577e-03
9.645094773908313712e-01 1.527272265972275112e-03
9.584529019109689907e-01 1.877831716587272971e-03
9.519415989371962095e-01 2.248901690755871971e-03
9.449823134333555918e-01 2.638800818665615507e-03
9.375822428987411472e-01 3.045746716869314995e-03
9.297490280391219608e-01 3.467862056220164316e-03
9.214907430188310489e-01 3.903181325442373929e-03
9.128158853231209680e-01 4.349658313104573688e-03
9.037333652579675469e-01 4.805174323349327946e-03
8.942524951122040600e-01 5.267547132317080064e-03
8.843829780043512834e-01 5.734540682904626721e-03
8.741348964338744310e-01 6.203875505444583077e-03
8.635187005539126659e-01 6.673239841235328873e-03
8.525451961799079825e-01 7.140301434752022516e-03
8.412255325460694655e-01 7.602719949010815215e-03
8.295711898193333100e-01 8.058159947121707953e-03
8.175939663785104505e-01 8.504304371752919103e-03
8.053059658646914976e-01 8.938868443233046607e-03
7.927195840077735367e-01 9.359613886544198430e-03
7.798474952332409282e-01 9.764363387699865129e-03
7.667026390530604640e-01 1.015101517115377452e-02
7.532982062448091432e-01 1.051755758212859389e-02
7.396476248238890161e-01 1.086208355125526520e-02
7.257645458149113438e-01 1.118280481383198202e-02
7.116628288300225202e-01 1.147806575247501890e-02
6.973565274640106670e-01 1.174635673005993211e-02
6.828598745184781826e-01 1.198632677972295141e-02
6.681872670700513828e-01 1.219679552037513520e-02
6.533532514004957159e-01 1.237676416970525869e-02
6.383725078095849881e-01 1.252542553201706904e-02
6.232598353345634168e-01 1.264217284543501033e-02
6.080301364029232492e-01 1.272660738196274011e-02
5.926984014479097507e-01 1.277854470450358326e-02
5.772796935185505740e-01 1.279801949713539957e-02
5.617891329180084714e-01 1.278528889852918390e-02
5.462418819055763208e-01 1.274083428324303269e-02
5.306531294986037706e-01 1.266536145151483939e-02
5.150380764110114029e-01 1.255979920490788229e-02
4.994119201647470030e-01 1.242529630250005859e-02
4.837898404095564153e-01 1.226321681000787714e-02
4.681869844847598161e-01 1.207513387204559030e-02
4.526184532543429673e-01 1.186282195538129053e-02
4.370992872436322285e-01 1.162824762830502734e-02
4.216444531021483755e-01 1.137355895781299794e-02
4.062688304130045447e-01 1.110107362199202682e-02
3.910607222254925963e-01 1.080207693741663810e-02
3.760131662268846875e-01 1.043218507265772366e-02
3.610893715173082441e-01 9.990258427523816820e-03
3.463030335386840797e-01 9.480904328114089785e-03
3.316676878111659010e-01 8.909038919808234119e-03
3.171967042781733137e-01 8.279861456940183079e-03
3.029032821818901100e-01 7.598827707092106060e-03
2.888004453848477815e-01 6.871622673222062272e-03
2.749010380448319579e-01 6.104132834604723834e-03
2.612177205437598571e-01 5.302418103036620617e-03
2.477629655665545549e-01 4.472683684093529954e-03
2.345490542235347808e-01 3.621252024617601512e-03
2.215880721095261907e-01 2.754535017268987251e-03
2.088919051948240624e-01 1.879006621131992100e-03
1.964722354472828725e-01 1.001176044265444931e-03
1.843405360911087032e-01 1.275616199833615183e-04
1.725080664162678412e-01 -7.353345062022544065e-04
1.609858660626519444e-01 -1.581050777395016926e-03
1.497847487150443246e-01 -2.403189627907430931e-03
1.389152951582868500e-01 -3.195439817281275213e-03
1.283878456565868686e-01 -3.951597640808397066e-03
1.182124916363354872e-01 -4.665586976649094275e-03
1.083990666678329162e-01 -5.331478144085570470e-03
9.895713675762504713e-02 -5.943505561139390131e-03
8.989598997940770331e-02 -6.496084202584132689e-03
8.122462548736972265e-02 -6.983824871174389159e-03
7.295174197108462988e-02 -7.401548305591806182e-03
6.508572562535644423e-02 -7.744298158097641036e-03
5.763463772150032721e-02 -8.007352883119930181e-03
5.060620187814030696e-02 -8.186236584952944970e-03
4.400779113953803834e-02 -8.276728878382769855e-03
3.784641497752506967e-02 -8.274873820371449890e-03
3.212870633916056762e-02 -8.176987973942100724e-03
2.686090886616993717e-02 -7.979667667132053777e-03
2.204886441395095473e-02 -7.679795510357641242e-03
1.769800099745074892e-02 -7.274546234809590832e-03
1.381332128851281427e-02 -6.761391912631274648e-03
1.039939178442073238e-02 -6.138106616689432103e-03
7.460332760414414670e-03 -5.402770573805630062e-03
4.999809110034057411e-03 -4.553773860456871228e-03
3.021022166429525920e-03 -3.589819684267541670e-03
1.526702585425251685e-03 -2.509927288193409579e-03
5.191043573845620981e-04 -1.313434507243458000e-03
0.000000000000000000e+00 0.000000000000000000e+00
-2.566472311616211331e-05 1.412091998763054549e-03
4.465689863031893463e-04 2.904094877452123406e-03
1.417013230490477785e-03 4.474964743878502745e-03
2.885489575488177708e-03 6.123061355641329709e-03
4.851326644447926002e-03 7.846155335115430687e-03
7.313357486890546474e-03 9.641438785108143866e-03
1.026991677273986214e-02 1.150553923044243809e-02
1.371883787391817502e-02 1.343453678849967914e-02
1.765744990910609116e-02 1.542398445032887311e-02
2.208257483867653165e-02 1.746893133345552365e-02
2.699052470661397751e-02 1.956394874816654722e-02
3.237709913422358310e-02 2.170315890094580771e-02
3.823758317648082161e-02 2.388026604203878286e-02
4.456674565584033826e-02 2.608858984896084143e-02
5.135883809013188500e-02 2.832110082425876377e-02
5.860759433077997183e-02 3.057045747410352954e-02
6.630623102497183730e-02 3.282904502443179107e-02
7.444744901061520204e-02 3.508901542345809615e-02
8.302343574603057719e-02 3.734232837351986189e-02
9.202586886742761263e-02 3.958079313145256017e-02
1.014459209564766706e-01 4.179611081506665049e-02
1.112742655878753706e-01 4.397991695383077215e-02
1.215010847129535249e-01 4.612382402456234598e-02
1.321160774203018196e-01 4.821946371776979212e-02
1.431084700984082136e-01 5.025852868723480749e-02
1.544670280086593295e-01 5.223281354441152574e-02
1.661800682600804435e-01 5.413425487015387227e-02
1.782354741602018844e-01 5.595497002905892858e-02
1.906207108997408639e-01 5.768729458618682138e-02
2.033228425127029115e-01 5.932381814192587421e-02
2.163285500383431148e-01 6.085741841812989522e-02
2.296241507974687845e-01 6.228129344714927740e-02
2.431956186830745714e-01 6.358899173478227418e-02
2.570286053545251526e-01 6.477444028823643729e-02
2.711084622156212931e-01 6.583197042065219717e-02
2.854202630500795590e-01 6.675634126432467008e-02
2.999488271833293807e-01 6.754276094518994744e-02
3.146787430371489891e-01 6.818690539113193838e-02
3.295943919435429525e-01 6.868493476594315916e-02
3.446799720863685801e-01 6.903350753906747905e-02
3.599195224434625917e-01 6.922979221831357388e-02
3.752969466082606842e-01 6.927147678832648592e-02
3.907960363779651169e-01 6.915677591153671089e-02
4.063498550012710764e-01 6.889008019903107571e-02
4.219210818576210054e-01 6.852099905127971569e-02
4.375674791920636242e-01 6.806202314891927896e-02
4.532732334271428187e-01 6.751423086082702918e-02
4.690224959859270459e-01 6.687895270956355220e-02
4.847994005123155148e-01 6.615776473695809956e-02
5.005880798352532191e-01 6.535248147527772389e-02
5.163726826671168890e-01 6.446514860525238977e-02
5.321373900307097005e-01 6.349803537323592262e-02
5.478664314129382262e-01 6.245362682992022796e-02
5.635441006462960090e-01 6.133461594250380622e-02
5.791547715216806003e-01 6.014389562128040490e-02
5.946829131378150723e-01 5.888455069048728618e-02
6.101131049936194817e-01 5.755984982217017543e-02
6.254300518302916556e-01 5.617323744100885530e-02
6.406185982296443981e-01 5.472832559772269206e-02
6.556637429744519574e-01 5.322888579904443140e-02
6.705506531752402077e-01 5.167884077350142630e-02
6.852646781661999587e-01 5.008225614454563795e-02
6.997913631707700644e-01 4.844333197607518515e-02
7.141164627350503613e-01 4.676639415020918122e-02
7.282259539246354052e-01 4.505588553341345615e-02
7.421060492778266404e-01 4.331635688478981810e-02
7.557432095055621746e-01 4.155245745957747427e-02
7.691241559259365257e-01 3.976892526167608022e-02
7.822358826188898773e-01 3.797057690127160490e-02
7.950656682846996004e-01 3.616229701737160018e-02
8.076010877882850991e-01 3.434902723016897141e-02
8.198300233701792950e-01 3.253575459454632890e-02
8.317406755043189603e-01 3.072749953358334257e-02
8.433215733826192606e-01 2.892930323949924332e-02
8.545615850066394792e-01 2.714621453888026170e-02
8.654499268674991086e-01 2.538327622914123699e-02
8.759761731965851617e-01 2.364551090375898237e-02
8.861302647714381919e-01 2.193790629469657277e-02
8.959025172634865752e-01 2.026540017142156730e-02
9.052836291169799043e-01 1.863286484679219437e-02
9.142646889514409736e-01 1.704509135066410719e-02
9.228371824831842485e-01 1.550677334214967812e-02
9.309929989648219051e-01 1.402249084086675153e-02
9.387244371451225478e-01 1.259669386607267447e-02
9.460242107550126400e-01 1.123368608013525227e-02
9.528854535288233674e-01 9.937608539202294478e-03
9.593017237730120383e-01 8.712423659082920574e-03
9.652670084974201981e-01 7.561899508138463996e-03
9.707757271266337362e-01 6.489594541327070414e-03
9.758227348110829480e-01 5.498842890395547536e-03
9.804033253591264430e-01 4.592740324536980293e-03
9.845132338124598093e-01 3.774130993623955790e-03
9.881486386877410544e-01 3.045595062400959299e-03
9.913061639073162956e-01 2.409437338821732773e-03
9.939828804413646246e-01 1.867676993102779671e-03
9.961763076826685159e-01 1.422038456125630356e-03
9.978844145735764615e-01 1.073943576656969301e-03
9.991056205026163095e-01 8.245051065937779745e-04
9.998387959856629426e-01 6.745215722196391600e-04
1.000000000000000000e+00 6.244735774300488266e-04
