1.000000000000000000e+00 -1.441453593265627255e-03
9.994572107150480056e-01 -1.431746372462028467e-03
9.986940257641356844e-01 -1.402716719781930705e-03
9.974230858870257732e-01 -1.354640528610608248e-03
9.956459409033313612e-01 -1.287977161327310931e-03
9.933647551029033407e-01 -1.203368734237335227e-03
9.905823018492522225e-01 -1.101639066703308852e-03
9.873019567268315200e-01 -9.837922460370403938e-04
9.835276892940036930e-01 -8.510107477591971441e-04
9.792640535145583636e-01 -7.046530402555510261e-04
9.745161769501937687e-01 -5.462505939241406316e-04
9.692897488042284682e-01 -3.775042078582990096e-04
9.635910069128186262e-01 -2.002795621555211736e-04
9.574267237840566880e-01 -1.660190126994906534e-05
9.508041917874383575e-01 1.713502464196353658e-04
9.437312075963261160e-01 3.612524053679729702e-04
9.362160559842730434e-01 5.506426335971023600e-04
9.282674930724778006e-01 7.369312275399362427e-04
9.198947291203878329e-01 9.174117210079737322e-04
9.111074109447583336e-01 1.089273235640916479e-03
9.019156040445069911e-01 1.249614225126625261e-03
8.923297744997875647e-01 1.395457638149633084e-03
8.823607707041059012e-01 1.523767505662718819e-03
8.720198049783479677e-01 1.631466936924334810e-03
8.613184351055911403e-01 1.715457486114128210e-03
8.502685458158758536e-01 1.772639827567309284e-03
8.388823302410264304e-01 1.799935653142212960e-03
8.271722713514293446e-01 1.794310680351976495e-03
8.151511233797066325e-01 1.752798635106404823e-03
8.028318932306740541e-01 1.672526048657543840e-03
7.902278218730641735e-01 1.550737685112709568e-03
7.773523657063908798e-01 1.384822394121833222e-03
7.642191778960908399e-01 1.172339163544366958e-03
7.508420896717853399e-01 9.110431294989604356e-04
7.372350915870908850e-01 5.989112866204154839e-04
7.234123147448098257e-01 2.341676299986578114e-04
7.093880119983950738e-01 -1.846925475080252177e-04
6.951765391490625223e-01 -6.588794827995861358e-04
6.807923361676065932e-01 -1.189287174912873057e-03
6.662499084804704985e-01 -1.776473297779010418e-03
6.515638083706332129e-01 -2.420641060024125713e-03
6.367486165549601784e-01 -3.121623265219246324e-03
6.218189240104361470e-01 -3.878868808397349655e-03
6.067893141317204364e-01 -4.691431822887656700e-03
5.916743453113270101e-01 -5.557963665802419240e-03
5.764885340410179637e-01 -6.476707901167097492e-03
5.612463386383577113e-01 -7.445498407103623428e-03
5.459621437054619220e-01 -8.461760698122447466e-03
5.306502454275161540e-01 -9.522516515983625585e-03
5.153248378164435595e-01 -1.062439170332962757e-02
5.000000000000001110e-01 -1.176362733400015265e-02
4.846896846485457266e-01 -1.293609403326531626e-02
4.694077076207848198e-01 -1.413730938083271327e-02
4.541677388960052575e-01 -1.536245825006811450e-02
4.389832948439795768e-01 -1.660641589908382759e-02
4.238677318649843873e-01 -1.786377359383464758e-02
4.088342414117120960e-01 -1.912886651071449284e-02
3.938958463826017775e-01 -2.039580363692237996e-02
3.790653988527833418e-01 -2.165849936155014865e-02
3.643555790849327680e-01 -2.291070642935452706e-02
3.497788957384204700e-01 -2.414604991285185936e-02
3.353476871717760988e-01 -2.535806184696652588e-02
3.210741237112538227e-01 -2.654021616414247581e-02
3.069702107377204614e-01 -2.768596356666126745e-02
2.930477924257323674e-01 -2.878876597688836969e-02
2.793185559530002027e-01 -2.984213021518480891e-02
2.657940359858945167e-01 -3.083964056908987394e-02
2.524856192375827812e-01 -3.177498993583222076e-02
2.394045488900984342e-01 -3.264200924293157030e-02
2.265619286703310920e-01 -3.343469487820389247e-02
2.139687263727082511e-01 -3.414723389043334417e-02
2.016357766282441399e-01 -3.477402675482479943e-02
1.895737827305905010e-01 -3.530970753256833239e-02
1.777933173445760684e-01 -3.574916129088599737e-02
1.663048219412379958e-01 -3.608753868821303751e-02
1.551186048251882166e-01 -3.632026766813113705e-02
1.442448376449367298e-01 -3.644306224474616607e-02
1.336935503040465600e-01 -3.645192840084314490e-02
1.234746242202026806e-01 -3.634316715782384688e-02
1.135977839098858411e-01 -3.611337491263917621e-02
1.040725869077724630e-01 -3.575944117120619797e-02
9.490841206160186005e-02 -3.527854383971860963e-02
8.611444627448763822e-02 -3.466814226444417391e-02
7.769966979686149244e-02 -3.392596823671370498e-02
6.967284019886603452e-02 -3.305001520256308639e-02
6.204247518049581245e-02 -3.203852593565495455e-02
5.481683440060397539e-02 -3.088997894749986872e-02
4.800390052660422763e-02 -2.960307392048546621e-02
4.161135972388307208e-02 -2.817671645672561315e-02
3.564658181727606290e-02 -2.661000243922919187e-02
3.011660036619508846e-02 -2.490220230137804233e-02
2.502809289992611805e-02 -2.305274549625558472e-02
2.038736156016482046e-02 -2.106120544909248146e-02
1.620031439398779763e-02 -1.892728526413857068e-02
1.247244753223693617e-02 -1.665080444181659541e-02
9.208828475871781716e-03 -1.423168684328966933e-02
6.414080696427012368e-03 -1.166995011782583948e-02
4.092369736611320766e-03 -8.965696783864727029e-03
2.247390973641087177e-03 -6.119107127779153943e-03
8.823591815581117385e-04 -3.130434055321778056e-03
0.000000000000000000e+00 0.000000000000000000e+00
-3.889195472897117537e-04 3.229097633908191781e-03
-2.741194019126463616e-04 6.513372062055263617e-03
3.456656603086827231e-04 9.851334247430296523e-03
1.471217989095223184e-03 1.324079206139429539e-02
3.102830928990559390e-03 1.667886102853200284e-02
5.240301739074343552e-03 2.016198014740401556e-02
7.882923667264878781e-03 2.368593264083760849e-02
1.102947731120410349e-02 2.724587144689931059e-02
1.467822142313092784e-02 3.083634922115485733e-02
1.882688333865138036e-02 3.445135258263068434e-02
2.347264922849848223e-02 3.808434030043973684e-02
2.861215438786557722e-02 4.172828508565504940e-02
3.424147378941463232e-02 4.537571862405103545e-02
4.035611313337666983e-02 4.901877946006541475e-02
4.695100063113639977e-02 5.264926332103131434e-02
5.402047975727037460e-02 5.625867545361325911e-02
6.155830319919498167e-02 5.983828453162795546e-02
6.955762822349728647e-02 6.337917768619054371e-02
7.801101366383642044e-02 6.687231620548472755e-02
8.691041871728019674e-02 7.030859145245885178e-02
9.624720371442374578e-02 7.367888055439643369e-02
1.060121330040081772e-01 7.697410142853763904e-02
1.161953800654938473e-01 8.018526672262793475e-02
1.267865349336519398e-01 8.330353626828053415e-02
1.377746139882643217e-01 8.632026766813115370e-02
1.491480721300732781e-01 8.922706466467869579e-02
1.608948173317722163e-01 9.201582296910122694e-02
1.730022275207200866e-01 9.467877326185460130e-02
1.854571697187795964e-01 9.720852111306757526e-02
1.982460213348187228e-01 9.959808360918073755e-02
2.113546934775382136e-01 1.018409225124377870e-01
2.247686561309051312e-01 1.039309738211852407e-01
2.384729650120463451e-01 1.058626736409180313e-01
2.524522899123904929e-01 1.076309803180397345e-01
2.666909443074530484e-01 1.092313928298084824e-01
2.811729160091949731e-01 1.106599654643228570e-01
2.958818986274990293e-01 1.119133188630957038e-01
3.108013236040684801e-01 1.129886475352130659e-01
3.259143925829327548e-01 1.138837239857560107e-01
3.412041098866321898e-01 1.145968996315992472e-01
3.566533148758380678e-01 1.151271027044552808e-01
3.722447139823620299e-01 1.154738333637433390e-01
3.879609122208559358e-01 1.156371562602233755e-01
4.037844440025635251e-01 1.156176908051270713e-01
4.196978030947849936e-01 1.154165994085923352e-01
4.356834715917162759e-01 1.150355739555153911e-01
4.517239477854805285e-01 1.144768207865025506e-01
4.678017728499020422e-01 1.137430444465566126e-01
4.838995562733262035e-01 1.128374304546788942e-01
5.000000000000001110e-01 1.117636273340001651e-01
5.160859212616847325e-01 1.105257281247432194e-01
5.321402741017973170e-01 1.091282515817075249e-01
5.481461696130526251e-01 1.075761232345568696e-01
5.640868949259467691e-01 1.058746564635351800e-01
5.799459309992132106e-01 1.040295337159247574e-01
5.957069692743978129e-01 1.020467879602149908e-01
6.113539272648222944e-01 9.993278444618863832e-02
6.268709631544189254e-01 9.769420281059051914e-02
6.422424894842692078e-01 9.533801954032000703e-02
6.574531860043144604e-01 9.287149077877147885e-02
6.724880117648210920e-01 9.030213543656846753e-02
6.873322165170715481e-01 8.763771854598344235e-02
7.019713514857182091e-01 8.488623477923401550e-02
7.163912795666778077e-01 8.205589203494249861e-02
7.305781849947369233e-01 7.915509498462501570e-02
7.445185825146247716e-01 7.619242846232937572e-02
7.581993260785859778e-01 7.317664057558681545e-02
7.716076170829061498e-01 7.011662541470924104e-02
7.847310121457399257e-01 6.702140524011204747e-02
7.975574304194089637e-01 6.390011203363465953e-02
8.100751604223025426e-01 6.076196830958516953e-02
8.222728663689831130e-01 5.761626709417983633e-02
8.341395939722229258e-01 5.447235099786319756e-02
8.456647756876622957e-01 5.133959032332346961e-02
8.568382353706716081e-01 4.822736017243269002e-02
8.676501923158206342e-01 4.514501653742016007e-02
8.780912646521116249e-01 4.210187138486045505e-02
8.881524720716835741e-01 3.910716676505099354e-02
8.978252378759030705e-01 3.617004800360756889e-02
9.071013903304404602e-01 3.329953605612599732e-02
9.159731633298036080e-01 3.050449913012516501e-02
9.244331963816274644e-01 2.779362370073833882e-02
9.324745339314660653e-01 2.517538506737426046e-02
9.400906240595906516e-01 2.265801761745302872e-02
9.472753165920421159e-01 2.024948498000831570e-02
9.540228606785812193e-01 1.795745026614585516e-02
9.603279018999243410e-01 1.578924660483553566e-02
9.661854789754329431e-01 1.375184819108493314e-02
9.715910201499970977e-01 1.185184206906880408e-02
9.765403393449598735e-01 1.009540087517676876e-02
9.810296321623849236e-01 8.488256765154741229e-03
9.850554718346273830e-01 7.035676745566023238e-03
9.886148052119159146e-01 5.742439622736040042e-03
9.917049488794366097e-01 4.612814772290719026e-03
9.943235854922344297e-01 3.650542919479653117e-03
9.964687604111466257e-01 2.858819104895713066e-03
9.981388787160542231e-01 2.240277992176166466e-03
9.993327026641358746e-01 1.796981654058053390e-03
1.000049349650683483e+00 1.530409951048439590e-03
1.000000000000000000e+00 1.441453593265627255e-03
