1.000000000000000000e+00 -8.045740795857529845e-04
9.995054178564181102e-01 -7.527245552691251389e-04
9.987460952379039192e-01 -5.974738053062247575e-04
9.974815806463385170e-01 -3.397140875989117063e-04
9.957134063095770538e-01 1.907153663465105745e-05
9.934437125027467674e-01 4.768152501926259564e-04
9.906752427466638533e-01 1.030872934782262832e-03
9.874113376937520004e-01 1.678035021655476054e-03
9.836559277442397109e-01 2.414539722174082522e-03
9.794135244430101084e-01 3.236088618032654379e-03
9.746892107140200379e-01 4.137864585861541350e-03
9.694886299945545405e-01 5.114552025293289672e-03
9.638179743356515283e-01 6.160359353227949294e-03
9.576839715377712947e-01 7.269043719913111101e-03
9.510938713921638366e-01 8.433937894508471492e-03
9.440554310984338171e-01 9.647979258995142277e-03
9.365768999275875251e-01 1.090374083959513504e-02
9.286670031974503248e-01 1.219346429428731088e-02
9.203349256239268250e-01 1.350909476355515587e-02
9.115902941073118493e-01 1.484231747923138965e-02
9.024431600079473315e-01 1.618459601327610492e-02
8.929039809602091760e-01 1.752721203464433636e-02
8.829836022683461572e-01 1.886130642818775391e-02
8.726932379223636405e-01 2.017792161495425216e-02
8.620444512672023052e-01 2.146804489849787195e-02
8.510491353542105619e-01 2.272265264709744104e-02
8.397194930005829061e-01 2.393275510737311040e-02
8.280680165802697390e-01 2.508944163095731122e-02
8.161074675690820346e-01 2.618392608293193188e-02
8.038508558674331006e-01 2.720759218899709495e-02
7.913114189265039178e-01 2.815203856814469177e-02
7.785026007076244481e-01 2.900912318928156736e-02
7.654380305102708171e-01 2.977100698414249930e-02
7.521315017112178980e-01 3.043019634524546727e-02
7.385969504658375095e-01 3.097958423686668350e-02
7.248484344320543782e-01 3.141248964929616028e-02
7.109001115877524590e-01 3.172269513216265102e-02
6.967662192230130724e-01 3.190448215152663636e-02
6.824610531991160967e-01 3.195266402777793835e-02
6.679989475761625162e-01 3.186261622712237285e-02
6.533942547200809470e-01 3.163030379847796281e-02
6.386613260070939102e-01 3.125230576972500007e-02
6.238144932490157224e-01 3.072583634217393098e-02
6.088680509655683970e-01 3.004876274944908582e-02
5.937553611350808724e-01 2.922763656239665137e-02
5.784465892944457011e-01 2.833309002608728339e-02
5.630696287855867510e-01 2.738285322217428458e-02
5.476392857069234399e-01 2.637839953659624342e-02
5.321703568307536436e-01 2.532153384864756218e-02
5.166776153330022714e-01 2.421438952783715876e-02
5.011757970052481692e-01 2.305942317589051299e-02
4.856795869994337544e-01 2.185940714118785044e-02
4.702036071503261083e-01 2.061741985718648640e-02
4.547624039141454633e-01 1.933683408020725469e-02
4.393704369539075949e-01 1.802130312500602183e-02
4.240420683930616885e-01 1.667474521844874991e-02
4.087915527491148282e-01 1.530132611203059018e-02
3.936330275483089780e-01 1.390544011260654716e-02
3.785805046112762362e-01 1.249168970726148575e-02
3.636478619881915453e-01 1.106486397248485770e-02
3.488488365105161804e-01 9.629915969526559039e-03
3.341970169152512771e-01 8.191939336830704466e-03
3.197058374869629072e-01 6.756144296647358105e-03
3.053885721529630559e-01 5.327833296242201477e-03
2.912583289581769375e-01 3.912376504527775856e-03
2.773280448386401531e-01 2.515187382451808396e-03
2.636104806064439310e-01 1.141698540162494613e-03
2.501182160544729305e-01 -2.026619140606741865e-04
2.368636450865903020e-01 -1.512493338720055647e-03
2.238589707781361016e-01 -2.782444656440535846e-03
2.111162002727699771e-01 -4.007235417450252801e-03
1.986471394248449096e-01 -5.181675679947331248e-03
1.864633871016098399e-01 -6.300684576758874139e-03
1.745763290665456602e-01 -7.359307457696133425e-03
1.629971313739407013e-01 -8.352731518030349911e-03
1.517367332152514126e-01 -9.276299845247581999e-03
1.408058391696948575e-01 -1.012552383836161016e-02
1.302149108246656029e-01 -1.089609397625795895e-02
1.199741577457102693e-01 -1.158388893349356422e-02
1.100935277906656268e-01 -1.218498306338556408e-02
1.005826967778927494e-01 -1.269565228880024932e-02
9.145105753400112336e-02 -1.311237846053226602e-02
8.270770836178546748e-02 -1.343185226129435528e-02
7.436144098395967850e-02 -1.365097474989753618e-02
6.642072803239969236e-02 -1.376685765499268202e-02
5.889371016570903866e-02 -1.377682254059593714e-02
5.178818290973271482e-02 -1.367839897639576939e-02
4.511158332594402548e-02 -1.346932185442516541e-02
3.887097662119142621e-02 -1.314752800000270824e-02
3.307304281895048076e-02 -1.271115222885193727e-02
2.772406361684568235e-02 -1.215852300398219572e-02
2.282990955767131083e-02 -1.148815784526918855e-02
1.839602764140910868e-02 -1.069875864175206040e-02
1.442742950378069627e-02 -9.789207011535497674e-03
1.092868028271327258e-02 -8.758559846946099153e-03
7.903888287808323587e-03 -7.606045173365939306e-03
5.356695579577639213e-03 -6.331058439093218901e-03
3.290269555010676486e-03 -4.933159340831318358e-03
1.707295624121411620e-03 -3.412069275162185784e-03
6.099710487206979996e-04 -1.767669490823949984e-03
0.000000000000000000e+00 0.000000000000000000e+00
-1.165314144522980691e-04 1.866337127454907770e-03
2.659759476070294119e-04 3.806399106116557622e-03
1.147765841909327436e-03 5.819125073699959842e-03
2.528603105944595471e-03 7.902936681584340345e-03
4.407771117054016217e-03 1.005574564122996284e-02
6.784068988598005411e-03 1.227496457731265880e-02
9.655808557471980136e-03 1.455752109415978622e-02
1.302081122995981527e-02 1.689987493563671270e-02
1.687640476538573506e-02 1.929803809345381413e-02
2.121942008800078647e-02 2.174759769518760932e-02
2.604618822682406090e-02 2.424374148138653748e-02
3.135253749055722655e-02 2.678128566116885420e-02
3.713379099007483447e-02 2.935470491793043188e-02
4.338476462424793040e-02 3.195816432133307544e-02
5.009976564592317355e-02 3.458555288879730516e-02
5.727259192373672370e-02 3.723051852940570394e-02
6.489653201209678868e-02 3.988650409552796372e-02
7.296436613619945721e-02 4.254678426268249103e-02
8.146836819143715713e-02 4.520450295618530512e-02
9.040030884715991033e-02 4.785271104401253583e-02
9.975145983364396007e-02 5.048440401899358804e-02
1.095125994785005885e-01 5.309255939989540596e-02
1.196740195448748045e-01 5.567017359006327937e-02
1.302255334088938121e-01 5.821029794392652834e-02
1.411564855982011257e-01 6.070607380569600919e-02
1.524557626973705726e-01 6.315076630079544118e-02
1.641118056098026246e-01 6.553779667875375692e-02
1.761126231497007477e-01 6.786077302620778517e-02
1.884458069221788268e-01 7.011351919005041899e-02
2.010985474347569968e-01 7.229010177332396980e-02
2.140576513697332039e-01 7.438485508989774175e-02
2.273095599344132633e-01 7.639240398796487419e-02
2.408403681951562236e-01 7.830768447661981546e-02
2.546358452918410786e-01 8.012596211390521361e-02
2.686814554218130979e-01 8.184284813841634365e-02
2.829623794767504030e-01 8.345431334949852953e-02
2.974635372122564347e-01 8.495669976296046921e-02
3.121696098283593956e-01 8.634673008975551900e-02
3.270650628394575765e-01 8.762151510398413778e-02
3.421341691145364794e-01 8.877855898359800213e-02
3.573610319725792905e-01 8.981576272212479783e-02
3.727296082238691355e-01 9.073142572240432135e-02
3.882237310551487353e-01 9.152424569359285389e-02
4.038271326651607929e-01 9.219331698045571399e-02
4.195234665667076923e-01 9.273812745917493772e-02
4.352963294817882578e-01 9.315855413654347550e-02
4.511292827673403227e-01 9.345485758953760158e-02
4.670058733203607537e-01 9.362767537993965661e-02
4.829096539224381757e-01 9.367801457405254550e-02
4.988242029947519973e-01 9.360724349077614859e-02
5.147331437451260205e-01 9.341708279261176640e-02
5.306201626985598274e-01 9.310959602376611688e-02
5.464690276115911072e-01 9.268717968771625348e-02
5.622636047787177294e-01 9.215255294366214711e-02
5.779878757457854732e-01 9.150874698755182002e-02
5.936259534506439506e-01 9.075909416913796601e-02
6.092751904309743338e-01 8.988951652398088910e-02
6.248753939158393500e-01 8.882965644930233828e-02
6.403297800321354760e-01 8.757777019903105475e-02
6.556227396548667263e-01 8.614131400229436963e-02
6.707389726691290743e-01 8.452834430150467371e-02
6.856634994855620446e-01 8.274748624433019006e-02
7.003816714117676590e-01 8.080790082689640053e-02
7.148791799773204225e-01 7.871925077415740934e-02
7.291420653074923708e-01 7.649166523358924552e-02
7.431567236358781470e-01 7.413570335004283918e-02
7.569099140391534197e-01 7.166231678306814179e-02
7.703887644687261727e-01 6.908281122350770631e-02
7.835807771445063574e-01 6.640880696381673554e-02
7.964738333659692193e-01 6.365219857644210943e-02
8.090561977855434961e-01 6.082511375668123166e-02
8.213165221796077109e-01 5.793987139063150327e-02
8.332438487433825314e-01 5.500893891496998894e-02
8.448276129281058200e-01 5.204488904315168751e-02
8.560576458323368998e-01 4.906035594189359084e-02
8.669241761542094693e-01 4.606799095223484269e-02
8.774178317080959522e-01 4.308041796067674234e-02
8.875296405074433181e-01 4.011018853758462066e-02
8.972510314154814592e-01 3.716973697182713449e-02
9.065738343670001198e-01 3.427133534219368310e-02
9.154902801672500923e-01 3.142704877717211048e-02
9.239929998780884723e-01 2.864869106487024503e-02
9.320750238064935411e-01 2.594778078397264737e-02
9.397297801162761699e-01 2.333549813441362572e-02
9.469510930899344148e-01 2.082264265271300402e-02
9.537331810738557403e-01 1.841959200150321968e-02
9.600706541462097343e-01 1.613626202557093270e-02
9.659585115526000410e-01 1.398206826763359091e-02
9.713921389596710254e-01 1.196588913604331936e-02
9.763673055811336043e-01 1.009603091362365479e-02
9.808801612339331788e-01 8.380194791924137909e-03
9.849272333843913652e-01 6.825446108360977079e-03
9.885054242449954343e-01 5.438185955061236587e-03
9.916120079820249789e-01 4.224125317845859456e-03
9.942446280923910029e-01 3.188261891772051562e-03
9.964012950049009332e-01 2.334859706141983755e-03
9.980803839567414792e-01 1.667431677015266366e-03
9.992806331903676398e-01 1.188725189194355129e-03
1.000001142509313379e+00 9.007107925484490567e-04
1.000000000000000000e+00 8.045740795857529845e-04
