1.000000000000000000e+00 -1.679883995173452396e-03
9.997329954522817808e-01 -1.723130589286605424e-03
9.989914540505546725e-01 -1.852743198809934455e-03
9.977563681663095263e-01 -2.068341207594482853e-03
9.960289615996671397e-01 -2.369293248443664693e-03
9.938109459166060144e-01 -2.754721641808464787e-03
9.911045186981884969e-01 -3.223508509120123159e-03
9.879123612944110677e-01 -3.774303462065126298e-03
9.842376360862675755e-01 -4.405532743929766078e-03
9.800839832603420732e-01 -5.115409676159986957e-03
9.754555171009617887e-01 -5.901946242906885506e-03
9.703568218056044525e-01 -6.762965628924366701e-03
9.647929468298780398e-01 -7.696115512067986872e-03
9.587694017689757375e-01 -8.698881901069795489e-03
9.522921507830353072e-01 -9.768603302438208860e-03
9.453676065743148449e-01 -1.090248499737557150e-02
9.380026239245274899e-01 -1.209761321059837740e-02
9.302044928010551050e-01 -1.335096895787667333e-02
9.219809310410815861e-01 -1.465944136791199649e-02
9.133400766229705647e-01 -1.601984028671284491e-02
9.042904795344303137e-01 -1.742890798869205227e-02
8.948410932471974055e-01 -1.888332983805079968e-02
8.850012658081006789e-01 -2.037974376628814976e-02
8.747807305564784253e-01 -2.191474845652173140e-02
8.641895964779768846e-01 -2.348491015229411949e-02
8.532383382048032150e-01 -2.508676803721109419e-02
8.419377856725213105e-01 -2.671683816160854222e-02
8.302991134434678511e-01 -2.837161592297510193e-02
8.183338297068620815e-01 -3.004757713750162706e-02
8.060537649656570602e-01 -3.174117777037866600e-02
7.934710604201570261e-01 -3.344885242174992779e-02
7.805981560584228651e-01 -3.516701169304588259e-02
7.674477784634757827e-01 -3.689203858424944249e-02
7.540329283473310440e-01 -3.862028409600372358e-02
7.403668678219332833e-01 -4.034806223093126420e-02
7.264631074171219449e-01 -4.207164460568043468e-02
7.123353928558648906e-01 -4.378725489871614779e-02
6.979976915971090046e-01 -4.549106336843569687e-02
6.834641791567823699e-01 -4.717918168158988235e-02
6.687492252176645557e-01 -4.884765829307437246e-02
6.538673795390995691e-01 -5.049247461483229865e-02
6.388333576777946998e-01 -5.210954220386935370e-02
6.236620265312703415e-01 -5.369470118728147945e-02
6.083683897158758125e-01 -5.524372012587103892e-02
5.929675727916747796e-01 -5.675229749757932513e-02
5.774748083469155580e-01 -5.821606495786991325e-02
5.619054209552465373e-01 -5.963059250669593137e-02
5.462748120192965073e-01 -6.099139566117255107e-02
5.305984445147179374e-01 -6.229394470001341916e-02
5.148918276492787660e-01 -6.353367601067176629e-02
4.991705014520763650e-01 -6.470600553350083772e-02
4.834500213084353404e-01 -6.580634425968510948e-02
4.677459424565263979e-01 -6.683011570179182848e-02
4.520738044621966933e-01 -6.777277521816263417e-02
4.364491156889403478e-01 -6.862983103561835774e-02
4.208873377803299953e-01 -6.939686677970380302e-02
4.054038701725967142e-01 -7.006956528853484911e-02
3.900140346553554460e-01 -7.064373345580973740e-02
3.747330599987349076e-01 -7.111532782123247687e-02
3.595760666653767257e-01 -7.148048060296788297e-02
3.445580516259066362e-01 -7.173552584724356140e-02
3.296938732965536967e-01 -7.187702535521259262e-02
3.149982366175967941e-01 -7.190179403701543737e-02
3.004856782912433966e-01 -7.180692433786942108e-02
2.861705521973984534e-01 -7.158980938114624382e-02
2.720670150055556902e-01 -7.124816447886123116e-02
2.581890120007434564e-01 -7.078004667080710355e-02
2.445502631410776118e-01 -7.018387196964626096e-02
2.311642493640254092e-01 -6.945843001048407350e-02
2.180441991579599725e-01 -6.860289582954486043e-02
2.052030754149964942e-01 -6.761683852725643151e-02
1.926535625804497998e-01 -6.650022660594108459e-02
1.804080541135468230e-01 -6.525342981095549888e-02
1.684786402732639243e-01 -6.387721734601720103e-02
1.568770962423605420e-01 -6.237275237803011074e-02
1.456148706018392802e-01 -6.074158279337143335e-02
1.347030741671960408e-01 -5.898562821567483738e-02
1.241524691969371902e-01 -5.710716334396952198e-02
1.139734589829405620e-01 -5.510879771891327716e-02
1.041760778313325503e-01 -5.299345207309275052e-02
9.476998144166383364e-02 -5.076433146825792830e-02
8.576443769127328753e-02 -4.842489546722096583e-02
7.716831783087793606e-02 -4.597882563032770764e-02
6.899008809658854768e-02 -4.342999066526945229e-02
6.123780174275868238e-02 -4.078240959396327997e-02
5.391909149932525014e-02 -3.804021333075615491e-02
4.795041404305953880e-02 -3.527740111846460608e-02
4.285151538756849787e-02 -3.254707331753776273e-02
3.846896730620504717e-02 -2.987418125222483095e-02
3.457058256497502757e-02 -2.726254226119912902e-02
3.096126960199853048e-02 -2.471459893433095717e-02
2.749255688823033089e-02 -2.223639602020042322e-02
2.406924386226715062e-02 -1.983389440092752851e-02
2.064918637323652495e-02 -1.750513424897469014e-02
1.723588279152162700e-02 -1.523320454751531106e-02
1.386665821747361076e-02 -1.298322627602018810e-02
1.060020596186325714e-02 -1.070394661197186445e-02
7.506292843560496975e-03 -8.332654930598121235e-03
4.658819911041733181e-03 -5.801545993041432904e-03
2.132152814533008756e-03 -3.044008853443789121e-03
0.000000000000000000e+00 0.000000000000000000e+00
-1.638713180264608554e-03 3.336885235321739463e-03
-2.685548339313292582e-03 6.957568699165506652e-03
-3.068257446640493269e-03 1.087637043058330838e-02
-2.714907276341022024e-03 1.508610294194266330e-02
-1.554998812611270084e-03 1.955627671107509208e-02
4.768664797896535884e-04 2.423175690190070009e-02
3.434051688016153195e-03 2.903264912541199741e-02
7.347595009101771588e-03 3.385685495933910688e-02
1.221375743482671500e-02 3.858707482798055116e-02
1.798221410284793834e-02 4.310343518319583594e-02
2.454864848079951756e-02 4.730101623481208772e-02
3.175454680554360559e-02 5.110893369613182108e-02
3.939385892845036208e-02 5.450586672486084500e-02
4.722253349092110641e-02 5.752735944873661050e-02
5.507438431230696207e-02 6.026378744275700389e-02
6.245551821337773368e-02 6.283322751945627505e-02
7.026788489946791949e-02 6.529788895725738285e-02
7.850375666710698863e-02 6.765382136140744851e-02
8.715498803416499296e-02 6.989719608152762664e-02
9.621302418338882612e-02 7.202434444553519610e-02
1.056689097929770366e-01 7.403179439535223505e-02
1.155132982412702958e-01 7.591630513034050565e-02
1.257364611726032033e-01 7.767489939493794904e-02
1.363282984113926288e-01 7.930489308194275944e-02
1.472783482116132581e-01 8.080392186175815172e-02
1.585757978289507319e-01 8.216996459009839882e-02
1.702094944030843604e-01 8.340136329152786354e-02
1.821679561377637646e-01 8.449683956310677369e-02
1.944393837665739366e-01 8.545550729066032913e-02
2.070116722925304797e-01 8.627688161907433317e-02
2.198724229899093330e-01 8.696088416685184008e-02
2.330089556569781561e-01 8.750784452324569807e-02
2.464083211085515146e-01 8.791849811293842021e-02
2.600573138975415532e-01 8.819398055782144696e-02
2.739424852548975609e-01 8.833581870732873376e-02
2.880501562375288871e-01 8.834591854742861183e-02
3.023664310739760941e-01 8.822655023327685697e-02
3.168772106977255087e-01 8.798033052122233855e-02
3.315682064581551569e-01 8.761020290196203097e-02
3.464249539991460236e-01 8.711941575785416003e-02
3.614328272953941101e-01 8.651149888348513839e-02
3.765770528364104641e-01 8.579023871939808754e-02
3.918427239481022673e-01 8.495965265435839742e-02
4.072148152416789069e-01 8.402396275166716666e-02
4.226781971794393855e-01 8.298756924992625739e-02
4.382176507467555049e-01 8.185502417848596057e-02
4.538178822192890927e-01 8.063100541280798783e-02
4.694635380141604641e-01 7.932029147547352277e-02
4.851392196134365897e-01 7.792773736493945058e-02
5.008294985479239125e-01 7.645825166683417606e-02
5.165189314288495259e-01 7.491677517208410186e-02
5.321920750145955337e-01 7.330826119299838073e-02
5.478335012992180397e-01 7.163765773319384633e-02
5.634278126090579430e-01 6.990989163049500521e-02
5.789596566933156163e-01 6.812985475431412863e-02
5.944137417940500434e-01 6.630239230111364956e-02
6.097748516806669183e-01 6.443229319398904864e-02
6.250278606335847309e-01 6.252428255578254546e-02
6.401577483614346864e-01 6.058301619001876109e-02
6.551496148358481042e-01 5.861307697088836283e-02
6.699886950276270348e-01 5.661897301299159690e-02
6.846603735278957714e-01 5.460513746404964397e-02
6.991501990376717268e-01 5.257592973969493766e-02
7.134438987092079909e-01 5.053563799910044257e-02
7.275273923224248040e-01 4.848848264387960877e-02
7.413868062797823733e-01 4.643862061058358359e-02
7.550084874030402737e-01 4.439015021937822714e-02
7.683790165155212071e-01 4.234711633815446685e-02
7.814852217937079404e-01 4.031351562240556574e-02
7.943141918723161110e-01 3.829330159659868893e-02
8.068532886873195364e-01 3.629038935232608426e-02
8.190901600418276640e-01 3.430865965201701506e-02
8.310127518801844193e-01 3.235196224413108834e-02
8.426093202561674156e-01 3.042411821620691695e-02
8.538684429817442467e-01 2.852892123549104555e-02
8.647790309434348899e-01 2.667013755269286024e-02
8.753303390739811674e-01 2.485150467221996715e-02
8.855119769676887964e-01 2.307672862152758408e-02
8.953139191284932297e-01 2.134947978245797101e-02
9.047265148405171376e-01 1.967338727808145421e-02
9.137404976515913768e-01 1.805203193907284689e-02
9.223469944609337112e-01 1.648893790349891669e-02
9.305375342028887609e-01 1.498756293255541251e-02
9.383040561193362050e-01 1.355128755177204165e-02
9.456389176140533870e-01 1.218340315204138186e-02
9.525349016829842697e-01 1.088709920709236660e-02
9.589852239150052915e-01 9.665449783359781125e-03
9.649835390583735295e-01 8.521399534256861655e-03
9.705239471486211134e-01 7.457749383387708361e-03
9.756009991941918535e-01 6.477142110029029259e-03
9.802097024166012140e-01 5.582048055132047409e-03
9.843455250423635006e-01 4.774751167077367388e-03
9.880044006443363669e-01 4.057335603448627460e-03
9.911827320305003353e-01 3.431673098254592932e-03
9.938773946785317559e-01 2.899411293444173650e-03
9.960857397148108472e-01 2.461963219430768866e-03
9.978055964367704700e-01 2.120498091927532601e-03
9.990352743777168865e-01 1.875933572008796650e-03
9.997735649134498193e-01 1.728929613320469641e-03
1.000000000000000000e+00 1.679883995173452396e-03
