1.000000000000000000e+00 -1.242856344028479181e-03
9.995405324390369550e-01 -1.235900054478131487e-03
9.987838446661875258e-01 -1.215081443351863702e-03
9.975236535738934984e-01 -1.180551343866810630e-03
9.957613898692772025e-01 -1.132561339265412666e-03
9.934990523875886215e-01 -1.071464028214862791e-03
9.907392039800304584e-01 -9.977133440870575732e-04
9.874849662864607636e-01 -9.118648771485565567e-04
9.837400134361019566e-01 -8.145761359742063022e-04
9.795085647271182250e-01 -7.066066730257902946e-04
9.747953763426185914e-01 -5.888179895662962529e-04
9.696057321661808448e-01 -4.621731271410951455e-04
9.639454337642534565e-01 -3.277358469460922574e-04
9.578207896057479021e-01 -1.866692946923603422e-04
9.512386035907137716e-01 -4.023404719755326042e-05
9.442061629602135353e-01 1.102145620249690705e-04
9.367312256584238161e-01 2.632299373877440563e-04
9.288220072156339047e-01 4.172786292676467640e-04
9.204871672173001729e-01 5.707457402124409274e-04
9.117357954197916614e-01 7.219414032374020518e-04
9.025773975680448924e-01 8.691083930577395145e-04
8.930218809642509470e-01 1.010430915933746912e-03
8.830795398300934629e-01 1.144044606762286559e-03
8.727610404981643866e-01 1.268047743366102625e-03
8.620774064612021226e-01 1.380513667898264352e-03
8.510400033009632992e-01 1.479504384201576345e-03
8.396605235120452315e-01 1.563085278191465172e-03
8.279509712300200386e-01 1.629340886216450873e-03
8.159236468680389764e-01 1.676391614292765259e-03
8.035911316617313505e-01 1.702411289482796269e-03
7.909662721189331114e-01 1.705645403906788649e-03
7.780621643686320699e-01 1.684429892325228773e-03
7.648921384025632042e-01 1.637210266303194828e-03
7.514697422031987317e-01 1.562560912035444727e-03
7.378087257534203802e-01 1.459204345316392204e-03
7.239230249259082095e-01 1.326030206210151996e-03
7.098267452541704436e-01 1.162113767983884161e-03
6.955341455920001081e-01 9.667337300595241212e-04
6.810596216739132069e-01 7.393890633002747625e-04
6.664176895955168378e-01 4.798146780184350813e-04
6.516229692396638962e-01 1.879956907497176699e-04
6.366901676813684352e-01 -1.358199248946492799e-04
6.216340626115892665e-01 -4.911105051545947009e-04
6.064694858268601108e-01 -8.770718663926035941e-04
5.912113068381179559e-01 -1.292610644692979149e-03
5.758744166576932333e-01 -1.736339948128287625e-03
5.604737118280658237e-01 -2.206577439615678426e-03
5.450240787594259340e-01 -2.701345940435639914e-03
5.295403784451394591e-01 -3.218376614598318641e-03
5.140374316247431352e-01 -3.755114762745967449e-03
4.985300044629790150e-01 -4.308728221649134327e-03
4.830327948105407887e-01 -4.876118332081964823e-03
4.675604191076335181e-01 -5.453933404467606327e-03
4.521273999851487813e-01 -6.038584578691268134e-03
4.367481546103195167e-01 -6.626263942412564945e-03
4.214369838142404401e-01 -7.212964741589562856e-03
4.062080620278011311e-01 -7.794503488245473066e-03
3.912592346967486145e-01 -8.380078294549668516e-03
3.765502936403379852e-01 -9.022051585649455696e-03
3.619665980247158688e-01 -9.720508323456153454e-03
3.475199062311946085e-01 -1.046866773601543010e-02
3.332217843412461078e-01 -1.125947180652549923e-02
3.190836152815911819e-01 -1.208562376461588123e-02
3.051166089589460451e-01 -1.293962675670737306e-02
2.913318131195455907e-01 -1.381382235852461615e-02
2.777401246516414401e-01 -1.470042861015367908e-02
2.643523010376119808e-01 -1.559157727518088732e-02
2.511789716564315489e-01 -1.647935004985971730e-02
2.382306486371860710e-01 -1.735581347533952240e-02
2.255177369701213963e-01 -1.821305233515069233e-02
2.130505435932519009e-01 -1.904320135077432197e-02
2.008392851895955122e-01 -1.983847501964706300e-02
1.888940944522739807e-01 -2.059119547180649629e-02
1.772250246015439346e-01 -2.129381825305811521e-02
1.658420519687587857e-01 -2.193895597356915195e-02
1.547550764966471870e-01 -2.251939979075531437e-02
1.439739200424507704e-01 -2.302813872386301128e-02
1.335083224096494936e-01 -2.345837682446025307e-02
1.233679350744576880e-01 -2.380354825188460768e-02
1.135623126142341066e-01 -2.405733032536636756e-02
1.041009018856655782e-01 -2.421365464490315977e-02
9.499302904029671701e-02 -2.426671639091183830e-02
8.624788450301995590e-02 -2.421098192816773659e-02
7.787450607482208909e-02 -2.404119485253959632e-02
6.988176035382882845e-02 -2.375238062954954099e-02
6.227832269794936898e-02 -2.333984998186771839e-02
5.507265597772513510e-02 -2.279920118854769640e-02
4.827298838895167227e-02 -2.212632146219530027e-02
4.188729061093646178e-02 -2.131738757142764840e-02
3.592325260765207029e-02 -2.036886587502024018e-02
3.038826037539318903e-02 -1.927751193116218273e-02
2.528937294176061834e-02 -1.804036984035591040e-02
2.063329991690302304e-02 -1.665477147382306289e-02
1.642637988902326263e-02 -1.511833573093169722e-02
1.267455994237016645e-02 -1.342896795925974107e-02
9.383376557533653489e-03 -1.158485965958139588e-02
6.557938131135322354e-03 -9.584488585423293558e-03
4.202909325350109165e-03 -7.426619333016835217e-03
2.322497427517440042e-03 -5.110304502587833739e-03
9.204408669056690119e-04 -2.634886496107142258e-03
0.000000000000000000e+00 0.000000000000000000e+00
-4.270012326372690271e-04 2.758208360506637837e-03
-3.492258557889990102e-04 5.603013989161227323e-03
2.351260715698949740e-04 8.533050657530537320e-03
1.327360554386912330e-03 1.154609795440386839e-02
2.928282847328686749e-03 1.463909061121864905e-02
5.038189328941113272e-03 1.780813316978313229e-02
7.656858172229413784e-03 2.104851987819565326e-02
1.078353895446590091e-02 2.435475966593567132e-02
1.441694138129642928e-02 2.772060601531994850e-02
1.855522332945327979e-02 3.113909151406652268e-02
2.319597843812247137e-02 3.460256684280080264e-02
2.833622350081218752e-02 3.810274392214559741e-02
3.397238592706718768e-02 4.163074291676531480e-02
4.010029155625551012e-02 4.517714276855756828e-02
4.671515311368284323e-02 4.873203490829125517e-02
5.381155960230758761e-02 5.228507977455690292e-02
6.138346692123438503e-02 5.582556575108958696e-02
6.942418999496496879e-02 5.934247011852237380e-02
7.792639668514156348e-02 6.282452160458150414e-02
8.688210373938708153e-02 6.626026410779461973e-02
9.628267501007548024e-02 6.963812116409270891e-02
1.061188221497531697e-01 7.294646072336170850e-02
1.163806079598909277e-01 7.617365980415269355e-02
1.270574525361378992e-01 7.930816859947364961e-02
1.381381423168053513e-01 8.233857361491453419e-02
1.496108421025524882e-01 8.525365943233979837e-02
1.614631100748043502e-01 8.804246870799764535e-02
1.736819157990366069e-01 9.069436003310935024e-02
1.862536611574282241e-01 9.319906330771240976e-02
1.991642041142750730e-01 9.554673230459666267e-02
2.123988851777479092e-01 9.772799412939929542e-02
2.259425563838174944e-01 9.973399531504811844e-02
2.397796125931975775e-01 1.015564443234544673e-01
2.538940248606730288e-01 1.031876502642722210e-01
2.682693756088118109e-01 1.046205576792248182e-01
2.828888953153817498e-01 1.058487772804580368e-01
2.977355004062734456e-01 1.068666125720599408e-01
3.127918320337311209e-01 1.076690823247060391e-01
3.280402954134627458e-01 1.082519389137147348e-01
3.434630993938580512e-01 1.086116825699923877e-01
3.590422959360549671e-01 1.087455716307528936e-01
3.747598191948073865e-01 1.086516289118797107e-01
3.905975239067090987e-01 1.083286443557413548e-01
4.064106233864744899e-01 1.077834457645243660e-01
4.221285511455289408e-01 1.070811622529554419e-01
4.379186118253763360e-01 1.062391024139429374e-01
4.537642866963370047e-01 1.052599005989516834e-01
4.696490613630533439e-01 1.041465416314790310e-01
4.855564461113311414e-01 1.029023452657894244e-01
5.014699955370212070e-01 1.015309504438713650e-01
5.173733274533851567e-01 1.000362995254463067e-01
5.332501410841740119e-01 9.842262264553677809e-02
5.490842345590886131e-01 9.669442233188971225e-02
5.648595217362386567e-01 9.485645849090691695e-02
5.805600483825379410e-01 9.291373384614803888e-02
5.961700077476068671e-01 9.087147988843156943e-02
6.116737555696826201e-01 8.873514337155874454e-02
6.270558245532658059e-01 8.651037336320940851e-02
6.423009383578609510e-01 8.420300883706935413e-02
6.573940251352837771e-01 8.181906677018739582e-02
6.723202306497747527e-01 7.936473068932725639e-02
6.870649310107649343e-01 7.684633959203546194e-02
7.016137450427806233e-01 7.427037715260936812e-02
7.159525463109024379e-01 7.164346111037137033e-02
7.300674748136385395e-01 6.897233272784664138e-02
7.439449483482952763e-01 6.626384619973996193e-02
7.575716735471725860e-01 6.352495789009712790e-02
7.709346565764337855e-01 6.076271527473412620e-02
7.840212134834987356e-01 5.798424546888910486e-02
7.968189801735400257e-01 5.519674322598796395e-02
8.093159219912452462e-01 5.240745830226972712e-02
8.215003428806507690e-01 4.962368209358128390e-02
8.333608940936322318e-01 4.685273346466486966e-02
8.448865824166434946e-01 4.410194370744610626e-02
8.560667778855841625e-01 4.137864058283877156e-02
8.668912209602096519e-01 3.869013142007244471e-02
8.773500291322952060e-01 3.604368526813835072e-02
8.874337029456960124e-01 3.344651411523920370e-02
8.971331314114396882e-01 3.090575321373956880e-02
9.064395968069025589e-01 2.842844056961916360e-02
9.153447788547702801e-01 2.602149567647344883e-02
9.238407582847151245e-01 2.369169759427762478e-02
9.319200197883099612e-01 2.144566249209099718e-02
9.395754543854398788e-01 1.928982079128974472e-02
9.468003612281546966e-01 1.723039406147611544e-02
9.535884488753058053e-01 1.527337183464526175e-02
9.599338360782331270e-01 1.342448851428009945e-02
9.658310521239981128e-01 1.168920056458451658e-02
9.712750367880447211e-01 1.007266417091990177e-02
9.762611399525350508e-01 8.579713565570797756e-03
9.807851209498250622e-01 7.214840213179588707e-03
9.848431476925291195e-01 5.982173047544744535e-03
9.884317956522866711e-01 4.885459946002087411e-03
9.915480467486583738e-01 3.928050619392520551e-03
9.941892882075491489e-01 3.112881084768200773e-03
9.963533114452007844e-01 2.442459874674624519e-03
9.980383110291864979e-01 1.918856121257331033e-03
9.992428837620840332e-01 1.543689635813837776e-03
9.999660279266946450e-01 1.318123085003921908e-03
1.000000000000000000e+00 1.242856344028479181e-03
