1.000000000000000000e+00 -1.679590484237094986e-03
9.997151694275867584e-01 -1.720280000620047012e-03
9.989721996110908497e-01 -1.842223915242582281e-03
9.977347375027596499e-01 -2.045049224184470639e-03
9.960040135709394837e-01 -2.328137238499645035e-03
9.937817486525326593e-01 -2.690628009732831324e-03
9.910701521388819435e-01 -3.131426424836999435e-03
9.878719196499464728e-01 -3.649209871830799874e-03
9.841902302016363180e-01 -4.242437352366908165e-03
9.800287428721392580e-01 -4.909359894409440900e-03
9.753915929739972457e-01 -5.648032097851682365e-03
9.702833877395361517e-01 -6.456324628509313435e-03
9.647092015280177568e-01 -7.331937461814043780e-03
9.586745705635794090e-01 -8.272413666964906209e-03
9.521854872136256143e-01 -9.275153515474594823e-03
9.452483938178435352e-01 -1.033742869509683346e-02
9.378701760784428076e-01 -1.145639641111766485e-02
9.300581560225373856e-01 -1.262911316192856861e-02
9.218200845478246030e-01 -1.385254798460509168e-02
9.131641335628688516e-01 -1.512359497875658508e-02
9.040988877333466789e-01 -1.643908493297931150e-02
8.946333358456021179e-01 -1.779579589758662969e-02
8.847768617987622486e-01 -1.919046256956414426e-02
8.745392352365138899e-01 -2.061978438054424059e-02
8.639306018294209411e-01 -2.208043220558275274e-02
8.529614732184125359e-01 -2.356905363919063745e-02
8.416427166297747453e-01 -2.508227681492310526e-02
8.299855441716579296e-01 -2.661671277535699459e-02
8.180015018217862144e-01 -2.816895642992955917e-02
8.057024581157206100e-01 -2.973558616836013274e-02
7.931005925447017768e-01 -3.131316222666091081e-02
7.802083836718055609e-01 -3.289822393055811395e-02
7.670385969748705346e-01 -3.448728596697073212e-02
7.536042724244328417e-01 -3.607683385755117156e-02
7.399187118047347855e-01 -3.766331882875113835e-02
7.259954657857524696e-01 -3.924315229002159344e-02
7.118483207541586033e-01 -4.081270014525784084e-02
6.974912854111481320e-01 -4.236827717216497258e-02
6.829385771451825793e-01 -4.390614170961983087e-02
6.682046081878860733e-01 -4.542249089419237579e-02
6.533039715616084653e-01 -4.691345668366819072e-02
6.382514268275287783e-01 -4.837510289767719962e-02
6.230618856436151987e-01 -4.980342349343668679e-02
6.077503971422736351e-01 -5.119434227829684075e-02
5.923321331381222743e-01 -5.254371424043405986e-02
5.768223731769840379e-01 -5.384732865494970544e-02
5.612364894379202607e-01 -5.510091409513616367e-02
5.455899315009044015e-01 -5.630014544816737410e-02
5.298982109935529428e-01 -5.744065300141418945e-02
5.141768861311807326e-01 -5.851803363047482220e-02
4.984415461653163293e-01 -5.952786408339067609e-02
4.827077957566855426e-01 -6.046571631796249929e-02
4.669912392895426145e-01 -6.132717481118602626e-02
4.513074651450663111e-01 -6.210785572220393208e-02
4.356720299523578199e-01 -6.280342775343018824e-02
4.201004428363350196e-01 -6.340963451926272254e-02
4.046081496825225110e-01 -6.392231819864167830e-02
3.892105174393664102e-01 -6.433744421721432349e-02
3.739228184792434684e-01 -6.465112667755829046e-02
3.587602150397850576e-01 -6.485965423229002325e-02
3.437377437674757341e-01 -6.495951607538280603e-02
3.288703003857156304e-01 -6.494742771201948706e-02
3.141726245096412296e-01 -6.482035615713002685e-02
2.996592846299807045e-01 -6.457554420765340697e-02
2.853446632880699552e-01 -6.421053343369385880e-02
2.712429424638732045e-01 -6.372318553920232331e-02
2.573680891984410080e-01 -6.311170175361904833e-02
2.437338414716926083e-01 -6.237463993199011958e-02
2.303536943557416283e-01 -6.151092906227292184e-02
2.172408864631903691e-01 -6.051988090463837622e-02
2.044083867089125095e-01 -5.940119851825416408e-02
1.918688814028324807e-01 -5.815498146591623063e-02
1.796347616901039224e-01 -5.678172752553160146e-02
1.677181113538938340e-01 -5.528233077934023576e-02
1.561306949947200151e-01 -5.365807599632803349e-02
1.466578403302587486e-01 -5.239595467039165344e-02
1.364639796984661868e-01 -5.085169586230051109e-02
1.266898122720356568e-01 -4.928909250527127583e-02
1.173201587594684681e-01 -4.771387517507169607e-02
1.083399842376896460e-01 -4.612909974313043893e-02
9.973481066451436727e-02 -4.453550759703911455e-02
9.149112978566477372e-02 -4.293183602037874136e-02
8.359679797206343022e-02 -4.131507576275169485e-02
7.604139382626075305e-02 -3.968067740353084516e-02
6.881652085525523377e-02 -3.802271257025797990e-02
6.191604089811727357e-02 -3.633399983381715992e-02
5.533622884334123138e-02 -3.460620767931331387e-02
4.907584481614322980e-02 -3.282994804264399713e-02
4.313612573629797831e-02 -3.099487344380046083e-02
3.752070327249080323e-02 -2.908978890897887665e-02
3.223545923362656357e-02 -2.710278700820103331e-02
2.728833203915531289e-02 -2.502141089920310521e-02
2.268908902304745193e-02 -2.283284673084686259e-02
1.844907906838066936e-02 -2.052414352607129233e-02
1.458097869723359516e-02 -1.808245602812989447e-02
1.109854257841487446e-02 -1.549530411458026682e-02
8.016366795466772777e-03 -1.275084129554952643e-02
5.349670432998022800e-03 -9.838124449797551810e-03
3.114098320092877591e-03 -6.747377179847537619e-03
1.325545273153922897e-03 -3.470239816835098655e-03
0.000000000000000000e+00 0.000000000000000000e+00
-8.321056388855229118e-04 3.620583990349736381e-03
-1.140826748364436559e-03 7.346251358876174260e-03
-9.116350360780190940e-04 1.117624737020743615e-02
-1.310681099445367911e-04 1.510662091840053213e-02
1.213116826447466212e-03 1.913019397430054322e-02
3.131770574077683694e-03 2.323658853117048853e-02
5.634158992872007922e-03 2.741231407239903828e-02
8.727749848321472020e-03 3.164091865841002493e-02
1.241798228390173300e-02 3.590320659580688301e-02
1.670802447121990872e-02 4.017752514115855572e-02
2.159852777328374190e-02 4.444012164276935767e-02
2.708738837545067099e-02 4.866557080879577168e-02
3.316952949987563015e-02 5.282726934896989079e-02
3.983671869063941384e-02 5.689799210987679656e-02
4.707743491351493864e-02 6.085050017516743792e-02
5.487679910088118229e-02 6.465818752919233470e-02
6.321657916979571412e-02 6.829574919462740035e-02
7.207527652592149447e-02 7.173985072344658820e-02
8.142829593977350677e-02 7.496977700385662469e-02
9.124819496053829249e-02 7.796803789822395747e-02
1.015050033866199408e-01 8.072090941887320736e-02
1.121665984647423897e-01 8.321889191509426742e-02
1.231991180975047645e-01 8.545707078301556514e-02
1.345673928801224828e-01 8.743537002981838224e-02
1.462353784831937897e-01 8.915869404105583595e-02
1.593221990765912588e-01 9.085938633021641009e-02
1.709700233224544508e-01 9.197051720390699014e-02
1.829412485612066652e-01 9.294237733841567706e-02
1.952240649441912557e-01 9.377420257970202344e-02
2.078063609986144644e-01 9.446563317028462692e-02
2.206757356846789364e-01 9.501671883951399999e-02
2.338195106652619371e-01 9.542792017402723648e-02
2.472247427779365181e-01 9.570010635346536121e-02
2.608782366998440017e-01 9.583454938111110599e-02
2.747665577965800465e-01 9.583291498100167394e-02
2.888760451468573853e-01 9.569725037171762649e-02
3.031928247352387862e-01 9.542996916194274037e-02
3.177028228056810732e-01 9.503383364357645413e-02
3.323917793689932232e-01 9.451193478428278338e-02
3.472452618575769256e-01 9.386767024257039460e-02
3.622486789209857783e-01 9.310472074458421565e-02
3.773872943559019033e-01 9.222702517260120136e-02
3.926462411640913031e-01 9.123875472069145620e-02
4.080105357317531101e-01 9.014428647314227938e-02
4.234650921234343612e-01 8.894817675613798935e-02
4.389947364833380328e-01 8.765513460301944948e-02
4.545842215364194749e-01 8.626999565845112905e-02
4.702182411811442475e-01 8.479769682732615776e-02
4.858814451651863875e-01 8.324325195061764437e-02
5.015584538346838928e-01 8.161172876307817847e-02
5.172338729469475593e-01 7.990822735719467496e-02
5.328923085357605283e-01 7.813786034464906272e-02
5.485183818176101456e-01 7.630573487129517496e-02
5.640967441263842197e-01 7.441693660492189333e-02
5.796120918632471364e-01 7.247651577744942952e-02
5.950491814476025487e-01 7.048947532530845661e-02
6.103928442542690957e-01 6.846076113419469200e-02
6.256280015212398737e-01 6.639525435776877371e-02
6.407396792117006079e-01 6.429776574475801199e-02
6.557130228133392080e-01 6.217303187585559304e-02
6.705333120574055172e-01 6.002571318130408423e-02
6.851859755394955620e-01 5.786039358254840836e-02
6.996566052236325994e-01 5.568158157725064394e-02
7.139309708109142782e-01 5.349371256660906404e-02
7.279950339537942794e-01 5.130115220759723371e-02
7.418349622969808710e-01 4.910820056063407157e-02
7.554371433259384760e-01 4.691909679545092082e-02
7.687881980041264551e-01 4.473802421459140144e-02
7.818749941803252446e-01 4.256911535505749494e-02
7.946846597477713603e-01 4.041645693400545275e-02
8.072045955372559867e-01 3.828409441394933083e-02
8.194224879269035311e-01 3.617603597642048141e-02
8.313263211519943408e-01 3.409625571016523110e-02
8.429043892989139808e-01 3.204869584040973690e-02
8.541453079681349259e-01 3.003726784906502606e-02
8.650380255919908334e-01 2.806585236155826127e-02
8.755718343939457027e-01 2.613829770377702408e-02
8.857363809770272267e-01 2.425841706188390512e-02
8.955216765300885173e-01 2.242998420799257805e-02
9.049181066416007724e-01 2.065672778532296611e-02
9.139164407116930899e-01 1.894232417696643453e-02
9.225078409541906943e-01 1.729038901222481814e-02
9.306838709814064803e-01 1.570446739314104723e-02
9.384365039654208873e-01 1.418802295081026885e-02
9.457581303705246967e-01 1.274442586588970389e-02
9.526415652523939626e-01 1.137694000998201727e-02
9.590800551204016200e-01 1.008870938389011540e-02
9.650672843602338125e-01 8.882744044790022095e-03
9.705973812146894142e-01 7.761905726891376450e-03
9.756649233211563965e-01 6.728893368941999895e-03
9.802649428048040292e-01 5.786228766848963700e-03
9.843929309269947581e-01 4.936242570665765050e-03
9.880448422888009619e-01 4.181060842224201303e-03
9.912170985898068887e-01 3.522592382849868732e-03
9.939065919426051110e-01 2.962517030012211047e-03
9.961106877435385032e-01 2.502275107629631321e-03
9.978272271003203464e-01 2.143058197333715109e-03
9.990545288171807092e-01 1.885801377608907568e-03
9.997913909381448416e-01 1.731177054730824666e-03
1.000000000000000000e+00 1.679590484237094986e-03
