1.000000000000000000e+00 -1.457105014003447262e-03
9.995537433096725044e-01 -1.464252961144771499e-03
9.987980995410145058e-01 -1.485700992102850131e-03
9.975396403334549911e-01 -1.521461975678900730e-03
9.957797842645702557e-01 -1.571558350414188794e-03
9.935205132953788265e-01 -1.636023575168701850e-03
9.907643687640766972e-01 -1.714904090176759890e-03
9.875144462931831901e-01 -1.808261720464197876e-03
9.837743896519790532e-01 -1.916176436361847167e-03
9.795483836236102970e-01 -2.038749370381223378e-03
9.748411459327290807e-01 -2.176105976250277026e-03
9.696579182948972253e-01 -2.328399204724755471e-03
9.640044566531054127e-01 -2.495812562138518056e-03
9.578870206696070699e-01 -2.678562911743159053e-03
9.513123625427780672e-01 -2.876902874875078391e-03
9.442877152189175227e-01 -3.091122688980809871e-03
9.368207800678201025e-01 -3.321551382599593344e-03
9.289197140886552573e-01 -3.568557133544227739e-03
9.205931167092621381e-01 -3.832546685695832622e-03
9.118500162375742235e-01 -4.113963711935116757e-03
9.026998560186260123e-01 -4.413286025612585609e-03
8.931524803446823091e-01 -4.731021560419245917e-03
8.832181201596267517e-01 -5.067703058290004559e-03
8.729073785920672401e-01 -5.423881426765021080e-03
8.622312163448551114e-01 -5.800117750701945518e-03
8.512009369620869847e-01 -6.196973968000139832e-03
8.398281719883695651e-01 -6.615002244648140323e-03
8.281248660293428765e-01 -7.054733110519385841e-03
8.161032617173979986e-01 -7.516662443442689162e-03
8.037758845822957632e-01 -8.001237414724238911e-03
7.911555278231562349e-01 -8.508841534007410834e-03
7.782552369761415179e-01 -9.039778954681294137e-03
7.650882944711430156e-01 -9.594258222527764918e-03
7.516682040709737889e-01 -1.017237566950399824e-02
7.380086751879305629e-01 -1.077409867110110803e-02
7.241236070750952658e-01 -1.139924899922233753e-02
7.100270728933374409e-01 -1.204748651268109164e-02
6.957333036595043652e-01 -1.271829343395023543e-02
6.812566720866635173e-01 -1.341095946349218221e-02
6.666116763332587958e-01 -1.412456798170906580e-02
6.518129236845249252e-01 -1.485798358318752427e-02
6.368751141962119000e-01 -1.560984117845335556e-02
6.218130243374112576e-01 -1.637853688494756571e-02
6.066414906757925385e-01 -1.716222091150889500e-02
5.913753936546395362e-01 -1.795879261948556127e-02
5.760296415164638528e-01 -1.876589791896127873e-02
5.606191544324835574e-01 -1.958092913078724601e-02
5.451588489006684579e-01 -2.040102741454177804e-02
5.296636224771997803e-01 -2.122308782963256563e-02
5.141483389069411158e-01 -2.204376706198844793e-02
4.986278137177428960e-01 -2.285949381268505276e-02
4.831168003410503120e-01 -2.366648180795893897e-02
4.676299768173149407e-01 -2.446074535296639124e-02
4.521819331391430663e-01 -2.523811731491587551e-02
4.367871592780113721e-01 -2.599426938543781401e-02
4.214600339318333444e-01 -2.672473443783150021e-02
4.062148140208268199e-01 -2.742493076270067359e-02
3.912371794571776196e-01 -2.810105571199675301e-02
3.764906459726339860e-01 -2.879400940445478452e-02
3.618692708998720864e-01 -2.950276409966935687e-02
3.473850745068944312e-01 -3.022083114585483871e-02
3.330498850562478852e-01 -3.094155831094839298e-02
3.188753451055228449e-01 -3.165816783252100447e-02
3.048729188475973184e-01 -3.236379445163980323e-02
2.910539002746932447e-01 -3.305152305417969477e-02
2.774294219309724197e-01 -3.371442555609360098e-02
2.640104640032496230e-01 -3.434559668709660785e-02
2.508078634888745162e-01 -3.493818834969898007e-02
2.378323231742454358e-01 -3.548544225707019051e-02
2.250944201569815561e-01 -3.598072058330496759e-02
2.126046136495715055e-01 -3.641753439273060639e-02
2.003732518123108874e-01 -3.678956965034882454e-02
1.884105773783799342e-01 -3.709071065273369938e-02
1.767267318537261156e-01 -3.731506075710634002e-02
1.653317580986470303e-01 -3.745696032526605462e-02
1.542356011261350746e-01 -3.751100183800226695e-02
1.434481069836102407e-01 -3.747204217398199255e-02
1.329790196190090978e-01 -3.733521208438889821e-02
1.228379756686422269e-01 -3.709592293030234550e-02
1.130344971420703948e-01 -3.674987078352039138e-02
1.035779820177566563e-01 -3.629303802286736047e-02
9.447769280165910222e-02 -3.572169258665346819e-02
8.574274313853941232e-02 -3.503238506759605297e-02
7.738208260182648235e-02 -3.422194385894088142e-02
6.940447982174076380e-02 -3.328746857956509098e-02
6.181850414241261971e-02 -3.222632202137240554e-02
5.463250602634028147e-02 -3.103612087422881471e-02
4.785459644824284486e-02 -2.971472549199713833e-02
4.149262553972605377e-02 -2.826022896791629754e-02
3.555416076085829435e-02 -2.667094578868119820e-02
3.004646488449887534e-02 -2.494540033419044220e-02
2.497647408384752812e-02 -2.308231548414865775e-02
2.035077641313913499e-02 -2.108060158368244008e-02
1.617559096569478466e-02 -1.893934600801375212e-02
1.245674798277419081e-02 -1.665780355122114739e-02
9.199670171058741894e-03 -1.423538784641967606e-02
6.409355466397977791e-03 -1.167166400452233910e-02
4.090361457055558154e-03 -8.966342636364905624e-03
2.246791651506626578e-03 -6.119275398623765481e-03
8.822837443850450141e-04 -3.130452177914466727e-03
0.000000000000000000e+00 0.000000000000000000e+00
-3.888441101166450293e-04 3.229109669434063710e-03
-2.735200797781855465e-04 6.513442987882479308e-03
3.476739398644453343e-04 9.851487695975868000e-03
1.475943219124256894e-03 1.324095149970679758e-02
3.111989233803599212e-03 1.667877260772947581e-02
5.256001288537088048e-03 2.016113571963986176e-02
7.907647095557891748e-03 2.368349332582491557e-02
1.106606245822978896e-02 2.724059213737253099e-02
1.472984023920951777e-02 3.082650442411988961e-02
1.889701882034759348e-02 3.443466400051391207e-02
2.356507028491625078e-02 3.805790656290564816e-02
2.873088857202259899e-02 4.168851404849065190e-02
3.439077786777601509e-02 4.531826265565315481e-02
4.054044150764036375e-02 4.893847413823670944e-02
4.717497166921959251e-02 5.254006996251123218e-02
5.428884013439565226e-02 5.611362789557097774e-02
6.187589039422999176e-02 5.964944057778086284e-02
6.992933135944551237e-02 6.313757561987975997e-02
7.844173292377917828e-02 6.656793675758920781e-02
8.740502360729600351e-02 6.993032559318052011e-02
9.681049048223919207e-02 7.321450345450146446e-02
1.066487815555686308e-01 7.641025290748401644e-02
1.169099107505312957e-01 7.950743846814284366e-02
1.275832655949784289e-01 8.249606607447050599e-02
1.386576176873174637e-01 8.536634089732964004e-02
1.501211359726642436e-01 8.810872309228257038e-02
1.619614028226221691e-01 9.071398112105796829e-02
1.741654328729306533e-01 9.317324230177598254e-02
1.867196945347128489e-01 9.547804028080109084e-02
1.996101340579554684e-01 9.762035915578848311e-02
2.128222019908877494e-01 9.959267401870385006e-02
2.263408818467581296e-01 1.013879877288370729e-01
2.401507207607545824e-01 1.029998637685747842e-01
2.542358618950353866e-01 1.044224550783696692e-01
2.685800783294808314e-01 1.056505288113505081e-01
2.831668081602340958e-01 1.066794869917264410e-01
2.979791905176221722e-01 1.075053831039218533e-01
3.130001022097994579e-01 1.081249346805931155e-01
3.282121946984609684e-01 1.085355319966997967e-01
3.435979311181582285e-01 1.087352430130364145e-01
3.591396230608987494e-01 1.087228147455067545e-01
3.748194668625113857e-01 1.084976712654389941e-01
3.906195791462800937e-01 1.080599085609501020e-01
4.064038713934488012e-01 1.074160845837237865e-01
4.221055010279360364e-01 1.066192924469242242e-01
4.378796071576844806e-01 1.056845401626621272e-01
4.537097535423427197e-01 1.046151701311242022e-01
4.695795036533719213e-01 1.034148319345755407e-01
4.854724405808216181e-01 1.020874633549249122e-01
5.013721862822573261e-01 1.006372715904628318e-01
5.172624201711871761e-01 9.906871487214871652e-02
5.331268970521136907e-01 9.738648465438332069e-02
5.489494644178460891e-01 9.559548852770503868e-02
5.647140791318209230e-01 9.370083397182024654e-02
5.804048235237673214e-01 9.170781303737707280e-02
5.960059209310852868e-01 8.962188801447643072e-02
6.115017507207501923e-01 8.744867811564180360e-02
6.268768628274438148e-01 8.519394717139142092e-02
6.421159918430174862e-01 8.286359230819312360e-02
6.572040706904227481e-01 8.046363355193722477e-02
6.721262439120327947e-01 7.800020427558562730e-02
6.868678805980146240e-01 7.547954238776077851e-02
7.014145869752763662e-01 7.290798214008534228e-02
7.157522186717354407e-01 7.029194641536529176e-02
7.298668926644514832e-01 6.763793934646777917e-02
7.437449989137850936e-01 6.495253910714618439e-02
7.573732116793975289e-01 6.224239071121006467e-02
7.707385005078539741e-01 5.951419865535761966e-02
7.838281408759892877e-01 5.677471924365276590e-02
7.966297244693169022e-01 5.403075243792321292e-02
8.091311690706808335e-01 5.128913308812625693e-02
8.213207280312917469e-01 4.855672140974193196e-02
8.331869992943093939e-01 4.584039259122443810e-02
8.447189339403191610e-01 4.314702543315819538e-02
8.559058442244604770e-01 4.048348994163242232e-02
8.667374110765566630e-01 3.785663382107851138e-02
8.772036910383923525e-01 3.527326783596858306e-02
8.872951226161627236e-01 3.274015003589120232e-02
8.970025320310083261e-01 3.026396886415789328e-02
9.063171383563214389e-01 2.785132519575411053e-02
9.152305580369877180e-01 2.550871337570379677e-02
9.237348087927531592e-01 2.324250135328788380e-02
9.318223129152886086e-01 2.105891003063114358e-02
9.394858999760435925e-01 1.896399196554158367e-02
9.467188089694507092e-01 1.696360958778167505e-02
9.535146899232415096e-01 1.506341310483324397e-02
9.598676050143739591e-01 1.326881828741335173e-02
9.657720292351461566e-01 1.158498433624925716e-02
9.712228506593283406e-01 1.001679203974780233e-02
9.762153703624245615e-01 8.568822437053879443e-03
9.807453020533329902e-01 7.245336202504261414e-03
9.848087714766520229e-01 6.050253965618277406e-03
9.884023156455642445e-01 4.987137775547022429e-03
9.915228819646121350e-01 4.059173910421130099e-03
9.941678272997589438e-01 3.269157220411372279e-03
9.963349170499077312e-01 2.619477178741558276e-03
9.980223242696250052e-01 2.112105797591317183e-03
9.992286288872570532e-01 1.748587546072429477e-03
9.999528170560590956e-01 1.530031385565403662e-03
1.000000000000000000e+00 1.457105014003447262e-03
