1.000000000000000000e+00 -6.177658256852687924e-04
9.996264083269246203e-01 -5.854220479452990370e-04
9.988765699369117623e-01 -4.885788397207338485e-04
9.976277625555097783e-01 -3.277998753491487803e-04
9.958813693017182223e-01 -1.040222762994254518e-04
9.936393229871390842e-01 1.814468933342093786e-04
9.909041025907269207e-01 5.269355346860106048e-04
9.876787287681354499e-01 9.304128264238497453e-04
9.839667584258550148e-01 1.389496942306809018e-03
9.797722783957685255e-01 1.901464174038003906e-03
9.750998982504914814e-01 2.463259458159078145e-03
9.699547423038008542e-01 3.071508303817754078e-03
9.643424408435257167e-01 3.722530115637794415e-03
9.582691206464530875e-01 4.412352902575238101e-03
9.517413948260449175e-01 5.136729359509221472e-03
9.447663520640841028e-01 5.891154303360339461e-03
9.373515452768089729e-01 6.670883439737693155e-03
9.295049797646800505e-01 7.470953429490760460e-03
9.212351008927487372e-01 8.286203217097234952e-03
9.125507813457612860e-01 9.111296574595646736e-03
9.034613079987257045e-01 9.940745805821835437e-03
8.939763684398538413e-01 1.076893654611068424e-02
8.841060371786908512e-01 1.159015358246954369e-02
8.738607615680248353e-01 1.239860760863151223e-02
8.632513474639761375e-01 1.318846281849252351e-02
8.522889446446733075e-01 1.395386523036581949e-02
8.409850320042763228e-01 1.468897162342656069e-02
8.293514025359410846e-01 1.538797895684098499e-02
8.174001481147952219e-01 1.604515413157638765e-02
8.051436440901871272e-01 1.665486394496097644e-02
7.925945336954898224e-01 1.721160507892711272e-02
7.797657122836575416e-01 1.771003395471579950e-02
7.666703113975492645e-01 1.814499627986738972e-02
7.533216826857825899e-01 1.851155610775703092e-02
7.397333816775099047e-01 1.880502422594410028e-02
7.259191514329514927e-01 1.902098568736187642e-02
7.118929060907027706e-01 1.915532629801853029e-02
6.976687143375639444e-01 1.920425787653914571e-02
6.832607828318515431e-01 1.916434210463405577e-02
6.686834396165574068e-01 1.903251279349202005e-02
6.539511175642052088e-01 1.880609639917979817e-02
6.390783379005469111e-01 1.848283063036246579e-02
6.240796938591433030e-01 1.806088100397705218e-02
6.089698345231561172e-01 1.753885521878726164e-02
5.937230092537202353e-01 1.692125195814592892e-02
5.783319125866619448e-01 1.625606070846641327e-02
5.628681314514610845e-01 1.555545324010333685e-02
5.473467464913041036e-01 1.482058284288569061e-02
5.317828645780660057e-01 1.405282836981989331e-02
5.161916039965597225e-01 1.325379215184385381e-02
5.005880798352532191e-01 1.242529630250005859e-02
4.849873896173852450e-01 1.156937742641371558e-02
4.694045992040669080e-01 1.068827976316020015e-02
4.538547289979367738e-01 9.784446815627147881e-03
4.383527404722837861e-01 8.860511529060109692e-03
4.229135230463068051e-01 7.919285103374668067e-03
4.075518813224266457e-01 6.963744536780946959e-03
3.922825226963921330e-01 5.997019013061547638e-03
3.771200453454180423e-01 5.022375257763656703e-03
3.620789265938946788e-01 4.043201999910636668e-03
3.471735116504153784e-01 3.062993685440506403e-03
3.324180027041286900e-01 2.085333596295011610e-03
3.178264483628538417e-01 1.113876534795554818e-03
3.034127334101452966e-01 1.523312365709628136e-04
2.891905688536706709e-01 -7.955573232085941249e-04
2.751734822330101360e-01 -1.726025566204762718e-03
2.613748081513995736e-01 -2.635308728615871898e-03
2.478076789931210333e-01 -3.519657903847468045e-03
2.344850157862878870e-01 -4.375356560712240911e-03
2.214195191697292675e-01 -5.198736396564988121e-03
2.086236604226098801e-01 -5.986192395396886662e-03
1.961096725163464227e-01 -6.734196973146998333e-03
1.838895411503089772e-01 -7.439313106151552307e-03
1.719749957356976333e-01 -8.098206353541144431e-03
1.603775002958412743e-01 -8.707655700287173645e-03
1.491082442558933630e-01 -9.264563164261132439e-03
1.381781331004353908e-01 -9.765962127856530478e-03
1.275977788837337756e-01 -1.020902437218640380e-02
1.173774905842139560e-01 -1.059106580935648308e-02
1.075272643019868496e-01 -1.090955092557692289e-02
9.805677330585353679e-02 -1.116209596466953731e-02
8.897535794395002029e-02 -1.134647089761880653e-02
8.029201543995130586e-02 -1.146060023898037156e-02
7.201538960434265835e-02 -1.150256278499402554e-02
6.415376049755190657e-02 -1.147059036096034421e-02
5.671503408855765177e-02 -1.136306567666205136e-02
4.970673195879616452e-02 -1.117851939819928218e-02
4.313598110666409802e-02 -1.091562655243846942e-02
3.700950391252128685e-02 -1.057320238625449743e-02
3.133360832774140931e-02 -1.015019780680537914e-02
2.611417835395895767e-02 -9.645694531177051792e-03
2.135666488013951425e-02 -9.058900073860180063e-03
1.706607694543252340e-02 -8.389142698684482272e-03
1.324697349491889449e-02 -7.635866458081747715e-03
9.903455693348413649e-03 -6.798626436941962968e-03
7.039159858805683380e-03 -5.877084310963899029e-03
4.657251073986164690e-03 -4.871004320394609240e-03
2.760417527494399108e-03 -3.780249749545087738e-03
1.350865631367844646e-03 -2.604779990615604945e-03
4.303159540098367482e-04 -1.344648257344596524e-03
0.000000000000000000e+00 0.000000000000000000e+00
6.312368025856323651e-05 1.410426681765235193e-03
6.224059403605963856e-04 2.867666544585186460e-03
1.677617869425604815e-03 4.370893571457514816e-03
3.228047611536069995e-03 5.918923148722024692e-03
5.272499546056657292e-03 7.510217956206581384e-03
7.809293577962864337e-03 9.142896257186337514e-03
1.083626456633378192e-02 1.081474251316460675e-02
1.435076192593640054e-02 1.252322022794091945e-02
1.834964944291753164e-02 1.426548690598326494e-02
2.282930535088751114e-02 1.603841099198066028e-02
2.778562271803313236e-02 1.783859064182844595e-02
3.321401019922736592e-02 1.966237416036526603e-02
3.910939320935476193e-02 2.150588192810864996e-02
4.546621557518448070e-02 2.336502962815748680e-02
5.227844172307456044e-02 2.523555257546296338e-02
5.953955945858451643e-02 2.711303094390235882e-02
6.724258339171380883e-02 2.899291568208097955e-02
7.538005905803361884e-02 3.087055490657246437e-02
8.394406778148826020e-02 3.274122056138750736e-02
9.292623231919912297e-02 3.460013513481106917e-02
1.023177233223227373e-01 3.644249822931560495e-02
1.121092666399969018e-01 3.826351278695771380e-02
1.222911514858066317e-01 4.005841078138995537e-02
1.328532394781532788e-01 4.182247819823314838e-02
1.437849745575591753e-01 4.355107913789342533e-02
1.550753937754699996e-01 4.523967888879723565e-02
1.667131389406506514e-01 4.688386583424623832e-02
1.786864691010016104e-01 4.847937207245082980e-02
1.909832738306773137e-01 5.002209264654906146e-02
2.035910872849170938e-01 5.150810329931269915e-02
2.164971029781400380e-01 5.293367668553645988e-02
2.296881892347156784e-01 5.429529699354213035e-02
2.431509052565080931e-01 5.558967294555355876e-02
2.568715177468854360e-01 5.681374916466101765e-02
2.708360180274431150e-01 5.796471591345020435e-02
2.850301395812566696e-01 5.904001722589280465e-02
2.994393759550741940e-01 6.003735746956415792e-02
3.140489989524684611e-01 6.095470638947304842e-02
3.288440770505801636e-01 6.179030269758156724e-02
3.438094939746372813e-01 6.254265628330921145e-02
3.589299673668761570e-01 6.321054912982913832e-02
3.741900674897273293e-01 6.379303502868022280e-02
3.895742359070655803e-01 6.428943819107139912e-02
4.050668040918489754e-01 6.469935085820993637e-02
4.206520119134625757e-01 6.502263001504113293e-02
4.363140259634120666e-01 6.525939331197289084e-02
4.520369576835490122e-01 6.541001429753609542e-02
4.678048812666199541e-01 6.547511706159057920e-02
4.836018513044866851e-01 6.545557038374655301e-02
4.994119201647470030e-01 6.535248147527772389e-02
5.152191550815685694e-01 6.516718939512211595e-02
5.310076549512474653e-01 6.490125821178924226e-02
5.467615668272104434e-01 6.455646997332264991e-02
5.624651021128433959e-01 6.413481753712095557e-02
5.781025524535692295e-01 6.363849730062631771e-02
5.936583053320045877e-01 6.306990186287717015e-02
6.091734068733866136e-01 6.241999763016607694e-02
6.246101933057117694e-01 6.164278085700714005e-02
6.399127681386824751e-01 6.073722001547492144e-02
6.550658768107424645e-01 5.970831546800177414e-02
6.700544806287341837e-01 5.856146089225934548e-02
6.848637698528265982e-01 5.730242474343803794e-02
6.994791762972167870e-01 5.593733077574288004e-02
7.138863854743701109e-01 5.447263763952818472e-02
7.280713483065952563e-01 5.291511756789506193e-02
7.420202924242057518e-01 5.127183416532891946e-02
7.557197330645887279e-01 4.955011931111871076e-02
7.691564835814477252e-01 4.775754919189942327e-02
7.823176655684732639e-01 4.590191948068306910e-02
7.951907185969833147e-01 4.399121968413075706e-02
8.077634095627894695e-01 4.203360668549124823e-02
8.200238416338945235e-01 4.003737751746590939e-02
8.319604627877111858e-01 3.801094140711055308e-02
8.435620739244124033e-01 3.596279114358997414e-02
8.548178365418741542e-01 3.390147382896153971e-02
8.657172799574356370e-01 3.183556108199595697e-02
8.762503080624347573e-01 2.977361877512248872e-02
8.864072055970986241e-01 2.772417639471204398e-02
8.961786439358367939e-01 2.569569612487029864e-02
9.055556863762217468e-01 2.369654176449136063e-02
9.145297929288006555e-01 2.173494759634002349e-02
9.230928246092665601e-01 1.981898733518636796e-02
9.312370472392638154e-01 1.795654328934921315e-02
9.389551347670547221e-01 1.615527587626814851e-02
9.462401721242841290e-01 1.442259363777842820e-02
9.530856576399746594e-01 1.276562390449857351e-02
9.594855050375279415e-01 1.119118426108079226e-02
9.654340450447258526e-01 9.705754964936566878e-03
9.709260266504247117e-01 8.315452470406652086e-03
9.759566180446621608e-01 7.026004208164386526e-03
9.805214072811747616e-01 5.842724765933191532e-03
9.846164027027760612e-01 4.770493611383231150e-03
9.882380331706119847e-01 3.813734491387292015e-03
9.913831481379619115e-01 2.976396633732737371e-03
9.940490176079986862e-01 2.261937867975576284e-03
9.962333320127597647e-01 1.673309771483848804e-03
9.979342020475702180e-01 1.212944934960051959e-03
9.991501584913597966e-01 8.827464289794875740e-04
9.998801520388069797e-01 6.840795394648483156e-04
1.000000000000000000e+00 6.177658256852687924e-04
