1.000000000000000000e+00 -1.661413072818710519e-03
9.994972996462099246e-01 -1.670061103046954895e-03
9.987371219232411557e-01 -1.695985224704533523e-03
9.974711166349011782e-01 -1.739126001046031010e-03
9.957007180538779423e-01 -1.799385926408647628e-03
9.934279299767013738e-01 -1.876631717091747226e-03
9.906553215829420056e-01 -1.970697434434455411e-03
9.873860221737692511e-01 -2.081388357853873258e-03
9.836237148349334936e-01 -2.208485504812934125e-03
9.793726290773372423e-01 -2.351750675857523266e-03
9.746375325153827651e-01 -2.510931886371736525e-03
9.694237216491070619e-01 -2.685769032878796217e-03
9.637370118206175507e-01 -2.875999630848171187e-03
9.575837264184804409e-01 -3.081364453301106351e-03
9.509706854054236214e-01 -3.301612895222389918e-03
9.439051932450113203e-01 -3.536507888008296602e-03
9.363950263018641085e-01 -3.785830190988770383e-03
9.284484197875825240e-01 -4.049381893455711659e-03
9.200740543208951738e-01 -4.326988970557136757e-03
9.112810421658338322e-01 -4.618502749766370541e-03
9.020789132060504922e-01 -4.923800161217285060e-03
8.924776007069615824e-01 -5.242782664792075206e-03
8.824874269103821778e-01 -5.575373769143514291e-03
8.721190884989392655e-01 -5.921515082500720256e-03
8.613836419600077177e-01 -6.281160861745137963e-03
8.502924888714485929e-01 -6.654271054422591231e-03
8.388573611242329253e-01 -7.040802857601200643e-03
8.270903060903073145e-01 -7.440700847314452721e-03
8.150036717380236828e-01 -7.853885762202809234e-03
8.026100916922322970e-01 -8.280242054386186684e-03
7.899224702319134206e-01 -8.719604349006822297e-03
7.769539672150960197e-01 -9.171742980775474813e-03
7.637179829188656122e-01 -9.636348800708949974e-03
7.502281427815579162e-01 -1.011301746858381256e-02
7.364982820347797388e-01 -1.060123346600408412e-02
7.225424302146687960e-01 -1.110035408096515797e-02
7.083747955447651234e-01 -1.160959362704373082e-02
6.940097491868780777e-01 -1.212800816854001790e-02
6.794618093613390419e-01 -1.265448102680359621e-02
6.647456253437984408e-01 -1.318770934241376980e-02
6.498759613521448708e-01 -1.372619196275345205e-02
6.348676803439412542e-01 -1.426821891478797372e-02
6.197357277517991925e-01 -1.481186270858273618e-02
6.044951151911055476e-01 -1.535497169839886850e-02
5.891609041812498893e-01 -1.589516570529263956e-02
5.737481899277381281e-01 -1.642983407829654713e-02
5.582720852181077831e-01 -1.695613634082692583e-02
5.427477044891649838e-01 -1.747100553535969880e-02
5.271901481265601763e-01 -1.797115434312540616e-02
5.116144870599559358e-01 -1.845308401712215940e-02
4.960357477178726215e-01 -1.891309612671070867e-02
4.804688974056477435e-01 -1.934730707104913294e-02
4.649288301677493296e-01 -1.975166527728372534e-02
4.494303531919221495e-01 -2.012197095839014099e-02
4.339881738073619322e-01 -2.045389826551059081e-02
4.186168871223573396e-01 -2.074301963121312486e-02
4.033309643387320564e-01 -2.098483206393324252e-02
3.881447417711085257e-01 -2.117478512056066020e-02
3.730724105886745745e-01 -2.130831025425833358e-02
3.581280072859958641e-01 -2.138085120867391775e-02
3.433254048777027445e-01 -2.138789510817799139e-02
3.286783047998713680e-01 -2.132500387703196304e-02
3.142002294888748271e-01 -2.118784560877697704e-02
2.999045155967005050e-01 -2.097222550087796122e-02
2.858043077904849349e-01 -2.067411596891971515e-02
2.719125530735978513e-01 -2.028968555950502739e-02
2.582419955562699210e-01 -1.981532629143653579e-02
2.448051715957493546e-01 -1.924767907067163192e-02
2.316144052195117098e-01 -1.858365684574059956e-02
2.186818037403135406e-01 -1.782046519654034711e-02
2.060192534690296895e-01 -1.695562008031186590e-02
1.950172747338503876e-01 -1.603134918038385398e-02
1.854848772946722235e-01 -1.528780821802836615e-02
1.760885159156818647e-01 -1.474457179779495308e-02
1.668197470008176697e-01 -1.438261998647990397e-02
1.576737840837647286e-01 -1.418345396092436650e-02
1.486494618448102600e-01 -1.412866019707269272e-02
1.397490661040178273e-01 -1.419954108579561669e-02
1.309780616986188084e-01 -1.437682895702813851e-02
1.223447505861802037e-01 -1.464049066966954804e-02
1.138598899711829593e-01 -1.496962173614624358e-02
1.055362958174184129e-01 -1.534242287509255537e-02
9.738845179079907988e-02 -1.573624797796916580e-02
8.943213827977727903e-02 -1.612771049787601468e-02
8.168409121425167230e-02 -1.649283482637319692e-02
7.416169625949621536e-02 -1.680723987616900700e-02
6.688272071632836435e-02 -1.704634342399238486e-02
5.986508309313773313e-02 -1.718557745090600747e-02
5.312665872809285705e-02 -1.720060649528676669e-02
4.668511889091169625e-02 -1.706754273803877051e-02
4.055780033528198769e-02 -1.676315307116909431e-02
3.476160216863367902e-02 -1.626505471337210545e-02
2.931290703942239506e-02 -1.555189702019541161e-02
2.422752392096128721e-02 -1.460352800530632933e-02
1.952065012553102358e-02 -1.340114476968654045e-02
1.520685056319658925e-02 -1.192742755902495740e-02
1.130005263262256858e-02 -1.016665756859601658e-02
7.813555474565756290e-03 -8.104818919872577160e-03
4.760052619658559567e-03 -5.729685470919077157e-03
2.151667313471041128e-03 -3.030893316209607325e-03
0.000000000000000000e+00 0.000000000000000000e+00
-1.658227679202640926e-03 3.326774484766147153e-03
-2.786781047930118535e-03 6.910728063434298275e-03
-3.375520077645752584e-03 1.075286803938634364e-02
-3.414753947100333462e-03 1.485120332838943055e-02
-2.895191158334248574e-03 1.920074048396636091e-02
-1.807900854219742989e-03 2.379348821741204822e-02
-1.442858597086090627e-04 2.861846907542170415e-02
2.103931831946527151e-03 3.366173701951459540e-02
4.944712154423366868e-03 3.890639975936527328e-02
8.385683369564481127e-03 4.433264484620203644e-02
1.243411215486284888e-02 4.991776875592073004e-02
1.709685538365579918e-02 5.563620851168372961e-02
2.238029122288112335e-02 6.145957584323077233e-02
2.829022681765228434e-02 6.735669448765138623e-02
3.483177955213599686e-02 7.329364203602267702e-02
4.200922874188474376e-02 7.923379874872668593e-02
4.982583471627918814e-02 8.513790701328208255e-02
5.828362270718584481e-02 9.096414659288049043e-02
6.738312990801986757e-02 9.666823246544398174e-02
7.712311565386970047e-02 1.022035437829936499e-01
8.750023703812938314e-02 1.075212941209702927e-01
9.850869552559203546e-02 1.125707544855917286e-01
1.101398642655225940e-01 1.172995411665950921e-01
1.223819107337784234e-01 1.216539800528505660e-01
1.352194347296878096e-01 1.255795570288171237e-01
1.486331470704936042e-01 1.290214601457922161e-01
1.625996187606664201e-01 1.319252131756957491e-01
1.770911329566383641e-01 1.342373919614958111e-01
1.920756716131733488e-01 1.359064051548832530e-01
2.061954942384972844e-01 1.369486263274262705e-01
2.192348184075557649e-01 1.377530744042697874e-01
2.325587998014918556e-01 1.383906162093655190e-01
2.461534126538797718e-01 1.388598604433889383e-01
2.600043303420150886e-01 1.391599109669782175e-01
2.740969471868553997e-01 1.392903680204593264e-01
2.884164006444424055e-01 1.392513258791899244e-01
3.029475937685189857e-01 1.390433671442879715e-01
3.176752178264474757e-01 1.386675539024793957e-01
3.325837749548374855e-01 1.381254160183871538e-01
3.476576007473499152e-01 1.374189368474315887e-01
3.628808866747749717e-01 1.365505366773340223e-01
3.782377022464707972e-01 1.355230542208094302e-01
3.937120168323491876e-01 1.343397264912885025e-01
4.092877210755435646e-01 1.330041673973861305e-01
4.249486478374120413e-01 1.315203453903937003e-01
4.406785926283339205e-01 1.298925604924549837e-01
4.564613334895636365e-01 1.281254210215101719e-01
4.722806503029375325e-01 1.262238203128656366e-01
4.881203435162241866e-01 1.241929137167314262e-01
5.039642522821276005e-01 1.220380961267106545e-01
5.197962720181723562e-01 1.197649802665150393e-01
5.356003714027532947e-01 1.173793759316595631e-01
5.513606088293495633e-01 1.148872703501468556e-01
5.670611483461966973e-01 1.122948097917870480e-01
5.826862751124930462e-01 1.096082825204511835e-01
5.982204104044749338e-01 1.068341031478514669e-01
6.136481262054371832e-01 1.039787984120156272e-01
6.289541594130558799e-01 1.010489943690876524e-01
6.441234256952881321e-01 9.805140495403477652e-02
6.591410330228028025e-01 9.499282183482546382e-02
6.739922949014931497e-01 9.188010545617364411e-02
6.886627433233390994e-01 8.872017714347975315e-02
7.031381414479026537e-01 8.552001211553719728e-02
7.174044960203077581e-01 8.228663323624327286e-02
7.314480695248779529e-01 7.902710532122046716e-02
7.452553920669359178e-01 7.574852980510277112e-02
7.588132729688134015e-01 7.245803956938434709e-02
7.721088120601313776e-01 6.916279372919673096e-02
7.851294106370347858e-01 6.586997218014023492e-02
7.978627820605597165e-01 6.258676971321802673e-02
8.102969619607442997e-01 5.932038951683250849e-02
8.224203180106660627e-01 5.607803589944192202e-02
8.342215592333449559e-01 5.286690608452236650e-02
8.456897448044558008e-01 4.969418095058072971e-02
8.568142923150988688e-01 4.656701461267928610e-02
8.675849854614040568e-01 4.349252276782239468e-02
8.779919811315203271e-01 4.047776975412396838e-02
8.880258158654072975e-01 3.752975430240240717e-02
8.976774116687290528e-01 3.465539398823316158e-02
9.069380811688969590e-01 3.186150842196364130e-02
9.157995321087281093e-01 2.915480124327510941e-02
9.242538711811201235e-01 2.654184101501236293e-02
9.322936072163613419e-01 2.402904113772488109e-02
9.399116537419995865e-01 2.162263893120117825e-02
9.471013309433569116e-01 1.932867405180771492e-02
9.538563670605959555e-01 1.715296643427386553e-02
9.601708992655005881e-01 1.510109396337353839e-02
9.660394740676340186e-01 1.317837009444467432e-02
9.714570473051185040e-01 1.138982165164603017e-02
9.764189837797708771e-01 9.740167039106510660e-03
9.809210565996060449e-01 8.233795102575949820e-03
9.849594462936975825e-01 6.874744877799392542e-03
9.885307397649781835e-01 5.666686456626980790e-03
9.916319291457468266e-01 4.612903192939797614e-03
9.942604106184363966e-01 3.716275457947583287e-03
9.964139832606000446e-01 2.979266138516944822e-03
9.980908479681788181e-01 2.403908053169145041e-03
9.992896065050304033e-01 1.991793438556186541e-03
1.000009260719521675e+00 1.744065634936940853e-03
1.000000000000000000e+00 1.661413072818710519e-03
