1.000000000000000000e+00 -1.049844419197713949e-03
9.997347089542866216e-01 -1.074435784533522668e-03
9.989933048569563656e-01 -1.148132807480298180e-03
9.977584473839699042e-01 -1.270704830376496400e-03
9.960313596944736503e-01 -1.441769286390752122e-03
9.938137524632917330e-01 -1.660794461637955018e-03
9.911078221362392693e-01 -1.927103299137754603e-03
9.879162486916325259e-01 -2.239878182952215278e-03
9.842421929114569812e-01 -2.598166625109327426e-03
9.800892931663673924e-01 -3.000887763561296481e-03
9.754616617193827555e-01 -3.446839566697600891e-03
9.703638805537878609e-01 -3.934706629060816946e-03
9.648009967313614377e-01 -4.463068434094984507e-03
9.587785172876261974e-01 -5.030407953152461233e-03
9.523024036713352292e-01 -5.635120445723900903e-03
9.453790657358898120e-01 -6.275522324012708549e-03
9.380153552908129244e-01 -6.949859945600000283e-03
9.302185592217891985e-01 -7.656318201032214811e-03
9.219963921881061397e-01 -8.393028768669100886e-03
9.133569889066335268e-01 -9.158077916970798482e-03
9.043088960317083869e-01 -9.949513744446683225e-03
8.948610636404987773e-01 -1.076535275957957866e-02
8.850228363335813642e-01 -1.160358571696308572e-02
8.748039439605886924e-01 -1.246218264142167666e-02
8.642144919808801840e-01 -1.333909698875367957e-02
8.532649514692507431e-01 -1.423226890965935756e-02
8.419661487767450270e-01 -1.513962760207504532e-02
8.303292548566603148e-01 -1.605909275621772436e-02
8.183657742658478895e-01 -1.698857511579885543e-02
8.060875338514288391e-01 -1.792597619777444584e-02
7.935066711330440725e-01 -1.886918723130408607e-02
7.806356223907845449e-01 -1.981608739397900179e-02
7.674871104689607870e-01 -2.076454143952272818e-02
7.540741323059169110e-01 -2.171239682576872609e-02
7.404099462001528797e-01 -2.265748046450843239e-02
7.265080588230927727e-01 -2.359759522552071220e-02
7.123822119889620108e-01 -2.453051633553476885e-02
6.980463691923535219e-01 -2.545398781885717387e-02
6.835147019242556743e-01 -2.636571912977049917e-02
6.688015757774992132e-01 -2.726338212749109327e-02
6.539215363528315672e-01 -2.814460854239821119e-02
6.388892949770907936e-01 -2.900698807741153296e-02
6.237197142452611809e-01 -2.984806728083332777e-02
6.084277933985239306e-01 -3.066534931677131204e-02
5.930286535507875989e-01 -3.145629474654286495e-02
5.775375227765683350e-01 -3.221832341940591288e-02
5.619697210735100645e-01 -3.294881755377549598e-02
5.463406452132607560e-01 -3.364512607101793895e-02
5.306657534948702182e-01 -3.430457022325286709e-02
5.149605504153235147e-01 -3.492445053464700994e-02
4.992405712722797761e-01 -3.550205505279495355e-02
4.835213667145338290e-01 -3.603466888330714851e-02
4.678184872561567675e-01 -3.651958495703904600e-02
4.521474677706896483e-01 -3.695411595587855952e-02
4.365238119821615581e-01 -3.733560730004444050e-02
4.209629769700665713e-01 -3.766145107782022800e-02
4.054803577057615183e-01 -3.792910077792292778e-02
3.900912716380309786e-01 -3.813608666564284599e-02
3.748109433457978423e-01 -3.828003162682115657e-02
3.596544892761406875e-01 -3.835866728896458050e-02
3.446369025858978530e-01 -3.836985021660580669e-02
3.297730381051983128e-01 -3.831157796864281123e-02
3.150775974412480807e-01 -3.818200479902965350e-02
3.005651142406269849e-01 -3.797945677899636913e-02
2.862499396281993902e-01 -3.770244611905695237e-02
2.721462278405252233e-01 -3.734968447247687812e-02
2.582679220713650636e-01 -3.692009500862506594e-02
2.446287405465139009e-01 -3.641282305468338670e-02
2.312421628447655919e-01 -3.582724511743909379e-02
2.181214164813157219e-01 -3.516297611319374461e-02
2.052794637693501623e-01 -3.441987465299685411e-02
1.927289889749506657e-01 -3.359804625221488039e-02
1.804823857797813180e-01 -3.269784435759555408e-02
1.685517450652966875e-01 -3.171986911116655983e-02
1.569488430314595617e-01 -3.066496379816252907e-02
1.456851296621601566e-01 -2.953420895532482549e-02
1.347717175487102015e-01 -2.832891414595880772e-02
1.242193710819473745e-01 -2.705060743864315734e-02
1.140384960226336480e-01 -2.570102265702931682e-02
1.042391294589744416e-01 -2.428208449831020799e-02
9.575304971463836912e-02 -2.304508417593887845e-02
8.731557725356510480e-02 -2.177232376173849487e-02
7.935033246363221160e-02 -2.056547009114749469e-02
7.182733052584218403e-02 -1.943253476196224461e-02
6.471890739389393743e-02 -1.837514880504751216e-02
5.800043644810770616e-02 -1.738974582289893114e-02
5.165102629664819478e-02 -1.646847558341951734e-02
4.565410831224549909e-02 -1.559987677451931364e-02
3.999783489794763586e-02 -1.476936312234816175e-02
3.467523862158926329e-02 -1.395959464504635365e-02
2.968413997662370726e-02 -1.315081031709378762e-02
2.502682812138259244e-02 -1.232118897150989018e-02
2.070956663516505120e-02 -1.144728512026564615e-02
1.674199084699712001e-02 -1.050456126153431063e-02
1.313646445655387331e-02 -9.468014143437918084e-03
9.907453892930294034e-03 -8.312873787561302769e-03
7.070963489982802150e-03 -7.015342904850755887e-03
4.644057299632871512e-03 -5.553340544381726689e-03
2.644477301016752435e-03 -3.907215850488989471e-03
1.090354560497146935e-03 -2.060403531969810798e-03
0.000000000000000000e+00 0.000000000000000000e+00
-5.969149262287470588e-04 2.253782335128219627e-03
-6.712057292883114035e-04 4.675805693584463192e-03
-2.060219027128678063e-04 7.264313943145929951e-03
8.143351955394334020e-04 1.001182608608664447e-02
2.404205511932046638e-03 1.290513517738318960e-02
4.576284814757405547e-03 1.592544835694383737e-02
7.341247214255555535e-03 1.904867957610598822e-02
1.070727223620387449e-02 2.224591140952939666e-02
1.467948620167445345e-02 2.548404564899001135e-02
1.925934372822276155e-02 2.872666213116111672e-02
2.444399242418528184e-02 3.193509934621033969e-02
3.022567921380101691e-02 3.506975727788132213e-02
3.659126600377336086e-02 3.809160254105176113e-02
4.352192123733245044e-02 4.096383029035707141e-02
5.099303936352450606e-02 4.365361100871598121e-02
5.897441256224247169e-02 4.613382913841287958e-02
6.743064247021428315e-02 4.838471033493163542e-02
7.632174203435271309e-02 5.039523816542787471e-02
8.560384847187317570e-02 5.216427846032057475e-02
9.522995591041429064e-02 5.370135512351158213e-02
1.056058581653351452e-01 5.510241257724034225e-02
1.154482612015772097e-01 5.618318684571826233e-02
1.256695592875930467e-01 5.718151619664864349e-02
1.362596550298784681e-01 5.809582257954101769e-02
1.472080891512923817e-01 5.892473139511790470e-02
1.585040510398517122e-01 5.966708602233483649e-02
1.701363896110515972e-01 6.032196020200714104e-02
1.820936244715292696e-01 6.088866817982570290e-02
1.943639573720730707e-01 6.136677254169714546e-02
2.069352839381768117e-01 6.175608970489812610e-02
2.197952056665535836e-01 6.205669305905471556e-02
2.329310421762379735e-01 6.226891378100762875e-02
2.463298437031152255e-01 6.239333937678556014e-02
2.599784038269199460e-01 6.243081003177237270e-02
2.738632724199280277e-01 6.238241287634308657e-02
2.879707688067279503e-01 6.224947429840103214e-02
3.022869951245925058e-01 6.203355045605959267e-02
3.167978498740742221e-01 6.173641616289433920e-02
3.314890416495105407e-01 6.136005233450705226e-02
3.463461030391548068e-01 6.090663219840217885e-02
3.613544046846301483e-01 6.037850647923136832e-02
3.764991694893475294e-01 5.977818777822063723e-02
3.917654869654267347e-01 5.910833436901309634e-02
4.071383277085141028e-01 5.837173363224654188e-02
4.226025579897028095e-01 5.757128534799461211e-02
4.381429544535342946e-01 5.670998505884401741e-02
4.537442189107961377e-01 5.579090770700802920e-02
4.693909932145300945e-01 5.481719173668913453e-02
4.850678742073381011e-01 5.379202383813885130e-02
5.007594287277203904e-01 5.271862449279494933e-02
5.164502086628047772e-01 5.160023445981529872e-02
5.321247660344432528e-01 5.044010232360277013e-02
5.477676681052537910e-01 4.924147319988846083e-02
5.633635124907944158e-01 4.800757867497591064e-02
5.788969422636628392e-01 4.674162802923152032e-02
5.943526610349372241e-01 4.544680077221924241e-02
6.097154479980188002e-01 4.412624049340105326e-02
6.249701729195938915e-01 4.278305000943383868e-02
6.401018110621385926e-01 4.142028776714473670e-02
6.550954580221161061e-01 4.004096544060183060e-02
6.699363444677923773e-01 3.864804664162684728e-02
6.846098507604224670e-01 3.724444664590580156e-02
6.991015214424272095e-01 3.583303302179394190e-02
7.133970795761108707e-01 3.441662703619068758e-02
7.274824409164539762e-01 3.299800570165450225e-02
7.413437279015627768e-01 3.157990432136111719e-02
7.549672834444544067e-01 3.016501938366655117e-02
7.683396845100362027e-01 2.875601165595418479e-02
7.814477554613462607e-01 2.735550932811803629e-02
7.942785811594290646e-01 2.596611105940280564e-02
8.068195198015477576e-01 2.459038878829216540e-02
8.190582154828418560e-01 2.323089017356869124e-02
8.309826104669919555e-01 2.189014054537713472e-02
8.425809571519436991e-01 2.057064425790273987e-02
8.538418297172967186e-01 1.927488534986627686e-02
8.647541354405315905e-01 1.800532743517145595e-02
8.753071256698709002e-01 1.676441276341619421e-02
8.854904064422081111e-01 1.555456040827412831e-02
8.952939487351918579e-01 1.437816356064943943e-02
9.047080983432390644e-01 1.323758592265031168e-02
9.137235853679284148e-01 1.213515721749772527e-02
9.223315333139091576e-01 1.107316784913250571e-02
9.305234677821546674e-01 1.005386276319246083e-02
9.382913247530507705e-01 9.079434577888959718e-03
9.456274584524784199e-01 8.152016068830626738e-03
9.525246487946843477e-01 7.273672105752151951e-03
9.589761083963548316e-01 6.446391151182995043e-03
9.649754891568901316e-01 5.672076441120721402e-03
9.705168884004377050e-01 4.952536975599795832e-03
9.755948545757708867e-01 4.289478452537597020e-03
9.802043925105758948e-01 3.684494281310669167e-03
9.843409682171740949e-01 3.139056813123541467e-03
9.880005132471149087e-01 2.654508923373821282e-03
9.911794285924495629e-01 2.232056076940592843e-03
9.938745881318460373e-01 1.872759000703394690e-03
9.960833416200043366e-01 1.577527078765182753e-03
9.978035172191100921e-01 1.347112574964747823e-03
9.990334235713151934e-01 1.182105774518938919e-03
9.997718514114449784e-01 1.082931122261352602e-03
1.000000000000000000e+00 1.049844419197713949e-03
