1.000000000000000000e+00 -8.236877675803584622e-04
9.995841177082775975e-01 -7.970056458469902986e-04
9.988309718445037566e-01 -7.171330511707707522e-04
9.975766893068330754e-01 -5.845906770673487589e-04
9.958227088498778912e-01 -4.002442842633044222e-04
9.935710405503291875e-01 -1.653016024393515193e-04
9.908242616661877555e-01 1.186920181782229189e-04
9.875855113677226571e-01 4.498592155966095116e-04
9.838584843797014701e-01 8.259974974607390240e-04
9.796474235815341158e-01 1.244587408722139157e-03
9.749571116181297015e-01 1.702801999824860371e-03
9.697928615793635077e-01 2.197517609386271439e-03
9.641605068099923237e-01 2.725325974087999294e-03
9.580663899146073526e-01 3.282547676157644874e-03
9.515173510237232568e-01 3.865246935344329900e-03
9.445207153873841355e-01 4.469247747623992205e-03
9.370842803617680516e-01 5.090151366982616395e-03
9.292163018522494600e-01 5.723355119514350955e-03
9.209254802733291001e-01 6.364072530749045539e-03
9.122209460819215021e-01 7.007354737638249453e-03
9.031122449358097715e-01 7.648113146043581528e-03
8.936093225238567195e-01 8.281143282984080103e-03
8.837225091089562223e-01 8.901149780429128133e-03
8.734625038189565149e-01 9.502772414216350064e-03
8.628403587150662579e-01 1.008061310790861823e-02
8.518674626618065737e-01 1.062926379726653221e-02
8.405555250175870130e-01 1.114333503673265932e-02
8.289165591606459937e-01 1.161748521512939031e-02
8.169628658616119310e-01 1.204645023392813749e-02
8.047070165114200702e-01 1.242507348820593230e-02
7.921618362119074996e-01 1.274833597805984098e-02
7.793403867361882176e-01 1.301138636705459137e-02
7.662559493668995581e-01 1.320957079452872093e-02
7.529220076226482705e-01 1.333846224053008428e-02
7.393522298863938191e-01 1.339388923604663273e-02
7.255604519540108654e-01 1.337196370727301159e-02
7.115606595267582879e-01 1.326910774110025976e-02
6.973669706776217669e-01 1.308207906000519172e-02
6.829936183283557005e-01 1.280799499816672946e-02
6.684549327811946107e-01 1.244435477703079856e-02
6.537653243564490735e-01 1.198905988770947173e-02
6.389392661941909468e-01 1.144043239951039390e-02
6.239912772847151512e-01 1.079723102847203811e-02
6.089359057981176271e-01 1.005866481689079647e-02
5.937337932406728802e-01 9.229810307357394494e-03
5.783701392755107307e-01 8.358987943106431506e-03
5.629353030078974029e-01 7.458892523933738361e-03
5.474442764353196766e-01 6.531268321146199707e-03
5.319120661825357255e-01 5.578090062825009909e-03
5.163536788157249147e-01 4.601559277964142880e-03
5.007841064470042181e-01 3.604098773703788561e-03
4.852183126695349680e-01 2.588345266858242677e-03
4.696712188603080484e-01 1.557140213421806529e-03
4.541576908836680304e-01 5.135189019756583595e-04
4.386925262237624246e-01 -5.393021014253526757e-04
4.232904415684474730e-01 -1.597939048569738119e-03
4.079660608608562389e-01 -2.658856516790548963e-03
3.927339038279465400e-01 -3.718384183273422405e-03
3.776083749880331797e-01 -4.772734704055772714e-03
3.626037531317310991e-01 -5.818022521742446940e-03
3.477341812630450613e-01 -6.850283414204273724e-03
3.330136569797200741e-01 -7.865494587252747083e-03
3.184560232645847755e-01 -8.859595107650698742e-03
3.040749596526571841e-01 -9.828506468927900724e-03
2.898839737324063193e-01 -1.076815308139216290e-02
2.758963929339380283e-01 -1.167448247948059056e-02
2.621253565521519113e-01 -1.254348504416201784e-02
2.485838079492231900e-01 -1.337121304541431105e-02
2.352844868782165977e-01 -1.415379881975463786e-02
2.222399218683275002e-01 -1.488747191024856337e-02
2.094624226122253352e-01 -1.556857501118182052e-02
1.969640722972912927e-01 -1.619357857642967496e-02
1.847567198251935383e-01 -1.675909396925195222e-02
1.728519718682054729e-01 -1.726188505150570360e-02
1.612611847159031442e-01 -1.769887813180124128e-02
1.499954558722823850e-01 -1.806717021462021788e-02
1.390656153708157428e-01 -1.836403551553814420e-02
1.284822167833882811e-01 -1.858693023111579468e-02
1.182555279082501409e-01 -1.873349557540884835e-02
1.083955211319308637e-01 -1.880155911805900942e-02
9.891186347029592985e-02 -1.878913448124963637e-02
8.981390630436031364e-02 -1.869441947411985827e-02
8.111067483693758240e-02 -1.851579276323917639e-02
7.281085730644747123e-02 -1.825180919617319306e-02
6.492279400404646350e-02 -1.790119391177079355e-02
5.745446614947150032e-02 -1.746283538534955382e-02
5.041348468939811645e-02 -1.693577756925874339e-02
4.380707908954898505e-02 -1.631921129919632063e-02
3.764208619807027367e-02 -1.561246514402445801e-02
3.192493926269279053e-02 -1.481499588157768332e-02
2.666165718780420107e-02 -1.392637878503667076e-02
2.185783411967651135e-02 -1.294629790383408641e-02
1.751862944868187721e-02 -1.187453651978871531e-02
1.364875831634974716e-02 -1.071096795328947346e-02
1.025248271257933955e-02 -9.455546885963344791e-03
7.333603244263854105e-03 -8.108301355492310986e-03
4.895451651061180978e-03 -6.669325565247381273e-03
2.940884137172531092e-03 -5.138773636378855120e-03
1.472275579869052617e-03 -3.516854413149069890e-03
4.915146663017155946e-04 -1.803827413862901666e-03
0.000000000000000000e+00 0.000000000000000000e+00
1.924967966684335962e-06 1.869605838283540334e-03
5.009959918593884145e-04 3.779740967118651405e-03
1.497151259747472613e-03 5.729417458291282197e-03
2.989847034461054140e-03 7.717244393574796725e-03
4.978056160598486567e-03 9.741435000734995076e-03
7.460266558731939307e-03 1.179981670620772020e-02
1.043447974490292925e-02 1.388984400837233249e-02
1.389820942268704673e-02 1.600861404904515076e-02
1.784848020338053454e-02 1.815288473595717128e-02
2.228182651704226774e-02 2.031909524584028098e-02
2.719429178308175460e-02 2.250338871660075013e-02
3.258142791367837909e-02 2.470163691813522661e-02
3.843829522646987490e-02 2.690946667486649596e-02
4.475946284458252877e-02 2.912228779921694627e-02
5.153900966216071189e-02 3.133532228415046583e-02
5.877052595208995256e-02 3.354363449471280817e-02
6.644711568960899595e-02 3.574216209326014360e-02
7.456139966104734229e-02 3.792574743083126920e-02
8.310551942107796686e-02 4.008916913788855563e-02
9.207114215475672991e-02 4.222717365139116996e-02
1.014494664923787232e-01 4.433450642179769668e-02
1.112312293159607168e-01 4.640594255301007387e-02
1.214067135861521124e-01 4.843631664031934625e-02
1.319657572077729268e-01 5.042055158591476904e-02
1.428977629411701533e-01 5.235368618825250731e-02
1.541917093554081297e-01 5.423090132031130328e-02
1.658361628081428119e-01 5.604754453221079402e-02
1.778192904261170493e-01 5.779915293555123318e-02
1.901288740497324437e-01 5.948147424983173809e-02
2.027523250953016387e-01 6.109048591509763648e-02
2.156767002795418053e-01 6.262241219922004554e-02
2.288887181427869677e-01 6.407373925258452729e-02
2.423747763004059363e-01 6.544122808712041217e-02
2.561209693461330983e-01 6.672192548020716707e-02
2.701131073265152227e-01 6.791317282672602873e-02
2.843367347025210212e-01 6.901261298407637690e-02
2.987771497125623066e-01 7.001819517506302493e-02
3.134194240507375273e-01 7.092817803191930892e-02
3.282484227749887795e-01 7.174113088112932246e-02
3.432488243620075985e-01 7.245593338295400199e-02
3.584051408290397367e-01 7.307177365148222192e-02
3.737017378471121920e-01 7.358814499049964875e-02
3.891228547755111733e-01 7.400484138740637263e-02
4.046526245534193822e-01 7.432195191178142535e-02
4.202750933913219078e-01 7.453985416698553912e-02
4.359742402119334281e-01 7.465920694245836708e-02
4.517339957978177556e-01 7.468094221118759535e-02
4.675382616103788136e-01 7.460625661132896935e-02
4.833709282523369621e-01 7.443660254330203285e-02
4.992158935529960040e-01 7.417367900407398351e-02
5.150570802624033773e-01 7.381942226900183035e-02
5.308784533467777456e-01 7.337599651878412566e-02
5.466640368831948704e-01 7.284578449506214082e-02
5.623979305564070774e-01 7.223137825329055406e-02
5.780643257647204436e-01 7.153557006598629253e-02
5.936475213450519428e-01 7.076134351366569764e-02
6.092073355984251037e-01 6.990018803206253517e-02
6.246986098801399212e-01 6.890643083251216106e-02
6.400518398450384394e-01 6.777961824632698640e-02
6.552516700184985998e-01 6.652535197947209711e-02
6.702829874640969798e-01 6.514961890872056349e-02
6.851309343563224408e-01 6.365877184990535731e-02
6.997809199571589645e-01 6.205950959227683750e-02
7.142186320383145937e-01 6.035885619644645178e-02
7.284300477855358835e-01 5.856413954798393023e-02
7.424014442153218374e-01 5.668296915522638701e-02
7.561194081277230472e-01 5.472321317834565740e-02
7.695708456120974317e-01 5.269297467723808859e-02
7.827429911159425879e-01 5.060056706834427376e-02
7.956234160805656375e-01 4.845448878499802881e-02
8.082000371415565265e-01 4.626339714224629585e-02
8.204611238870778145e-01 4.403608141511415608e-02
8.323953061630062766e-01 4.178143514882214776e-02
8.439915809111017131e-01 3.950842773028387378e-02
8.552393185247408880e-01 3.722607526206082873e-02
8.661282687063455166e-01 3.494341079257985705e-02
8.766485658115030777e-01 3.266945396953765263e-02
8.867907336668332530e-01 3.041318019675245954e-02
8.965456898518339157e-01 2.818348938799690451e-02
9.059047494391376798e-01 2.598917442426961280e-02
9.148596281926404394e-01 2.383888943329742077e-02
9.234024452286861973e-01 2.174111802153455564e-02
9.315257251516944059e-01 1.970414159932562526e-02
9.392223996820956433e-01 1.773600794902322614e-02
9.464858088009840964e-01 1.584450019351477459e-02
9.533097014422963200e-01 1.403710632866346508e-02
9.596882357693736765e-01 1.232098948749838635e-02
9.656159790782592456e-01 1.070295910648636287e-02
9.710879073748620582e-01 9.189443164838134726e-03
9.760994046770239407e-01 7.786461666498604300e-03
9.806462620954091713e-01 6.499601531249055847e-03
9.847246767489296060e-01 5.333993056229301144e-03
9.883312505710247775e-01 4.294288102214532249e-03
9.914629890625010766e-01 3.384640150240525273e-03
9.941173000448085828e-01 2.608686363749136965e-03
9.962919924646000958e-01 1.969531779447727775e-03
9.979852752962469209e-01 1.469735736678252046e-03
9.991957565837678024e-01 1.111300640429524478e-03
9.999224426574540026e-01 8.956631373665395772e-04
1.000000000000000000e+00 8.236877675803584622e-04
