1.000000000000000000e+00 -1.029609709475448132e-03
9.995418270896305746e-01 -1.008589243748681669e-03
9.987853737520958619e-01 -9.456872626208076560e-04
9.975256160581563725e-01 -8.413814787855490628e-04
9.957640483980376711e-01 -6.964662922271836094e-04
9.935027581135191799e-01 -5.120500982129128510e-04
9.907444207416485904e-01 -2.895514983295649838e-04
9.874922939673098643e-01 -3.069439523063115585e-05
9.837502103335480363e-01 2.624980526146681627e-04
9.795225687672997061e-01 5.877106434062744078e-04
9.748143249857678105e-01 9.423445414906417295e-04
9.696309808549262721e-01 1.323526914954788365e-03
9.639785727764590417e-01 1.728121832538203305e-03
9.578636591827615065e-01 2.152742449740052515e-03
9.512933072214017072e-01 2.593764511179437460e-03
9.442750787106840571e-01 3.047341191887644081e-03
9.368170154467270194e-01 3.509419294227539635e-03
9.289276239398188695e-01 3.975756809537942318e-03
9.206158596539095740e-01 4.441941844400856126e-03
9.118911108180816072e-01 4.903412900680852171e-03
9.027631818728937274e-01 5.355480486265325885e-03
8.932422766078594867e-01 5.793350019857477703e-03
8.833389810392215935e-01 6.212145978388710840e-03
8.730642460698881946e-01 6.606937219801186159e-03
8.624293699661563783e-01 6.972763397324711204e-03
8.514459806789397289e-01 7.304662364167244931e-03
8.401260180308975922e-01 7.597698450038756213e-03
8.284817157853510139e-01 7.846991473417795626e-03
8.165255836084287511e-01 8.047746336279883866e-03
8.042703889326530131e-01 8.195283031450888156e-03
7.917291387283252879e-01 8.285066877192562296e-03
7.789150611887190045e-01 8.312738779393379768e-03
7.658415873362498516e-01 8.274145309190045205e-03
7.525223325595139512e-01 8.165368373303137639e-03
7.389710780952778446e-01 7.982754246149158239e-03
7.252017524750703492e-01 7.722941727184146760e-03
7.112284129628136942e-01 7.382889184181978814e-03
6.970652270176795895e-01 6.959900243471234260e-03
6.827264538248598580e-01 6.451647891699399673e-03
6.682264259458318145e-01 5.856196760569573612e-03
6.535795311486928272e-01 5.172023376239141823e-03
6.388001944878350935e-01 4.398034168658318532e-03
6.239028607102871105e-01 3.533581052967020575e-03
6.089019770730792480e-01 2.578474414994320896e-03
5.937445772276255251e-01 1.538368656568853132e-03
5.784083659643595166e-01 4.619151777464428066e-04
5.630024745643337214e-01 -6.376681922358670707e-04
5.475418063793352497e-01 -1.758046200593298136e-03
5.320412677870055562e-01 -2.896648244169887365e-03
5.165157536348901068e-01 -4.050673595915571523e-03
5.009801330587552171e-01 -5.217098755092498819e-03
4.854492357216847465e-01 -6.392686892697230228e-03
4.699378385165491889e-01 -7.573999336316597497e-03
4.544606527693993425e-01 -8.757409011675834631e-03
4.390323119752410630e-01 -9.939115731910821983e-03
4.236673600905881965e-01 -1.111516320051415124e-02
4.083802403992858876e-01 -1.228145757036205182e-02
3.931852849595010024e-01 -1.343378737960840286e-02
3.780967046306483170e-01 -1.456784466587519866e-02
3.631285796695675194e-01 -1.567924704339553055e-02
3.482948508756747441e-01 -1.676356051384906426e-02
3.336093112553115136e-01 -1.781632277080050925e-02
3.190855981663156538e-01 -1.883306675009694536e-02
3.047371858951690160e-01 -1.980934417442676773e-02
2.905773786111419676e-01 -2.074074883957573515e-02
2.766193036348658651e-01 -2.162293939275641494e-02
2.628759049529042491e-01 -2.245166135970817420e-02
2.493599369053253467e-01 -2.322276818698115058e-02
2.360839579701453084e-01 -2.393224107879703480e-02
2.230603245669257051e-01 -2.457620742393214208e-02
2.103011848018407903e-01 -2.515095762696675091e-02
1.978184720782361350e-01 -2.565296017971235853e-02
1.856238985000780717e-01 -2.607887483235234866e-02
1.737289480007132847e-01 -2.642556374947027317e-02
1.621448691359650141e-01 -2.669010056331530892e-02
1.508826674886714070e-01 -2.686977726497932067e-02
1.399530976411960947e-01 -2.696210890321975792e-02
1.293666546830428143e-01 -2.696483609004519250e-02
1.191335652322863120e-01 -2.687592534146121537e-02
1.092637779618748778e-01 -2.669356731054110116e-02
9.976695363473833678e-02 -2.641617299782973716e-02
9.065245466477060698e-02 -2.604236805062091348e-02
8.192933423392385894e-02 -2.557098528749798469e-02
7.360632500855228411e-02 -2.500105560735236057e-02
6.569182751054103431e-02 -2.433179746258124290e-02
5.819389821038535582e-02 -2.356260509403705627e-02
5.112023742000006143e-02 -2.269303574031820980e-02
4.447817707243387209e-02 -2.172279604595417357e-02
3.827466848361926050e-02 -2.065172790179442205e-02
3.251627019764417176e-02 -1.947979395634998750e-02
2.720913602164944101e-02 -1.820706303889629146e-02
2.235900335921350846e-02 -1.683369573380799275e-02
1.797118195193123102e-02 -1.535993034089295009e-02
1.405054313778059810e-02 -1.378606944849720094e-02
1.060150973181026371e-02 -1.211246733498472748e-02
7.628046629722024831e-03 -1.033951840002072728e-02
5.133652228136196399e-03 -8.467646810100154173e-03
3.121350746850663511e-03 -6.497297523212622501e-03
1.593685528370260805e-03 -4.428928835682535703e-03
5.527133785935946578e-04 -2.263006570381207241e-03
0.000000000000000000e+00 0.000000000000000000e+00
-5.927374432519461880e-05 2.328784994801845476e-03
3.795860433581803349e-04 4.691815389652116350e-03
1.316684650069340195e-03 7.087941345125049579e-03
2.751646457386038719e-03 9.515565638427569625e-03
4.683612775140315841e-03 1.197265204526340790e-02
7.111239539501015144e-03 1.445673715522910290e-02
1.003269492347207831e-02 1.696494550358006170e-02
1.344565691943769292e-02 1.949400787014938727e-02
1.734731096384353743e-02 2.204028256593107762e-02
2.173434768319702781e-02 2.459977949969990169e-02
2.660296084813037337e-02 2.716818679137305431e-02
3.194884562812939227e-02 2.974089967590519065e-02
3.776719724358498786e-02 3.231305142162435584e-02
4.405271011398058378e-02 3.487954597027641268e-02
5.079957760124685640e-02 3.743509199283796829e-02
5.800149244559538869e-02 3.997423804552326099e-02
6.565164798750418307e-02 4.249140850443931805e-02
7.374274026406106575e-02 4.498093995509007403e-02
8.226697106066767351e-02 4.743711771438961083e-02
9.121605199031432298e-02 4.985421216797127075e-02
1.005812096624347091e-01 5.222651461427978842e-02
1.103531919919245458e-01 5.454837231906244088e-02
1.205222756864975930e-01 5.681422249924874407e-02
1.310782749373925749e-01 5.901862497359637583e-02
1.420105513247811313e-01 6.115629323861161010e-02
1.533080249353462599e-01 6.322212375182537092e-02
1.649591866756350000e-01 6.521122323017536360e-02
1.769521117512325159e-01 6.711893379865163656e-02
1.892744742687876014e-01 6.894085585311442166e-02
2.019135629056861836e-01 7.067286853088255993e-02
2.148562975809436004e-01 7.231114771290361731e-02
2.280892470508582570e-01 7.385218151162692424e-02
2.415986473443037796e-01 7.529278322868723783e-02
2.553704209453807605e-01 7.663010179575331648e-02
2.693901966255873859e-01 7.786162974000185311e-02
2.836433298237853728e-01 7.898520874225994914e-02
2.981149234700504747e-01 7.999903288056188499e-02
3.127898491490066490e-01 8.090164967436555554e-02
3.276527684993973399e-01 8.169195906467707768e-02
3.426881547493779157e-01 8.236921048259879252e-02
3.578803142912033164e-01 8.293299817313530553e-02
3.732134082044970547e-01 8.338325495231907469e-02
3.886714736439567108e-01 8.372024458374134614e-02
4.042384450149897335e-01 8.394455296535294209e-02
4.198981748691811844e-01 8.405707831892994530e-02
4.356344544604547897e-01 8.405902057294382945e-02
4.514310339120864435e-01 8.395187012483908140e-02
4.672716419541376731e-01 8.373739616106737338e-02
4.831400052001871837e-01 8.341763470285749882e-02
4.990198669412449495e-01 8.299487653287027089e-02
5.148950054432381851e-01 8.247165514288154475e-02
5.307492517423079148e-01 8.185073482577900905e-02
5.465665069391792974e-01 8.113509901680163172e-02
5.623307589999707590e-01 8.032793896946016643e-02
5.780260990758716577e-01 7.943264283134629511e-02
5.936367373580992979e-01 7.845278516445423900e-02
6.092412643234634828e-01 7.738037843395900728e-02
6.247870264545679619e-01 7.617008080801718206e-02
6.401909115513942927e-01 7.482201647717906523e-02
6.554374632262548461e-01 7.334238849094243395e-02
6.705114942994597760e-01 7.173777692518179538e-02
6.853980988598182833e-01 7.001511895637269056e-02
7.000826636171011419e-01 6.818168840881079495e-02
7.145508786022591874e-01 6.624507475336473272e-02
7.287887472644763998e-01 6.421316152807279853e-02
7.427825960064378119e-01 6.209410414512386150e-02
7.565190831908573665e-01 5.989630704557260404e-02
7.699852076427471381e-01 5.762840016257676778e-02
7.831683166634118010e-01 5.529921465600548536e-02
7.960561135641478492e-01 5.291775788586530749e-02
8.086366647203235836e-01 5.049318759900133652e-02
8.208984061402609944e-01 4.803478531276240970e-02
8.328301495383012565e-01 4.555192889053374244e-02
8.444210878977911339e-01 4.305406431697778036e-02
8.556608005076077328e-01 4.055067669516011775e-02
8.665392574552553961e-01 3.805126050316376407e-02
8.770468235605713980e-01 3.556528916395281653e-02
8.871742617365678818e-01 3.310218399879287510e-02
8.969127357678311485e-01 3.067128265112350344e-02
9.062538125020537239e-01 2.828180708404786844e-02
9.151894634564803344e-01 2.594283127025481805e-02
9.237120658481057234e-01 2.366324870788274679e-02
9.318144030641249964e-01 2.145173990930203389e-02
9.394896645971366755e-01 1.931674002177830030e-02
9.467314454776841748e-01 1.726640674925112445e-02
9.535337452446178697e-01 1.530858875282835665e-02
9.598909665012195225e-01 1.345079471391597697e-02
9.657979131117925276e-01 1.170016324803615712e-02
9.712497880992992938e-01 1.006343385926961737e-02
9.762421913093858317e-01 8.546919124832822942e-03
9.807711169096435810e-01 7.156478296564921029e-03
9.848329507950830397e-01 5.897492501075372873e-03
9.884244679714375703e-01 4.774841713041773350e-03
9.915428299870402418e-01 3.792883666748313176e-03
9.941855824816185905e-01 2.955434859522698514e-03
9.963506529164403158e-01 2.265753787411606962e-03
9.980363485449236238e-01 1.726526538396452350e-03
9.992413546761756971e-01 1.339854851879561382e-03
9.999647332761010254e-01 1.107246735268230947e-03
1.000000000000000000e+00 1.029609709475448132e-03
