1.000000000000000000e+00 -8.149197001220643763e-04
9.995440753582146565e-01 -7.756748347229040384e-04
9.987877893680985331e-01 -6.581757462381045056e-04
9.975283059276430775e-01 -4.631280450163845425e-04
9.957671125555477287e-01 -1.917047057163894126e-04
9.935062872043313176e-01 1.544584963546723200e-04
9.907484937286474835e-01 5.732693737059938333e-04
9.874969761178170602e-01 1.062187538753524242e-03
9.837555515351255053e-01 1.618234437297717213e-03
9.795286022140622384e-01 2.238005199554324830e-03
9.748210662682814664e-01 2.917682302673110534e-03
9.696384274775293743e-01 3.653051035715745506e-03
9.639867041159940753e-01 4.439516754283510773e-03
9.578724368924597110e-01 5.272123907316188414e-03
9.513026760732403719e-01 6.145576812964835892e-03
9.442849678591388463e-01 7.054262153832071593e-03
9.368273400866905520e-01 7.992273154247761524e-03
9.289382873217663095e-01 8.953435393603811909e-03
9.206267554103467754e-01 9.931334200119424499e-03
9.119021255471163601e-01 1.091934355879517482e-02
9.027741979175890608e-01 1.191065645579805765e-02
8.932531749640199026e-01 1.289831656919675391e-02
8.833496443195661962e-01 1.387525120294933606e-02
8.730745614492959605e-01 1.483430534748001600e-02
8.624392320309257620e-01 1.576827673624527082e-02
8.514552941028622479e-01 1.666995175356871667e-02
8.401347000024467215e-01 1.753214203495392573e-02
8.284896981134745042e-01 1.834772158730151037e-02
8.165328144392905996e-01 1.910966424323392449e-02
8.042768340161857710e-01 1.981108125133626205e-02
7.917347821815736708e-01 2.044525879286312672e-02
7.789199057125938408e-01 2.100569520561008235e-02
7.658456538533621183e-01 2.148613768751846120e-02
7.525256592530771282e-01 2.188061824643800640e-02
7.389737188424735370e-01 2.218348865858261326e-02
7.252037746825534814e-01 2.238945419681796431e-02
7.112298948269466514e-01 2.249360589120992862e-02
6.970662542473292644e-01 2.249145108840470628e-02
6.827271158798736694e-01 2.237894208350462225e-02
6.682268118592504802e-01 2.215250260820383205e-02
6.535797250150083837e-01 2.180905197203744997e-02
6.388002707127554691e-01 2.134602666959960898e-02
6.239028791291276743e-01 2.076139928535524967e-02
6.089019780546625071e-01 2.005369454899043336e-02
5.937445771978140385e-01 1.922872154490509397e-02
5.784083647048082755e-01 1.834601585807636714e-02
5.630024680634093670e-01 1.742080324510173611e-02
5.475417873968203564e-01 1.645469062040384040e-02
5.320412255716781003e-01 1.544956611406885644e-02
5.165156737000432541e-01 1.440759577694886162e-02
5.009799970246808787e-01 1.333121822260428108e-02
4.854490212332680521e-01 1.222313722973092376e-02
4.699375192430185200e-01 1.108631235210103677e-02
4.544601984919456328e-01 9.923947606111122033e-03
4.390316887666857459e-01 8.739478328419980624e-03
4.236665305895535583e-01 7.536556317533728289e-03
4.083791641794422556e-01 6.319033393226355932e-03
3.931839189924589695e-01 5.090943526058780422e-03
3.780950038389793710e-01 3.856483705700970710e-03
3.631264975643148651e-01 2.619993731012439098e-03
3.482923402706098459e-01 1.385935116679885837e-03
3.336063250481552944e-01 1.588693204707530837e-04
3.190820901752300376e-01 -1.056564498305212485e-03
3.047331117370883358e-01 -2.255671974816075842e-03
2.905726966070094064e-01 -3.433726074048890076e-03
2.766139757256139142e-01 -4.585989452331518113e-03
2.628698976091132233e-01 -5.707736436744534347e-03
2.493532220129463239e-01 -6.794274421726045898e-03
2.360765136745116566e-01 -7.840964492385846252e-03
2.230521360575123124e-01 -8.843241096709333199e-03
2.102922450208762339e-01 -9.796630603746765004e-03
1.978087823373173293e-01 -1.069676860181640113e-02
1.856134689903680413e-01 -1.153941580943586634e-02
1.737177981840890562e-01 -1.232047249185531240e-02
1.621330280065882146e-01 -1.303599129738892623e-02
1.508701736968278695e-01 -1.368218844991730618e-02
1.399399994738381448e-01 -1.425545325663253593e-02
1.293530098982047238e-01 -1.475235591299536159e-02
1.191194407473605832e-01 -1.516965360964196013e-02
1.092492493985659507e-01 -1.550429496829609094e-02
9.975210472627800418e-02 -1.575342285530311262e-02
9.063737653361735036e-02 -1.591437564191054699e-02
8.191412455061085340e-02 -1.598468699960188533e-02
7.359108704453694305e-02 -1.596208433639336594e-02
6.567666909979026635e-02 -1.584448599580162362e-02
5.817893063596361880e-02 -1.562999735398418882e-02
5.110557424308057040e-02 -1.531690596217812408e-02
4.446393292190571611e-02 -1.490367589087649228e-02
3.826095782480789381e-02 -1.438894143908668599e-02
3.250320609860274379e-02 -1.377150037643833438e-02
2.719682893503021920e-02 -1.305030688781694606e-02
2.234755993691756037e-02 -1.222446438959124380e-02
1.796070390859853122e-02 -1.129321838340936225e-02
1.404112617776491663e-02 -1.025594950802728375e-02
1.059324255263628667e-02 -9.112166941795556141e-03
7.621010013201738424e-03 -7.861502298396888175e-03
5.127918228386698848e-03 -6.503704146345455628e-03
3.116981982466023905e-03 -5.038633268813347277e-03
1.590734584013834586e-03 -3.466258764735794494e-03
5.512223193491996203e-04 -1.786655075091992794e-03
0.000000000000000000e+00 0.000000000000000000e+00
-5.778268508079963551e-05 1.868878105617791021e-03
3.825369877146064454e-04 3.794866957197771604e-03
1.321053414453979800e-03 5.776938046203881558e-03
2.757380457135535836e-03 7.813602681754724943e-03
4.690649391660602248e-03 9.902919354950240685e-03
7.119506718674992185e-03 1.204250421710102367e-02
1.004211188348775978e-02 1.422954457688085927e-02
1.345613496277039099e-02 1.646081529497990872e-02
1.735875438613948551e-02 1.873269792974509990e-02
2.174665476981624962e-02 2.104120246382145884e-02
2.661602494717179787e-02 2.338199142021716789e-02
3.196255628694075895e-02 2.575040615672514327e-02
3.778144139411314384e-02 2.814149511046421318e-02
4.406737329090007482e-02 3.055004374962588462e-02
5.081454517566859341e-02 3.297060597748532884e-02
5.801665085634614971e-02 3.539753672447913668e-02
6.566688595151952412e-02 3.782502545775206365e-02
7.375794994737407129e-02 4.024713033409200308e-02
8.228204919182093013e-02 4.265781272162141174e-02
9.123090089877465558e-02 4.505097181798002615e-02
1.005957382257436361e-01 4.742047909796944655e-02
1.103673164768502746e-01 4.976021233164349550e-02
1.205359204713356835e-01 5.206408892449979758e-02
1.310913731047505248e-01 5.432609834460330744e-02
1.420230451166246688e-01 5.654033341695766102e-02
1.533198660647230593e-01 5.870102028302649766e-02
1.649703364922592286e-01 6.080254684273667803e-02
1.769625412609425463e-01 6.283948951730997101e-02
1.892841640097064071e-01 6.480663819356898003e-02
2.019225026866507400e-01 6.669901923364153495e-02
2.148644860903569931e-01 6.851191645792367724e-02
2.280966913464919088e-01 7.024089003342320892e-02
2.416053622366828024e-01 7.188179322385866710e-02
2.553764282891717863e-01 7.343078698180097175e-02
2.693955245348393368e-01 7.488435238638832536e-02
2.836480118279179341e-01 7.623930095240415150e-02
2.981189976281311549e-01 7.749278285748498196e-02
3.127933571400922652e-01 7.864229315364096307e-02
3.276557547065535592e-01 7.968567604687495920e-02
3.426906653544428139e-01 8.062112734425724847e-02
3.578823963964559707e-01 8.144719518116227963e-02
3.732151089961660007e-01 8.216277915235387086e-02
3.886728396109987438e-01 8.276712797910740216e-02
4.042395212348333655e-01 8.325983585051224822e-02
4.198990043702158226e-01 8.364083758048601602e-02
4.356350776690101068e-01 8.391040272287127177e-02
4.514314881895401532e-01 8.406912878534293643e-02
4.672719612276683421e-01 8.411793367883743655e-02
4.831402196886038780e-01 8.405804753296941545e-02
4.990200029753193434e-01 8.389100399961793575e-02
5.148950853780850379e-01 8.361863115675859104e-02
5.307492939576353708e-01 8.324304211294256128e-02
5.465665259216941907e-01 8.276662539985657485e-02
5.623307655008951134e-01 8.219203522642862247e-02
5.780261003354228988e-01 8.152218165328954658e-02
5.936367373879107845e-01 8.076022073137377466e-02
6.092412633418802237e-01 7.989487151220123207e-02
6.247870080357273981e-01 7.886817804087499495e-02
6.401908353264739171e-01 7.767903663769712419e-02
6.554372693599392896e-01 7.633396286193951108e-02
6.705111083860411103e-01 7.483996449898538961e-02
6.853974368048044719e-01 7.320451647658549055e-02
7.000816363874514670e-01 7.143553472694783024e-02
7.145493967381262301e-01 6.954134903072346774e-02
7.287867250569932676e-01 6.753067487225321297e-02
7.427799552592421195e-01 6.541258433050867183e-02
7.565157564972941895e-01 6.319647602715666723e-02
7.699811411256348714e-01 6.089204415219005850e-02
7.831634721395369647e-01 5.850924658863850686e-02
7.960504701108994663e-01 5.605827216095921051e-02
8.086302196367908257e-01 5.354950703672901879e-02
8.208911753093991459e-01 5.099350031806895028e-02
8.328221672101777662e-01 4.840092886763791569e-02
8.444124059262420046e-01 4.578256142381674498e-02
8.556514870836852138e-01 4.314922207059048581e-02
8.665293953904860125e-01 4.051175313936532935e-02
8.770365081811636321e-01 3.788097763221248693e-02
8.871635984562232791e-01 3.526766126852765026e-02
8.969018374116707326e-01 3.268247426952947815e-02
9.062427964573583905e-01 3.013595300709343699e-02
9.151784487274455815e-01 2.763846165487441470e-02
9.237011700916685220e-01 2.520015399023508088e-02
9.318037396821775564e-01 2.283093550494615792e-02
9.394793399571731429e-01 2.054042599075954142e-02
9.467215563292293856e-01 1.833792277259138973e-02
9.535243763927792049e-01 1.623236476704490588e-02
9.598821887915213180e-01 1.423229754725385127e-02
9.657897817722574940e-01 1.234583959643444084e-02
9.712423414766961915e-01 1.058064993206476317e-02
9.762354500268721758e-01 8.943897280231221172e-03
9.807650834628810488e-01 7.442230975409669901e-03
9.848276095935055707e-01 6.081753754814834406e-03
9.884197858209303744e-01 4.867996608510402959e-03
9.915387570000413486e-01 3.805895836817441841e-03
9.941820533908064528e-01 2.899772455282559596e-03
9.963475887589302582e-01 2.153314074696918712e-03
9.980336586754369188e-01 1.569559369530013678e-03
9.992389390601730259e-01 1.150885232811546663e-03
9.999624850075169435e-01 8.989966991223406366e-04
1.000000000000000000e+00 8.149197001220643763e-04
