1.000000000000000000e+00 -1.259912996380089080e-03
9.997380666349277023e-01 -1.291623063960721041e-03
9.989969315914498660e-01 -1.386658602457593176e-03
9.977625217001171443e-01 -1.544736295154231246e-03
9.960360588640601032e-01 -1.765386189959360606e-03
9.938192520118467321e-01 -2.047955024901884982e-03
9.911142953647275045e-01 -2.391610808198283648e-03
9.879238662131517579e-01 -2.795348578875906861e-03
9.842511222057794829e-01 -3.257997255053874178e-03
9.800996981548745213e-01 -3.778227459748482227e-03
9.754737023626155468e-01 -4.354560198789896378e-03
9.703777124734814796e-01 -4.985376252385357101e-03
9.648167708584399760e-01 -5.668926131277380806e-03
9.587963795372294040e-01 -6.403340440516097111e-03
9.523224946455289830e-01 -7.186640488746888662e-03
9.454015204542821627e-01 -8.016748978698454500e-03
9.380403029488785238e-01 -8.891500615302075014e-03
9.302461229762842843e-01 -9.808652471572662165e-03
9.220266889685631018e-01 -1.076589395898563256e-02
9.133901292515481662e-01 -1.176085625848963777e-02
9.043449839476912500e-01 -1.279112108034536309e-02
8.949001964823594113e-01 -1.385422863548720247e-02
8.850651047030492213e-01 -1.494768471781118477e-02
8.748494316211662403e-01 -1.606896681542901995e-02
8.642632757861591353e-01 -1.721552918917074529e-02
8.533171013019208440e-01 -1.838480687812332759e-02
8.420217274954771014e-01 -1.957421861438161242e-02
8.303883182480574776e-01 -2.078116865208683162e-02
8.184283709987327793e-01 -2.200304753881179506e-02
8.061537054308648420e-01 -2.323723188004057916e-02
7.935764518516769117e-01 -2.448108316945635243e-02
7.807090392753335273e-01 -2.573194577861444635e-02
7.675641832199814329e-01 -2.698714421894896076e-02
7.541548732292946422e-01 -2.824397980658097801e-02
7.404943601291644750e-01 -2.949972687574190650e-02
7.265961430302848578e-01 -3.075162869948543098e-02
7.124739560875327227e-01 -3.199689328648908093e-02
6.981417550271793449e-01 -3.323268922991937102e-02
6.836137034531716283e-01 -3.445614178838495023e-02
6.689041589439098656e-01 -3.566432937981613149e-02
6.540276589511931915e-01 -3.685428066661721597e-02
6.389989065132496426e-01 -3.802297240463334976e-02
6.238327557940596124e-01 -3.916732821939847980e-02
6.085441974614747007e-01 -4.028421846088853231e-02
5.931483439169716876e-01 -4.137046127274270069e-02
5.776604143902156485e-01 -4.242282499384691236e-02
5.620957199119729353e-01 -4.343803198954707123e-02
5.464696481792866711e-01 -4.441276398687675486e-02
5.307976483272026647e-01 -4.534366896338694330e-02
5.150952156217251110e-01 -4.622736961282728624e-02
4.993778760890573154e-01 -4.706047338345897141e-02
4.836611710965605382e-01 -4.783958405660704294e-02
4.679606419012306562e-01 -4.856131480463366651e-02
4.522918141818332294e-01 -4.922230263929129601e-02
4.366701825711672424e-01 -4.981922413385533183e-02
4.211111952052186691e-01 -5.034881227600005588e-02
4.056302383062320160e-01 -5.080787428350959367e-02
3.902426208169488264e-01 -5.119331019203873095e-02
3.749635591034443105e-01 -5.150213200365365979e-02
3.598081617441289404e-01 -5.173148316716125877e-02
3.447914144225615596e-01 -5.187865814660634622e-02
3.299281649417538653e-01 -5.194112182306576120e-02
3.152331083776129250e-01 -5.191652846723571191e-02
3.007207723890850115e-01 -5.180274001647614673e-02
2.864055027024147715e-01 -5.159784339007438686e-02
2.723014487867234656e-01 -5.130016658058749596e-02
2.584225497378432324e-01 -5.090829326722854514e-02
2.447825203870118427e-01 -5.042107570932316540e-02
2.313948376506445026e-01 -4.983764569376785553e-02
2.182727271369536426e-01 -4.915742332999527286e-02
2.054291500246882285e-01 -4.838012350896508940e-02
1.928767902287153169e-01 -4.750575986886590441e-02
1.806280418665739407e-01 -4.653464613919771481e-02
1.686949970394914788e-01 -4.546739476632406796e-02
1.570894339406843088e-01 -4.430491275701404358e-02
1.458228053030610205e-01 -4.304839471148023955e-02
1.349062271977206073e-01 -4.169931305347263778e-02
1.243504681938954470e-01 -4.025940550160608811e-02
1.141659388902317718e-01 -3.873065986275655431e-02
1.043626818265381007e-01 -3.711529626453712039e-02
9.495036178437946117e-02 -3.541574697903378949e-02
8.593825648413475071e-02 -3.363463402362739524e-02
7.733524768540657457e-02 -3.177474475636081486e-02
6.914981269694846222e-02 -2.983900571245360137e-02
6.139001630158606032e-02 -2.783045495478583126e-02
5.406350310094796413e-02 -2.575221323406701179e-02
4.785942897404223823e-02 -2.367680604756445401e-02
4.241930833017873437e-02 -2.166545581223793676e-02
3.762966474362236524e-02 -1.975129188368024424e-02
3.331784080445308882e-02 -1.794209744919772823e-02
2.933888766460470560e-02 -1.623734466964010803e-02
2.558270695655488064e-02 -1.463346216417780142e-02
2.197903775562147846e-02 -1.312255073089419952e-02
1.849729453758397479e-02 -1.168791132717635073e-02
1.514100575255512837e-02 -1.030008436633830793e-02
1.193895108871300195e-02 -8.915788402633280027e-03
8.935816807087722247e-03 -7.480190417732548482e-03
6.184474057285373194e-03 -5.931526760450443400e-03
3.740773879747355448e-03 -4.206656656515565459e-03
1.660794565183306565e-03 -2.246397092348098156e-03
0.000000000000000000e+00 0.000000000000000000e+00
-1.167354930914906580e-03 2.539273474226048499e-03
-1.767502308018914416e-03 5.362679362639639208e-03
-1.746438660365369488e-03 8.475242260435630545e-03
-1.050518121565487129e-03 1.186234674770334993e-02
3.727083161493395871e-04 1.548883883768818227e-02
2.571743518756150482e-03 1.929863672072370043e-02
5.585943523668699881e-03 2.321542620361365800e-02
9.437801115747445485e-03 2.714551128930578136e-02
1.412360736650216698e-02 3.098414097195792416e-02
1.960459604024176322e-02 3.462618091850498681e-02
2.580139024132145631e-02 3.798057142281069387e-02
3.259384936812628752e-02 4.098604432758724131e-02
3.982606598584012558e-02 4.362424921956101903e-02
4.731351855993840699e-02 4.592676437783645843e-02
5.492997271068424808e-02 4.797578734606786077e-02
6.230330365455035574e-02 4.988127288027883327e-02
7.010816029910800495e-02 5.170690400444152846e-02
7.833682681257835012e-02 5.344974048744055573e-02
8.698116924130352978e-02 5.510693463793405605e-02
9.603264384067319859e-02 5.667575995631105729e-02
1.054823057977714862e-01 5.815363858679661879e-02
1.153208183339790860e-01 5.953816727418378280e-02
1.255384621756449604e-01 6.082714155257451516e-02
1.361251453808680623e-01 6.201857791974055983e-02
1.470704135103915178e-01 6.311073377986695099e-02
1.583634601306269651e-01 6.410212496908232471e-02
1.699931376368568059e-01 6.499154071183474435e-02
1.819479683847366469e-01 6.577805589134899655e-02
1.942161561183084195e-01 6.646104055358514895e-02
2.067855976828387454e-01 6.704016660078299106e-02
2.196438950109156629e-01 6.751541166730225252e-02
2.327783673703590628e-01 6.788706020652948703e-02
2.461760638626172837e-01 6.815570185261532465e-02
2.598237761604417773e-01 6.832222715424288162e-02
2.737080514737297854e-01 6.838782080905497773e-02
2.878152057325125690e-01 6.835395255635674794e-02
3.021313369761344791e-01 6.822236591188357568e-02
3.166423389377093778e-01 6.799506495144261309e-02
3.313339148129549883e-01 6.767429936981518568e-02
3.461915912024911002e-01 6.726254805721694485e-02
3.612007322166418954e-01 6.676250144767850725e-02
3.763465537317010612e-01 6.617704290181926352e-02
3.916141377865088868e-01 6.550922939058738403e-02
4.069884471080436050e-01 6.476227174664192510e-02
4.224543397545507117e-01 6.393951474622250331e-02
4.379965838645286103e-01 6.304441727672292772e-02
4.535998724996525566e-01 6.208053283393666355e-02
4.692488385694562059e-01 6.105149057831536080e-02
4.849280698253113919e-01 5.996097716186137017e-02
5.006221239109429622e-01 5.881271951679229587e-02
5.163155434564031809e-01 5.761046877423962181e-02
5.319928712021108064e-01 5.635798545637191181e-02
5.476386651392278759e-01 5.505902605889805013e-02
5.632375136523315451e-01 5.371733111334614508e-02
5.787740506500155258e-01 5.233661479029112079e-02
5.942329706687531354e-01 5.092055607627703206e-02
6.095990439350680301e-01 4.947279152900654897e-02
6.248571313707954600e-01 4.799690958789954581e-02
6.399921995259797436e-01 4.649644639078275715e-02
6.549893354237544818e-01 4.497488302267328014e-02
6.698337613013817249e-01 4.343564409973335594e-02
6.845108492315065130e-01 4.188209757084471185e-02
6.990061356076013865e-01 4.031755560117861181e-02
7.133053354775401589e-01 3.874527638687337572e-02
7.273943567092618911e-01 3.716846673768460507e-02
7.412593139725511815e-01 3.559028525539422588e-02
7.548865425210766755e-01 3.401384592995548156e-02
7.682626117590155568e-01 3.244222197285398512e-02
7.813743385767972782e-01 3.087844970797413643e-02
7.942088004407962254e-01 2.932553234430511357e-02
8.067533482221117547e-01 2.778644346198799048e-02
8.189956187499569662e-01 2.626413005332718306e-02
8.309235470755947928e-01 2.476151497324281803e-02
8.425253784332116247e-01 2.328149866897998715e-02
8.537896798846266178e-01 2.182696007640327895e-02
8.647053516352526392e-01 2.040075658956948604e-02
8.752616380092933523e-01 1.900572303112725570e-02
8.854481380727402540e-01 1.764466957305061909e-02
8.952548158933312239e-01 1.632037857989437207e-02
9.046720104272562013e-01 1.503560036973476503e-02
9.136904450230137753e-01 1.379304791084963629e-02
9.223012365334521956e-01 1.259539049457255103e-02
9.304959040276595816e-01 1.144524644625140135e-02
9.382663770949851711e-01 1.034517495647573927e-02
9.456050037340860692e-01 9.297667133364264855e-03
9.525045578204905938e-01 8.305136393401045536e-03
9.589582461467516250e-01 7.369908322806084482e-03
9.649597150298115933e-01 6.494210153466255589e-03
9.705030564807440863e-01 5.680160006848700496e-03
9.755828139325380954e-01 4.929756065912040131e-03
9.801939875220687659e-01 4.244865838720543114e-03
9.843320389228515932e-01 3.627215678201476355e-03
9.879928957255956767e-01 3.078380720259408891e-03
9.911729553639613277e-01 2.599775397332753420e-03
9.938690885832910382e-01 2.192644676537593845e-03
9.960786424504178838e-01 1.858056160946465214e-03
9.977994429029628520e-01 1.596893179487280994e-03
9.990297968368216930e-01 1.409848975656455370e-03
9.997684937308038977e-01 1.297422087994585258e-03
1.000000000000000000e+00 1.259912996380089080e-03
