1.000000000000000000e+00 -6.259255837735236026e-04
9.996798063664014133e-01 -6.149309855423475699e-04
9.989340857140892593e-01 -5.819870828108802876e-04
9.976920749091940932e-01 -5.272135536455410968e-04
9.959550581344853715e-01 -4.508098647788528427e-04
9.937248307711702422e-01 -3.530552627058885238e-04
9.910036969396464057e-01 -2.343087338541136738e-04
9.877944663593116736e-01 -9.500890717682210218e-05
9.841004505431416582e-01 6.432613408658620184e-05
9.799254583456107337e-01 2.430991706153236113e-04
9.752737908850677151e-01 4.406343393144082458e-04
9.701502358638196544e-01 6.561778478762891192e-04
9.645600613108915589e-01 8.888989626683599030e-04
9.585090087737180298e-01 1.137891322754550766e-03
9.520032859858462704e-01 1.402174633348179846e-03
9.450495590381008393e-01 1.680696791192655415e-03
9.376549440805993507e-01 1.972336492252643042e-03
9.298269985825149408e-01 2.275906368676965108e-03
9.215737121756054639e-01 2.590156697290442109e-03
9.129034971063123560e-01 2.913779715935001409e-03
9.038251783197064348e-01 3.245414576887033220e-03
8.943479831968060845e-01 3.583652958418464055e-03
8.844815309648503820e-01 3.927045346465858275e-03
8.742358217980717994e-01 4.274107988455485077e-03
8.636212256244157892e-01 4.623330510760177356e-03
8.526484706515938816e-01 4.973184180200157165e-03
8.413286316238929308e-01 5.322130778630241449e-03
8.296731178193390566e-01 5.668632048164085405e-03
8.176936607952302039e-01 6.011159653177224407e-03
8.054023018887190855e-01 6.348205594095657212e-03
7.928113794781096457e-01 6.678292997326234354e-03
7.799335160098714859e-01 6.999987195705959300e-03
7.667816047960736014e-01 7.311907004738745289e-03
7.533687965870348169e-01 7.612736091825557730e-03
7.397084859244633659e-01 7.901234328844299049e-03
7.258142972812080540e-01 8.176249012954297374e-03
7.117000709949677928e-01 8.436725836511990706e-03
6.973798490048179755e-01 8.681719484606099241e-03
6.828678604012496933e-01 8.910403738031234117e-03
6.681785068024357344e-01 9.122080960584321579e-03
6.533263475716646340e-01 9.316190852416098012e-03
6.383260848931799902e-01 9.492318355807067426e-03
6.231925487260085994e-01 9.650200606137419174e-03
6.079406816576522488e-01 9.789732828929007674e-03
5.925855236816945926e-01 9.910973093572857801e-03
5.771421969253532902e-01 1.001414584560530660e-02
5.616258903547320935e-01 1.009964415202383586e-02
5.460518444869140176e-01 1.016803060797864811e-02
5.304353361390431454e-01 1.022003686805213196e-02
5.147916632451158270e-01 1.025656178104473321e-02
4.991361297712964551e-01 1.027866812350087047e-02
4.834840307601742659e-01 1.028757794390057489e-02
4.678506375334614553e-01 1.028466654626881277e-02
4.522511830812008249e-01 1.027145515866853542e-02
4.367008476636220493e-01 1.024960234839563528e-02
4.212147446493745839e-01 1.022089426143766439e-02
4.058079066110222843e-01 1.018723377865612262e-02
3.904952716954541159e-01 1.015062869497108597e-02
3.752916702833126172e-01 1.011317904035731116e-02
3.602118119477402680e-01 1.007706367250219004e-02
3.452702727187733078e-01 1.004452628035463688e-02
3.304814826556612406e-01 1.001786094535960306e-02
3.158597137253477682e-01 9.999397412797976503e-03
3.014190679814112706e-01 9.991486229245897382e-03
2.874539412061809518e-01 9.938107121479692468e-03
2.737225946588208725e-01 9.760662253834317958e-03
2.602055826887639811e-01 9.467340629412540620e-03
2.469143492877476920e-01 9.067397126077351294e-03
2.338601819715900587e-01 8.570395907875904412e-03
2.210542169387785250e-01 7.986168417910246425e-03
2.085074433001177230e-01 7.324771552474119291e-03
1.962307061738687852e-01 6.596446127753619049e-03
1.842347084688913117e-01 5.811575734095957013e-03
1.725300112092243154e-01 4.980646058985922081e-03
1.611270322864669369e-01 4.114204748506954112e-03
1.500360435604026765e-01 3.222821868152411784e-03
1.392671662627672780e-01 2.317051017254850853e-03
1.288303646931638347e-01 1.407391146797859482e-03
1.187354382292263033e-01 5.042491276971358682e-04
1.089920117046554032e-01 -3.820968845207120546e-04
9.960952423823031532e-02 -1.241533242670928017e-03
9.059721662391163888e-02 -2.064145711601510225e-03
8.196411741641682069e-02 -2.840253434228584561e-03
7.371902786789401307e-02 -3.560441909725788751e-03
6.587050588939734330e-02 -4.215594931829871536e-03
5.842684922565537231e-02 -4.796925433535421598e-03
5.139607804305944272e-02 -5.296005183094341234e-03
4.478591713888416953e-02 -5.704793275336432143e-03
3.860377798449583092e-02 -6.015663361983608973e-03
3.285674081677422004e-02 -6.221429564897372477e-03
2.755153699026200581e-02 -6.315371017103631190e-03
2.269453179775929308e-02 -6.291254977980986589e-03
1.829170795935453411e-02 -6.143358471151436247e-03
1.434864996936668913e-02 -5.866488396334378942e-03
1.087052947754692245e-02 -5.456000069654253631e-03
7.862091865347583391e-03 -4.907814150559906483e-03
5.327644160308442171e-03 -4.218431917537420958e-03
3.271044411878240576e-03 -3.384948859093010309e-03
1.695692630506201448e-03 -2.405066550955533775e-03
6.045233688783953167e-04 -1.277102795007097925e-03
0.000000000000000000e+00 0.000000000000000000e+00
-1.110837346099953320e-04 1.408632590218078778e-03
2.775789412222395836e-04 2.930407014372942397e-03
1.166990985041763346e-03 4.564048040897385541e-03
2.557654525213792947e-03 6.307360914707817873e-03
4.449567539514756413e-03 8.157239556900678507e-03
6.842219793764356406e-03 1.010967954494874227e-02
9.734588091885987282e-03 1.215979580033176716e-02
1.312513091201438983e-02 1.430184488914547011e-02
1.701178252529775281e-02 1.652925182032477514e-02
2.139194671458446301e-02 1.883464120569234082e-02
2.626249022900032162e-02 2.120987262611643415e-02
3.161973612725282184e-02 2.364608002862703812e-02
3.745945717713469042e-02 2.613371496041211328e-02
4.377686949092120250e-02 2.866259342719899503e-02
5.056662658597683990e-02 3.122194614563715553e-02
5.782281406673907276e-02 3.380047194196155597e-02
6.553894512816245410e-02 3.638639403245853832e-02
7.370795708156810400e-02 3.896751890513430044e-02
8.232220910152664162e-02 4.153129750655942115e-02
9.137348138682234444e-02 4.406488842322299482e-02
1.008529759196541836e-01 4.655522273299289582e-02
1.107513189949845545e-01 4.898907018958488513e-02
1.210585656763765866e-01 5.135310639147225298e-02
1.317642063158213916e-01 5.363398057662797230e-02
1.428571752530498618e-01 5.581838367612271951e-02
1.543258617848443370e-01 5.789311625318362131e-02
1.661581234671239693e-01 5.984515595014157363e-02
1.783413017824192759e-01 6.166172406408498147e-02
1.908622401731549512e-01 6.333035087331496948e-02
2.037073044074092509e-01 6.483893934118194202e-02
2.168624052090907806e-01 6.617582683187717141e-02
2.303130230494135067e-01 6.732984448450936299e-02
2.440442349618814344e-01 6.829037390751259429e-02
2.580407432095210285e-01 6.904740087522537317e-02
2.722869056016323785e-01 6.959156573235991683e-02
2.867667672287463887e-01 6.991421023994319472e-02
3.014330413838082201e-01 7.000818174920998838e-02
3.160157335899745346e-01 6.995913139775095102e-02
3.307805970990476130e-01 6.982895364991091591e-02
3.457127329062793519e-01 6.961759995178543048e-02
3.607970820130305678e-01 6.932525663698317631e-02
3.760184425518327545e-01 6.895234135775760165e-02
3.913614869080035974e-01 6.849949862544701951e-02
4.068107788032533367e-01 6.796759457288287232e-02
4.223507903103947969e-01 6.735771105202198461e-02
4.379659187720738034e-01 6.667113917877820484e-02
4.536405036002849611e-01 6.590937243395005030e-02
4.693588429372254067e-01 6.507409942437158978e-02
4.851052101616976642e-01 6.416719640208468078e-02
5.008638702287038225e-01 6.319071963160116656e-02
5.166190958330124650e-01 6.214689768636887796e-02
5.323551833902703256e-01 6.103812374557188170e-02
5.480564688316005295e-01 5.986694795159412663e-02
5.637073432095723868e-01 5.863606987707298962e-02
5.792922681148778841e-01 5.734833113869640397e-02
5.947957909040302305e-01 5.600670818298003617e-02
6.102025597388904821e-01 5.461430525742919095e-02
6.254973384388464730e-01 5.317434756896657899e-02
6.406650211460493960e-01 5.169017462050411182e-02
6.556906468032830393e-01 5.016523370625801392e-02
6.705594134428558561e-01 4.860307353703451072e-02
6.852566922834284480e-01 4.700733795841623153e-02
6.997680416299627559e-01 4.538175971770080919e-02
7.140792205701050888e-01 4.373015422970378402e-02
7.281762024583386950e-01 4.205641328723344619e-02
7.420451881772522906e-01 4.036449865924245789e-02
7.556726191633365008e-01 3.865843551840141695e-02
7.690451901829233883e-01 3.694230564013221280e-02
7.821498618422593196e-01 3.522024031697298940e-02
7.949738728143634914e-01 3.349641293546949672e-02
8.075047517642575112e-01 3.177503116753887386e-02
8.197303289534595416e-01 3.006032873432933766e-02
8.316387475043132138e-01 2.835655670788611582e-02
8.432184743047957953e-01 2.666797432429652767e-02
8.544583105349535801e-01 2.499883929125951837e-02
8.653474017969959853e-01 2.335339758304445790e-02
8.758752478323877932e-01 2.173587272638045215e-02
8.860317118109390933e-01 2.015045459175885539e-02
8.958070291788845507e-01 1.860128771574559581e-02
9.051918160552410164e-01 1.709245919097290844e-02
9.141770771682495855e-01 1.562798617133076204e-02
9.227542133264098334e-01 1.421180305029530293e-02
9.309150284214289250e-01 1.284774838013883445e-02
9.386517359632643442e-01 1.153955160878451444e-02
9.459569651502673926e-01 1.029081971913666307e-02
9.528237664801733064e-01 9.105023862686068697e-03
9.592456169102629993e-01 7.985486084938145032e-03
9.652164245773600104e-01 6.935366244625230762e-03
9.707305330904059115e-01 5.957649231663490232e-03
9.757827254100859271e-01 5.055132590334708576e-03
9.803682273313325535e-01 4.230414654178041647e-03
9.844827105854894178e-01 3.485883297552729368e-03
9.881222955794357610e-01 2.823705405788746060e-03
9.912835537890424265e-01 2.245817161320367433e-03
9.939635098239675282e-01 1.753915237249274901e-03
9.961596431799926155e-01 1.349448982497290393e-03
9.978698896938859031e-01 1.033613674183966099e-03
9.990926427141822996e-01 8.073449032249238773e-04
9.998267539993301867e-01 6.713141485333130399e-04
1.000000000000000000e+00 6.259255837735236026e-04
