1.000000000000000000e+00 -8.358312397763761501e-04
9.996674360098083412e-01 -8.341279576045585202e-04
9.989207545360251350e-01 -8.290396987265199504e-04
9.976771554395328367e-01 -8.206313349657866048e-04
9.959379423983787394e-01 -8.090113433487033066e-04
9.937049378468574279e-01 -7.943323221953356482e-04
9.909804802799062617e-01 -7.767916742847654843e-04
9.877674208145600376e-01 -7.566324187021889434e-04
9.840691190281505296e-01 -7.341440833725110943e-04
9.798894380965008644e-01 -7.096636216745639582e-04
9.752327392584859700e-01 -6.835762890992393148e-04
9.701038756359511295e-01 -6.563164098298806398e-04
9.645081854400425758e-01 -6.283679585248839322e-04
9.584514845965074192e-01 -6.002648795912649340e-04
9.519400588234260274e-01 -5.725910649436770708e-04
9.449806551951644984e-01 -5.459799117032348645e-04
9.375804732260887286e-01 -5.211133835399265127e-04
9.297471555067985394e-01 -4.987205033944244748e-04
9.214887779243522425e-01 -4.795752110991306771e-04
9.128138394962380664e-01 -4.644935268889385793e-04
9.037312518457485400e-01 -4.543299708492983674e-04
8.942503283440228490e-01 -4.499731988729972765e-04
8.843807729414133734e-01 -4.523408275253128913e-04
8.741326687080996916e-01 -4.623734331751627041e-04
8.635164661010992226e-01 -4.810277246301633558e-04
8.525429709721030758e-01 -5.092689030946791207e-04
8.412233323279959540e-01 -5.480622383053617569e-04
8.295690298535524088e-01 -5.983639049437876334e-04
8.175918612037604838e-01 -6.611111386043509036e-04
8.053039290715345855e-01 -7.372117854538944026e-04
7.927176280353082083e-01 -8.275333339764004426e-04
7.798456311902171034e-01 -9.328915305986187900e-04
7.667008765662655101e-01 -1.054038693278188527e-03
7.532965533370875599e-01 -1.191651848066070662e-03
7.396460878236289505e-01 -1.346320823008596845e-03
7.257631292982760218e-01 -1.518536441322888841e-03
7.116615355966379175e-01 -1.708678961393320789e-03
6.973553585462467508e-01 -1.917006914643588911e-03
6.828588292238878532e-01 -2.143646493626690658e-03
6.681863430559620287e-01 -2.388581641662272659e-03
6.533524447791914103e-01 -2.651644991992722217e-03
6.383718132819850011e-01 -2.932509798721869704e-03
6.232592463497877988e-01 -3.230682993774030426e-03
6.080296453406605073e-01 -3.545499493840097854e-03
5.926979998200662125e-01 -3.876117868869505961e-03
5.772793721862690131e-01 -4.221517469270272965e-03
5.617888823198143866e-01 -4.580497092775803747e-03
5.462416922921382589e-01 -4.951675254140107396e-03
5.306529911694012336e-01 -5.333492101678879299e-03
5.150379799480852006e-01 -5.724213004449259234e-03
4.994118566586748242e-01 -6.121933812850120088e-03
4.837898016728616191e-01 -6.524587773933533674e-03
4.681869632481148735e-01 -6.929954061068659132e-03
4.526184433411877261e-01 -7.335667856118208152e-03
4.370992837191803315e-01 -7.739231901302663641e-03
4.216444523932081356e-01 -8.138029417767009971e-03
4.062688303955833691e-01 -8.529338268839309345e-03
3.910607228210896680e-01 -8.918737911003379870e-03
3.760131778327787111e-01 -9.338592551473231390e-03
3.610894214023722126e-01 -9.788871682224919990e-03
3.463031653354553541e-01 -1.026527879017640615e-02
3.316679603942151444e-01 -1.076333567763557500e-02
3.171971902311489511e-01 -1.127840737109391672e-02
3.029040658849072032e-01 -1.180572750033105980e-02
2.888016207635468735e-01 -1.234042391582560946e-02
2.749027060311630688e-01 -1.287754431502647137e-02
2.612199863060886695e-01 -1.341208165356873316e-02
2.477659355728172863e-01 -1.393899912589367102e-02
2.345528332057019993e-01 -1.445325451078689413e-02
2.215927600004329867e-01 -1.494982369087170457e-02
2.088975941094047273e-01 -1.542372317084479000e-02
1.964790067793790174e-01 -1.587003143694553850e-02
1.843484577943319824e-01 -1.628390901950846695e-02
1.725171905329719868e-01 -1.666061714115015316e-02
1.609962265590431929e-01 -1.699553485485362850e-02
1.497963596730125801e-01 -1.728417459860440847e-02
1.389281493659003108e-01 -1.752219611596465138e-02
1.284019136296120633e-01 -1.770541871471559628e-02
1.182277210929041922e-01 -1.782983185812966193e-02
1.084153824677689393e-01 -1.789160410524542194e-02
9.897444130726403000e-02 -1.788709043741965390e-02
8.991416409228149276e-02 -1.781283802815116987e-02
8.124352968115911011e-02 -1.766559053146760788e-02
7.297121817202027738e-02 -1.744229098081805790e-02
6.510559924298772727e-02 -1.714008340523447138e-02
5.765472004963766162e-02 -1.675631328235009654e-02
5.062629277194957006e-02 -1.628852695856798996e-02
4.402768191432141626e-02 -1.573447017515622326e-02
3.786589147171222358e-02 -1.509208584524412630e-02
3.214755208246217882e-02 -1.435951123056886797e-02
2.687890829367477891e-02 -1.353507466836909902e-02
2.206580606809917244e-02 -1.261729199806468568e-02
1.771368066217710036e-02 -1.160486283435140271e-02
1.382754500328101446e-02 -1.049666682815422400e-02
1.041197869019797918e-02 -9.291760049624011100e-03
7.471117734680994202e-03 -7.989371618159005206e-03
5.008645153495945926e-03 -6.588900693426177554e-03
3.027782510009215979e-03 -5.089913928721080671e-03
1.531282492160545086e-03 -3.492143473913934641e-03
5.214225998917887059e-04 -1.795485599888796717e-03
0.000000000000000000e+00 0.000000000000000000e+00
-2.798296562338866691e-05 1.869478718528494237e-03
4.419890795678960540e-04 3.787769165857970445e-03
1.410252886910787727e-03 5.753772723429301586e-03
2.876653532026289626e-03 7.765866314814521415e-03
4.840541670181346470e-03 9.821910189141355024e-03
7.300770581113298803e-03 1.191925917593804514e-02
1.025569305797166195e-02 1.405477731651259485e-02
1.370315820919182186e-02 1.622485574961896743e-02
1.764050825495787345e-02 1.842543370304311132e-02
2.206457541117168991e-02 2.065202241811170403e-02
2.697167896331236631e-02 2.289973181123720197e-02
3.235762264003642918e-02 2.516329965567489294e-02
3.821769240169744369e-02 2.743712304789823475e-02
4.454665476203107516e-02 2.971529190657391448e-02
5.133875576199455060e-02 3.199162423820422346e-02
5.858772071314868185e-02 3.425970289223888299e-02
6.628675482403618979e-02 3.651291351994805090e-02
7.442854481682581458e-02 3.874448344568039160e-02
8.300526163315678774e-02 4.094752115635297285e-02
9.200856431778862976e-02 4.311505611515452363e-02
1.014296051565406476e-01 4.524007860848123369e-02
1.112590361313066656e-01 4.731557934101591339e-02
1.214870167399283302e-01 4.933458850253105710e-02
1.321032232126883588e-01 5.129021404133102952e-02
1.430968591404399581e-01 5.317567889309993828e-02
1.544566675122680810e-01 5.498435693011601011e-02
1.661709441433762979e-01 5.670980741411386916e-02
1.782275524569786052e-01 5.834580775629018279e-02
1.906139395676447190e-01 5.988638440978473476e-02
2.033171535981222466e-01 6.132584174313818887e-02
2.163238621474363188e-01 6.265878876742085601e-02
2.296203718153015660e-01 6.388016361461204551e-02
2.431926486768118401e-01 6.498525569005050850e-02
2.570263395921963401e-01 6.596972544702352226e-02
2.711067942292901822e-01 6.682962175646915692e-02
2.854190876713804670e-01 6.756139686898565699e-02
2.999480434803122875e-01 6.816191898954260253e-02
3.146782570841733517e-01 6.862848250714800868e-02
3.295941193604937092e-01 6.895881594194912256e-02
3.446798402895973057e-01 6.915108769056257931e-02
3.599194725583986232e-01 6.920390966660296128e-02
3.752969350023666606e-01 6.911633894721137816e-02
3.907960357823680453e-01 6.888787754771838467e-02
4.063498550186922520e-01 6.852270363460663538e-02
4.219210825665612452e-01 6.805894792458654086e-02
4.375674827165155212e-01 6.750693498422088989e-02
4.532732433402980599e-01 6.686845746827445314e-02
4.690225172225719885e-01 6.614551899727549866e-02
4.847994392490103110e-01 6.534032393415800666e-02
5.005881433413253978e-01 6.445526714618345088e-02
5.163727791300430914e-01 6.349292386206945027e-02
5.321375283599122374e-01 6.245603972024194039e-02
5.478666210263762881e-01 6.134752108901254247e-02
5.635443512444900938e-01 6.017042572355053853e-02
5.791550928539621612e-01 5.892795380808212025e-02
5.946833147656586105e-01 5.762343941511265111e-02
6.101135960558822235e-01 5.626034239693977757e-02
6.254306408150672736e-01 5.484224070860692357e-02
6.406192927572443852e-01 5.337282314602669053e-02
6.556645495957562630e-01 5.185588246855497851e-02
6.705515771893295618e-01 5.029530886206968338e-02
6.852657234607902881e-01 4.869508368682812227e-02
6.997925320885339806e-01 4.705927344424491732e-02
7.141177559684349641e-01 4.539202388840646307e-02
7.282273704412707271e-01 4.369755420175695793e-02
7.421075862780867061e-01 4.198015115004240239e-02
7.557448624132837578e-01 4.024416312934561701e-02
7.691259184127314796e-01 3.849399401790057351e-02
7.822377466619137021e-01 3.673409674732721480e-02
7.950676242571649288e-01 3.496896651191324507e-02
8.076031245814420112e-01 3.320313354050540011e-02
8.198321285449292617e-01 3.144115536332878214e-02
8.317428354700998616e-01 2.968760851547257509e-02
8.433237736006927721e-01 2.794707962968790566e-02
8.545638102144443859e-01 2.622415588331888578e-02
8.654521613203125519e-01 2.452341477741258602e-02
8.759784009223599011e-01 2.284941324007783159e-02
8.861324698343761019e-01 2.120667606072620948e-02
8.959046840316677862e-01 1.959968367667698150e-02
9.052857425291989113e-01 1.803285934845543642e-02
9.142667347783238752e-01 1.651055577471544772e-02
9.228391475776630548e-01 1.503704121179316733e-02
9.309948714971453265e-01 1.361648517620961049e-02
9.387262068177749663e-01 1.225294382074641752e-02
9.460258689932037335e-01 1.095034508580388505e-02
9.528869936425935494e-01 9.712473737412300606e-03
9.593031410874736098e-01 8.542956411343907708e-03
9.652683004482089935e-01 7.445246789107937829e-03
9.707768933182744364e-01 6.422611036097164265e-03
9.758237770366676722e-01 5.478113634701940043e-03
9.804042475804424228e-01 4.614603745766842485e-03
9.845140421004805464e-01 3.834702230314833774e-03
9.881493411241873970e-01 3.140789460014307196e-03
9.913067704487825704e-01 2.534994039468043033e-03
9.939834027482803425e-01 2.019182556127338633e-03
9.961767589160992475e-01 1.594950464594230202e-03
9.978848091635471595e-01 1.263614201400098998e-03
9.991059738922464240e-01 1.026204614203704351e-03
9.998391243559232588e-01 8.834617759200326425e-04
1.000000000000000000e+00 8.358312397763761501e-04
