1.000000000000000000e+00 -1.225208000495430286e-03
9.994512937331174740e-01 -1.199699916999923946e-03
9.986876360437533240e-01 -1.123325170057201065e-03
9.974159102905759688e-01 -9.965318386990309509e-04
9.956376693652592147e-01 -8.200652781826476287e-04
9.933550819372741758e-01 -5.949659398012945456e-04
9.905709271329823373e-01 -3.225662880589536853e-04
9.872885877759079998e-01 -4.486785654869880624e-06
9.835120422469305623e-01 3.573690902985747833e-04
9.792458550336400336e-01 7.608208433850811164e-04
9.744951660471942168e-01 1.203418011621075999e-03
9.692656787925056916e-01 1.682448330431124753e-03
9.635636474833344511e-01 2.194947057195884357e-03
9.573958631978002343e-01 2.737707509689782381e-03
9.507696391718870599e-01 3.307292868860420114e-03
9.436927953286978754e-01 3.900049292599742229e-03
9.361736421396026353e-01 4.512120381358687357e-03
9.282209639100734710e-01 5.139463028644862888e-03
9.198440015780762202e-01 5.777864679626713157e-03
9.110524351065912851e-01 6.422962009297003214e-03
9.018563655443526672e-01 7.070261018018818636e-03
8.922662968205214984e-01 7.715158526905855491e-03
8.822931173300119223e-01 8.352965038556092736e-03
8.719480813568734057e-01 8.978928910361491655e-03
8.612427903738200108e-01 9.588261768207265862e-03
8.501891742470063518e-01 1.017616506813062011e-02
8.387994723667955288e-01 1.073785769275149501e-02
8.270862147178328350e-01 1.126860444835225614e-02
8.150622028955212262e-01 1.176374530775477906e-02
8.027404910712194752e-01 1.221872522399534283e-02
7.901343669053326746e-01 1.262912432065343982e-02
7.772573324061300415e-01 1.299068824694301141e-02
7.641230847326312414e-01 1.329935846974842836e-02
7.507454969423449365e-01 1.355130226107467348e-02
7.371385986889315012e-01 1.374294212826087519e-02
7.233165568809292179e-01 1.387098442613997340e-02
7.092936563203530165e-01 1.393244688541784432e-02
6.950842803489909461e-01 1.392468479017192062e-02
6.807028915403481317e-01 1.384541553973468730e-02
6.661640124860155332e-01 1.369274133648883118e-02
6.514822067364474112e-01 1.346516975133153077e-02
6.366720599672530678e-01 1.316163193277153365e-02
6.217481614527381462e-01 1.278149824372914328e-02
6.067250859381120298e-01 1.232459113195678163e-02
5.916173760100811307e-01 1.179119506535191569e-02
5.764395250720530939e-01 1.118206339197543031e-02
5.612059610345149219e-01 1.049842201592890434e-02
5.459310308329905492e-01 9.741969813924347688e-03
5.306289858850576913e-01 8.914875752883390236e-03
5.153139685940327785e-01 8.019772705663584522e-03
5.000000000000001110e-01 7.059747999428440945e-03
4.847009686688421026e-01 6.038330768626511136e-03
4.694306208969092342e-01 4.959476221394733264e-03
4.542025522930917547e-01 3.827546963819594694e-03
4.390302007815994334e-01 2.647291560275509548e-03
4.239268410480361293e-01 1.423820539430367682e-03
4.089055804288054263e-01 1.625800839482882676e-04
3.939793562199699339e-01 -1.130676333049515647e-03
3.791609343569485868e-01 -2.449918080474962345e-03
3.644629093914495965e-01 -3.788868969321783353e-03
3.498977056673844288e-01 -5.141040006145063124e-03
3.354775795738029198e-01 -6.499762977631613758e-03
3.212146227307142166e-01 -7.858224540300697003e-03
3.071207659435779558e-01 -9.209500490324665223e-03
2.932077837447879531e-01 -1.054658989388482238e-02
2.794872993260894001e-01 -1.186244876819597671e-02
2.659707896549727280e-01 -1.315002301709865262e-02
2.526695905609859238e-01 -1.440228034261648027e-02
2.395949015748435329e-01 -1.561224087474587935e-02
2.267577903043168364e-01 -1.677300628557187867e-02
2.141691961362265639e-01 -1.787778718014912394e-02
2.018399330633678102e-01 -1.891992858498095509e-02
1.897806914487490948e-01 -1.989293338489166174e-02
1.780020385568812369e-01 -2.079048359013512676e-02
1.665144177027150507e-01 -2.160645934723228606e-02
1.553281458927993075e-01 -2.233495563881651713e-02
1.444534098598724559e-01 -2.297029664923759193e-02
1.339002604209086345e-01 -2.350704780341148631e-02
1.236786051190584129e-01 -2.394002551600854858e-02
1.137981991413864469e-01 -2.426430471618936865e-02
1.042686345362216771e-01 -2.447522423940402814e-02
9.509932778567664613e-02 -2.456839020198149995e-02
8.629950581989845326e-02 -2.453967749611131802e-02
7.787819058927203386e-02 -2.438522956215379359e-02
6.984418233858075142e-02 -2.410145661184906474e-02
6.220604175251590040e-02 -2.368503248980204437e-02
5.497207116444600972e-02 -2.313289037151914848e-02
4.815029503961177487e-02 -2.244221750421148548e-02
4.174843995953713555e-02 -2.161044920154673102e-02
3.577391434616838256e-02 -2.063526230554517393e-02
3.023378817186333362e-02 -1.951456832792511711e-02
2.513477290469939146e-02 -1.824650647948469068e-02
2.048320193761025282e-02 -1.682943678966599202e-02
1.628501174459608125e-02 -1.526193350941019294e-02
1.254572399777609606e-02 -1.354277897892562643e-02
9.270428865533498000e-03 -1.167095812822796161e-02
6.463769694659560194e-03 -9.645653762450832197e-03
4.129929258553971701e-03 -7.466242766177778011e-03
2.272617729518986666e-03 -5.132293341616565342e-03
8.950625064277320693e-04 -2.643563374561324480e-03
0.000000000000000000e+00 0.000000000000000000e+00
-4.016228721593320845e-04 2.761959668865020257e-03
-2.993461577905456340e-04 5.605411262747896604e-03
3.081061383660322218e-04 8.529007722456460883e-03
1.421528990862674490e-03 1.153066409473298137e-02
3.041230539328843106e-03 1.460756715051876251e-02
5.167025273535183656e-03 1.775618982563053477e-02
7.798226316656596893e-03 2.097231036144903832e-02
1.093363693375867113e-02 2.425103598703418420e-02
1.457154141835765443e-02 2.758683094936381641e-02
1.870969553298313520e-02 3.097354866542828197e-02
2.334531669960616257e-02 3.440446773899782235e-02
2.847507415221151722e-02 3.787233155626204550e-02
3.409507927640708508e-02 4.136939114849016302e-02
4.020087636953463550e-02 4.488745098659779886e-02
4.678743405911631181e-02 4.841791735225367543e-02
5.384913761755566464e-02 5.195184891310926367e-02
6.137978240678443331e-02 5.548000911605090180e-02
6.937256867808647143e-02 5.899292000220696108e-02
7.782009793976163436e-02 6.248091704090084908e-02
8.671437108883098266e-02 6.593420457690719882e-02
9.604678848292313997e-02 6.934291148629806445e-02
1.058081521051524448e-01 7.269714664086508737e-02
1.159886699486317591e-01 7.598705378955322720e-02
1.265779627187162137e-01 7.920286547747881767e-02
1.375650729206532308e-01 8.233495563881652879e-02
1.489384763685962232e-01 8.537389051899108017e-02
1.606860961194670478e-01 8.831047760399340918e-02
1.727953188025614928e-01 9.113581226003517055e-02
1.852530132836559262e-01 9.384132181487227220e-02
1.980455515713004100e-01 9.641880684264597656e-02
2.111588318435524692e-01 9.886047944665253551e-02
2.245783034461600325e-01 1.011589983686502492e-01
2.382889936886431748e-01 1.033075007887194474e-01
2.522755362433122817e-01 1.052996307158384770e-01
2.665222009343638510e-01 1.071295639057443794e-01
2.810129246901393874e-01 1.087920292788061988e-01
2.957313434216415349e-01 1.102823268460459832e-01
3.106608245846080862e-01 1.115963421855853954e-01
3.257845001809059338e-01 1.127305575441789887e-01
3.410852999576682310e-01 1.136820596686418938e-01
3.565459845693212393e-01 1.144485444994426948e-01
3.721491784781967849e-01 1.150283188831067727e-01
3.878774023834877793e-01 1.154202994810106936e-01
4.037131049854701947e-01 1.156240090693468059e-01
4.196386939117332515e-01 1.156395704382788409e-01
4.356365656540964193e-01 1.154676981074423403e-01
4.516891343883940313e-01 1.151096880799017119e-01
4.677788595737776278e-01 1.145674058574739362e-01
4.838882722530298275e-01 1.138432729370697782e-01
5.000000000000001110e-01 1.129402520005715616e-01
5.160967904840955134e-01 1.118618310000327187e-01
5.321615336442557798e-01 1.106120063259852793e-01
5.481772824855239978e-01 1.091952652297969451e-01
5.641272725297895585e-01 1.076165676517889525e-01
5.799949399681780804e-01 1.058813275857337505e-01
5.957639385756436923e-01 1.039953940879431715e-01
6.114181554584307010e-01 1.019650320160043755e-01
6.269417257121169262e-01 9.979690255890266704e-02
6.423190460719763184e-01 9.749804359734935699e-02
6.575347876385002621e-01 9.507584991116527218e-02
6.725739077592760573e-01 9.253805323005850902e-02
6.874216611443300096e-01 8.989270210554999030e-02
7.020636102857897853e-01 8.714814156554936964e-02
7.164856352447198651e-01 8.431299249950349739e-02
7.306739428586175311e-01 8.139613071140842926e-02
7.446150754127841553e-01 7.840666557047887286e-02
7.582959188080263813e-01 7.535391818502823469e-02
7.717037102463657483e-01 7.224739902415588944e-02
7.848260454460007640e-01 6.909678491413763501e-02
7.976508853871404625e-01 6.591189534184339893e-02
8.101665625817571215e-01 6.270266800589591183e-02
8.223617868531685193e-01 5.947913356738870200e-02
8.342256506058194354e-01 5.625138956550594649e-02
8.457476335618931973e-01 5.302957347900730256e-02
8.569176069395411099e-01 4.982383493186937767e-02
8.677258370475917637e-01 4.664430706003387661e-02
8.781629882735861869e-01 4.350107707578024924e-02
8.882201254457775530e-01 4.040415608630035932e-02
8.978887155551691368e-01 3.736344824320278479e-02
9.071606288305947841e-01 3.438871931948433297e-02
9.160281391679706564e-01 3.148956482962229214e-02
9.244839239239390771e-01 2.867537782646885705e-02
9.325210630938703948e-01 2.595531652525216726e-02
9.401330379042610597e-01 2.333827191990146821e-02
9.473137288596703565e-01 2.083283556985180210e-02
9.540574132941325169e-01 1.844726774621816695e-02
9.603587624861807948e-01 1.618946613458891945e-02
9.662128384049171181e-01 1.406693529751940931e-02
9.716150901617198743e-01 1.208675710302148029e-02
9.765613502479594255e-01 1.025556232588207758e-02
9.810478306433032536e-01 8.579503626493947474e-03
9.850711188817005137e-01 7.064230107069616529e-03
9.886281741628394348e-01 5.714863637693668418e-03
9.917163235957064948e-01 4.535977134763845980e-03
9.943332586578635945e-01 3.531574962092076143e-03
9.964770319492187722e-01 2.705075610464729909e-03
9.981460543125040275e-01 2.059296794977701246e-03
9.993390923845182350e-01 1.596443091188548373e-03
1.000055266632614126e+00 1.318096211303617120e-03
1.000000000000000000e+00 1.225208000495430286e-03
