1.000000000000000000e+00 -2.309436915826005524e-03
9.997008778943571317e-01 -2.367428198498335370e-03
9.989567628849490566e-01 -2.541228657652236465e-03
9.977173957032169360e-01 -2.830319365719130738e-03
9.959840121635771260e-01 -3.233839553398884514e-03
9.937583405356441579e-01 -3.750592704685026552e-03
9.910425996793333914e-01 -4.379054951278287325e-03
9.878394966551612422e-01 -5.117385630716112487e-03
9.841522238156316105e-01 -5.963439837935535261e-03
9.799844553847645301e-01 -6.914782768395391112e-03
9.753403435339048633e-01 -7.968705622875498981e-03
9.702245139629448456e-01 -9.122242820146942571e-03
9.646420609969772464e-01 -1.037219024430230396e-02
9.585985422091752861e-01 -1.171512423900022103e-02
9.520999725813564796e-01 -1.314742105149771002e-02
9.451528182142159284e-01 -1.466527642528180943e-02
9.377639895996344732e-01 -1.626472504147915069e-02
9.299408344677493332e-01 -1.794165951600412007e-02
9.216911302216309609e-01 -1.969184867151070259e-02
9.130230759724643486e-01 -2.151095482045465093e-02
9.039452841880490919e-01 -2.339454981766098812e-02
8.944667719672608763e-01 -2.533812966738272984e-02
8.845969519528376068e-01 -2.733712750046065135e-02
8.743456228944953557e-01 -2.938692477135447859e-02
8.637229598739391001e-01 -3.148286056192169113e-02
8.527395042028395045e-01 -3.362023891823857913e-02
8.414061530043110970e-01 -3.579433418779801729e-02
8.297341484878448803e-01 -3.800039436639241625e-02
8.177350669270766481e-01 -4.023364250612019438e-02
8.054208073491827546e-01 -4.248927627754315456e-02
7.928035799441262022e-01 -4.476246581928584878e-02
7.798958942014582174e-01 -4.704835004661103715e-02
7.667105467818851050e-01 -4.934203162601363130e-02
7.532606091304004936e-01 -5.163857085498904653e-02
7.395594148374387000e-01 -5.393297871426085133e-02
7.256205467542445886e-01 -5.622020938332511486e-02
7.114578238685169698e-01 -5.849515252873288551e-02
6.970852879463071972e-01 -6.075262568768039634e-02
6.825171899462489922e-01 -6.298736707690139047e-02
6.677679762123512885e-01 -6.519402915834796031e-02
6.528522744519089649e-01 -6.736717328857889930e-02
6.377848795054966713e-01 -6.950126576813381307e-02
6.225807389165606276e-01 -7.159067559053772234e-02
6.072549383087745278e-01 -7.362967416813899491e-02
5.918226865800947367e-01 -7.561243728401079167e-02
5.762993009233097208e-01 -7.753304948602454671e-02
5.607001916838332267e-01 -7.938551110139704936e-02
5.450408470665220051e-01 -8.116374800806659684e-02
5.293368177043890066e-01 -8.286162425380104446e-02
5.136037011032245081e-01 -8.447295756566283731e-02
4.978571259773098556e-01 -8.599153774210359369e-02
4.821127364925916203e-01 -8.741114786832127059e-02
4.663861764348673500e-01 -8.872558824340705252e-02
4.506930733216875651e-01 -8.992870285607675040e-02
4.350490224777990855e-01 -9.101440819526450399e-02
4.194695710950039347e-01 -9.197672413340035602e-02
4.039702022982917806e-01 -9.280980657460116690e-02
3.885663192409805067e-01 -9.350798151807165892e-02
3.732732292523700535e-01 -9.406578014946317956e-02
3.581061280620599363e-01 -9.447797454045393784e-02
3.430800841255817746e-01 -9.473961350999904329e-02
3.282100230763511095e-01 -9.484605818007614542e-02
3.135107123291337450e-01 -9.479301674476248163e-02
2.989967458602448280e-01 -9.457657796445267939e-02
2.846825291895472843e-01 -9.419324289720851229e-02
2.705822645889907063e-01 -9.363995438674056759e-02
2.567099365419279189e-01 -9.291412384138096614e-02
2.430792974767718717e-01 -9.201365486051300835e-02
2.297038537977065531e-01 -9.093696329407918721e-02
2.165968522341612523e-01 -8.968299335666694849e-02
2.037712665295934034e-01 -8.825122945985518219e-02
1.912397844888277243e-01 -8.664170347446964460e-02
1.790147954017721477e-01 -8.485499718752170795e-02
1.671083778597887148e-01 -8.289223977619908368e-02
1.555322879793691604e-01 -8.075510018255510625e-02
1.467370519265834006e-01 -7.893745130378804209e-02
1.368195897269056105e-01 -7.678052071707279491e-02
1.273443174297601843e-01 -7.455399812182504637e-02
1.182864513147296182e-01 -7.226376900447779861e-02
1.096215431472652296e-01 -6.991347646100612434e-02
1.013260511090098709e-01 -6.750492237740093882e-02
9.337791113176938107e-02 -6.503838846242285254e-02
8.575708324321504317e-02 -6.251287447891386295e-02
7.844604657434794959e-02 -5.992625739068551532e-02
7.143021868420036669e-02 -5.727538133890491129e-02
6.469827952023020357e-02 -5.455609358550177201e-02
5.824238699697283084e-02 -5.176324513978645958e-02
5.205827893794340300e-02 -4.889067630357159244e-02
4.614526399145685298e-02 -4.593120674116225183e-02
4.050611117859212462e-02 -4.287664713743166711e-02
3.514685325157780593e-02 -3.971784553620595626e-02
3.007652261826535695e-02 -3.644477667951746824e-02
2.530684011830857186e-02 -3.304667774133251967e-02
2.085187658253854007e-02 -2.951222932578447672e-02
1.672770522032532986e-02 -2.582977688299871802e-02
1.295205990690876351e-02 -2.198758500624541784e-02
9.544010840231390014e-03 -1.797411546066516111e-02
6.523665208449780546e-03 -1.377831916604848467e-02
3.911896770428623452e-03 -9.389932530858232512e-03
1.730104819161318959e-03 -4.799769280682254086e-03
0.000000000000000000e+00 0.000000000000000000e+00
-1.236665184892918974e-03 4.950113454196892679e-03
-1.938625198700182420e-03 9.988806709886870888e-03
-2.085629811529776841e-03 1.511644208645836901e-02
-1.658712154709155763e-03 2.032989508351616334e-02
-6.404005020464228343e-04 2.562247486596569424e-02
9.850440509859507282e-04 3.098390938603931208e-02
3.231361478714136343e-03 3.640039987211222267e-02
6.109998753060352089e-03 4.185474966889568549e-02
9.629791704791687210e-03 4.732657237612125645e-02
1.379663045326866115e-02 5.279258366916347867e-02
1.861311986718242051e-02 5.822697987122214813e-02
2.407825012029179979e-02 6.360190410615756962e-02
3.018709537807545695e-02 6.888799760989748611e-02
3.693056053700781438e-02 7.405502957034994227e-02
4.429519629140200865e-02 7.907259392685205002e-02
5.226310127193604937e-02 8.391085629783925914e-02
6.081192642170852453e-02 8.854132918178207745e-02
6.991499125476988152e-02 9.293764943960876324e-02
7.954151459366889942e-02 9.707632944590074975e-02
8.965695451604278887e-02 1.009374526785857817e-01
1.002234444770443572e-01 1.045052861367488928e-01
1.112003059094812396e-01 1.077687857445003700e-01
1.225446129397802231e-01 1.107219763995693357e-01
1.342117828516830591e-01 1.133641948845906661e-01
1.461561668868691377e-01 1.157001906744522246e-01
1.599206060919421135e-01 1.179564105164434828e-01
1.715797568165595699e-01 1.195804262007658381e-01
1.835612148495384399e-01 1.210156470004057627e-01
1.958531618581960121e-01 1.222609245882554374e-01
2.084434811779335706e-01 1.233156641118856450e-01
2.213197699137080532e-01 1.241798312915425723e-01
2.344693512232970123e-01 1.248539544058335227e-01
2.478792867728572547e-01 1.253391212819882639e-01
2.615363893563570907e-01 1.256369714688730099e-01
2.754272356714625447e-01 1.257496838285399321e-01
2.895381792453800562e-01 1.256799598352322800e-01
3.038553635049746626e-01 1.254310029187420128e-01
3.183647349861885578e-01 1.250064942312089089e-01
3.330520566783577441e-01 1.244105652523394417e-01
3.479029214994708852e-01 1.236477676771866319e-01
3.629027658987108995e-01 1.227230410527481302e-01
3.780368835827753182e-01 1.216416786445060905e-01
3.932904393624772066e-01 1.204092920215487916e-01
4.086484831159838405e-01 1.190317748491017680e-01
4.240959638647654462e-01 1.175152663702756228e-01
4.396177439578967672e-01 1.158661150448537652e-01
4.551986133597982209e-01 1.140908427923239404e-01
4.708233040358195121e-01 1.121961102595471910e-01
4.864765044292803098e-01 1.101886835009764087e-01
5.021428740226903109e-01 1.080754024217911030e-01
5.178070579749037838e-01 1.058631512923826901e-01
5.334537018249244644e-01 1.035588315970359247e-01
5.490674662519925420e-01 1.011693374311943977e-01
5.646330418804712536e-01 9.870153361118277902e-02
5.801351641169214535e-01 9.616223660852427080e-02
5.955586280056300863e-01 9.355819836888518148e-02
6.108883030877682030e-01 9.089609302403685309e-02
6.261091482482944448e-01 8.818250645486980233e-02
6.412062265337327149e-01 8.542392861521461156e-02
6.561647199230387084e-01 8.262674848076630163e-02
6.709699440329403020e-01 7.979725144545965487e-02
6.856073627384291491e-01 7.694161894982995409e-02
7.000626026884735342e-01 7.406593009276607464e-02
7.143214676965559118e-01 7.117616495008410871e-02
7.283699529853021604e-01 6.827820930090076901e-02
7.421942592642769565e-01 6.537786044614379843e-02
7.557808066199708241e-01 6.248083379288880967e-02
7.691162481971118847e-01 5.959276987363430061e-02
7.821874836506725881e-01 5.671924147111041814e-02
7.949816723483469350e-01 5.386576052663039071e-02
8.074862463037938420e-01 5.103778452313235264e-02
8.196889228216130974e-01 4.824072205261111662e-02
8.315777168358073901e-01 4.547993730120065276e-02
8.431409529243776291e-01 4.276075321328464546e-02
8.543672769837079572e-01 4.008845312811296080e-02
8.652456675474726744e-01 3.746828071789720660e-02
8.757654467359642370e-01 3.490543809458726554e-02
8.859162908229518685e-01 3.240508199278041568e-02
8.956882404084297589e-01 2.997231797778867821e-02
9.050717101868983594e-01 2.761219267000464272e-02
9.140574983020975930e-01 2.532968401866450212e-02
9.226367952803843364e-01 2.312968969913042558e-02
9.308011925361945327e-01 2.101701374721660215e-02
9.385426904442292217e-01 1.899635158117175468e-02
9.458537059741523034e-01 1.707227359607467812e-02
9.527270798846630973e-01 1.524920754600513247e-02
9.591560834748057429e-01 1.353141995592543022e-02
9.651344248912743229e-01 1.192299682727828228e-02
9.706562549912807203e-01 1.042782391852900559e-02
9.757161727612487789e-01 9.049566893965814776e-03
9.803092302921787571e-01 7.791651640834913913e-03
9.844309373129994656e-01 6.657245056234392146e-03
9.880772652835861924e-01 5.649236601109513915e-03
9.912446510493554408e-01 4.770220909291156622e-03
9.939300000594936124e-01 4.022481724964405841e-03
9.961306891509008610e-01 3.407977422528870801e-03
9.978445688998630603e-01 2.928328338868375208e-03
9.990699655433225024e-01 2.584806120018561752e-03
9.998056824713744684e-01 2.378325252609113025e-03
1.000000000000000000e+00 2.309436915826005524e-03
