1.000000000000000000e+00 -1.671662479552752300e-03
9.995815918367508823e-01 -1.692922824366853993e-03
9.988281448579144906e-01 -1.756661855191631993e-03
9.975733285775255643e-01 -1.862754103148729244e-03
9.958185341395183743e-01 -2.010992247320170061e-03
9.935657053961459706e-01 -2.201089761356672843e-03
9.908173351954681074e-01 -2.432684531161169797e-03
9.875764606597462469e-01 -2.705343358060437013e-03
9.838466574919855212e-01 -3.018567240216183528e-03
9.796320333545300851e-01 -3.371797305395266963e-03
9.749372203693950079e-01 -3.764421250999828994e-03
9.697673667947893650e-01 -4.195780132793402659e-03
9.641281279359594780e-01 -4.665175332341294813e-03
9.580256563510242129e-01 -5.171875525058851689e-03
9.514665914138423775e-01 -5.715123466121666343e-03
9.444580482961449919e-01 -6.294142410456794387e-03
9.370076064302454988e-01 -6.908141985683098965e-03
9.291232975116252568e-01 -7.556323343196441958e-03
9.208135930976968364e-01 -8.237883422545279680e-03
9.120873918551950510e-01 -8.952018177691131728e-03
9.029540065040232433e-01 -9.697924630501666629e-03
8.934231505002004914e-01 -1.047480163664798666e-02
8.835049244949320091e-01 -1.128184927165107321e-02
8.732098026009696978e-01 -1.211826676980166072e-02
8.625486184914925580e-01 -1.298324897565153804e-02
8.515325513509324207e-01 -1.387598129630146157e-02
8.401731116916476561e-01 -1.479563317230199460e-02
8.284821270452786823e-01 -1.574135011515196900e-02
8.164717275331762059e-01 -1.671224438957091829e-02
8.041543313165807616e-01 -1.770738444843354339e-02
7.915426299243797370e-01 -1.872578325692122320e-02
7.786495734543689151e-01 -1.976638566956153559e-02
7.654883556430325253e-01 -2.082805504886757128e-02
7.520723987989894610e-01 -2.190955933677191450e-02
7.384153385964000726e-01 -2.300955680953409646e-02
7.245310087267786692e-01 -2.412658176286281222e-02
7.104334254107393942e-01 -2.525903038629321445e-02
6.961367717751030249e-01 -2.640514709408784202e-02
6.816553821054367468e-01 -2.756301158385409886e-02
6.670037259892781512e-01 -2.873052689352825068e-02
6.521963923709089839e-01 -2.990540872226657432e-02
6.372480735443553090e-01 -3.108517627109614809e-02
6.221735491171479504e-01 -3.226714484496450569e-02
6.069876699830497602e-01 -3.344842043923003383e-02
5.917053423472700135e-01 -3.462589651086058623e-02
5.763415118524225500e-01 -3.579625310794647131e-02
5.609111478574765330e-01 -3.695595850093897489e-02
5.454292279250191333e-01 -3.810127342571643233e-02
5.299107225741457317e-01 -3.922825801263929435e-02
5.143705803571061441e-01 -4.033278143770861746e-02
4.988237133173495375e-01 -4.141053429236690731e-02
4.832849828847872731e-01 -4.245704362797930037e-02
4.677691862608863160e-01 -4.346769059024074150e-02
4.522910433416325593e-01 -4.443773051831453880e-02
4.368651842205126812e-01 -4.536231534406443694e-02
4.215061373065315808e-01 -4.623651808894378712e-02
4.062283180840288721e-01 -4.705535922056228171e-02
3.911930663404505348e-01 -4.782204564036426214e-02
3.763712992479846808e-01 -4.856605830081553443e-02
3.616743958243589518e-01 -4.928526235663886063e-02
3.471148278583843783e-01 -4.997346203054589542e-02
3.327048809110758620e-01 -5.062441148742792552e-02
3.184566568046367507e-01 -5.123185231021487596e-02
3.043820770872047166e-01 -5.178955074526789271e-02
2.904928873096300768e-01 -5.229133430823124096e-02
2.768006619320995676e-01 -5.273112735077428725e-02
2.633168096630347788e-01 -5.310298520386486087e-02
2.500525790208200094e-01 -5.340112653386576425e-02
2.370190639009022160e-01 -5.361996357348636222e-02
2.242272089269313207e-01 -5.375412992001799006e-02
2.116878143650459398e-01 -5.379850562783627943e-02
1.994115403852461943e-01 -5.374823936031067340e-02
1.874089104630086433e-01 -5.359876740740779355e-02
1.756903137277698590e-01 -5.334582941878215911e-02
1.642660060824307489e-01 -5.298548074733844260e-02
1.531461099392988634e-01 -5.251410134445658184e-02
1.423406124425063146e-01 -5.192840119461249182e-02
1.318593620744539507e-01 -5.122542232333891776e-02
1.217120635737029416e-01 -5.040253745770244959e-02
1.119082711233830713e-01 -4.945744546210874976e-02
1.024573798020017301e-01 -4.838816371370674441e-02
9.336861532184383139e-02 -4.719301762040323950e-02
8.465102211332577176e-02 -4.587062752004161109e-02
7.631344984601232118e-02 -4.441989323120111577e-02
6.836453850790726039e-02 -4.283997655397114857e-02
6.081270219345922406e-02 -4.113028204262726001e-02
5.366611177690881751e-02 -3.929043639113894565e-02
4.693267667063340948e-02 -3.732026678668345226e-02
4.062002588755011384e-02 -3.521977859570363245e-02
3.473548864203708508e-02 -3.298913275147190294e-02
2.928607473492631993e-02 -3.062862321160950141e-02
2.427845497466982541e-02 -2.813865484861858418e-02
1.971894188866974221e-02 -2.551972212633658865e-02
1.561347097593569246e-02 -2.277238890048763342e-02
1.196758274474032067e-02 -1.989726966240503922e-02
8.786405766930818068e-03 -1.689501252180918359e-02
6.074640964230773425e-03 -1.376628419754652617e-02
3.836547321558430104e-03 -1.051175725479627267e-02
2.075929198456869657e-03 -7.132099793799887184e-03
7.961253826493773110e-04 -3.627967759097442194e-03
0.000000000000000000e+00 0.000000000000000000e+00
-3.026857483809773262e-04 3.701960877737139714e-03
-1.026576267284284080e-04 7.427725485743922988e-03
6.014880753615736014e-04 1.117561604950449185e-02
1.810657721291461693e-03 1.494324981893487177e-02
3.525253637931523472e-03 1.872755109279153687e-02
5.745166526570958179e-03 2.252476878871907326e-02
8.469767085316983954e-03 2.633049938884600427e-02
1.169789698269918174e-02 3.013971504160415510e-02
1.542785934838722048e-02 3.394679655359700982e-02
1.965740896992014888e-02 3.774557096135210121e-02
2.438374240373746352e-02 4.152935333214023694e-02
2.960348822419853893e-02 4.529099240613440602e-02
3.531269764538545047e-02 4.902291965942546376e-02
4.150683575707182771e-02 5.271720133914486323e-02
4.818077361817298815e-02 5.636559299848137999e-02
5.532878144822915567e-02 5.995959604097556017e-02
6.294452315004414600e-02 6.349051577033110183e-02
7.102105238465915293e-02 6.694952043425439481e-02
7.955081040359444911e-02 7.032770074860503207e-02
8.852562582305092964e-02 7.361612939144161760e-02
9.793671650092651559e-02 7.680591996534455457e-02
1.077746936505079162e-01 7.988828494058870799e-02
1.180295682950864705e-01 8.285459211115438205e-02
1.286907601360823550e-01 8.569641911997886996e-02
1.397471088741536749e-01 8.840560563895211166e-02
1.511868879888805250e-01 9.097430282260082768e-02
1.629978209485784257e-01 9.339501969174587859e-02
1.751670997883019443e-01 9.566066614418949898e-02
1.876814059617775421e-01 9.776459233314988007e-02
2.005269333424810341e-01 9.970062420012967830e-02
2.136894132209379848e-01 1.014630949965671380e-01
2.271541411201013494e-01 1.030468726773115240e-01
2.409060052288091169e-01 1.044473830980226087e-01
2.549295162352502309e-01 1.056606289973196500e-01
2.692088383283536834e-01 1.066832047922169624e-01
2.837278211252972637e-01 1.075123072613912989e-01
2.984700322780147741e-01 1.081457422344794250e-01
3.134187905106855521e-01 1.085819274462689610e-01
3.285571988436329915e-01 1.088198917517414627e-01
3.438681777666682815e-01 1.088592709309320616e-01
3.593344981364118840e-01 1.087003003410169089e-01
3.749388135871606909e-01 1.083438046965536916e-01
3.906636922630071784e-01 1.077911852770792600e-01
4.063903673302467490e-01 1.070487245863296077e-01
4.220593976532378000e-01 1.061574365957633076e-01
4.378015822151831715e-01 1.051300184269826632e-01
4.536006433398532267e-01 1.039705201304707838e-01
4.694402942098005460e-01 1.026832555264475810e-01
4.853042580370846570e-01 1.012727797882037595e-01
5.011762866826506846e-01 9.974386762570022769e-02
5.170401787210221478e-01 9.810149229532881543e-02
5.328797969551677394e-01 9.635080563120235198e-02
5.486790853934954137e-01 9.449711926058887435e-02
5.644220857068279473e-01 9.254588713171371661e-02
5.800929531878086243e-01 9.050268944675830818e-02
5.956759722384548095e-01 8.837321805710374178e-02
6.111555714134929707e-01 8.616326334232971007e-02
6.265163380477071220e-01 8.387870255979740231e-02
6.417430324948740772e-01 8.152548961840096198e-02
6.568206020040386894e-01 7.910964619882883408e-02
6.717341942560134394e-01 7.663725411393565445e-02
6.864691705792413945e-01 7.411444877705553047e-02
7.010111188596777065e-01 7.154741362368917390e-02
7.153458661543334873e-01 6.894237531330635327e-02
7.294594910127680798e-01 6.630559952329688478e-02
7.433383355053155839e-01 6.364338713656790547e-02
7.569690169513818567e-01 6.096207061805146432e-02
7.703384393359644644e-01 5.826801037348995627e-02
7.834338043977618904e-01 5.556759088629013160e-02
7.962426223680934001e-01 5.286721643485806782e-02
8.087527223363958351e-01 5.017330620348504910e-02
8.209522622155135396e-01 4.749228861429534432e-02
8.328297382783735880e-01 4.483059472568075299e-02
8.443739942370410700e-01 4.219465056368453676e-02
8.555742298356150410e-01 3.959086827652566476e-02
8.664200089299192165e-01 3.702563602843396418e-02
8.769012670294898948e-01 3.450530657670432960e-02
8.870083182808574662e-01 3.203618450485196806e-02
8.967318618754901438e-01 2.962451211445197088e-02
9.060629878709242080e-01 2.727645400810780468e-02
9.149931824193668906e-01 2.499808042551764087e-02
9.235143324043184609e-01 2.279534942323931807e-02
9.316187294923186091e-01 2.067408801601162971e-02
9.392990736136181962e-01 1.863997242288958911e-02
9.465484758922232400e-01 1.669850758455744544e-02
9.533604610521771994e-01 1.485500613859029075e-02
9.597289693329568161e-01 1.311456705681149533e-02
9.656483579522920913e-01 1.148205416292434958e-02
9.711134021594362009e-01 9.962074759060687151e-03
9.761192959257586343e-01 8.558958596602529723e-03
9.806616523224132020e-01 7.276737429487544623e-03
9.847365036366455548e-01 6.119125387158506207e-03
9.883403012790011877e-01 5.089500399372555266e-03
9.914699155332207248e-01 4.190886896344447020e-03
9.941226351989917998e-01 3.425939995288675502e-03
9.962961671749596126e-01 2.796931368565696956e-03
9.979886360255544320e-01 2.305736969583041529e-03
9.991985835703570684e-01 1.953826770668816611e-03
9.999249685289807177e-01 1.742256642682328332e-03
1.000000000000000000e+00 1.671662479552752300e-03
