1.000000000000000000e+00 -1.455225755681889338e-03
9.995397538854725594e-01 -1.459971602317690093e-03
9.987829668772452152e-01 -1.474209111577377308e-03
9.975225984752321695e-01 -1.497938525057172310e-03
9.957600616087244338e-01 -1.531161346895529296e-03
9.934973304196201838e-01 -1.573881960077324130e-03
9.907369363435617471e-01 -1.626109818145896231e-03
9.874819631279566634e-01 -1.687862142865347850e-03
9.837360408276953905e-01 -1.759167040863936216e-03
9.795033388267041508e-01 -1.840066936476288887e-03
9.747885579398254396e-01 -1.930622204208570954e-03
9.695969216547799530e-01 -2.030914872763345085e-03
9.639341665780301049e-01 -2.141052263627609385e-03
9.578065321511908259e-01 -2.261170421056502879e-03
9.512207497061773154e-01 -2.391437187040163469e-03
9.441840309275326693e-01 -2.532054774626012368e-03
9.367040557893989705e-01 -2.683261695853041140e-03
9.287889600324146233e-01 -2.845333906537211854e-03
9.204473222425447743e-01 -3.018585039184422045e-03
9.116881505896128335e-01 -3.203365607298953865e-03
9.025208692782044073e-01 -3.400061079139446094e-03
8.929553047578639990e-01 -3.609088736356813945e-03
8.830016717332479503e-01 -3.830893252659121201e-03
8.726705590083423392e-01 -4.065940949398549886e-03
8.619729151921839971e-01 -4.314712708414825126e-03
8.509200342869472911e-01 -4.577695547224237826e-03
8.395235411729714547e-01 -4.855372887295567041e-03
8.277953769994632616e-01 -5.148213572284354028e-03
8.157477844844378545e-01 -5.456659719231093941e-03
8.033932931230536312e-01 -5.781113511430104046e-03
7.907447043000158660e-01 -6.121923066453083956e-03
7.778150762992769307e-01 -6.479367536227745999e-03
7.646177092028814126e-01 -6.853641617662803442e-03
7.511661296705809399e-01 -7.244839671657388874e-03
7.374740755927464697e-01 -7.652939665043021616e-03
7.235554806111164083e-01 -8.077787163705170415e-03
7.094244585050020202e-01 -8.519079615516553239e-03
6.950952874445708307e-01 -8.976351168505092293e-03
6.805823941177107095e-01 -9.448958272671371950e-03
6.659003377424881354e-01 -9.936066312905042497e-03
6.510637939832736309e-01 -1.043663751544220836e-02
6.360875387949513904e-01 -1.094942036123146972e-02
6.209864322260889580e-01 -1.147294072648336050e-02
6.057754022182898490e-01 -1.200549495368245789e-02
5.904694284449686359e-01 -1.254514503562503130e-02
5.750835262382524293e-01 -1.308971607086189398e-02
5.596327306574409022e-01 -1.363679612158800319e-02
5.441320807562318729e-01 -1.418373857489815121e-02
5.285966041085938816e-01 -1.472766707585364959e-02
5.130413016545908311e-01 -1.526548306644458924e-02
4.974811329275208305e-01 -1.579387592880376195e-02
4.819310017223581433e-01 -1.630933569447193254e-02
4.664057422626262106e-01 -1.680816824469857224e-02
4.509201059184949067e-01 -1.728651289026374160e-02
4.354887485231196398e-01 -1.774036218370650397e-02
4.201262183271016193e-01 -1.816558378272359331e-02
4.048469446225699264e-01 -1.855794415140627623e-02
3.896652270589157085e-01 -1.891313385645787548e-02
3.745952256618369502e-01 -1.922679418906284021e-02
3.596509515562978931e-01 -1.949454482012207002e-02
3.448462583825003258e-01 -1.971201217752146378e-02
3.301948343822749821e-01 -1.987485821930297381e-02
3.157101951216905733e-01 -1.997880926634053311e-02
3.014056768044249268e-01 -2.001968455258086588e-02
2.881124459422071959e-01 -2.006183901926179847e-02
2.750981245537861830e-01 -2.019628341845685487e-02
2.622790504578012549e-01 -2.041259509988937321e-02
2.496621199013163150e-01 -2.069937772426806710e-02
2.372542679824506395e-01 -2.104513955294546462e-02
2.250625131749143526e-01 -2.143833094638205455e-02
2.130939969832638947e-01 -2.186737868198596751e-02
2.013560181064862897e-01 -2.232071740819456529e-02
1.898560606298991260e-01 -2.278681858821216683e-02
1.786018159093298030e-01 -2.325421730462627623e-02
1.676011979528083951e-01 -2.371153729701602070e-02
1.568623522399226478e-01 -2.414751459102922743e-02
1.463936580446758007e-01 -2.455102005193127851e-02
1.362037244420403193e-01 -2.491108116116545756e-02
1.263013802800114771e-01 -2.521690327380541469e-02
1.166956584870910973e-01 -2.545789057055405230e-02
1.073957751595700782e-01 -2.562366687249693561e-02
9.841110393394453260e-02 -2.570409644215259151e-02
8.975114619787681602e-02 -2.568930485210411604e-02
8.142549772905244287e-02 -2.556969996388308575e-02
7.344381237601416146e-02 -2.533599302568092376e-02
6.581576340953142201e-02 -2.497921986841687009e-02
5.855100317823612455e-02 -2.449076215594269551e-02
5.165912169904762069e-02 -2.386236862670710474e-02
4.514960480213557614e-02 -2.308617625084647199e-02
3.903179243257706710e-02 -2.215473121807184920e-02
3.331483768710459537e-02 -2.106100966744452532e-02
2.800766713495428037e-02 -1.979843806966677042e-02
2.311894293730371724e-02 -1.836091317532501446e-02
1.865702724053388412e-02 -1.674282144806204728e-02
1.462994927492472855e-02 -1.493905790938637040e-02
1.104537554273423219e-02 -1.294504433124174514e-02
7.910583428212113882e-03 -1.075674672306835451e-02
5.232438507290406576e-03 -8.370692071447867477e-03
3.017375776768054050e-03 -5.783984302110438923e-03
1.271384962123383970e-03 -2.994319445712277043e-03
0.000000000000000000e+00 0.000000000000000000e+00
-7.779453278549839854e-04 3.158731689726003000e-03
-1.044104205039613018e-03 6.440659881382198616e-03
-7.944031103704024370e-04 9.844566048703335542e-03
-2.528474268987963153e-05 1.336790796953135109e-02
1.266283862128108478e-03 1.700682608916771060e-02
3.082799996386550306e-03 2.075615725350447860e-02
5.426210820718794028e-03 2.460945570305878363e-02
8.297895934065206702e-03 2.855902119781755441e-02
1.169864718810276552e-02 3.259593412259650935e-02
1.562864601774187345e-02 3.671009740318041670e-02
2.008743861319747803e-02 4.089028504459567281e-02
2.507390930961307315e-02 4.512419708415076058e-02
3.058625261697123926e-02 4.939852073305171093e-02
3.662194435574452067e-02 5.369899746107351796e-02
4.317771240210079020e-02 5.801049575854403534e-02
5.024950758012225460e-02 6.231708928834552713e-02
5.783247526700401736e-02 6.660214011729902184e-02
6.592092830010810867e-02 7.084838669073625916e-02
7.450832179149374790e-02 7.503803618584997670e-02
8.358723046548258151e-02 7.915286084818701218e-02
9.314932913721848950e-02 8.317429788114427680e-02
1.031853769441993668e-01 8.708355242040793920e-02
1.136852059275001020e-01 9.086170308400309814e-02
1.246377145339128550e-01 9.448980954428479184e-02
1.360308665735298905e-01 9.794902152137313633e-02
1.478516961185028789e-01 1.012206885491292452e-01
1.600863187670184817e-01 1.042864698160356346e-01
1.727199496214114616e-01 1.071284433359383503e-01
1.857369282405374467e-01 1.097292136595302975e-01
1.991207507242630792e-01 1.120720172990560537e-01
2.128541089729549529e-01 1.141408250086163312e-01
2.269189370385529259e-01 1.159204400434270532e-01
2.412964643483128113e-01 1.173965915162554913e-01
2.559672754404837547e-01 1.185560219806867654e-01
2.709113757066670680e-01 1.193865684011996275e-01
2.861082624927201445e-01 1.198772357210404066e-01
3.014464325607945638e-01 1.200192695256507153e-01
3.161652521936317295e-01 1.199269702795266873e-01
3.310672453724338715e-01 1.196833764633911251e-01
3.461367472425523339e-01 1.192896699676965488e-01
3.613579424044729427e-01 1.187474452069787884e-01
3.767148871733084214e-01 1.180586946867064890e-01
3.921915315445420047e-01 1.172257930069805221e-01
4.077717407917056947e-01 1.162514795908300425e-01
4.234393166326677616e-01 1.151388404245481667e-01
4.391780179125762129e-01 1.138912890926738197e-01
4.549715807629908793e-01 1.125125473810369842e-01
4.708037382080606514e-01 1.110066257079990737e-01
4.866582391995137868e-01 1.093778036269535126e-01
5.025188670724793916e-01 1.076306106226813109e-01
5.183694574235374608e-01 1.057698074007115963e-01
5.341939154207195894e-01 1.038003678428836840e-01
5.499762325622826742e-01 1.017274617743641196e-01
5.657005029068635782e-01 9.955643865795904546e-02
5.813509388019787449e-01 9.729281230123904001e-02
5.969118861407561871e-01 9.494224663131617392e-02
6.123678391782528818e-01 9.251054256163021572e-02
6.277034549387661144e-01 9.000362594536336081e-02
6.429035672442779958e-01 8.742753658162044639e-02
6.579532003916740424e-01 8.478841821378485522e-02
6.728375825028034551e-01 8.209250943492860109e-02
6.875421585669674318e-01 7.934613539323071008e-02
7.020526031902099007e-01 7.655570017138874084e-02
7.163548330600708614e-01 7.372767969828628032e-02
7.304350191284303406e-01 7.086861503893984726e-02
7.442795985089691868e-01 6.798510590015147126e-02
7.578752860797903779e-01 6.508380418444111026e-02
7.712090857761155771e-01 6.217140742375150408e-02
7.842683015528538748e-01 5.925465192707643491e-02
7.970405479924572711e-01 5.634030548244775560e-02
8.095137605299229655e-01 5.343515946347326961e-02
8.216762052642518910e-01 5.054602020361430303e-02
8.335164883241890088e-01 4.767969951734710166e-02
8.450235647557172713e-01 4.484300426595403538e-02
8.561867468996001707e-01 4.204272488654883788e-02
8.669957122292277774e-01 3.928562282567062830e-02
8.774405106221172534e-01 3.657841684294347445e-02
8.875115710425415250e-01 3.392776817544002066e-02
8.971997076178266362e-01 3.134026457906188834e-02
9.064961250967430439e-01 2.882240328896436971e-02
9.153924236849491081e-01 2.638057296638116056e-02
9.238806032594705231e-01 2.402103472366660247e-02
9.319530669715292426e-01 2.174990234255696001e-02
9.396026242544647245e-01 1.957312182214948973e-02
9.468224932608355626e-01 1.749645041253766395e-02
9.536063027598422615e-01 1.552543530708297426e-02
9.599480935327902031e-01 1.366539218067237479e-02
9.658423193102214643e-01 1.192138377274459815e-02
9.712838472994456129e-01 1.029819872218807122e-02
9.762679583553282026e-01 8.800330866269967522e-03
9.807903468502391364e-01 7.431959217467996870e-03
9.848471203009356856e-01 6.196928830413081166e-03
9.884347988107907712e-01 5.098732766130252905e-03
9.915503143851270851e-01 4.140495352478713864e-03
9.941910101755175866e-01 3.324956928256557129e-03
9.963546397057535531e-01 2.654460244043576125e-03
9.980393661278478268e-01 2.130938675730203319e-03
9.992437615510263438e-01 1.755906387094931850e-03
9.999668064802590406e-01 1.530450556056396714e-03
1.000000000000000000e+00 1.455225755681889338e-03
