0.005 0.202705 350
0.00497487 0.202703 350
0.00494975 0.202701 350
0.00492462 0.2027 350
0.0048995 0.202698 350
0.00487437 0.202696 350
0.00484925 0.202695 350
0.00482412 0.202693 350
0.00479899 0.202692 350
0.00477387 0.20269 350
0.00474874 0.202689 350
0.00472362 0.202688 350
0.00469849 0.202687 350
0.00467337 0.202686 350
0.00464824 0.202684 350
0.00462312 0.202683 350
0.00459799 0.202682 350
0.00457286 0.20268 350
0.00454774 0.202678 350
0.00452261 0.202676 350
0.00449749 0.202674 350
0.00447236 0.202673 350
0.00444724 0.202671 350
0.00442211 0.202669 350
0.00439698 0.202667 350
0.00437186 0.202665 350
0.00434673 0.202664 350
0.00432161 0.202662 350
0.00429648 0.202661 350
0.00427136 0.202659 350
0.00424623 0.202658 350
0.00422111 0.202656 350
0.00419598 0.202654 350
0.00417085 0.202653 350
0.00414573 0.202651 350
0.0041206 0.202649 350
0.00409548 0.202647 350
0.00407035 0.202645 350
0.00404523 0.202643 350
0.0040201 0.202642 350
0.00399497 0.20264 350
0.00396985 0.202638 350
0.00394472 0.202636 350
0.0039196 0.202634 350
0.00389447 0.202632 350
0.00386935 0.20263 350
0.00384422 0.202627 350
0.0038191 0.202625 350
0.00379397 0.202623 350
0.00376884 0.202621 350
0.00374372 0.20262 350
0.00371859 0.202618 350
0.00369347 0.202617 350
0.00366834 0.202616 350
0.00364322 0.202614 350
0.00361809 0.202613 350
0.00359296 0.202611 350
0.00356784 0.202609 350
0.00354271 0.202606 350
0.00351759 0.202603 350
0.00349246 0.2026 350
0.00346734 0.202597 350
0.00344221 0.202594 350
0.00341709 0.202592 350
0.00339196 0.20259 350
0.00336683 0.20259 350
0.00334171 0.20259 350
0.00331658 0.202589 350
0.00329146 0.202589 350
0.00326633 0.202589 350
0.00324121 0.202589 350
0.00321608 0.202585 350
0.00319095 0.20258 350
0.00316583 0.202575 350
0.0031407 0.202569 350
0.00311558 0.202564 350
0.00309045 0.202559 350
0.00306533 0.202556 350
0.0030402 0.202558 350
0.00301508 0.202561 350
0.00298995 0.202565 350
0.00296482 0.202568 350
0.0029397 0.202571 350
0.00291457 0.202575 350
0.00288945 0.202568 350
0.00286432 0.202557 350
0.0028392 0.202546 350
0.00281407 0.202536 350
0.00278894 0.202525 350
0.00276382 0.202517 350
0.00273869 0.20252 350
0.00271357 0.202533 350
0.00268844 0.202545 350
0.00266332 0.202558 350
0.00263819 0.20257 350
0.00261307 0.202583 350
0.00258794 0.20257 350
0.00256281 0.202549 350
0.00253769 0.202529 350
0.00251256 0.202508 350
0.00248744 0.202488 350
0.00246231 0.202487 350
0.00243719 0.202512 350
0.00241206 0.202542 350
0.00238693 0.202572 350
0.00236181 0.202603 350
0.00233668 0.202633 350
0.00231156 0.202615 350
0.00228643 0.202581 350
0.00226131 0.202548 350
0.00223618 0.202515 350
0.00221106 0.202488 350
0.00218593 0.20251 350
0.0021608 0.202566 350
0.00213568 0.202622 350
0.00211055 0.202678 350
0.00208543 0.202734 349.999
0.0020603 0.202729 349.999
0.00203518 0.202681 349.999
0.00201005 0.202634 349.999
0.00198492 0.202586 349.999
0.0019598 0.202558 349.999
0.00193467 0.202602 349.998
0.00190955 0.202681 349.998
0.00188442 0.202759 349.997
0.0018593 0.202838 349.997
0.00183417 0.202887 349.996
0.00180905 0.202819 349.996
0.00178392 0.202752 349.995
0.00175879 0.202684 349.995
0.00173367 0.20263 349.994
0.00170854 0.202652 349.992
0.00168342 0.202711 349.99
0.00165829 0.202771 349.989
0.00163317 0.20283 349.987
0.00160804 0.202796 349.985
0.00158291 0.202674 349.983
0.00155779 0.202552 349.981
0.00153266 0.20243 349.979
0.00150754 0.202317 349.975
0.00148241 0.202242 349.969
0.00145729 0.202166 349.963
0.00143216 0.202091 349.957
0.00140704 0.201912 349.951
0.00138191 0.20163 349.944
0.00135678 0.201349 349.938
0.00133166 0.201052 349.931
0.00130653 0.200635 349.916
0.00128141 0.2002 349.899
0.00125628 0.199766 349.882
0.00123116 0.199308 349.865
0.00120603 0.198645 349.847
0.0011809 0.197982 349.83
0.00115578 0.197319 349.812
0.00113065 0.196312 349.775
0.00110553 0.195204 349.731
0.0010804 0.194096 349.688
0.00105528 0.192919 349.643
0.00103015 0.191544 349.597
0.00100503 0.190168 349.551
0.000979899 0.188624 349.492
0.000954774 0.186592 349.392
0.000929648 0.18451 349.288
0.000904523 0.182428 349.184
0.000879397 0.180029 349.074
0.000854271 0.17761 348.963
0.000829146 0.175058 348.831
0.00080402 0.171934 348.606
0.000778894 0.168732 348.367
0.000753769 0.165484 348.127
0.000728643 0.161855 347.873
0.000703518 0.158225 347.619
0.000678392 0.154328 347.241
0.000653266 0.150085 346.71
0.000628141 0.145843 346.179
0.000603015 0.14123 345.622
0.000577889 0.136471 345.054
0.000552764 0.131657 344.343
0.000527638 0.126611 343.225
0.000502513 0.121564 342.107
0.000477387 0.116092 340.925
0.000452261 0.110469 339.722
0.000427136 0.104896 338.107
0.00040201 0.0993226 336.013
0.000376884 0.0936644 333.893
0.000351759 0.0874884 331.624
0.000326633 0.0813645 329.246
0.000301508 0.0754837 326.068
0.000276382 0.0696128 322.806
0.000251256 0.0632059 319.288
0.000226131 0.0567727 315.711
0.000201005 0.05073 311.654
0.000175879 0.044716 307.517
0.000150754 0.038142 303.024
0.000125628 0.0316731 298.545
0.000100503 0.0256009 294.038
7.53769e-05 0.0193411 289.397
5.02513e-05 0.0127268 284.501
2.51256e-05 0.00633643 279.74
5.2516e-18 1.3244e-15 275
