/*--------------------------------*- C++ -*----------------------------------*\
| =========                 |                                                 |
| \\      /  F ield         | OpenFOAM: The Open Source CFD Toolbox           |
|  \\    /   O peration     | Version:  5.x                                   |
|   \\  /    A nd           | Web:      www.OpenFOAM.org                      |
|    \\/     M anipulation  |                                                 |
\*---------------------------------------------------------------------------*/
FoamFile
{
    version     2.0;
    format      ascii;
    class       surfaceScalarField;
    location    "0.8";
    object      phi;
}
// * * * * * * * * * * * * * * * * * * * * * * * * * * * * * * * * * * * * * //

dimensions      [0 3 -1 0 0 0 0];

internalField   nonuniform List<scalar> 
4850
(
7.34261e-08
6.82556e-09
-8.02516e-08
6.4666e-08
8.7601e-09
5.57956e-08
8.87037e-09
4.69399e-08
8.85571e-09
3.82681e-08
8.67182e-09
3.04373e-08
7.83075e-09
2.43413e-08
6.09605e-09
2.03781e-08
3.96313e-09
1.80887e-08
2.28948e-09
1.66981e-08
1.39055e-09
1.57371e-08
9.60982e-10
1.49711e-08
7.66012e-10
1.428e-08
6.91091e-10
1.36214e-08
6.58628e-10
1.2993e-08
6.28377e-10
1.24007e-08
5.92335e-10
1.18526e-08
5.48046e-10
1.13476e-08
5.05067e-10
1.08849e-08
4.6263e-10
1.04568e-08
4.2819e-10
1.00606e-08
3.96106e-10
9.68672e-09
3.73924e-10
9.33847e-09
3.48251e-10
9.00737e-09
3.31102e-10
8.69703e-09
3.10346e-10
8.39861e-09
2.98419e-10
8.12015e-09
2.78454e-10
7.84882e-09
2.71332e-10
7.59647e-09
2.52352e-10
7.34735e-09
2.49116e-10
7.11779e-09
2.29559e-10
6.88545e-09
2.32345e-10
6.67318e-09
2.12267e-10
6.45276e-09
2.20423e-10
2.12959e-10
8.82225e-08
6.27878e-09
-8.76757e-08
8.72026e-08
9.78002e-09
8.51003e-08
1.09726e-08
8.23017e-08
1.16543e-08
7.87337e-08
1.22399e-08
7.44115e-08
1.2153e-08
6.96358e-08
1.08717e-08
6.49731e-08
8.62583e-09
6.08353e-08
6.42725e-09
5.7178e-08
5.04789e-09
5.38647e-08
4.27431e-09
5.08517e-08
3.77894e-09
4.81162e-08
3.42663e-09
4.56357e-08
3.13916e-09
4.33946e-08
2.86946e-09
4.13642e-08
2.62276e-09
3.95229e-08
2.38936e-09
3.78378e-08
2.19009e-09
3.62949e-08
2.00556e-09
3.48648e-08
1.8583e-09
3.35395e-08
1.72139e-09
3.22923e-08
1.62115e-09
3.11289e-08
1.51164e-09
3.00227e-08
1.4373e-09
2.89866e-08
1.34646e-09
2.79924e-08
1.29257e-09
2.70638e-08
1.20708e-09
2.61618e-08
1.17331e-09
2.53233e-08
1.09086e-09
2.44958e-08
1.07665e-09
2.37346e-08
9.90774e-10
2.29631e-08
1.00379e-09
2.22658e-08
9.09596e-10
2.1534e-08
9.52193e-10
8.85585e-10
9.60066e-08
5.82603e-09
-9.55539e-08
9.64497e-08
9.33694e-09
9.6382e-08
1.10403e-08
9.61424e-08
1.18939e-08
9.57222e-08
1.26601e-08
9.48429e-08
1.30323e-08
9.33242e-08
1.23904e-08
9.12919e-08
1.06582e-08
8.90796e-08
8.63952e-09
8.68401e-08
7.28736e-09
8.45299e-08
6.5846e-09
8.21232e-08
6.18559e-09
7.96582e-08
5.89164e-09
7.71643e-08
5.63306e-09
7.46778e-08
5.35594e-09
7.22121e-08
5.08843e-09
6.97922e-08
4.80933e-09
6.74203e-08
4.56191e-09
6.51275e-08
4.29839e-09
6.29118e-08
4.07403e-09
6.0796e-08
3.83719e-09
5.87604e-08
3.65674e-09
5.68286e-08
3.44339e-09
5.49644e-08
3.3015e-09
5.31971e-08
3.11376e-09
5.14829e-08
3.00683e-09
4.98673e-08
2.82271e-09
4.82873e-08
2.75329e-09
4.68095e-08
2.56864e-09
4.53427e-08
2.54343e-09
4.39871e-08
2.34643e-09
4.26085e-08
2.38234e-09
4.13598e-08
2.15828e-09
4.00465e-08
2.26554e-09
2.07259e-09
1.04271e-07
5.66452e-09
-1.0411e-07
1.04846e-07
8.76168e-09
1.05156e-07
1.0731e-08
1.05404e-07
1.16462e-08
1.05765e-07
1.22985e-08
1.06062e-07
1.2735e-08
1.06029e-07
1.24233e-08
1.05555e-07
1.11325e-08
1.04798e-07
9.39631e-09
1.03949e-07
8.13706e-09
1.03007e-07
7.52599e-09
1.01918e-07
7.27444e-09
1.00694e-07
7.11581e-09
9.93425e-08
6.98476e-09
9.78856e-08
6.81287e-09
9.6316e-08
6.65807e-09
9.46476e-08
6.47765e-09
9.28656e-08
6.34398e-09
9.09997e-08
6.16423e-09
8.90487e-08
6.0251e-09
8.70578e-08
5.82807e-09
8.50205e-08
5.69403e-09
8.29904e-08
5.47349e-09
8.09344e-08
5.35747e-09
7.89046e-08
5.14359e-09
7.68518e-08
5.05963e-09
7.48533e-08
4.82117e-09
7.28404e-08
4.7662e-09
7.09176e-08
4.49146e-09
6.89696e-08
4.49142e-09
6.71371e-08
4.17898e-09
6.52478e-08
4.27159e-09
6.35091e-08
3.89699e-09
6.1671e-08
4.10362e-09
3.7452e-09
1.13337e-07
5.65155e-09
-1.13324e-07
1.1385e-07
8.24816e-09
1.14296e-07
1.02856e-08
1.14623e-07
1.13191e-08
1.15054e-07
1.18678e-08
1.15547e-07
1.22418e-08
1.159e-07
1.20701e-08
1.15944e-07
1.10889e-08
1.15739e-07
9.60085e-09
1.15473e-07
8.40305e-09
1.15197e-07
7.80233e-09
1.14851e-07
7.62066e-09
1.14428e-07
7.53885e-09
1.13921e-07
7.49158e-09
1.13349e-07
7.38496e-09
1.1269e-07
7.31666e-09
1.11948e-07
7.21935e-09
1.11086e-07
7.2068e-09
1.10112e-07
7.13809e-09
1.08999e-07
7.13747e-09
1.07783e-07
7.04478e-09
1.0644e-07
7.0367e-09
1.05029e-07
6.88456e-09
1.03512e-07
6.87444e-09
1.01943e-07
6.71287e-09
1.00254e-07
6.74849e-09
9.85207e-08
6.55419e-09
9.66709e-08
6.61606e-09
9.48312e-08
6.33114e-09
9.28912e-08
6.43138e-09
9.10002e-08
6.07001e-09
8.89874e-08
6.28437e-09
8.70658e-08
5.81863e-09
8.5006e-08
6.16342e-09
5.68905e-09
1.23161e-07
5.70806e-09
-1.23218e-07
1.23577e-07
7.83282e-09
1.24099e-07
9.7633e-09
1.24498e-07
1.09204e-08
1.24914e-07
1.14517e-08
1.25396e-07
1.17592e-08
1.25817e-07
1.16497e-08
1.26004e-07
1.09021e-08
1.25956e-07
9.648e-09
1.25845e-07
8.51476e-09
1.25766e-07
7.88148e-09
1.25677e-07
7.7091e-09
1.25561e-07
7.65527e-09
1.25403e-07
7.64953e-09
1.25229e-07
7.55896e-09
1.25023e-07
7.52274e-09
1.24792e-07
7.44961e-09
1.24498e-07
7.50126e-09
1.24143e-07
7.493e-09
1.2369e-07
7.5908e-09
1.2316e-07
7.57423e-09
1.22522e-07
7.67529e-09
1.21819e-07
7.58669e-09
1.21018e-07
7.67561e-09
1.20162e-07
7.56879e-09
1.19181e-07
7.72967e-09
1.18116e-07
7.61931e-09
1.16887e-07
7.84482e-09
1.15594e-07
7.6243e-09
1.14167e-07
7.85894e-09
1.12708e-07
7.52859e-09
1.11093e-07
7.89988e-09
1.09448e-07
7.46276e-09
1.07659e-07
7.9527e-09
7.50496e-09
1.33729e-07
5.79837e-09
-1.3382e-07
1.34065e-07
7.49661e-09
1.34613e-07
9.21574e-09
1.35089e-07
1.04442e-08
1.35514e-07
1.10273e-08
1.35971e-07
1.13022e-08
1.36397e-07
1.12228e-08
1.36645e-07
1.06547e-08
1.36669e-07
9.6239e-09
1.36597e-07
8.58629e-09
1.36558e-07
7.92034e-09
1.36541e-07
7.72621e-09
1.36517e-07
7.67975e-09
1.36464e-07
7.70266e-09
1.36408e-07
7.61457e-09
1.36347e-07
7.5842e-09
1.36293e-07
7.50355e-09
1.36218e-07
7.57593e-09
1.36124e-07
7.58675e-09
1.35983e-07
7.73214e-09
1.35807e-07
7.75044e-09
1.35571e-07
7.91112e-09
1.35302e-07
7.85582e-09
1.34981e-07
7.99662e-09
1.34635e-07
7.91434e-09
1.34222e-07
8.14329e-09
1.33745e-07
8.09566e-09
1.33146e-07
8.44406e-09
1.32453e-07
8.31731e-09
1.31664e-07
8.64779e-09
1.30811e-07
8.38193e-09
1.29846e-07
8.86446e-09
1.28758e-07
8.55121e-09
1.27575e-07
9.13537e-09
8.84179e-09
1.45086e-07
5.87653e-09
-1.45165e-07
1.45367e-07
7.21579e-09
1.45904e-07
8.67861e-09
1.46435e-07
9.91393e-09
1.4689e-07
1.05724e-08
1.47335e-07
1.08568e-08
1.47755e-07
1.08028e-08
1.48039e-07
1.03708e-08
1.48125e-07
9.53775e-09
1.48085e-07
8.62686e-09
1.48054e-07
7.95114e-09
1.4806e-07
7.71979e-09
1.4807e-07
7.67013e-09
1.48054e-07
7.71837e-09
1.48028e-07
7.64106e-09
1.48001e-07
7.61122e-09
1.47986e-07
7.51826e-09
1.47973e-07
7.5893e-09
1.47955e-07
7.60459e-09
1.47922e-07
7.76494e-09
1.47873e-07
7.79908e-09
1.47803e-07
7.98108e-09
1.47716e-07
7.94314e-09
1.47615e-07
8.09778e-09
1.47506e-07
8.02334e-09
1.47382e-07
8.26693e-09
1.47223e-07
8.25456e-09
1.47014e-07
8.65349e-09
1.46715e-07
8.61662e-09
1.46379e-07
8.98311e-09
1.45987e-07
8.77417e-09
1.45565e-07
9.28628e-09
1.44995e-07
9.12142e-09
1.444e-07
9.73053e-09
9.62052e-09
1.57353e-07
5.9154e-09
-1.57392e-07
1.57573e-07
6.99601e-09
1.58051e-07
8.20037e-09
1.58608e-07
9.35766e-09
1.59099e-07
1.00809e-08
1.59548e-07
1.04079e-08
1.59958e-07
1.03924e-08
1.60263e-07
1.00657e-08
1.60403e-07
9.39813e-09
1.60401e-07
8.62912e-09
1.60377e-07
7.97453e-09
1.60393e-07
7.70424e-09
1.60423e-07
7.6404e-09
1.60433e-07
7.70777e-09
1.6042e-07
7.65403e-09
1.60404e-07
7.62763e-09
1.60394e-07
7.52823e-09
1.60396e-07
7.58689e-09
1.60397e-07
7.60384e-09
1.60401e-07
7.76148e-09
1.60393e-07
7.80657e-09
1.60384e-07
7.99054e-09
1.6036e-07
7.9665e-09
1.60339e-07
8.11906e-09
1.60311e-07
8.05157e-09
1.60292e-07
8.28527e-09
1.60251e-07
8.29603e-09
1.6021e-07
8.69407e-09
1.601e-07
8.72721e-09
1.59989e-07
9.0942e-09
1.59839e-07
8.92359e-09
1.59716e-07
9.40968e-09
1.59469e-07
9.3681e-09
1.59242e-07
9.95767e-09
9.98936e-09
1.70591e-07
5.85372e-09
-1.7053e-07
1.70794e-07
6.79393e-09
1.71197e-07
7.79668e-09
1.71737e-07
8.81793e-09
1.72256e-07
9.56176e-09
1.72717e-07
9.94678e-09
1.73121e-07
9.98853e-09
1.73435e-07
9.75211e-09
1.73613e-07
9.22024e-09
1.73651e-07
8.59053e-09
1.73641e-07
7.98516e-09
1.73657e-07
7.68776e-09
1.73699e-07
7.59883e-09
1.73732e-07
7.6747e-09
1.73733e-07
7.65256e-09
1.73725e-07
7.63624e-09
1.73715e-07
7.5378e-09
1.73722e-07
7.58015e-09
1.73729e-07
7.59631e-09
1.73748e-07
7.7431e-09
1.73758e-07
7.79583e-09
1.73773e-07
7.97575e-09
1.73776e-07
7.96376e-09
1.73782e-07
8.11278e-09
1.73779e-07
8.05507e-09
1.73789e-07
8.27481e-09
1.7378e-07
8.30472e-09
1.73793e-07
8.6812e-09
1.7376e-07
8.7606e-09
1.73736e-07
9.11763e-09
1.73685e-07
8.97472e-09
1.73678e-07
9.41747e-09
1.73581e-07
9.46444e-09
1.73521e-07
1.00182e-08
1.01412e-08
1.84881e-07
5.72355e-09
-1.84751e-07
1.85094e-07
6.58089e-09
1.85448e-07
7.44278e-09
1.85946e-07
8.32006e-09
1.8647e-07
9.03822e-09
1.86946e-07
9.47069e-09
1.87352e-07
9.58239e-09
1.87669e-07
9.43471e-09
1.87871e-07
9.01895e-09
1.87949e-07
8.51176e-09
1.87957e-07
7.97757e-09
1.87972e-07
7.67234e-09
1.88019e-07
7.55176e-09
1.8807e-07
7.6241e-09
1.88089e-07
7.63317e-09
1.8809e-07
7.63572e-09
1.88083e-07
7.54497e-09
1.8809e-07
7.57274e-09
1.88102e-07
7.58452e-09
1.88127e-07
7.71779e-09
1.88149e-07
7.77373e-09
1.88176e-07
7.94947e-09
1.88192e-07
7.94726e-09
1.8821e-07
8.09522e-09
1.88215e-07
8.04938e-09
1.88232e-07
8.25775e-09
1.88233e-07
8.30431e-09
1.88258e-07
8.65559e-09
1.88256e-07
8.76303e-09
1.88266e-07
9.10743e-09
1.88249e-07
8.99216e-09
1.88273e-07
9.39361e-09
1.88233e-07
9.50438e-09
1.88231e-07
1.00196e-08
1.02034e-08
2.0033e-07
5.55609e-09
-2.00162e-07
2.00561e-07
6.34929e-09
2.00893e-07
7.11118e-09
2.01344e-07
7.8687e-09
2.01852e-07
8.53064e-09
2.02334e-07
8.98843e-09
2.02749e-07
9.16712e-09
2.03074e-07
9.11021e-09
2.03291e-07
8.80192e-09
2.03403e-07
8.39921e-09
2.03435e-07
7.94564e-09
2.03454e-07
7.65387e-09
2.03501e-07
7.5042e-09
2.03565e-07
7.5609e-09
2.03603e-07
7.59458e-09
2.03616e-07
7.62267e-09
2.03615e-07
7.54648e-09
2.03623e-07
7.56475e-09
2.03637e-07
7.57008e-09
2.03666e-07
7.68877e-09
2.03696e-07
7.74439e-09
2.03729e-07
7.91619e-09
2.03753e-07
7.92324e-09
2.03777e-07
8.07104e-09
2.03787e-07
8.03918e-09
2.03807e-07
8.2382e-09
2.03811e-07
8.2999e-09
2.0384e-07
8.62694e-09
2.0385e-07
8.75315e-09
2.03876e-07
9.0813e-09
2.03869e-07
8.9987e-09
2.03899e-07
9.36435e-09
2.03878e-07
9.52469e-09
2.03895e-07
1.00027e-08
1.02334e-08
2.17043e-07
5.36975e-09
-2.16857e-07
2.17291e-07
6.10104e-09
2.17616e-07
6.78674e-09
2.18029e-07
7.45501e-09
2.1851e-07
8.04993e-09
2.18986e-07
8.51241e-09
2.1941e-07
8.7437e-09
2.19747e-07
8.77281e-09
2.1998e-07
8.56886e-09
2.20119e-07
8.26005e-09
2.20179e-07
7.88598e-09
2.20208e-07
7.6247e-09
2.20254e-07
7.45848e-09
2.20325e-07
7.48975e-09
2.20382e-07
7.53787e-09
2.20411e-07
7.5932e-09
2.20419e-07
7.53892e-09
2.2043e-07
7.55364e-09
2.20446e-07
7.55404e-09
2.20478e-07
7.65705e-09
2.20511e-07
7.71042e-09
2.20551e-07
7.87689e-09
2.20579e-07
7.89477e-09
2.20609e-07
8.04127e-09
2.20622e-07
8.02602e-09
2.20644e-07
8.21591e-09
2.20652e-07
8.29257e-09
2.20683e-07
8.59617e-09
2.20697e-07
8.73844e-09
2.20732e-07
9.04623e-09
2.2073e-07
9.00101e-09
2.20759e-07
9.33522e-09
2.20747e-07
9.53654e-09
2.20769e-07
9.98072e-09
1.02511e-08
2.35131e-07
5.17291e-09
-2.34934e-07
2.3539e-07
5.84137e-09
2.35712e-07
6.46472e-09
2.36102e-07
7.06555e-09
2.36551e-07
7.60049e-09
2.37012e-07
8.0514e-09
2.37438e-07
8.31836e-09
2.3779e-07
8.42052e-09
2.38043e-07
8.31561e-09
2.38205e-07
8.09809e-09
2.38292e-07
7.79954e-09
2.38339e-07
7.57764e-09
2.38385e-07
7.41235e-09
2.3846e-07
7.41486e-09
2.38532e-07
7.46594e-09
2.3858e-07
7.54497e-09
2.386e-07
7.51882e-09
2.38618e-07
7.53565e-09
2.38636e-07
7.53582e-09
2.3867e-07
7.62283e-09
2.38708e-07
7.67291e-09
2.38753e-07
7.83139e-09
2.38786e-07
7.86239e-09
2.38821e-07
8.00598e-09
2.38837e-07
8.01e-09
2.38863e-07
8.19027e-09
2.38873e-07
8.28236e-09
2.38906e-07
8.56272e-09
2.38924e-07
8.72083e-09
2.38964e-07
9.00596e-09
2.38965e-07
9.00015e-09
2.38994e-07
9.30678e-09
2.38988e-07
9.54243e-09
2.3901e-07
9.95797e-09
1.02622e-08
2.54709e-07
4.96944e-09
-2.54506e-07
2.54975e-07
5.57591e-09
2.55294e-07
6.14578e-09
2.55668e-07
6.69115e-09
2.56088e-07
7.18066e-09
2.56529e-07
7.61017e-09
2.5695e-07
7.89803e-09
2.57313e-07
8.05701e-09
2.57589e-07
8.03974e-09
2.57774e-07
7.91265e-09
2.57886e-07
7.68805e-09
2.57955e-07
7.50808e-09
2.58008e-07
7.35989e-09
2.58084e-07
7.33879e-09
2.58168e-07
7.38224e-09
2.58234e-07
7.47835e-09
2.5827e-07
7.48274e-09
2.58299e-07
7.50739e-09
2.58321e-07
7.51313e-09
2.58358e-07
7.58601e-09
2.58399e-07
7.63224e-09
2.5845e-07
7.77969e-09
2.58488e-07
7.82532e-09
2.58529e-07
7.965e-09
2.58548e-07
7.99031e-09
2.58578e-07
8.16096e-09
2.58591e-07
8.2687e-09
2.58628e-07
8.5264e-09
2.58649e-07
8.69973e-09
2.58692e-07
8.96256e-09
2.58697e-07
8.99539e-09
2.58725e-07
9.27896e-09
2.58725e-07
9.54242e-09
2.58747e-07
9.93556e-09
1.02681e-08
2.75904e-07
4.76126e-09
-2.75696e-07
2.76171e-07
5.30924e-09
2.76485e-07
5.83214e-09
2.76846e-07
6.32959e-09
2.77243e-07
6.7841e-09
2.77662e-07
7.19073e-09
2.78072e-07
7.48811e-09
2.78441e-07
7.68849e-09
2.78737e-07
7.74348e-09
2.78949e-07
7.70078e-09
2.79085e-07
7.55152e-09
2.79178e-07
7.41492e-09
2.79244e-07
7.29415e-09
2.79322e-07
7.26126e-09
2.79413e-07
7.2905e-09
2.79497e-07
7.39522e-09
2.79551e-07
7.42851e-09
2.79593e-07
7.46549e-09
2.79623e-07
7.48247e-09
2.79664e-07
7.54565e-09
2.79707e-07
7.58857e-09
2.79765e-07
7.72237e-09
2.79807e-07
7.7826e-09
2.79854e-07
7.91813e-09
2.79879e-07
7.96555e-09
2.79912e-07
8.12777e-09
2.7993e-07
8.25063e-09
2.79969e-07
8.48739e-09
2.79995e-07
8.67393e-09
2.80041e-07
8.9171e-09
2.8005e-07
8.98571e-09
2.80078e-07
9.25168e-09
2.80084e-07
9.53617e-09
2.80106e-07
9.9133e-09
1.02692e-08
2.98848e-07
4.54956e-09
-2.98636e-07
2.99112e-07
5.04525e-09
2.99419e-07
5.52546e-09
2.99767e-07
5.98119e-09
3.00146e-07
6.40529e-09
3.00545e-07
6.79171e-09
3.00941e-07
7.09188e-09
3.01309e-07
7.32025e-09
3.0162e-07
7.43246e-09
3.0186e-07
7.46144e-09
3.02023e-07
7.38835e-09
3.02139e-07
7.29909e-09
3.02224e-07
7.20892e-09
3.02307e-07
7.17862e-09
3.02403e-07
7.19426e-09
3.02501e-07
7.29716e-09
3.02574e-07
7.35598e-09
3.02632e-07
7.40687e-09
3.02674e-07
7.44013e-09
3.0272e-07
7.49971e-09
3.02767e-07
7.54168e-09
3.02829e-07
7.6606e-09
3.02878e-07
7.73355e-09
3.02931e-07
7.86526e-09
3.02962e-07
7.9341e-09
3.03e-07
8.09012e-09
3.03024e-07
8.22677e-09
3.03066e-07
8.44579e-09
3.03097e-07
8.64266e-09
3.03144e-07
8.87023e-09
3.03159e-07
8.97027e-09
3.03186e-07
9.22437e-09
3.03199e-07
9.52345e-09
3.03222e-07
9.89066e-09
1.02651e-08
3.23682e-07
4.33656e-09
-3.23469e-07
3.23942e-07
4.78515e-09
3.24241e-07
5.22649e-09
3.24576e-07
5.64603e-09
3.2494e-07
6.04103e-09
3.25322e-07
6.40971e-09
3.25704e-07
6.71023e-09
3.26069e-07
6.95565e-09
3.26389e-07
7.11252e-09
3.26652e-07
7.1982e-09
3.26843e-07
7.19691e-09
3.26983e-07
7.15932e-09
3.2709e-07
7.10143e-09
3.27184e-07
7.08538e-09
3.27284e-07
7.09445e-09
3.27394e-07
7.18656e-09
3.27483e-07
7.26672e-09
3.2756e-07
7.33049e-09
3.27617e-07
7.38279e-09
3.27671e-07
7.44543e-09
3.27723e-07
7.48998e-09
3.27789e-07
7.59489e-09
3.27845e-07
7.67751e-09
3.27904e-07
7.80626e-09
3.27943e-07
7.89451e-09
3.27986e-07
8.04749e-09
3.28017e-07
8.19605e-09
3.28061e-07
8.40155e-09
3.28098e-07
8.60524e-09
3.28147e-07
8.82186e-09
3.28169e-07
8.9484e-09
3.28197e-07
9.1963e-09
3.28216e-07
9.5044e-09
3.2824e-07
9.86665e-09
1.02557e-08
3.50566e-07
4.123e-09
-3.50353e-07
3.50822e-07
4.52937e-09
3.51113e-07
4.93524e-09
3.51436e-07
5.32311e-09
3.51786e-07
5.69127e-09
3.52153e-07
6.04243e-09
3.52521e-07
6.34286e-09
3.52878e-07
6.59812e-09
3.53202e-07
6.78851e-09
3.53482e-07
6.91804e-09
3.53702e-07
6.97746e-09
3.53868e-07
6.99335e-09
3.53998e-07
6.97132e-09
3.54108e-07
6.97555e-09
3.54214e-07
6.98828e-09
3.54335e-07
7.06597e-09
3.5444e-07
7.16134e-09
3.54533e-07
7.23724e-09
3.54609e-07
7.30665e-09
3.54675e-07
7.37988e-09
3.54734e-07
7.43115e-09
3.54803e-07
7.52552e-09
3.54866e-07
7.61491e-09
3.5493e-07
7.74149e-09
3.54979e-07
7.84564e-09
3.55028e-07
7.99851e-09
3.55067e-07
8.157e-09
3.55115e-07
8.35386e-09
3.55159e-07
8.56164e-09
3.55208e-07
8.77201e-09
3.55237e-07
8.91993e-09
3.55267e-07
9.16605e-09
3.55292e-07
9.47941e-09
3.55319e-07
9.83991e-09
1.02413e-08
3.79672e-07
3.9087e-09
-3.79458e-07
3.79922e-07
4.28012e-09
3.80205e-07
4.65184e-09
3.80517e-07
5.01153e-09
3.80851e-07
5.35684e-09
3.81205e-07
5.68888e-09
3.8156e-07
5.98769e-09
3.81909e-07
6.24865e-09
3.82236e-07
6.46189e-09
3.82528e-07
6.6258e-09
3.82774e-07
6.73206e-09
3.82968e-07
6.79927e-09
3.8312e-07
6.81897e-09
3.83251e-07
6.84434e-09
3.83369e-07
6.87092e-09
3.83496e-07
6.93861e-09
3.83615e-07
7.04182e-09
3.83724e-07
7.12846e-09
3.83819e-07
7.2114e-09
3.83899e-07
7.29996e-09
3.83968e-07
7.36208e-09
3.84044e-07
7.45028e-09
3.84113e-07
7.54519e-09
3.84185e-07
7.67037e-09
3.84243e-07
7.78689e-09
3.843e-07
7.94231e-09
3.84347e-07
8.10948e-09
3.84399e-07
8.3018e-09
3.84449e-07
8.51174e-09
3.84502e-07
8.71916e-09
3.84537e-07
8.88484e-09
3.84571e-07
9.13234e-09
3.84601e-07
9.4487e-09
3.84631e-07
9.81001e-09
1.02205e-08
4.11189e-07
3.69773e-09
-4.10978e-07
4.11433e-07
4.03629e-09
4.11707e-07
4.37784e-09
4.12006e-07
4.71227e-09
4.12327e-07
5.03597e-09
4.12666e-07
5.34982e-09
4.1301e-07
5.64326e-09
4.13352e-07
5.90762e-09
4.13678e-07
6.13523e-09
4.13978e-07
6.32629e-09
4.14242e-07
6.46788e-09
4.14462e-07
6.57915e-09
4.1464e-07
6.64138e-09
4.14792e-07
6.69163e-09
4.14926e-07
6.73697e-09
4.15062e-07
6.80285e-09
4.15196e-07
6.90785e-09
4.1532e-07
7.00434e-09
4.15434e-07
7.09743e-09
4.15532e-07
7.20217e-09
4.15613e-07
7.28047e-09
4.15696e-07
7.36757e-09
4.15773e-07
7.46828e-09
4.1585e-07
7.59342e-09
4.15919e-07
7.71829e-09
4.15984e-07
7.87729e-09
4.16041e-07
8.05178e-09
4.161e-07
8.24332e-09
4.16156e-07
8.45525e-09
4.16212e-07
8.66319e-09
4.16254e-07
8.84323e-09
4.16293e-07
9.09364e-09
4.16329e-07
9.41182e-09
4.16364e-07
9.77566e-09
1.01935e-08
4.45314e-07
3.49357e-09
-4.45109e-07
4.45551e-07
3.79865e-09
4.45815e-07
4.11408e-09
4.46103e-07
4.42438e-09
4.46412e-07
4.72674e-09
4.46738e-07
5.02411e-09
4.47073e-07
5.30826e-09
4.47406e-07
5.574e-09
4.47731e-07
5.81026e-09
4.48037e-07
6.02103e-09
4.48315e-07
6.18996e-09
4.48559e-07
6.33477e-09
4.48762e-07
6.43785e-09
4.4894e-07
6.51427e-09
4.49094e-07
6.58308e-09
4.4924e-07
6.65621e-09
4.49388e-07
6.76055e-09
4.49526e-07
6.86646e-09
4.49655e-07
6.96815e-09
4.49771e-07
7.08613e-09
4.49868e-07
7.18284e-09
4.49961e-07
7.27488e-09
4.50048e-07
7.38168e-09
4.50132e-07
7.50891e-09
4.50211e-07
7.63923e-09
4.50286e-07
7.80287e-09
4.50354e-07
7.98385e-09
4.50419e-07
8.17785e-09
4.50483e-07
8.3917e-09
4.50543e-07
8.60256e-09
4.50593e-07
8.79405e-09
4.50637e-07
9.04912e-09
4.5068e-07
9.36913e-09
4.50721e-07
9.73479e-09
1.01604e-08
4.82278e-07
3.2906e-09
-4.82075e-07
4.82508e-07
3.56917e-09
4.82764e-07
3.85748e-09
4.83043e-07
4.14524e-09
4.83342e-07
4.42812e-09
4.83656e-07
4.7098e-09
4.83981e-07
4.98328e-09
4.84308e-07
5.24735e-09
4.84629e-07
5.48882e-09
4.84939e-07
5.71162e-09
4.85226e-07
5.90248e-09
4.8549e-07
6.07077e-09
4.85719e-07
6.2093e-09
4.85919e-07
6.31392e-09
4.86095e-07
6.40701e-09
4.86258e-07
6.49389e-09
4.86418e-07
6.59971e-09
4.8657e-07
6.71483e-09
4.86715e-07
6.82337e-09
4.8685e-07
6.95053e-09
4.86966e-07
7.06739e-09
4.87072e-07
7.16903e-09
4.87169e-07
7.2839e-09
4.87262e-07
7.41607e-09
4.8735e-07
7.55102e-09
4.87435e-07
7.71837e-09
4.87514e-07
7.90513e-09
4.87589e-07
8.10282e-09
4.8766e-07
8.32019e-09
4.87727e-07
8.53598e-09
4.87783e-07
8.73803e-09
4.87835e-07
8.99741e-09
4.87884e-07
9.31933e-09
4.87931e-07
9.68827e-09
1.01189e-08
5.22296e-07
3.08967e-09
-5.22095e-07
5.22519e-07
3.34631e-09
5.22768e-07
3.60859e-09
5.23037e-07
3.87549e-09
5.23325e-07
4.14036e-09
5.23628e-07
4.40646e-09
5.23943e-07
4.6687e-09
5.24264e-07
4.92671e-09
5.24582e-07
5.17022e-09
5.24895e-07
5.39863e-09
5.25192e-07
5.606e-09
5.25472e-07
5.79079e-09
5.25724e-07
5.9571e-09
5.25948e-07
6.08937e-09
5.26148e-07
6.20704e-09
5.2633e-07
6.31273e-09
5.26506e-07
6.42318e-09
5.26672e-07
6.54865e-09
5.26831e-07
6.66441e-09
5.26984e-07
6.79742e-09
5.27119e-07
6.93314e-09
5.2724e-07
7.04751e-09
5.27353e-07
7.17124e-09
5.27458e-07
7.31086e-09
5.27557e-07
7.45181e-09
5.27653e-07
7.62301e-09
5.27742e-07
7.8155e-09
5.27827e-07
8.01796e-09
5.27908e-07
8.2397e-09
5.27983e-07
8.46046e-09
5.28048e-07
8.67285e-09
5.28108e-07
8.93762e-09
5.28165e-07
9.2619e-09
5.2822e-07
9.63417e-09
1.00678e-08
5.65611e-07
2.89559e-09
-5.65417e-07
5.6583e-07
3.12745e-09
5.6607e-07
3.36838e-09
5.66331e-07
3.61465e-09
5.66609e-07
3.86237e-09
5.66903e-07
4.11253e-09
5.67209e-07
4.36257e-09
5.67525e-07
4.61129e-09
5.67842e-07
4.85345e-09
5.68156e-07
5.08375e-09
5.68461e-07
5.30177e-09
5.68752e-07
5.49957e-09
5.69024e-07
5.68533e-09
5.6927e-07
5.84323e-09
5.69494e-07
5.98248e-09
5.69698e-07
6.10952e-09
5.69891e-07
6.22959e-09
5.70074e-07
6.36559e-09
5.70249e-07
6.4898e-09
5.70418e-07
6.62777e-09
5.70573e-07
6.77888e-09
5.70712e-07
6.90801e-09
5.70842e-07
7.04168e-09
5.7096e-07
7.19238e-09
5.71071e-07
7.34077e-09
5.71178e-07
7.51629e-09
5.7128e-07
7.71332e-09
5.71377e-07
7.92122e-09
5.71469e-07
8.14753e-09
5.71554e-07
8.37574e-09
5.71629e-07
8.59774e-09
5.71698e-07
8.86862e-09
5.71764e-07
9.19581e-09
5.7183e-07
9.56866e-09
1.00078e-08
6.125e-07
2.70587e-09
-6.1231e-07
6.12713e-07
2.91408e-09
6.12947e-07
3.13453e-09
6.13201e-07
3.36076e-09
6.13472e-07
3.59136e-09
6.13759e-07
3.82581e-09
6.14058e-07
4.06313e-09
6.14368e-07
4.30114e-09
6.14683e-07
4.53884e-09
6.14998e-07
4.7686e-09
6.15308e-07
4.99192e-09
6.15608e-07
5.19957e-09
6.15896e-07
5.39742e-09
6.16163e-07
5.57597e-09
6.16411e-07
5.73412e-09
6.16639e-07
5.88208e-09
6.16851e-07
6.01699e-09
6.17054e-07
6.16338e-09
6.17244e-07
6.29933e-09
6.1743e-07
6.44192e-09
6.17604e-07
6.60512e-09
6.17762e-07
6.74983e-09
6.17909e-07
6.89495e-09
6.18044e-07
7.05731e-09
6.18169e-07
7.21516e-09
6.1829e-07
7.39581e-09
6.18405e-07
7.59848e-09
6.18514e-07
7.81211e-09
6.18617e-07
8.04443e-09
6.18713e-07
8.27917e-09
6.188e-07
8.51099e-09
6.18881e-07
8.78772e-09
6.18957e-07
9.11975e-09
6.19032e-07
9.49375e-09
9.93444e-09
6.63255e-07
2.5172e-09
-6.63066e-07
6.63465e-07
2.70413e-09
6.63695e-07
2.90505e-09
6.63943e-07
3.11221e-09
6.64208e-07
3.32677e-09
6.64488e-07
3.54544e-09
6.64781e-07
3.76995e-09
6.65086e-07
3.99631e-09
6.65398e-07
4.22687e-09
6.65714e-07
4.45314e-09
6.66029e-07
4.67689e-09
6.66338e-07
4.89036e-09
6.6664e-07
5.09554e-09
6.66926e-07
5.28936e-09
6.67196e-07
5.46433e-09
6.67447e-07
5.63073e-09
6.67681e-07
5.78336e-09
6.67904e-07
5.93997e-09
6.68112e-07
6.09164e-09
6.68314e-07
6.23977e-09
6.68507e-07
6.41213e-09
6.68685e-07
6.57196e-09
6.68851e-07
6.72943e-09
6.69005e-07
6.90301e-09
6.69146e-07
7.074e-09
6.69281e-07
7.26058e-09
6.69409e-07
7.47073e-09
6.69532e-07
7.68873e-09
6.69649e-07
7.92821e-09
6.69759e-07
8.16893e-09
6.69857e-07
8.41255e-09
6.69952e-07
8.69324e-09
6.70041e-07
9.03075e-09
6.70125e-07
9.40966e-09
9.84536e-09
7.1819e-07
2.32734e-09
-7.18001e-07
7.18399e-07
2.49514e-09
7.18625e-07
2.67924e-09
7.18868e-07
2.86906e-09
7.19128e-07
3.06722e-09
7.19403e-07
3.27008e-09
7.19693e-07
3.48073e-09
7.19994e-07
3.69497e-09
7.20306e-07
3.91518e-09
7.20623e-07
4.13586e-09
7.20944e-07
4.35575e-09
7.21261e-07
4.57303e-09
7.21575e-07
4.78222e-09
7.21876e-07
4.98772e-09
7.22165e-07
5.17576e-09
7.22438e-07
5.35781e-09
7.22694e-07
5.52694e-09
7.22941e-07
5.69367e-09
7.23169e-07
5.86284e-09
7.23388e-07
6.02096e-09
7.23601e-07
6.19909e-09
7.23798e-07
6.37548e-09
7.23983e-07
6.54377e-09
7.24156e-07
6.72996e-09
7.24316e-07
6.91386e-09
7.24467e-07
7.11016e-09
7.24612e-07
7.32573e-09
7.24749e-07
7.55165e-09
7.24881e-07
7.79628e-09
7.25003e-07
8.04685e-09
7.25118e-07
8.29732e-09
7.25224e-07
8.58703e-09
7.2533e-07
8.92507e-09
7.25428e-07
9.3121e-09
9.74366e-09
7.77649e-07
2.1325e-09
-7.77454e-07
7.77856e-07
2.28863e-09
7.78078e-07
2.45673e-09
7.78318e-07
2.62933e-09
7.78576e-07
2.80935e-09
7.7885e-07
2.99634e-09
7.79138e-07
3.19208e-09
7.79438e-07
3.39505e-09
7.7975e-07
3.60301e-09
7.80069e-07
3.81747e-09
7.80393e-07
4.03132e-09
7.80716e-07
4.24983e-09
7.81039e-07
4.45941e-09
7.81355e-07
4.67152e-09
7.81662e-07
4.86888e-09
7.81957e-07
5.06321e-09
7.82237e-07
5.24697e-09
7.82504e-07
5.42641e-09
7.82756e-07
5.61092e-09
7.82993e-07
5.78402e-09
7.83225e-07
5.96663e-09
7.83441e-07
6.16015e-09
7.83647e-07
6.33795e-09
7.83839e-07
6.53736e-09
7.84021e-07
6.73247e-09
7.84188e-07
6.94228e-09
7.84352e-07
7.16243e-09
7.84503e-07
7.40043e-09
7.84652e-07
7.64676e-09
7.84789e-07
7.91041e-09
7.84922e-07
8.16376e-09
7.8504e-07
8.46912e-09
7.8516e-07
8.80546e-09
7.85282e-07
9.18995e-09
9.63319e-09
8.41997e-07
1.95055e-09
-8.41815e-07
8.42187e-07
2.09847e-09
8.42403e-07
2.24046e-09
8.42644e-07
2.38863e-09
8.42906e-07
2.54656e-09
8.43188e-07
2.71465e-09
8.43487e-07
2.89364e-09
8.43797e-07
3.08469e-09
8.44116e-07
3.28435e-09
8.44438e-07
3.49489e-09
8.44764e-07
3.70556e-09
8.45091e-07
3.92239e-09
8.45419e-07
4.13177e-09
8.45746e-07
4.34489e-09
8.46066e-07
4.54866e-09
8.46378e-07
4.7509e-09
8.46677e-07
4.94811e-09
8.46965e-07
5.13886e-09
8.47239e-07
5.33663e-09
8.47499e-07
5.52356e-09
8.47751e-07
5.71453e-09
8.4799e-07
5.92126e-09
8.48215e-07
6.11303e-09
8.48429e-07
6.32345e-09
8.48629e-07
6.53278e-09
8.48817e-07
6.75413e-09
8.48996e-07
6.98299e-09
8.49169e-07
7.22796e-09
8.49333e-07
7.48275e-09
8.49488e-07
7.75498e-09
8.49636e-07
8.01634e-09
8.49778e-07
8.32717e-09
8.49916e-07
8.66745e-09
8.50037e-07
9.06879e-09
9.48017e-09
3.27715e-06
1.25903e-09
-3.27646e-06
3.27791e-06
1.34106e-09
3.27871e-06
1.44446e-09
3.27954e-06
1.55789e-09
3.2804e-06
1.68244e-09
3.2813e-06
1.81741e-09
3.28223e-06
1.96273e-09
3.2832e-06
2.11772e-09
3.2842e-06
2.28063e-09
3.28524e-06
2.45091e-09
3.28632e-06
2.62571e-09
3.28744e-06
2.80588e-09
3.28858e-06
2.99064e-09
3.28974e-06
3.18244e-09
3.29091e-06
3.38283e-09
3.29207e-06
3.58941e-09
3.29321e-06
3.80781e-09
3.29432e-06
4.03271e-09
3.29537e-06
4.28671e-09
3.29636e-06
4.52613e-09
3.29731e-06
4.76527e-09
3.29823e-06
5.00494e-09
3.2991e-06
5.24202e-09
3.29994e-06
5.48071e-09
3.30075e-06
5.7249e-09
3.30153e-06
5.97391e-09
3.30228e-06
6.23983e-09
3.30299e-06
6.51133e-09
3.30367e-06
6.80377e-09
3.30433e-06
7.0941e-09
3.30495e-06
7.39362e-09
3.30556e-06
7.72106e-09
3.30614e-06
8.09268e-09
3.30673e-06
8.47636e-09
8.84428e-09
3.5407e-06
7.60783e-11
-3.53952e-06
3.54194e-06
1.00961e-10
3.54318e-06
2.04008e-10
3.54438e-06
3.51647e-10
3.54554e-06
5.27032e-10
3.54664e-06
7.14247e-10
3.54771e-06
9.00876e-10
3.54874e-06
1.08132e-09
3.54977e-06
1.25452e-09
3.55079e-06
1.43128e-09
3.5518e-06
1.61318e-09
3.55285e-06
1.75683e-09
3.55396e-06
1.8751e-09
3.55511e-06
2.03268e-09
3.55627e-06
2.22368e-09
3.55742e-06
2.44285e-09
3.55854e-06
2.6868e-09
3.55963e-06
2.94865e-09
3.56069e-06
3.22447e-09
3.56171e-06
3.50471e-09
3.56269e-06
3.78464e-09
3.56363e-06
4.06065e-09
3.56455e-06
4.32981e-09
3.56543e-06
4.59676e-09
3.56629e-06
4.86016e-09
3.56713e-06
5.13407e-09
3.56795e-06
5.41943e-09
3.56875e-06
5.71516e-09
3.56953e-06
6.0289e-09
3.57027e-06
6.34543e-09
3.57101e-06
6.66074e-09
3.57172e-06
7.00755e-09
3.57243e-06
7.38564e-09
3.57312e-06
7.78427e-09
8.27527e-09
3.83131e-06
-1.17885e-09
-3.83005e-06
3.83235e-06
-9.45464e-10
3.83331e-06
-7.54253e-10
3.8342e-06
-5.35155e-10
3.83504e-06
-3.1456e-10
3.83587e-06
-1.17989e-10
3.8367e-06
7.61332e-11
3.83751e-06
2.71972e-10
3.83837e-06
3.94173e-10
3.83932e-06
4.80144e-10
3.84037e-06
5.61633e-10
3.84145e-06
6.72611e-10
3.84251e-06
8.19048e-10
3.84354e-06
1.00187e-09
3.84454e-06
1.22098e-09
3.84551e-06
1.47243e-09
3.84645e-06
1.75044e-09
3.84736e-06
2.04231e-09
3.84824e-06
2.34163e-09
3.84911e-06
2.63583e-09
3.84997e-06
2.92492e-09
3.85083e-06
3.20355e-09
3.85168e-06
3.47328e-09
3.85254e-06
3.74153e-09
3.85339e-06
4.01141e-09
3.85423e-06
4.29292e-09
3.85506e-06
4.59122e-09
3.85587e-06
4.9009e-09
3.85667e-06
5.23103e-09
3.85745e-06
5.56012e-09
3.85822e-06
5.88873e-09
3.85899e-06
6.23825e-09
3.85977e-06
6.60833e-09
3.86058e-06
6.97101e-09
7.27701e-09
4.15111e-06
-4.33556e-10
-4.15186e-06
4.15067e-06
-5.07256e-10
4.15035e-06
-4.27627e-10
4.15009e-06
-2.76884e-10
4.14986e-06
-8.34983e-11
4.14966e-06
7.42678e-11
4.14954e-06
1.95837e-10
4.1495e-06
3.12915e-10
4.14948e-06
4.21843e-10
4.14942e-06
5.3102e-10
4.14934e-06
6.44941e-10
4.14928e-06
7.3375e-10
4.14929e-06
8.05666e-10
4.14938e-06
9.16678e-10
4.14954e-06
1.0581e-09
4.14979e-06
1.22803e-09
4.15011e-06
1.42402e-09
4.15051e-06
1.64087e-09
4.15098e-06
1.87616e-09
4.1515e-06
2.1204e-09
4.15205e-06
2.37203e-09
4.15263e-06
2.62507e-09
4.15322e-06
2.87836e-09
4.15383e-06
3.13363e-09
4.15445e-06
3.38895e-09
4.15509e-06
3.6558e-09
4.15574e-06
3.93504e-09
4.15642e-06
4.22412e-09
4.15712e-06
4.53154e-09
4.15784e-06
4.8388e-09
4.15859e-06
5.14487e-09
4.15935e-06
5.47462e-09
4.16013e-06
5.8262e-09
4.16092e-06
6.1822e-09
6.59822e-09
4.49122e-06
2.98663e-10
-4.49195e-06
4.4904e-06
3.16117e-10
4.48963e-06
3.4103e-10
4.48898e-06
3.70835e-10
4.48849e-06
4.06192e-10
4.48812e-06
4.46612e-10
4.48782e-06
4.92339e-10
4.48759e-06
5.43063e-10
4.48741e-06
5.98821e-10
4.48728e-06
6.59999e-10
4.4872e-06
7.26784e-10
4.48714e-06
8.00841e-10
4.48706e-06
8.8262e-10
4.487e-06
9.7473e-10
4.48698e-06
1.07819e-09
4.48701e-06
1.19522e-09
4.48711e-06
1.32726e-09
4.48728e-06
1.47354e-09
4.48752e-06
1.63653e-09
4.48783e-06
1.8123e-09
4.48819e-06
2.00352e-09
4.48861e-06
2.20471e-09
4.48907e-06
2.41969e-09
4.48956e-06
2.64954e-09
4.49007e-06
2.87375e-09
4.49062e-06
3.11056e-09
4.49119e-06
3.36146e-09
4.49179e-06
3.62208e-09
4.49242e-06
3.90027e-09
4.49309e-06
4.17738e-09
4.49378e-06
4.45393e-09
4.4945e-06
4.74986e-09
4.49527e-06
5.062e-09
4.49608e-06
5.36733e-09
5.63909e-09
4.84963e-06
3.4541e-10
-4.84968e-06
4.84958e-06
3.67181e-10
4.84953e-06
3.87899e-10
4.84949e-06
4.10932e-10
4.84946e-06
4.37597e-10
4.84944e-06
4.67961e-10
4.84943e-06
5.03029e-10
4.84943e-06
5.42742e-10
4.84944e-06
5.87662e-10
4.84946e-06
6.37935e-10
4.84949e-06
6.93658e-10
4.84954e-06
7.55482e-10
4.8496e-06
8.23483e-10
4.84967e-06
8.98871e-10
4.84977e-06
9.82281e-10
4.84989e-06
1.07467e-09
4.85004e-06
1.17804e-09
4.85022e-06
1.29148e-09
4.85044e-06
1.41866e-09
4.8507e-06
1.5556e-09
4.85099e-06
1.70652e-09
4.85133e-06
1.86658e-09
4.85171e-06
2.03788e-09
4.85214e-06
2.22011e-09
4.85261e-06
2.41189e-09
4.8531e-06
2.61784e-09
4.85362e-06
2.83868e-09
4.85418e-06
3.06772e-09
4.85476e-06
3.31309e-09
4.85538e-06
3.55539e-09
4.85604e-06
3.79839e-09
4.85673e-06
4.05634e-09
4.85747e-06
4.32918e-09
4.85824e-06
4.59286e-09
4.83281e-09
5.24492e-06
3.31436e-10
-5.24491e-06
5.24494e-06
3.50803e-10
5.24495e-06
3.74917e-10
5.24496e-06
4.00973e-10
5.24497e-06
4.29434e-10
5.24498e-06
4.60292e-10
5.24498e-06
4.93907e-10
5.245e-06
5.30518e-10
5.24501e-06
5.7026e-10
5.24504e-06
6.13835e-10
5.24507e-06
6.61037e-10
5.24511e-06
7.13167e-10
5.24517e-06
7.69756e-10
5.24523e-06
8.32587e-10
5.24531e-06
9.01336e-10
5.24541e-06
9.77547e-10
5.24553e-06
1.06175e-09
5.24566e-06
1.15398e-09
5.24583e-06
1.25613e-09
5.24602e-06
1.36602e-09
5.24624e-06
1.4861e-09
5.24649e-06
1.61408e-09
5.24678e-06
1.75037e-09
5.2471e-06
1.89752e-09
5.24746e-06
2.05261e-09
5.24785e-06
2.22258e-09
5.24829e-06
2.40541e-09
5.24876e-06
2.59842e-09
5.24927e-06
2.80487e-09
5.24981e-06
3.01154e-09
5.25039e-06
3.21756e-09
5.25101e-06
3.4408e-09
5.25166e-06
3.67684e-09
5.25234e-06
3.91402e-09
4.1818e-09
5.67107e-06
2.96981e-10
-5.67104e-06
5.67111e-06
3.19327e-10
5.67114e-06
3.41149e-10
5.67118e-06
3.64378e-10
5.67122e-06
3.89484e-10
5.67126e-06
4.16387e-10
5.67131e-06
4.45492e-10
5.67136e-06
4.76886e-10
5.67142e-06
5.1079e-10
5.67149e-06
5.47637e-10
5.67156e-06
5.87389e-10
5.67164e-06
6.30956e-10
5.67174e-06
6.78102e-10
5.67184e-06
7.30091e-10
5.67195e-06
7.86807e-10
5.67208e-06
8.49274e-10
5.67222e-06
9.18114e-10
5.67238e-06
9.93055e-10
5.67257e-06
1.07593e-09
5.67277e-06
1.16457e-09
5.67299e-06
1.26148e-09
5.67324e-06
1.36431e-09
5.67352e-06
1.47417e-09
5.67382e-06
1.59268e-09
5.67416e-06
1.71829e-09
5.67452e-06
1.8564e-09
5.67492e-06
2.00618e-09
5.67536e-06
2.16473e-09
5.67582e-06
2.33575e-09
5.67633e-06
2.50678e-09
5.67687e-06
2.67796e-09
5.67745e-06
2.86192e-09
5.67807e-06
3.0546e-09
5.67874e-06
3.24112e-09
3.40037e-09
6.13325e-06
2.46474e-10
-6.1332e-06
6.13331e-06
2.64808e-10
6.13337e-06
2.8349e-10
6.13343e-06
3.03393e-10
6.13349e-06
3.24799e-10
6.13356e-06
3.47457e-10
6.13363e-06
3.71474e-10
6.13371e-06
3.9776e-10
6.1338e-06
4.26233e-10
6.13389e-06
4.57191e-10
6.13399e-06
4.90531e-10
6.13409e-06
5.27007e-10
6.1342e-06
5.66354e-10
6.13432e-06
6.09638e-10
6.13445e-06
6.56686e-10
6.13459e-06
7.08369e-10
6.13475e-06
7.65104e-10
6.13491e-06
8.26707e-10
6.13509e-06
8.94579e-10
6.13529e-06
9.67002e-10
6.13551e-06
1.0459e-09
6.13574e-06
1.12944e-09
6.136e-06
1.21842e-09
6.13628e-06
1.31429e-09
6.13658e-06
1.41568e-09
6.13691e-06
1.52728e-09
6.13727e-06
1.64829e-09
6.13765e-06
1.77668e-09
6.13807e-06
1.91544e-09
6.13853e-06
2.05475e-09
6.13901e-06
2.19487e-09
6.13952e-06
2.34722e-09
6.14007e-06
2.50931e-09
6.14064e-06
2.67171e-09
2.85414e-09
6.6335e-06
2.0015e-10
-6.63345e-06
6.63355e-06
2.13484e-10
6.63361e-06
2.28739e-10
6.63366e-06
2.45085e-10
6.63373e-06
2.62763e-10
6.63379e-06
2.81708e-10
6.63386e-06
3.02124e-10
6.63393e-06
3.24085e-10
6.63401e-06
3.47678e-10
6.6341e-06
3.73217e-10
6.63419e-06
4.006e-10
6.63428e-06
4.30464e-10
6.63439e-06
4.62549e-10
6.6345e-06
4.9774e-10
6.63462e-06
5.35828e-10
6.63475e-06
5.77556e-10
6.63489e-06
6.23171e-10
6.63505e-06
6.72582e-10
6.63522e-06
7.26821e-10
6.6354e-06
7.84578e-10
6.6356e-06
8.47345e-10
6.63581e-06
9.13853e-10
6.63604e-06
9.85279e-10
6.6363e-06
1.06195e-09
6.63657e-06
1.14247e-09
6.63687e-06
1.23107e-09
6.63719e-06
1.32699e-09
6.63754e-06
1.42885e-09
6.63791e-06
1.53882e-09
6.63832e-06
1.64918e-09
6.63875e-06
1.75977e-09
6.63922e-06
1.87973e-09
6.63972e-06
2.00593e-09
6.64027e-06
2.1297e-09
2.24083e-09
7.17463e-06
1.55683e-10
-7.17459e-06
7.17468e-06
1.66573e-10
7.17473e-06
1.78548e-10
7.17478e-06
1.91361e-10
7.17484e-06
2.05231e-10
7.1749e-06
2.20102e-10
7.17497e-06
2.36146e-10
7.17504e-06
2.5339e-10
7.17511e-06
2.71914e-10
7.1752e-06
2.91925e-10
7.17528e-06
3.13362e-10
7.17538e-06
3.36685e-10
7.17548e-06
3.6172e-10
7.17559e-06
3.89118e-10
7.1757e-06
4.18754e-10
7.17583e-06
4.51162e-10
7.17597e-06
4.86578e-10
7.17611e-06
5.24879e-10
7.17627e-06
5.66922e-10
7.17645e-06
6.11615e-10
7.17663e-06
6.60167e-10
7.17684e-06
7.11398e-10
7.17706e-06
7.65812e-10
7.17729e-06
8.24265e-10
7.17755e-06
8.85857e-10
7.17783e-06
9.53498e-10
7.17813e-06
1.0267e-09
7.17845e-06
1.10427e-09
7.1788e-06
1.18812e-09
7.17918e-06
1.27213e-09
7.17958e-06
1.35659e-09
7.18002e-06
1.44857e-09
7.18047e-06
1.54633e-09
7.18096e-06
1.64364e-09
1.74762e-09
7.76004e-06
1.13979e-10
-7.76e-06
7.76008e-06
1.221e-10
7.76013e-06
1.30937e-10
7.76018e-06
1.4037e-10
7.76023e-06
1.50545e-10
7.76029e-06
1.61451e-10
7.76036e-06
1.73203e-10
7.76042e-06
1.85852e-10
7.7605e-06
1.99431e-10
7.76057e-06
2.14126e-10
7.76066e-06
2.29858e-10
7.76075e-06
2.47002e-10
7.76084e-06
2.65382e-10
7.76095e-06
2.85522e-10
7.76106e-06
3.07268e-10
7.76118e-06
3.31071e-10
7.76131e-06
3.57025e-10
7.76145e-06
3.85111e-10
7.7616e-06
4.15853e-10
7.76176e-06
4.48539e-10
7.76194e-06
4.83928e-10
7.76213e-06
5.21264e-10
7.76233e-06
5.60786e-10
7.76255e-06
6.03299e-10
7.76279e-06
6.48022e-10
7.76305e-06
6.97317e-10
7.76332e-06
7.50628e-10
7.76362e-06
8.07312e-10
7.76394e-06
8.68515e-10
7.76428e-06
9.30046e-10
7.76465e-06
9.91797e-10
7.76504e-06
1.05934e-09
7.76545e-06
1.13099e-09
7.76589e-06
1.20269e-09
1.27584e-09
8.39331e-06
7.5066e-11
-8.39327e-06
8.39336e-06
8.02641e-11
8.3934e-06
8.60844e-11
8.39345e-06
9.23081e-11
8.3935e-06
9.90328e-11
8.39356e-06
1.06234e-10
8.39361e-06
1.13995e-10
8.39368e-06
1.22338e-10
8.39375e-06
1.31299e-10
8.39382e-06
1.40988e-10
8.3939e-06
1.51372e-10
8.39398e-06
1.62681e-10
8.39407e-06
1.74821e-10
8.39417e-06
1.88111e-10
8.39427e-06
2.02476e-10
8.39439e-06
2.18179e-10
8.39451e-06
2.35311e-10
8.39464e-06
2.5382e-10
8.39478e-06
2.74092e-10
8.39494e-06
2.95608e-10
8.3951e-06
3.18919e-10
8.39528e-06
3.43469e-10
8.39547e-06
3.69482e-10
8.39568e-06
3.97414e-10
8.3959e-06
4.26832e-10
8.39613e-06
4.59204e-10
8.39639e-06
4.94264e-10
8.39667e-06
5.31476e-10
8.39696e-06
5.71716e-10
8.39728e-06
6.12075e-10
8.39762e-06
6.52635e-10
8.39798e-06
6.96879e-10
8.39837e-06
7.43858e-10
8.39878e-06
7.90565e-10
8.37367e-10
9.07834e-06
3.78108e-11
-9.0783e-06
9.07838e-06
4.03343e-11
9.07842e-06
4.32262e-11
9.07847e-06
4.63356e-11
9.07852e-06
4.97106e-11
9.07857e-06
5.33374e-11
9.07863e-06
5.72527e-11
9.07869e-06
6.1466e-11
9.07875e-06
6.59911e-11
9.07882e-06
7.08821e-11
9.0789e-06
7.61167e-11
9.07898e-06
8.18104e-11
9.07907e-06
8.79121e-11
9.07916e-06
9.45866e-11
9.07926e-06
1.01792e-10
9.07937e-06
1.09667e-10
9.07949e-06
1.18254e-10
9.07961e-06
1.27535e-10
9.07975e-06
1.37699e-10
9.0799e-06
1.48492e-10
9.08005e-06
1.60185e-10
9.08023e-06
1.72504e-10
9.08041e-06
1.85551e-10
9.08061e-06
1.99563e-10
9.08082e-06
2.14307e-10
9.08105e-06
2.30533e-10
9.08129e-06
2.48089e-10
9.08156e-06
2.6672e-10
9.08184e-06
2.86848e-10
9.08215e-06
3.07029e-10
9.08247e-06
3.27283e-10
9.08282e-06
3.49387e-10
9.08319e-06
3.72842e-10
9.08359e-06
3.96192e-10
4.2027e-10
9.81936e-06
-9.81932e-06
9.8194e-06
9.81944e-06
9.81949e-06
9.81954e-06
9.81959e-06
9.81965e-06
9.81971e-06
9.81978e-06
9.81985e-06
9.81992e-06
9.82001e-06
9.82009e-06
9.82019e-06
9.82029e-06
9.8204e-06
9.82052e-06
9.82065e-06
9.82078e-06
9.82093e-06
9.82109e-06
9.82126e-06
9.82145e-06
9.82165e-06
9.82186e-06
9.82209e-06
9.82234e-06
9.82261e-06
9.8229e-06
9.8232e-06
9.82353e-06
9.82388e-06
9.82425e-06
9.82465e-06
8.47161e-08
9.13778e-09
8.37096e-08
-7.4891e-09
8.42626e-08
8.43875e-09
8.35011e-08
-5.02898e-09
8.4073e-08
2.849e-09
8.32485e-08
-3.52749e-09
8.37355e-08
4.79969e-09
8.31397e-08
-1.05125e-09
8.35467e-08
4.61892e-09
8.30989e-08
-7.51096e-10
8.33394e-08
2.7649e-09
8.30721e-08
-8.11947e-10
8.31806e-08
1.96853e-09
8.3047e-08
-7.24305e-10
8.30583e-08
1.40484e-09
8.2963e-08
-6.7505e-10
8.27567e-08
1.01236e-09
8.24463e-08
-2.74415e-10
8.13871e-08
1.59997e-09
1.36248e-09
9.13264e-08
8.85783e-09
9.071e-08
-6.87267e-09
9.08556e-08
8.29316e-09
9.0527e-08
-4.70045e-09
9.06555e-08
2.72051e-09
9.03269e-08
-3.19882e-09
9.03417e-08
4.7848e-09
9.02326e-08
-9.42107e-10
9.02046e-08
4.64693e-09
9.01455e-08
-6.92005e-10
9.00601e-08
2.85026e-09
9.00002e-08
-7.5199e-10
8.99113e-08
2.05743e-09
8.98117e-08
-6.24716e-10
8.96876e-08
1.52897e-09
8.9495e-08
-4.82515e-10
8.91629e-08
1.34448e-09
8.86674e-08
2.21086e-10
8.82031e-08
2.06423e-09
1.8899e-09
9.84957e-08
8.93234e-09
9.8265e-08
-6.642e-09
9.81336e-08
8.42461e-09
9.81335e-08
-4.70036e-09
9.80036e-08
2.85036e-09
9.79204e-08
-3.11565e-09
9.78237e-08
4.88152e-09
9.7792e-08
-9.10408e-10
9.7842e-08
4.59697e-09
9.76924e-08
-5.42378e-10
9.78245e-08
2.71812e-09
9.75225e-08
-4.49953e-10
9.77415e-08
1.83838e-09
9.73151e-08
-1.98332e-10
9.751e-08
1.33413e-09
9.69283e-08
9.91579e-11
9.69386e-08
1.3342e-09
9.61494e-08
1.01027e-09
9.60194e-08
2.19427e-09
2.35537e-09
1.06514e-07
9.13376e-09
1.06439e-07
-6.56658e-09
1.06368e-07
8.4956e-09
1.06369e-07
-4.70146e-09
1.06306e-07
2.91302e-09
1.06131e-07
-2.94021e-09
1.06244e-07
4.76799e-09
1.06015e-07
-6.81085e-10
1.06348e-07
4.26426e-09
1.05967e-07
-1.61107e-10
1.06355e-07
2.32922e-09
1.05851e-07
5.43792e-11
1.06225e-07
1.46438e-09
1.05688e-07
3.39096e-10
1.05891e-07
1.13067e-09
1.0531e-07
6.80075e-10
1.05229e-07
1.4159e-09
1.04598e-07
1.641e-09
1.04445e-07
2.34709e-09
2.69063e-09
1.15481e-07
9.18698e-09
1.15309e-07
-6.39405e-09
1.1551e-07
8.29404e-09
1.15325e-07
-4.51605e-09
1.15452e-07
2.7857e-09
1.15092e-07
-2.58034e-09
1.15438e-07
4.42262e-09
1.15026e-07
-2.69849e-10
1.15554e-07
3.73659e-09
1.15043e-07
3.5014e-10
1.15518e-07
1.85408e-09
1.15012e-07
5.60533e-10
1.15324e-07
1.15207e-09
1.14874e-07
7.89075e-10
1.14886e-07
1.11893e-09
1.14419e-07
1.14697e-09
1.14213e-07
1.6219e-09
1.13782e-07
2.07205e-09
1.13555e-07
2.57383e-09
2.92178e-09
1.25263e-07
9.00615e-09
1.24927e-07
-6.05852e-09
1.25388e-07
7.83358e-09
1.25016e-07
-4.14418e-09
1.25307e-07
2.49444e-09
1.24802e-07
-2.07569e-09
1.25312e-07
3.91292e-09
1.248e-07
2.4241e-10
1.25412e-07
3.12418e-09
1.24894e-07
8.68694e-10
1.25326e-07
1.42115e-09
1.24949e-07
9.38224e-10
1.25122e-07
9.7929e-10
1.24838e-07
1.07227e-09
1.24572e-07
1.38577e-09
1.2404e-07
1.67888e-09
1.23737e-07
1.92433e-09
1.23522e-07
2.28719e-09
1.23388e-07
2.70826e-09
3.09162e-09
1.35775e-07
8.64938e-09
1.35301e-07
-5.58421e-09
1.35953e-07
7.18134e-09
1.35434e-07
-3.6255e-09
1.35857e-07
2.07125e-09
1.35255e-07
-1.47387e-09
1.35863e-07
3.3051e-09
1.3534e-07
7.65461e-10
1.35926e-07
2.53816e-09
1.35529e-07
1.26645e-09
1.35818e-07
1.13186e-09
1.35653e-07
1.10269e-09
1.3566e-07
9.72282e-10
1.35562e-07
1.17076e-09
1.35443e-07
1.50499e-09
1.3519e-07
1.9311e-09
1.34648e-07
2.467e-09
1.34174e-07
2.7606e-09
1.34008e-07
2.8744e-09
3.2803e-09
1.47072e-07
8.1856e-09
1.46476e-07
-4.98822e-09
1.47281e-07
6.37697e-09
1.46644e-07
-2.98898e-09
1.47169e-07
1.5462e-09
1.46522e-07
-8.26849e-10
1.47145e-07
2.68222e-09
1.46714e-07
1.19673e-09
1.47171e-07
2.08114e-09
1.47019e-07
1.41872e-09
1.47098e-07
1.05249e-09
1.47099e-07
1.10168e-09
1.47004e-07
1.06722e-09
1.47029e-07
1.1462e-09
1.47048e-07
1.48548e-09
1.47087e-07
1.89265e-09
1.46982e-07
2.57209e-09
1.46491e-07
3.25094e-09
1.45582e-07
3.78329e-09
3.69798e-09
1.59259e-07
7.65086e-09
1.58546e-07
-4.276e-09
1.5948e-07
5.44344e-09
1.58756e-07
-2.26553e-09
1.59342e-07
9.61133e-10
1.58707e-07
-1.92365e-10
1.59274e-07
2.11563e-09
1.58995e-07
1.47584e-09
1.59304e-07
1.77185e-09
1.59303e-07
1.41908e-09
1.59333e-07
1.02292e-09
1.59412e-07
1.02232e-09
1.59347e-07
1.13301e-09
1.58964e-07
1.52881e-09
1.58331e-07
2.11848e-09
1.57662e-07
2.56154e-09
1.57226e-07
3.00798e-09
1.57082e-07
3.39521e-09
1.57404e-07
3.46143e-09
3.70947e-09
1.7243e-07
7.06068e-09
1.71613e-07
-3.45885e-09
1.72647e-07
4.41012e-09
1.71888e-07
-1.50737e-09
1.72464e-07
3.85394e-10
1.71929e-07
3.42569e-10
1.72365e-07
1.67951e-09
1.72298e-07
1.54321e-09
1.72487e-07
1.58239e-09
1.72547e-07
1.35993e-09
1.72525e-07
1.04462e-09
1.72159e-07
1.38836e-09
1.71622e-07
1.66945e-09
1.71186e-07
1.96544e-09
1.70949e-07
2.35535e-09
1.70685e-07
2.82541e-09
1.70563e-07
3.13042e-09
1.70578e-07
3.3794e-09
1.70494e-07
3.54542e-09
3.67418e-09
1.86678e-07
6.42353e-09
1.85778e-07
-2.55893e-09
1.86862e-07
3.32615e-09
1.86149e-07
-7.94952e-10
1.86624e-07
-8.96571e-11
1.8631e-07
6.57316e-10
1.86529e-07
1.46037e-09
1.86661e-07
1.41135e-09
1.86766e-07
1.47706e-09
1.86605e-07
1.52048e-09
1.86181e-07
1.46902e-09
1.85853e-07
1.71629e-09
1.85555e-07
1.96718e-09
1.8526e-07
2.26069e-09
1.85023e-07
2.59224e-09
1.84876e-07
2.97286e-09
1.84772e-07
3.23397e-09
1.84703e-07
3.44908e-09
1.84695e-07
3.55321e-09
3.61784e-09
2.02089e-07
5.74929e-09
2.0114e-07
-1.61069e-09
2.02203e-07
2.26356e-09
2.01623e-07
-2.15106e-10
2.01935e-07
-4.01173e-10
2.01905e-07
6.87028e-10
2.01982e-07
1.383e-09
2.02035e-07
1.35851e-09
2.01831e-07
1.68167e-09
2.01543e-07
1.8084e-09
2.01272e-07
1.73989e-09
2.01035e-07
1.95318e-09
2.00771e-07
2.2314e-09
2.00524e-07
2.50751e-09
2.00321e-07
2.7952e-09
2.00192e-07
3.10162e-09
2.001e-07
3.32582e-09
2.0007e-07
3.47971e-09
2.0009e-07
3.5333e-09
3.54514e-09
2.18753e-07
5.0553e-09
2.17807e-07
-6.65427e-10
2.18726e-07
1.34529e-09
2.18376e-07
1.34671e-10
2.18499e-07
-5.24632e-10
2.18632e-07
5.53999e-10
2.18601e-07
1.41419e-09
2.18361e-07
1.59827e-09
2.18194e-07
1.84892e-09
2.17995e-07
2.00759e-09
2.1775e-07
1.98503e-09
2.17521e-07
2.18223e-09
2.17285e-07
2.46711e-09
2.17066e-07
2.72616e-09
2.16896e-07
2.96581e-09
2.16786e-07
3.21156e-09
2.16725e-07
3.38629e-09
2.16725e-07
3.48046e-09
2.16771e-07
3.48728e-09
3.45907e-09
2.36768e-07
4.3657e-09
2.35885e-07
2.17455e-10
2.3642e-07
8.10182e-10
2.36407e-07
1.47305e-10
2.36331e-07
-4.48205e-10
2.36303e-07
5.82496e-10
2.36249e-07
1.46738e-09
2.36149e-07
1.69814e-09
2.3604e-07
1.95883e-09
2.35859e-07
2.18853e-09
2.35619e-07
2.22445e-09
2.35399e-07
2.40262e-09
2.35192e-07
2.67393e-09
2.34997e-07
2.92162e-09
2.34858e-07
3.10421e-09
2.34776e-07
3.29348e-09
2.34747e-07
3.41574e-09
2.34771e-07
3.45663e-09
2.34837e-07
3.42068e-09
3.36231e-09
2.5625e-07
3.70311e-09
2.55484e-07
9.82615e-10
2.55746e-07
5.48977e-10
2.55856e-07
3.6952e-11
2.55749e-07
-3.41087e-10
2.55693e-07
6.37955e-10
2.5563e-07
1.53107e-09
2.55515e-07
1.81304e-09
2.55389e-07
2.08485e-09
2.55217e-07
2.3604e-09
2.54991e-07
2.45044e-09
2.54781e-07
2.61306e-09
2.54601e-07
2.85314e-09
2.54436e-07
3.08669e-09
2.54327e-07
3.21311e-09
2.54274e-07
3.34668e-09
2.54272e-07
3.41746e-09
2.54317e-07
3.41212e-09
2.544e-07
3.33797e-09
3.25607e-09
2.77324e-07
3.08686e-09
2.76711e-07
1.59572e-09
2.76766e-07
4.93631e-10
2.76864e-07
-6.05967e-11
2.76772e-07
-2.49324e-10
2.76697e-07
7.13499e-10
2.76626e-07
1.60183e-09
2.765e-07
1.9387e-09
2.76359e-07
2.22614e-09
2.76193e-07
2.52628e-09
2.75985e-07
2.65818e-09
2.75791e-07
2.80728e-09
2.75634e-07
3.01043e-09
2.75507e-07
3.21377e-09
2.75428e-07
3.292e-09
2.75401e-07
3.37336e-09
2.75423e-07
3.39553e-09
2.75485e-07
3.34973e-09
2.75581e-07
3.24231e-09
3.1411e-09
3.00125e-07
2.5363e-09
2.99705e-07
2.01545e-09
2.99595e-07
6.03914e-10
2.99614e-07
-7.99478e-11
2.99522e-07
-1.57356e-10
2.99445e-07
7.90568e-10
2.99368e-07
1.6786e-09
2.99234e-07
2.07318e-09
2.99083e-07
2.37681e-09
2.98924e-07
2.68556e-09
2.98737e-07
2.84487e-09
2.98562e-07
2.98261e-09
2.98426e-07
3.14655e-09
2.98342e-07
3.29781e-09
2.98293e-07
3.341e-09
2.98289e-07
3.37652e-09
2.98331e-07
3.35358e-09
2.98409e-07
3.27189e-09
2.98514e-07
3.13707e-09
3.01914e-09
3.24805e-07
2.06159e-09
3.24637e-07
2.18281e-09
3.24398e-07
8.43441e-10
3.24275e-07
4.24619e-11
3.24153e-07
-3.45037e-11
3.24082e-07
8.61275e-10
3.24003e-07
1.75736e-09
3.23862e-07
2.21412e-09
3.23707e-07
2.53211e-09
3.23555e-07
2.83773e-09
3.23392e-07
3.00783e-09
3.23241e-07
3.13365e-09
3.23124e-07
3.26297e-09
3.23089e-07
3.33311e-09
3.23062e-07
3.36772e-09
3.23081e-07
3.35782e-09
3.2314e-07
3.29447e-09
3.2323e-07
3.18165e-09
3.23343e-07
3.02481e-09
2.8928e-09
3.51534e-07
1.65921e-09
3.51836e-07
1.88057e-09
3.51384e-07
1.29591e-09
3.5102e-07
4.06142e-10
3.50855e-07
1.30891e-10
3.50778e-07
9.38215e-10
3.5069e-07
1.84546e-09
3.5054e-07
2.36344e-09
3.5038e-07
2.69203e-09
3.50241e-07
2.97691e-09
3.50105e-07
3.14393e-09
3.49985e-07
3.25397e-09
3.49906e-07
3.34201e-09
3.49887e-07
3.35136e-09
3.49892e-07
3.36339e-09
3.49932e-07
3.31798e-09
3.50005e-07
3.2206e-09
3.50106e-07
3.08132e-09
3.50224e-07
2.90709e-09
2.76351e-09
3.80478e-07
1.3286e-09
3.80486e-07
1.8733e-09
3.8033e-07
1.45156e-09
3.80042e-07
6.94575e-10
3.79814e-07
3.58135e-10
3.79706e-07
1.04646e-09
3.79601e-07
1.95111e-09
3.79438e-07
2.52645e-09
3.79285e-07
2.84421e-09
3.79166e-07
3.09627e-09
3.79059e-07
3.25065e-09
3.78975e-07
3.33868e-09
3.78926e-07
3.39068e-09
3.78921e-07
3.35643e-09
3.78949e-07
3.33475e-09
3.79009e-07
3.25803e-09
3.79097e-07
3.13345e-09
3.79205e-07
2.97242e-09
3.79327e-07
2.78554e-09
2.63231e-09
4.11873e-07
1.01744e-09
4.12414e-07
1.33249e-09
4.12609e-07
1.25674e-09
4.12101e-07
1.20242e-09
4.1143e-07
1.02934e-09
4.1109e-07
1.38666e-09
4.1091e-07
2.13091e-09
4.10734e-07
2.70194e-09
4.10605e-07
2.97371e-09
4.1051e-07
3.19115e-09
4.10431e-07
3.32985e-09
4.10377e-07
3.39234e-09
4.10363e-07
3.40506e-09
4.10375e-07
3.34412e-09
4.10424e-07
3.28618e-09
4.10503e-07
3.17894e-09
4.10603e-07
3.03277e-09
4.10721e-07
2.85502e-09
4.10847e-07
2.65958e-09
2.50092e-09
4.45836e-07
7.54016e-10
4.46612e-07
5.56402e-10
4.47182e-07
6.86863e-10
4.47192e-07
1.19235e-09
4.46387e-07
1.83415e-09
4.45339e-07
2.4348e-09
4.44818e-07
2.65191e-09
4.44643e-07
2.87666e-09
4.44547e-07
3.06958e-09
4.44478e-07
3.26032e-09
4.44425e-07
3.38269e-09
4.44404e-07
3.4131e-09
4.44426e-07
3.38378e-09
4.44455e-07
3.31453e-09
4.44523e-07
3.21873e-09
4.44617e-07
3.08439e-09
4.44729e-07
2.92112e-09
4.44852e-07
2.73211e-09
4.4498e-07
2.53136e-09
2.37152e-09
4.82526e-07
6.20832e-10
4.82371e-07
7.11083e-10
4.82092e-07
9.65855e-10
4.81914e-07
1.3705e-09
4.81907e-07
1.84086e-09
4.81866e-07
2.47596e-09
4.81641e-07
2.87761e-09
4.81462e-07
3.05524e-09
4.81353e-07
3.1789e-09
4.81296e-07
3.31695e-09
4.81271e-07
3.40784e-09
4.81283e-07
3.40064e-09
4.81319e-07
3.34781e-09
4.81379e-07
3.25514e-09
4.81464e-07
3.1336e-09
4.8157e-07
2.97831e-09
4.8169e-07
2.80113e-09
4.81817e-07
2.6054e-09
4.81946e-07
2.40217e-09
2.24221e-09
5.22345e-07
5.31789e-10
5.22171e-07
8.8537e-10
5.21979e-07
1.15739e-09
5.21815e-07
1.53512e-09
5.21659e-07
1.99665e-09
5.21579e-07
2.5556e-09
5.21461e-07
2.99627e-09
5.21329e-07
3.18717e-09
5.21229e-07
3.27905e-09
5.21184e-07
3.36133e-09
5.21179e-07
3.4132e-09
5.21219e-07
3.36029e-09
5.21277e-07
3.28981e-09
5.21358e-07
3.17411e-09
5.21461e-07
3.03129e-09
5.21578e-07
2.86122e-09
5.21705e-07
2.67384e-09
5.21835e-07
2.47502e-09
5.21966e-07
2.27185e-09
2.11295e-09
5.6546e-07
4.85777e-10
5.65404e-07
9.41186e-10
5.6519e-07
1.37166e-09
5.64973e-07
1.75175e-09
5.64773e-07
2.19718e-09
5.64643e-07
2.68512e-09
5.6457e-07
3.06944e-09
5.64484e-07
3.27265e-09
5.6441e-07
3.3537e-09
5.6438e-07
3.39109e-09
5.64409e-07
3.38412e-09
5.64466e-07
3.30375e-09
5.64546e-07
3.20957e-09
5.64646e-07
3.07431e-09
5.64763e-07
2.9137e-09
5.64891e-07
2.7337e-09
5.65025e-07
2.54002e-09
5.65159e-07
2.34101e-09
5.6529e-07
2.14044e-09
1.98557e-09
6.12145e-07
4.78091e-10
6.1207e-07
1.01671e-09
6.11912e-07
1.52955e-09
6.11678e-07
1.98539e-09
6.1147e-07
2.40549e-09
6.11336e-07
2.81876e-09
6.11262e-07
3.14342e-09
6.1121e-07
3.32461e-09
6.11172e-07
3.39176e-09
6.11167e-07
3.39608e-09
6.1123e-07
3.32126e-09
6.113e-07
3.23369e-09
6.11399e-07
3.11118e-09
6.11514e-07
2.95903e-09
6.11643e-07
2.78452e-09
6.11779e-07
2.59775e-09
6.11917e-07
2.4017e-09
6.12053e-07
2.20495e-09
6.12184e-07
2.00959e-09
1.85984e-09
6.62704e-07
4.96371e-10
6.62606e-07
1.11498e-09
6.6244e-07
1.69621e-09
6.62238e-07
2.18733e-09
6.62043e-07
2.6003e-09
6.6191e-07
2.95169e-09
6.61838e-07
3.21541e-09
6.61808e-07
3.35412e-09
6.61806e-07
3.39392e-09
6.6184e-07
3.36188e-09
6.61915e-07
3.24676e-09
6.62009e-07
3.13913e-09
6.62124e-07
2.99652e-09
6.62252e-07
2.83132e-09
6.62389e-07
2.64774e-09
6.6253e-07
2.4559e-09
6.62672e-07
2.26015e-09
6.6281e-07
2.06718e-09
6.62941e-07
1.87862e-09
1.73412e-09
7.1745e-07
5.34389e-10
7.17292e-07
1.27332e-09
7.17155e-07
1.83295e-09
7.16975e-07
2.36755e-09
7.16795e-07
2.78031e-09
7.16667e-07
3.07959e-09
7.16605e-07
3.27679e-09
7.16596e-07
3.36357e-09
7.16626e-07
3.36389e-09
7.16694e-07
3.29407e-09
7.16787e-07
3.15399e-09
7.16903e-07
3.02297e-09
7.17036e-07
2.86308e-09
7.17178e-07
2.68933e-09
7.17321e-07
2.50507e-09
7.17459e-07
2.3174e-09
7.176e-07
2.1198e-09
7.1774e-07
1.92698e-09
7.17873e-07
1.74542e-09
1.60651e-09
7.76735e-07
5.7857e-10
7.76655e-07
1.35305e-09
7.7645e-07
2.03828e-09
7.7624e-07
2.57679e-09
7.76066e-07
2.95423e-09
7.75946e-07
3.19958e-09
7.75897e-07
3.32584e-09
7.75908e-07
3.35327e-09
7.75963e-07
3.30864e-09
7.76062e-07
3.19469e-09
7.76174e-07
3.042e-09
7.76312e-07
2.8852e-09
7.76465e-07
2.70975e-09
7.76628e-07
2.52667e-09
7.768e-07
2.33334e-09
7.7692e-07
2.1976e-09
7.77025e-07
2.01481e-09
7.77176e-07
1.77582e-09
7.7732e-07
1.60122e-09
1.47207e-09
8.40904e-07
6.43678e-10
8.40737e-07
1.52048e-09
8.40569e-07
2.20575e-09
8.40386e-07
2.75965e-09
8.40227e-07
3.11394e-09
8.40125e-07
3.30121e-09
8.40091e-07
3.35968e-09
8.40122e-07
3.3228e-09
8.40216e-07
3.21468e-09
8.40338e-07
3.07239e-09
8.40481e-07
2.8994e-09
8.40647e-07
2.71871e-09
8.40829e-07
2.52819e-09
8.41019e-07
2.33628e-09
8.41204e-07
2.14797e-09
8.41379e-07
2.02322e-09
8.41542e-07
1.85204e-09
8.41629e-07
1.68842e-09
8.41696e-07
1.53395e-09
1.35367e-09
3.27241e-06
9.83446e-10
3.27169e-06
2.24648e-09
3.27085e-06
3.04145e-09
3.27013e-06
3.48614e-09
3.26958e-06
3.66253e-09
3.26925e-06
3.62369e-09
3.26916e-06
3.45903e-09
3.26927e-06
3.20591e-09
3.26965e-06
2.83715e-09
3.27016e-06
2.56209e-09
3.27075e-06
2.30634e-09
3.2714e-06
2.06947e-09
3.27208e-06
1.85496e-09
3.27275e-06
1.65974e-09
3.27341e-06
1.48559e-09
3.27411e-06
1.32849e-09
3.27477e-06
1.18892e-09
3.2754e-06
1.06362e-09
3.27598e-06
9.52379e-10
8.71584e-10
3.53964e-06
1.26361e-09
3.53873e-06
3.15433e-09
3.53752e-06
4.25392e-09
3.53638e-06
4.62631e-09
3.53548e-06
4.56192e-09
3.53489e-06
4.21854e-09
3.53451e-06
3.83106e-09
3.53419e-06
3.52455e-09
3.53394e-06
3.09213e-09
3.53385e-06
2.65452e-09
3.53391e-06
2.24109e-09
3.53414e-06
1.84526e-09
3.53451e-06
1.4851e-09
3.53501e-06
1.15573e-09
3.53563e-06
8.69517e-10
3.53633e-06
6.2169e-10
3.5371e-06
4.19301e-10
3.53791e-06
2.58674e-10
3.53872e-06
1.44379e-10
7.21075e-11
3.82783e-06
2.33112e-09
3.82574e-06
5.24374e-09
3.8234e-06
6.59659e-09
3.82133e-06
6.69265e-09
3.8197e-06
6.19324e-09
3.81874e-06
5.1739e-09
3.81823e-06
4.34732e-09
3.81822e-06
3.53537e-09
3.81851e-06
2.79574e-09
3.81907e-06
2.09968e-09
3.81982e-06
1.48751e-09
3.82072e-06
9.4184e-10
3.82172e-06
4.91079e-10
3.82276e-06
1.17554e-10
3.82391e-06
-2.88954e-10
3.8252e-06
-6.64051e-10
3.82653e-06
-9.06096e-10
3.82782e-06
-1.03989e-09
3.82903e-06
-1.06133e-09
-9.50294e-10
4.14268e-06
1.11304e-09
4.14512e-06
2.79895e-09
4.14797e-06
3.7517e-09
4.15064e-06
4.02053e-09
4.15294e-06
3.89282e-09
4.15459e-06
3.52935e-09
4.1557e-06
3.23719e-09
4.15645e-06
2.78266e-09
4.1569e-06
2.34253e-09
4.15709e-06
1.91239e-09
4.15706e-06
1.51483e-09
4.15686e-06
1.13958e-09
4.15655e-06
8.02077e-10
4.15618e-06
4.94388e-10
4.15566e-06
2.23218e-10
4.15501e-06
-1.1139e-11
4.15422e-06
-1.16504e-10
4.15337e-06
-1.89175e-10
4.15254e-06
-2.34373e-10
-2.61618e-10
4.47992e-06
7.34786e-10
4.48112e-06
1.59959e-09
4.48281e-06
2.06269e-09
4.48459e-06
2.23806e-09
4.48629e-06
2.19496e-09
4.48782e-06
2.00337e-09
4.48932e-06
1.73719e-09
4.49069e-06
1.40412e-09
4.49187e-06
1.16264e-09
4.49282e-06
9.61823e-10
4.49354e-06
7.96679e-10
4.49402e-06
6.63176e-10
4.49427e-06
5.55976e-10
4.49429e-06
4.69917e-10
4.49411e-06
4.01051e-10
4.49376e-06
3.45248e-10
4.49334e-06
3.00013e-10
4.49289e-06
2.62525e-10
4.49242e-06
2.31281e-10
2.0897e-10
4.84556e-06
3.95369e-10
4.84626e-06
9.01784e-10
4.84711e-06
1.21757e-09
4.84796e-06
1.38096e-09
4.84874e-06
1.4177e-09
4.84938e-06
1.36124e-09
4.84984e-06
1.27555e-09
4.85007e-06
1.18003e-09
4.85018e-06
1.05036e-09
4.85022e-06
9.25492e-10
4.8502e-06
8.10653e-10
4.85016e-06
7.08232e-10
4.8501e-06
6.18419e-10
4.85002e-06
5.40089e-10
4.84995e-06
4.72615e-10
4.84988e-06
4.14146e-10
4.84982e-06
3.63971e-10
4.84976e-06
3.20433e-10
4.84971e-06
2.82892e-10
2.4419e-10
5.24088e-06
2.71924e-10
5.24119e-06
5.94061e-10
5.2416e-06
8.05395e-10
5.24204e-06
9.36019e-10
5.24248e-06
9.86065e-10
5.24287e-06
9.70786e-10
5.24322e-06
9.18619e-10
5.24355e-06
8.49057e-10
5.24383e-06
7.72964e-10
5.24406e-06
6.98617e-10
5.24424e-06
6.25384e-10
5.24441e-06
5.45898e-10
5.24453e-06
4.89158e-10
5.24464e-06
4.38759e-10
5.24472e-06
3.93601e-10
5.24478e-06
3.52766e-10
5.24482e-06
3.1602e-10
5.24486e-06
2.8271e-10
5.24489e-06
2.52724e-10
2.30588e-10
5.66866e-06
1.92607e-10
5.66884e-06
4.06034e-10
5.66909e-06
5.57768e-10
5.66937e-06
6.61672e-10
5.66964e-06
7.12738e-10
5.66989e-06
7.16818e-10
5.67012e-06
6.9313e-10
5.67031e-06
6.54251e-10
5.67048e-06
6.0816e-10
5.67062e-06
5.60959e-10
5.67073e-06
5.14229e-10
5.6708e-06
4.71027e-10
5.67085e-06
4.37243e-10
5.67089e-06
3.97213e-10
5.67093e-06
3.59781e-10
5.67096e-06
3.24841e-10
5.67098e-06
2.92724e-10
5.671e-06
2.63137e-10
5.67102e-06
2.36235e-10
2.06983e-10
6.13137e-06
1.44897e-10
6.13148e-06
2.98551e-10
6.13162e-06
4.13095e-10
6.13179e-06
4.97311e-10
6.13195e-06
5.44482e-10
6.13211e-06
5.63002e-10
6.13225e-06
5.51781e-10
6.13238e-06
5.27156e-10
6.13249e-06
4.95354e-10
6.13259e-06
4.61254e-10
6.13268e-06
4.26022e-10
6.13276e-06
3.91381e-10
6.13284e-06
3.5778e-10
6.13291e-06
3.25662e-10
6.13297e-06
2.95482e-10
6.13303e-06
2.67208e-10
6.13308e-06
2.41151e-10
6.13313e-06
2.17101e-10
6.13317e-06
1.95194e-10
1.7138e-10
6.63187e-06
1.12189e-10
6.63194e-06
2.28535e-10
6.63204e-06
3.16893e-10
6.63215e-06
3.83877e-10
6.63228e-06
4.22147e-10
6.63241e-06
4.33032e-10
6.63253e-06
4.30841e-10
6.63264e-06
4.13842e-10
6.63275e-06
3.90623e-10
6.63284e-06
3.65238e-10
6.63293e-06
3.38545e-10
6.63301e-06
3.12023e-10
6.63309e-06
2.80484e-10
6.63316e-06
2.55386e-10
6.63322e-06
2.31649e-10
6.63328e-06
2.09314e-10
6.63333e-06
1.88641e-10
6.63338e-06
1.69507e-10
6.63342e-06
1.52029e-10
1.38969e-10
7.17325e-06
8.54792e-11
7.1733e-06
1.73041e-10
7.17338e-06
2.40302e-10
7.17347e-06
2.91752e-10
7.17357e-06
3.21552e-10
7.17368e-06
3.30294e-10
7.17378e-06
3.25906e-10
7.17388e-06
3.13397e-10
7.17398e-06
2.96075e-10
7.17406e-06
2.76884e-10
7.17415e-06
2.56582e-10
7.17422e-06
2.36334e-10
7.17429e-06
2.1649e-10
7.17434e-06
1.97396e-10
7.1744e-06
1.7933e-10
7.17444e-06
1.62278e-10
7.17449e-06
1.4644e-10
7.17452e-06
1.31717e-10
7.17456e-06
1.1822e-10
1.08076e-10
7.75882e-06
6.18126e-11
7.75887e-06
1.24949e-10
7.75893e-06
1.7343e-10
7.75902e-06
2.10832e-10
7.7591e-06
2.32473e-10
7.7592e-06
2.38956e-10
7.75929e-06
2.35872e-10
7.75937e-06
2.27078e-10
7.75945e-06
2.14834e-10
7.75953e-06
2.01294e-10
7.7596e-06
1.86859e-10
7.75966e-06
1.72401e-10
7.75972e-06
1.58113e-10
7.75977e-06
1.44279e-10
7.75982e-06
1.3111e-10
7.75987e-06
1.18659e-10
7.75991e-06
1.07082e-10
7.75994e-06
9.96521e-11
7.75997e-06
8.98197e-11
7.9093e-11
8.39219e-06
4.05401e-11
8.39224e-06
8.17244e-11
8.3923e-06
1.13523e-10
8.39237e-06
1.38067e-10
8.39245e-06
1.52391e-10
8.39253e-06
1.56733e-10
8.39261e-06
1.54836e-10
8.39269e-06
1.49135e-10
8.39277e-06
1.41169e-10
8.39283e-06
1.32308e-10
8.3929e-06
1.22855e-10
8.39296e-06
1.13362e-10
8.39301e-06
1.03984e-10
8.39306e-06
9.48985e-11
8.39311e-06
8.62568e-11
8.39315e-06
7.8079e-11
8.39318e-06
7.04749e-11
8.39322e-06
6.5464e-11
8.39325e-06
5.9057e-11
5.20775e-11
9.07728e-06
2.02379e-11
9.07732e-06
4.08739e-11
9.07737e-06
5.69212e-11
9.07744e-06
6.94199e-11
9.07752e-06
7.67528e-11
9.07759e-06
7.90205e-11
9.07767e-06
7.80938e-11
9.07775e-06
7.52333e-11
9.07782e-06
7.12192e-11
9.07788e-06
6.67569e-11
9.07794e-06
6.19938e-11
9.078e-06
5.72119e-11
9.07805e-06
5.24848e-11
9.0781e-06
4.7904e-11
9.07814e-06
4.35429e-11
9.07818e-06
3.94139e-11
9.07821e-06
3.55704e-11
9.07825e-06
3.1994e-11
9.07828e-06
2.87123e-11
2.62499e-11
9.81828e-06
9.81832e-06
9.81838e-06
9.81845e-06
9.81853e-06
9.81861e-06
9.81868e-06
9.81876e-06
9.81883e-06
9.8189e-06
9.81896e-06
9.81902e-06
9.81907e-06
9.81912e-06
9.81916e-06
9.8192e-06
9.81923e-06
9.81927e-06
9.8193e-06
)
;

boundaryField
{
    top
    {
        type            calculated;
        value           uniform 0;
    }
    inlet
    {
        type            calculated;
        value           nonuniform List<scalar> 
45
(
-3.27275e-06
-3.53992e-06
-3.8289e-06
-4.14146e-06
-4.47954e-06
-4.84522e-06
-5.24076e-06
-5.66858e-06
-6.13132e-06
-6.63184e-06
-7.17322e-06
-7.7588e-06
-8.39217e-06
-9.07725e-06
-9.81826e-06
-8.40969e-08
-9.10464e-08
-9.85702e-08
-1.06716e-07
-1.15534e-07
-1.25082e-07
-1.35418e-07
-1.46609e-07
-1.58724e-07
-1.7184e-07
-1.86041e-07
-2.01414e-07
-2.18059e-07
-2.36078e-07
-2.55587e-07
-2.76708e-07
-2.99574e-07
-3.2433e-07
-3.51132e-07
-3.80148e-07
-4.11562e-07
-4.45572e-07
-4.82393e-07
-5.22256e-07
-5.65414e-07
-6.12138e-07
-6.62723e-07
-7.17488e-07
-7.76779e-07
-8.40969e-07
)
;
    }
    outlet
    {
        type            calculated;
        value           nonuniform List<scalar> 
45
(
3.30736e-06
3.57369e-06
3.86158e-06
4.1616e-06
4.49704e-06
4.85905e-06
5.25299e-06
5.67952e-06
6.14118e-06
6.64088e-06
7.18145e-06
7.76637e-06
8.39922e-06
9.084e-06
9.82507e-06
6.2398e-09
2.08614e-08
3.88595e-08
5.99984e-08
8.30621e-08
1.05843e-07
1.26238e-07
1.43621e-07
1.58873e-07
1.73369e-07
1.88169e-07
2.03865e-07
2.20752e-07
2.38999e-07
2.58741e-07
2.80105e-07
3.03226e-07
3.28249e-07
3.55333e-07
3.84652e-07
4.16391e-07
4.50754e-07
4.87972e-07
5.28271e-07
5.7189e-07
6.19105e-07
6.70214e-07
7.25529e-07
7.85393e-07
8.5019e-07
)
;
    }
    plate
    {
        type            calculated;
        value           uniform 0;
    }
    symmBound
    {
        type            calculated;
        value           nonuniform List<scalar> 
20
(
-9.75693e-09
8.49561e-09
-8.99182e-09
5.79052e-09
-3.42085e-09
4.35198e-09
-5.28676e-09
1.64705e-09
-5.0259e-09
1.19889e-09
-3.0054e-09
1.07924e-09
-2.07702e-09
8.57884e-10
-1.41613e-09
7.70336e-10
-8.05974e-10
5.84736e-10
-5.40773e-10
-2.2696e-10
)
;
    }
    frontAndBack
    {
        type            empty;
        value           nonuniform 0();
    }
}


// ************************************************************************* //
