/*--------------------------------*- C++ -*----------------------------------*\
| =========                 |                                                 |
| \\      /  F ield         | OpenFOAM: The Open Source CFD Toolbox           |
|  \\    /   O peration     | Version:  1.4.1-dev                             |
|   \\  /    A nd           | Web:      http://www.openfoam.org               |
|    \\/     M anipulation  |                                                 |
\*---------------------------------------------------------------------------*/

FoamFile
{
    version 2.0;
    format ascii;

    root "/home/mjaworsk/OpenFOAM/mjaworsk-1.4.1-dev/run/FlatPlate-Blasius";
    case "icoHeatFoam-flatPlate2";
    instance "1";
    local "";

    class volScalarField;
    object T;
}

// * * * * * * * * * * * * * * * * * * * * * * * * * * * * * * * * * * * * * //

dimensions      [0 0 0 1 0 0 0];

internalField   nonuniform List<scalar> 
2475
(
344.475
336.714
326.387
315.719
306.989
300.826
296.764
294.086
292.227
290.83
289.702
288.743
287.904
287.16
286.495
285.898
285.357
284.865
284.415
284.001
283.619
283.263
282.932
282.623
282.332
282.059
281.801
281.557
281.327
281.107
280.899
280.7
280.512
280.333
280.164
348.572
346.115
343.304
340.366
337.277
334.026
330.681
327.367
324.19
321.216
318.472
315.965
313.684
311.614
309.734
308.023
306.46
305.025
303.703
302.479
301.343
300.282
299.29
298.358
297.483
296.656
295.877
295.136
294.436
293.766
293.133
292.523
291.95
291.397
290.877
349.625
348.726
347.676
346.584
345.438
344.227
342.924
341.497
339.942
338.271
336.506
334.672
332.795
330.899
329.006
327.137
325.306
323.525
321.803
320.144
318.552
317.024
315.565
314.165
312.83
311.549
310.328
309.153
308.035
306.953
305.926
304.925
303.982
303.059
302.187
349.916
349.614
349.206
348.756
348.263
347.737
347.179
346.577
345.916
345.185
344.377
343.487
342.514
341.46
340.328
339.124
337.856
336.532
335.164
333.761
332.336
330.894
329.451
328.008
326.579
325.161
323.77
322.395
321.06
319.738
318.464
317.197
315.989
314.781
313.628
349.984
349.899
349.757
349.583
349.376
349.141
348.885
348.609
348.307
347.975
347.609
347.203
346.752
346.252
345.698
345.086
344.415
343.68
342.883
342.021
341.1
340.119
339.086
338
336.875
335.704
334.509
333.277
332.038
330.768
329.51
328.218
326.958
325.659
324.395
349.998
349.978
349.936
349.877
349.801
349.706
349.596
349.471
349.332
349.177
349.005
348.815
348.603
348.367
348.105
347.813
347.487
347.124
346.721
346.273
345.779
345.233
344.637
343.986
343.283
342.521
341.711
340.839
339.929
338.955
337.957
336.89
335.818
334.667
333.519
350
349.996
349.985
349.969
349.945
349.913
349.871
349.821
349.763
349.695
349.617
349.529
349.43
349.319
349.195
349.055
348.9
348.725
348.529
348.31
348.064
347.788
347.481
347.137
346.757
346.332
345.868
345.351
344.793
344.173
343.518
342.787
342.032
341.185
340.315
350
349.999
349.997
349.993
349.987
349.978
349.965
349.948
349.926
349.9
349.869
349.832
349.789
349.74
349.683
349.619
349.546
349.463
349.37
349.265
349.146
349.012
348.861
348.69
348.499
348.281
348.039
347.764
347.461
347.115
346.74
346.308
345.849
345.316
344.753
350
350
350
349.999
349.997
349.995
349.992
349.987
349.98
349.972
349.961
349.948
349.931
349.912
349.888
349.861
349.829
349.793
349.75
349.702
349.647
349.583
349.512
349.43
349.337
349.231
349.111
348.973
348.82
348.641
348.445
348.213
347.963
347.664
347.342
350
350
350
350
350
349.999
349.998
349.997
349.995
349.993
349.99
349.986
349.981
349.974
349.966
349.955
349.943
349.929
349.911
349.891
349.867
349.839
349.807
349.769
349.727
349.677
349.62
349.554
349.48
349.393
349.296
349.179
349.052
348.897
348.727
350
350
350
350
350
350
350
349.999
349.999
349.999
349.998
349.997
349.995
349.993
349.991
349.988
349.984
349.978
349.972
349.965
349.955
349.944
349.931
349.916
349.897
349.875
349.85
349.821
349.787
349.746
349.701
349.645
349.584
349.508
349.424
350
350
350
350
350
350
350
350
350
350
350
349.999
349.999
349.999
349.998
349.997
349.996
349.994
349.992
349.99
349.987
349.983
349.978
349.973
349.966
349.957
349.947
349.935
349.92
349.903
349.883
349.858
349.83
349.795
349.756
350
350
350
350
350
350
350
350
350
350
350
350
350
350
350
349.999
349.999
349.999
349.998
349.998
349.997
349.996
349.994
349.992
349.99
349.987
349.983
349.979
349.973
349.967
349.959
349.949
349.937
349.922
349.905
350
350
350
350
350
350
350
350
350
350
350
350
350
350
350
350
350
350
350
349.999
349.999
349.999
349.999
349.998
349.997
349.997
349.995
349.994
349.992
349.99
349.987
349.983
349.979
349.973
349.966
350
350
350
350
350
350
350
350
350
350
350
350
350
350
350
350
350
350
350
350
350
350
350
350
349.999
349.999
349.999
349.998
349.998
349.997
349.996
349.995
349.994
349.992
349.989
350
350
350
350
350
350
350
350
350
350
350
350
350
350
350
350
350
350
350
350
350
350
350
350
350
350
350
350
350
349.999
349.999
349.999
349.998
349.998
349.997
350
350
350
350
350
350
350
350
350
350
350
350
350
350
350
350
350
350
350
350
350
350
350
350
350
350
350
350
350
350
350
350
350
349.999
349.999
350
350
350
350
350
350
350
350
350
350
350
350
350
350
350
350
350
350
350
350
350
350
350
350
350
350
350
350
350
350
350
350
350
350
350
350
350
350
350
350
350
350
350
350
350
350
350
350
350
350
350
350
350
350
350
350
350
350
350
350
350
350
350
350
350
350
350
350
350
350
350
350
350
350
350
350
350
350
350
350
350
350
350
350
350
350
350
350
350
350
350
350
350
350
350
350
350
350
350
350
350
350
350
350
350
350
350
350
350
350
350
350
350
350
350
350
350
350
350
350
350
350
350
350
350
350
350
350
350
350
350
350
350
350
350
350
350
350
350
350
350
350
350
350
350
350
350
350
350
350
350
350
350
350
350
350
350
350
350
350
350
350
350
350
350
350
350
350
350
350
350
350
350
350
350
350
350
350
350
350
350
350
350
350
350
350
350
350
350
350
350
350
350
350
350
350
350
350
350
350
350
350
350
350
350
350
350
350
350
350
350
350
350
350
350
350
350
350
350
350
350
350
350
350
350
350
350
350
350
350
350
350
350
350
350
350
350
350
350
350
350
350
350
350
350
350
350
350
350
350
350
350
350
350
350
350
350
350
350
350
350
350
350
350
350
350
350
350
350
350
350
350
350
350
350
350
350
350
350
350
350
350
350
350
350
350
350
350
350
350
350
350
350
350
350
350
350
350
350
350
350
350
350
350
350
350
350
350
350
350
350
350
350
350
350
350
350
350
350
350
350
350
350
350
350
350
350
350
350
350
350
350
350
350
350
350
350
350
350
350
350
350
350
350
350
350
350
350
350
350
350
350
350
350
350
350
350
350
350
350
350
350
350
350
350
350
350
350
350
350
350
350
350
350
350
350
350
350
350
350
350
350
350
350
350
350
350
350
350
350
350
350
350
350
350
350
350
350
350
350
350
350
350
350
350
350
350
350
350
350
350
350
350
350
350
350
350
350
350
350
350
350
350
350
350
350
350
350
350
350
350
350
350
350
350
350
350
350
350
350
350
350
350
350
350
350
350
350
350
350
350
350
350
350
350
350
350
350
350
350
350
350
350
350
350
350
350
350
350
350
350
350
350
350
350
350
350
350
350
350
350
350
350
350
350
350
350
350
350
350
350
350
350
350
350
350
350
350
350
350
350
350
350
350
350
350
350
350
350
350
350
350
350
350
350
350
350
350
350
350
350
350
350
350
350
350
350
350
350
350
350
350
350
350
350
350
350
350
350
350
350
350
350
350
350
350
350
350
350
350
350
350
350
350
350
350
350
350
350
350
350
350
350
350
350
350
350
350
350
350
350
350
350
350
350
350
350
350
350
350
350
350
350
350
350
350
350
350
350
350
350
350
350
350
350
350
350
350
350
350
350
350
350
350
350
350
350
350
350
350
350
350
350
350
350
350
350
350
350
350
350
350
350
350
350
350
350
350
350
350
350
350
350
350
350
350
350
350
350
350
350
350
350
350
350
350
350
350
350
350
350
350
350
350
350
350
350
350
350
350
350
350
350
350
350
350
350
350
350
350
350
350
350
350
350
350
350
350
350
350
350
350
350
350
350
350
350
350
350
350
350
350
350
350
350
350
350
350
350
350
350
350
350
350
350
350
350
350
350
350
350
350
350
350
350
350
350
350
350
350
350
350
350
350
350
350
350
350
350
350
350
350
350
350
350
350
350
350
350
350
350
350
350
350
350
350
350
350
350
350
350
350
350
350
350
350
350
350
350
350
350
350
350
350
350
350
350
350
350
350
350
350
350
350
350
350
350
350
350
350
350
350
350
350
350
350
350
350
350
350
350
350
350
350
350
350
350
350
350
350
350
350
350
350
350
350
350
350
350
350
350
350
350
350
350
350
350
350
350
350
350
350
350
350
350
350
350
350
350
350
350
350
350
350
350
350
350
350
350
350
350
350
350
350
350
350
350
350
350
350
350
350
350
350
350
350
350
350
350
350
350
350
350
350
350
350
350
350
350
350
350
350
350
350
350
350
350
350
350
350
350
350
350
350
350
350
350
350
350
350
350
350
350
350
350
350
350
350
350
350
350
350
350
350
350
350
350
350
350
350
350
350
350
350
350
350
350
350
350
350
350
350
350
350
350
350
350
350
350
350
350
350
350
350
350
350
350
350
350
350
350
350
350
350
350
350
350
350
350
350
350
350
350
350
350
350
350
350
350
350
350
350
350
350
350
350
350
350
350
350
350
350
350
350
350
350
350
350
350
350
350
350
350
350
350
350
350
350
350
350
350
350
350
350
350
350
350
350
350
349.986
350
350
350
350
350
350
350
350
350
350
350
350
350
350
350
350
350
350
350
349.996
350
350
350
350
350
350
350
350
350
350
350
350
350
350
350
350
350
350
350
349.999
350
350
350
350
350
350
350
350
350
350
350
350
350
350
350
350
350
350
350
350
350
350
350
350
350
350
350
350
350
350
350
350
350
350
350
350
350
350
350
350
350
350
350
350
350
350
350
350
350
350
350
350
350
350
350
350
350
350
350
350
350
350
350
350
350
350
350
350
350
350
350
350
350
350
350
350
350
350
350
350
350
350
350
350
350
350
350
350
350
350
350
350
350
350
350
350
350
350
350
350
350
350
350
350
350
350
350
350
350
350
350
350
350
350
350
350
350
350
350
350
350
350
350
350
350
350
350
350
350
350
350
350
350
350
350
350
350
350
350
350
350
350
350
350
350
350
350
350
350
350
350
350
350
350
350
350
350
350
350
350
350
350
350
350
350
350
350
350
350
350
350
350
350
350
350
350
350
350
350
350
350
350
350
350
350
350
350
350
350
350
350
350
350
350
350
350
350
350
350
350
350
350
350
350
350
350
350
350
350
350
350
350
350
350
350
350
350
350
350
350
350
350
350
350
350
350
350
350
350
350
350
350
350
350
350
350
350
350
350
350
350
350
350
350
350
350
350
350
350
350
350
350
350
350
350
350
350
350
350
350
350
350
350
350
350
350
350
350
350
350
350
350
350
350
350
350
350
350
350
350
350
350
350
350
350
350
350
350
350
350
350
350
350
350
350
350
350
350
350
350
350
350
350
350
350
350
350
350
350
350
350
350
350
350
350
350
350
350
350
350
350
350
350
350
350
350
350
350
350
350
350
350
350
350
350
350
350
350
350
350
350
350
350
350
350
350
350
350
350
350
350
350
350
350
350
350
350
350
350
350
350
350
350
350
350
350
350
350
350
350
350
350
350
350
350
350
350
350
350
350
350
350
350
350
350
350
350
350
350
350
350
350
350
350
350
350
350
350
350
350
350
350
350
350
350
350
350
350
350
350
350
350
350
350
350
350
350
350
350
350
350
350
350
350
350
350
350
350
350
350
350
350
350
350
350
350
350
350
350
350
350
350
350
350
350
350
350
350
350
350
350
350
350
350
350
350
350
350
350
350
350
350
350
350
350
350
350
350
350
350
350
350
350
350
350
350
350
350
350
350
350
350
350
350
350
350
350
350
350
350
350
350
350
350
350
350
350
350
350
350
350
350
350
350
350
350
350
350
350
350
350
350
350
350
350
350
350
350
350
350
350
350
350
350
350
350
350
350
350
350
350
350
350
350
350
350
350
350
350
350
350
350
350
350
350
350
350
350
350
350
350
350
350
350
350
350
350
350
350
350
350
350
350
350
350
350
350
350
350
350
350
350
350
350
350
350
350
350
350
350
350
350
350
350
350
350
350
350
350
350
350
350
350
350
350
350
350
350
350
350
350
350
350
350
350
350
350
350
350
350
350
350
350
350
350
350
350
350
350
350
350
350
350
350
350
350
350
350
350
350
350
350
350
350
350
350
350
350
350
350
350
350
350
350
350
350
350
350
350
350
350
350
350
350
350
350
350
350
350
350
350
350
350
350
350
350
350
350
350
350
350
350
350
350
350
350
350
350
350
350
350
350
350
350
350
350
350
350
350
350
350
350
350
350
350
350
350
350
350
350
350
350
350
350
350
350
350
350
350
350
350
350
350
350
350
350
350
350
350
350
350
350
350
350
350
350
350
350
350
350
350
350
350
350
350
350
350
350
350
350
350
350
350
350
350
350
350
350
350
350
350
350
350
350
350
350
350
350
350
350
350
350
350
350
350
350
350
350
350
350
350
350
350
350
350
350
350
350
350
350
350
350
350
350
350
350
350
350
350
350
350
350
350
350
350
350
350
350
350
350
350
350
350
350
350
350
350
350
350
350
350
350
350
350
350
350
350
350
350
350
350
350
350
350
350
350
350
350
350
350
350
350
350
350
350
350
350
350
350
350
)
;

boundaryField
{
    top
    {
        type            fixedValue;
        value           uniform 350;
    }
    inlet
    {
        type            fixedValue;
        value           uniform 350;
    }
    outlet
    {
        type            zeroGradient;
    }
    plate
    {
        type            fixedValue;
        value           uniform 275;
    }
    symmBound
    {
        type            zeroGradient;
    }
    frontAndBack
    {
        type            empty;
    }
}


// ************************************************************************* //
