/*--------------------------------*- C++ -*----------------------------------*\
| =========                 |                                                 |
| \\      /  F ield         | OpenFOAM: The Open Source CFD Toolbox           |
|  \\    /   O peration     | Version:  1.4.1-dev                             |
|   \\  /    A nd           | Web:      http://www.openfoam.org               |
|    \\/     M anipulation  |                                                 |
\*---------------------------------------------------------------------------*/

FoamFile
{
    version 2.0;
    format ascii;

    root "/home/mjaworsk/OpenFOAM/mjaworsk-1.4.1-dev/run/FlatPlate-Blasius";
    case "icoHeatFoam-flatPlate2";
    instance "0.5";
    local "";

    class surfaceScalarField;
    object phi;
}

// * * * * * * * * * * * * * * * * * * * * * * * * * * * * * * * * * * * * * //

dimensions      [0 3 -1 0 0 0 0];

internalField   nonuniform List<scalar> 
4850
(
9.4342e-09
5.438e-09
-1.48722e-08
5.64924e-09
3.78495e-09
3.84729e-09
1.80195e-09
2.99277e-09
8.54524e-10
2.53375e-09
4.59018e-10
2.24745e-09
2.863e-10
2.0407e-09
2.06749e-10
1.87684e-09
1.63853e-10
1.74114e-09
1.35704e-10
1.62593e-09
1.15213e-10
1.52629e-09
9.96342e-11
1.43879e-09
8.75092e-11
1.36108e-09
7.77087e-11
1.29141e-09
6.96712e-11
1.22858e-09
6.28235e-11
1.1715e-09
5.70853e-11
1.11944e-09
5.20607e-11
1.07155e-09
4.78874e-11
1.02744e-09
4.41128e-11
9.86396e-10
4.10392e-11
9.48316e-10
3.80803e-11
9.12548e-10
3.57683e-11
8.79222e-10
3.33252e-11
8.47622e-10
3.16002e-11
8.18143e-10
2.94792e-11
7.89921e-10
2.82224e-11
7.63663e-10
2.62579e-11
7.38249e-10
2.54137e-11
7.14869e-10
2.33799e-11
6.91904e-10
2.29651e-11
6.71138e-10
2.07664e-11
6.5007e-10
2.10676e-11
6.31107e-10
1.89632e-11
6.11406e-10
1.97013e-11
1.88872e-11
1.62479e-08
6.12084e-09
-1.69308e-08
1.38436e-08
6.18928e-09
1.1596e-08
4.04957e-09
9.84099e-09
2.60952e-09
8.51244e-09
1.78757e-09
7.54481e-09
1.25392e-09
6.83129e-09
9.20273e-10
6.27471e-09
7.2043e-10
5.81792e-09
5.92492e-10
5.43104e-09
5.02095e-10
5.09669e-09
4.33983e-10
4.80328e-09
3.80923e-10
4.5429e-09
3.38091e-10
4.30969e-09
3.02882e-10
4.09948e-09
2.73032e-10
3.90864e-09
2.47924e-10
3.73458e-09
2.26121e-10
3.57464e-09
2.07828e-10
3.42723e-09
1.91517e-10
3.2903e-09
1.77979e-10
3.16308e-09
1.65291e-10
3.04382e-09
1.5503e-10
2.93249e-09
1.44658e-10
2.82723e-09
1.36859e-10
2.72875e-09
1.27958e-10
2.63484e-09
1.22136e-10
2.54718e-09
1.13919e-10
2.46284e-09
1.09749e-10
2.38497e-09
1.01254e-10
2.30886e-09
9.90755e-11
2.23988e-09
8.97438e-11
2.16979e-09
9.11613e-11
2.10807e-09
8.06762e-11
2.04215e-09
8.56208e-11
7.7031e-11
1.91437e-08
5.38641e-09
-1.84092e-08
1.85904e-08
6.74258e-09
1.7373e-08
5.26693e-09
1.60462e-08
3.93634e-09
1.47001e-08
3.13371e-09
1.34517e-08
2.50225e-09
1.23777e-08
1.99429e-09
1.1471e-08
1.62714e-09
1.06968e-08
1.36671e-09
1.00253e-08
1.17359e-09
9.43532e-09
1.02395e-09
8.9113e-09
9.04944e-10
8.44196e-09
8.07433e-10
8.01862e-09
7.26222e-10
7.63486e-09
6.5679e-10
7.285e-09
5.97786e-10
6.96478e-09
5.46335e-10
6.66989e-09
5.02726e-10
6.39751e-09
4.63893e-10
6.14419e-09
4.31295e-10
5.90846e-09
4.01027e-10
5.68734e-09
3.76145e-10
5.48057e-09
3.5143e-10
5.28512e-09
3.32314e-10
5.10191e-09
3.11161e-10
4.92733e-09
2.96722e-10
4.76409e-09
2.77157e-10
4.60731e-09
2.66532e-10
4.4623e-09
2.46264e-10
4.32076e-09
2.40616e-10
4.19236e-09
2.18135e-10
4.0619e-09
2.21626e-10
3.94806e-09
1.94515e-10
3.82564e-09
2.08045e-10
1.81358e-10
2.09043e-08
4.60114e-09
-2.0119e-08
2.12515e-08
6.3954e-09
2.09245e-08
5.5939e-09
2.03542e-08
4.50671e-09
1.95886e-08
3.89932e-09
1.8671e-08
3.41977e-09
1.77124e-08
2.95295e-09
1.67822e-08
2.55732e-09
1.59034e-08
2.24554e-09
1.50823e-08
1.99462e-09
1.43207e-08
1.78555e-09
1.36167e-08
1.60898e-09
1.29668e-08
1.45729e-09
1.23668e-08
1.32622e-09
1.18129e-08
1.21075e-09
1.13005e-08
1.11015e-09
1.08262e-08
1.02062e-09
1.03856e-08
9.43368e-10
9.97575e-09
8.73728e-10
9.59249e-09
8.14552e-10
9.23415e-09
7.59373e-10
8.89672e-09
7.1357e-10
8.58005e-09
6.68102e-10
8.27988e-09
6.32489e-10
7.99773e-09
5.93311e-10
7.72828e-09
5.66173e-10
7.4758e-09
5.29636e-10
7.23295e-09
5.09382e-10
7.00796e-09
4.71245e-10
6.7881e-09
4.60484e-10
6.58849e-09
4.17744e-10
6.3856e-09
4.24509e-10
6.209e-09
3.71118e-10
6.01942e-09
3.97622e-10
3.41013e-10
2.25853e-08
4.03052e-09
-2.20147e-08
2.31818e-08
5.79891e-09
2.32729e-08
5.50277e-09
2.31683e-08
4.61134e-09
2.2934e-08
4.13363e-09
2.25163e-08
3.83747e-09
2.19561e-08
3.51308e-09
2.13168e-08
3.19664e-09
2.06321e-08
2.93026e-09
1.99205e-08
2.70617e-09
1.91986e-08
2.50753e-09
1.84799e-08
2.32764e-09
1.77754e-08
2.16182e-09
1.70922e-08
2.00941e-09
1.64359e-08
1.86705e-09
1.5809e-08
1.737e-09
1.52137e-08
1.61594e-09
1.46491e-08
1.50798e-09
1.41154e-08
1.40747e-09
1.36095e-08
1.3204e-09
1.31314e-08
1.23746e-09
1.2677e-08
1.16802e-09
1.22471e-08
1.09794e-09
1.18367e-08
1.04288e-09
1.14488e-08
9.81278e-10
1.10761e-08
9.38816e-10
1.07254e-08
8.80326e-10
1.03865e-08
8.48357e-10
1.00714e-08
7.86285e-10
9.7623e-09
7.69607e-10
9.48115e-09
6.98901e-10
9.19483e-09
7.10825e-10
8.9452e-09
6.20749e-10
8.67806e-09
6.64757e-10
5.65566e-10
2.44293e-08
3.63825e-09
-2.4037e-08
2.50427e-08
5.18544e-09
2.5282e-08
5.26353e-09
2.53409e-08
4.55241e-09
2.53662e-08
4.10836e-09
2.52867e-08
3.91697e-09
2.5079e-08
3.72079e-09
2.47764e-08
3.49919e-09
2.44017e-08
3.30502e-09
2.39616e-08
3.14627e-09
2.34634e-08
3.00568e-09
2.29171e-08
2.87394e-09
2.23344e-08
2.74456e-09
2.17258e-08
2.61793e-09
2.11029e-08
2.48999e-09
2.04745e-08
2.36543e-09
1.98499e-08
2.24048e-09
1.92346e-08
2.1233e-09
1.86348e-08
2.00726e-09
1.80516e-08
1.90367e-09
1.74888e-08
1.80021e-09
1.6944e-08
1.71282e-09
1.64211e-08
1.6209e-09
1.59147e-08
1.54926e-09
1.54308e-08
1.46519e-09
1.49607e-08
1.40888e-09
1.45147e-08
1.32628e-09
1.40795e-08
1.28362e-09
1.36724e-08
1.19331e-09
1.32698e-08
1.1722e-09
1.29022e-08
1.06656e-09
1.25261e-08
1.08694e-09
1.21964e-08
9.50431e-10
1.18442e-08
1.01696e-09
8.63277e-10
2.64508e-08
3.36096e-09
-2.61735e-08
2.70159e-08
4.6203e-09
2.73216e-08
4.95786e-09
2.74207e-08
4.45327e-09
2.75164e-08
4.01273e-09
2.75824e-08
3.851e-09
2.75668e-08
3.7363e-09
2.74806e-08
3.5854e-09
2.73426e-08
3.44311e-09
2.71527e-08
3.33614e-09
2.69066e-08
3.25181e-09
2.66021e-08
3.17838e-09
2.62416e-08
3.10506e-09
2.58279e-08
3.03163e-09
2.53676e-08
2.95033e-09
2.48668e-08
2.86626e-09
2.43356e-08
2.77168e-09
2.37812e-08
2.67769e-09
2.32144e-08
2.57399e-09
2.26398e-08
2.47828e-09
2.20666e-08
2.37346e-09
2.14944e-08
2.285e-09
2.09316e-08
2.18367e-09
2.03735e-08
2.10743e-09
1.98302e-08
2.0084e-09
1.92923e-08
1.94683e-09
1.8775e-08
1.84363e-09
1.82616e-08
1.79697e-09
1.77764e-08
1.67848e-09
1.72899e-08
1.65877e-09
1.68421e-08
1.51432e-09
1.63801e-08
1.54896e-09
1.59713e-08
1.35921e-09
1.55341e-08
1.45419e-09
1.23783e-09
2.86491e-08
3.14762e-09
-2.84357e-08
2.91378e-08
4.13158e-09
2.94853e-08
4.61035e-09
2.96105e-08
4.32807e-09
2.97079e-08
3.91533e-09
2.98145e-08
3.7444e-09
2.98774e-08
3.67338e-09
2.9889e-08
3.57385e-09
2.98697e-08
3.46234e-09
2.98251e-08
3.3808e-09
2.97492e-08
3.32768e-09
2.9634e-08
3.29356e-09
2.94753e-08
3.26377e-09
2.92679e-08
3.23905e-09
2.90107e-08
3.20745e-09
2.87017e-08
3.17526e-09
2.83453e-08
3.12811e-09
2.79434e-08
3.07963e-09
2.75056e-08
3.01177e-09
2.7035e-08
2.94889e-09
2.65432e-08
2.86519e-09
2.60301e-08
2.79817e-09
2.55075e-08
2.70622e-09
2.49701e-08
2.64487e-09
2.44327e-08
2.54581e-09
2.38841e-08
2.49536e-09
2.33456e-08
2.38215e-09
2.27974e-08
2.34522e-09
2.22706e-08
2.20524e-09
2.17306e-08
2.19882e-09
2.12271e-08
2.01781e-09
2.07e-08
2.07602e-09
2.0227e-08
1.83221e-09
1.97188e-08
1.96244e-09
1.68341e-09
3.10337e-08
2.96402e-09
-3.08501e-08
3.14371e-08
3.72821e-09
3.18006e-08
4.24677e-09
3.19623e-08
4.16636e-09
3.20528e-08
3.82484e-09
3.21613e-08
3.63596e-09
3.22533e-08
3.58138e-09
3.23039e-08
3.52322e-09
3.23296e-08
3.43663e-09
3.23441e-08
3.36632e-09
3.23479e-08
3.32385e-09
3.23338e-08
3.3077e-09
3.22975e-08
3.30007e-09
3.22316e-08
3.30492e-09
3.21326e-08
3.30645e-09
3.19926e-08
3.31528e-09
3.18111e-08
3.30964e-09
3.15827e-08
3.30794e-09
3.13132e-08
3.28128e-09
3.09999e-08
3.26221e-09
3.06535e-08
3.21163e-09
3.02699e-08
3.18173e-09
2.98624e-08
3.11376e-09
2.94218e-08
3.08543e-09
2.89656e-08
3.00205e-09
2.84792e-08
2.98171e-09
2.79883e-08
2.87309e-09
2.74695e-08
2.86401e-09
2.69595e-08
2.71527e-09
2.64193e-08
2.739e-09
2.59055e-08
2.53161e-09
2.53553e-08
2.62619e-09
2.48512e-08
2.3363e-09
2.43057e-08
2.50799e-09
2.17923e-09
3.36216e-08
2.79413e-09
-3.34517e-08
3.39484e-08
3.40137e-09
3.43003e-08
3.89487e-09
3.44996e-08
3.96712e-09
3.4593e-08
3.73139e-09
3.46915e-08
3.5375e-09
3.47929e-08
3.47999e-09
3.4863e-08
3.45309e-09
3.4906e-08
3.39369e-09
3.49386e-08
3.33369e-09
3.49693e-08
3.2931e-09
3.49941e-08
3.28297e-09
3.50113e-08
3.28289e-09
3.50146e-08
3.30155e-09
3.50028e-08
3.31822e-09
3.4967e-08
3.35115e-09
3.49061e-08
3.37049e-09
3.48108e-08
3.40323e-09
3.46845e-08
3.4076e-09
3.45191e-08
3.42762e-09
3.43238e-08
3.40698e-09
3.40896e-08
3.41591e-09
3.38293e-08
3.37403e-09
3.3529e-08
3.3858e-09
3.32056e-08
3.32543e-09
3.28399e-08
3.34742e-09
3.24583e-08
3.25468e-09
3.2034e-08
3.28827e-09
3.16048e-08
3.14445e-09
3.11294e-08
3.21445e-09
3.06643e-08
2.99668e-09
3.01496e-08
3.1409e-09
2.96633e-08
2.82259e-09
2.91336e-08
3.03774e-09
2.68699e-09
3.64348e-08
2.63442e-09
-3.62751e-08
3.67029e-08
3.13332e-09
3.70234e-08
3.57433e-09
3.72483e-08
3.74227e-09
3.73573e-08
3.62235e-09
3.74454e-08
3.44939e-09
3.75451e-08
3.3803e-09
3.76268e-08
3.37143e-09
3.76804e-08
3.34003e-09
3.77184e-08
3.29572e-09
3.7755e-08
3.25646e-09
3.77898e-08
3.24819e-09
3.78237e-08
3.24902e-09
3.78513e-08
3.27388e-09
3.78747e-08
3.29486e-09
3.7886e-08
3.33991e-09
3.78867e-08
3.36977e-09
3.78665e-08
3.42343e-09
3.78295e-08
3.44459e-09
3.77649e-08
3.49224e-09
3.76816e-08
3.49019e-09
3.7568e-08
3.52956e-09
3.74365e-08
3.5055e-09
3.72702e-08
3.55217e-09
3.70846e-08
3.51103e-09
3.68569e-08
3.57511e-09
3.6611e-08
3.50054e-09
3.63185e-08
3.58081e-09
3.6013e-08
3.4499e-09
3.56541e-08
3.57335e-09
3.52902e-08
3.36065e-09
3.48691e-08
3.56197e-09
3.44519e-08
3.23977e-09
3.39982e-08
3.49144e-09
3.15612e-09
3.9497e-08
2.48574e-09
-3.93483e-08
3.97233e-08
2.90702e-09
4.0005e-08
3.29261e-09
4.02388e-08
3.50851e-09
4.03702e-08
3.4909e-09
4.04546e-08
3.36506e-09
4.05465e-08
3.2884e-09
4.0633e-08
3.28491e-09
4.06959e-08
3.27709e-09
4.07375e-08
3.25414e-09
4.07741e-08
3.21992e-09
4.08087e-08
3.21352e-09
4.08448e-08
3.21292e-09
4.08773e-08
3.24141e-09
4.091e-08
3.26213e-09
4.09364e-08
3.31355e-09
4.09605e-08
3.34563e-09
4.09727e-08
3.41123e-09
4.09786e-08
3.43871e-09
4.0967e-08
3.50386e-09
4.09472e-08
3.50998e-09
4.09073e-08
3.56948e-09
4.08597e-08
3.55308e-09
4.07881e-08
3.62373e-09
4.07066e-08
3.59256e-09
4.05929e-08
3.68878e-09
4.04663e-08
3.62714e-09
4.03008e-08
3.74632e-09
4.01223e-08
3.62839e-09
3.98962e-08
3.79951e-09
3.96562e-08
3.6006e-09
3.93634e-08
3.85472e-09
3.90491e-08
3.55412e-09
3.8716e-08
3.82453e-09
3.53932e-09
4.28289e-08
2.34865e-09
-4.26919e-08
4.30255e-08
2.71044e-09
4.32704e-08
3.04771e-09
4.34989e-08
3.28006e-09
4.36513e-08
3.33848e-09
4.37413e-08
3.27505e-09
4.38255e-08
3.20425e-09
4.39113e-08
3.19908e-09
4.39818e-08
3.20661e-09
4.40288e-08
3.20713e-09
4.40653e-08
3.18339e-09
4.40976e-08
3.18123e-09
4.41315e-08
3.17895e-09
4.41626e-08
3.21034e-09
4.41952e-08
3.22956e-09
4.42237e-08
3.28502e-09
4.42536e-08
3.31575e-09
4.42765e-08
3.38828e-09
4.42986e-08
3.41666e-09
4.43099e-08
3.49261e-09
4.43186e-08
3.50123e-09
4.43149e-08
3.57322e-09
4.43094e-08
3.55852e-09
4.42899e-08
3.6433e-09
4.42677e-08
3.61475e-09
4.42258e-08
3.73068e-09
4.41776e-08
3.67528e-09
4.41042e-08
3.81978e-09
4.40221e-08
3.71047e-09
4.39071e-08
3.91448e-09
4.37773e-08
3.73041e-09
4.36111e-08
4.02099e-09
4.34029e-08
3.76228e-09
4.31998e-08
4.02765e-09
3.81142e-09
4.64487e-08
2.22255e-09
-4.63226e-08
4.66227e-08
2.53637e-09
4.68369e-08
2.83351e-09
4.70517e-08
3.06527e-09
4.72174e-08
3.17279e-09
4.73208e-08
3.17161e-09
4.74023e-08
3.12282e-09
4.74846e-08
3.11674e-09
4.75599e-08
3.13128e-09
4.76144e-08
3.1527e-09
4.76537e-08
3.14403e-09
4.76851e-08
3.14984e-09
4.77168e-08
3.14729e-09
4.77458e-08
3.1813e-09
4.77762e-08
3.19918e-09
4.78035e-08
3.2577e-09
4.78331e-08
3.2862e-09
4.78587e-08
3.36267e-09
4.78854e-08
3.38992e-09
4.79057e-08
3.47229e-09
4.79254e-08
3.48161e-09
4.79372e-08
3.56139e-09
4.79487e-08
3.54703e-09
4.79521e-08
3.6399e-09
4.79556e-08
3.61126e-09
4.79488e-08
3.73743e-09
4.79396e-08
3.68448e-09
4.79174e-08
3.84202e-09
4.78904e-08
3.73739e-09
4.78464e-08
3.95854e-09
4.77899e-08
3.78692e-09
4.77192e-08
4.09165e-09
4.75949e-08
3.88662e-09
4.74957e-08
4.12686e-09
3.97848e-09
5.03742e-08
2.10635e-09
-5.0258e-08
5.05301e-08
2.38047e-09
5.07197e-08
2.64393e-09
5.09178e-08
2.8671e-09
5.10881e-08
3.00253e-09
5.1207e-08
3.05272e-09
5.12925e-08
3.03733e-09
5.13721e-08
3.03712e-09
5.14496e-08
3.05378e-09
5.15119e-08
3.09038e-09
5.15575e-08
3.09843e-09
5.15913e-08
3.11602e-09
5.16226e-08
3.11599e-09
5.16513e-08
3.15269e-09
5.16804e-08
3.17e-09
5.17072e-08
3.23099e-09
5.17355e-08
3.25781e-09
5.17619e-08
3.33632e-09
5.17897e-08
3.36215e-09
5.1814e-08
3.44798e-09
5.18377e-08
3.45786e-09
5.18564e-08
3.54275e-09
5.18739e-08
3.52944e-09
5.18862e-08
3.62766e-09
5.18981e-08
3.59931e-09
5.1905e-08
3.7306e-09
5.191e-08
3.67941e-09
5.19096e-08
3.84243e-09
5.19058e-08
3.74124e-09
5.18963e-08
3.96804e-09
5.18753e-08
3.80793e-09
5.18605e-08
4.10638e-09
5.17889e-08
3.95822e-09
5.17514e-08
4.16443e-09
4.06976e-09
5.46269e-08
1.99901e-09
-5.45195e-08
5.47675e-08
2.23979e-09
5.49371e-08
2.47434e-09
5.51189e-08
2.68535e-09
5.5287e-08
2.8344e-09
5.54181e-08
2.92161e-09
5.55128e-08
2.9426e-09
5.5593e-08
2.95691e-09
5.56711e-08
2.97567e-09
5.57401e-08
3.02145e-09
5.57939e-08
3.04456e-09
5.58337e-08
3.07627e-09
5.58674e-08
3.08224e-09
5.58978e-08
3.12231e-09
5.59278e-08
3.14001e-09
5.59557e-08
3.20308e-09
5.59843e-08
3.22923e-09
5.60117e-08
3.30887e-09
5.60402e-08
3.33365e-09
5.60669e-08
3.42131e-09
5.6093e-08
3.43181e-09
5.61151e-08
3.52058e-09
5.61356e-08
3.50896e-09
5.61514e-08
3.61188e-09
5.61659e-08
3.58483e-09
5.61771e-08
3.71938e-09
5.61859e-08
3.6706e-09
5.61927e-08
3.83561e-09
5.61948e-08
3.73914e-09
5.61985e-08
3.96434e-09
5.61881e-08
3.81837e-09
5.61979e-08
4.0966e-09
5.61543e-08
4.0018e-09
5.6142e-08
4.1767e-09
4.11959e-09
5.92322e-08
1.89957e-09
-5.91328e-08
5.936e-08
2.11203e-09
5.95129e-08
2.32141e-09
5.96796e-08
2.51868e-09
5.98415e-08
2.67244e-09
5.99793e-08
2.78378e-09
6.0085e-08
2.83691e-09
6.01698e-08
2.87219e-09
6.02487e-08
2.89678e-09
6.03222e-08
2.94789e-09
6.03843e-08
2.98248e-09
6.04324e-08
3.02822e-09
6.04713e-08
3.04329e-09
6.05054e-08
3.08817e-09
6.05381e-08
3.10735e-09
6.05689e-08
3.17233e-09
6.05994e-08
3.19868e-09
6.06289e-08
3.2794e-09
6.0659e-08
3.30355e-09
6.06876e-08
3.3927e-09
6.07158e-08
3.40355e-09
6.07403e-08
3.49612e-09
6.07632e-08
3.4861e-09
6.0781e-08
3.59408e-09
6.07969e-08
3.56895e-09
6.08098e-08
3.70639e-09
6.08195e-08
3.66094e-09
6.08289e-08
3.82622e-09
6.08306e-08
3.73743e-09
6.08392e-08
3.95575e-09
6.08286e-08
3.82896e-09
6.08451e-08
4.08006e-09
6.08158e-08
4.0311e-09
6.08087e-08
4.18386e-09
4.15302e-09
6.42193e-08
1.80705e-09
-6.41268e-08
6.43361e-08
1.99519e-09
6.4475e-08
2.18254e-09
6.46282e-08
2.36553e-09
6.47821e-08
2.51854e-09
6.49217e-08
2.64414e-09
6.50365e-08
2.72211e-09
6.51287e-08
2.78004e-09
6.521e-08
2.81544e-09
6.52868e-08
2.87109e-09
6.53557e-08
2.91361e-09
6.54126e-08
2.9713e-09
6.54588e-08
2.99709e-09
6.54984e-08
3.0486e-09
6.55351e-08
3.07058e-09
6.55697e-08
3.13772e-09
6.56036e-08
3.1648e-09
6.5636e-08
3.24707e-09
6.56686e-08
3.2709e-09
6.56993e-08
3.36203e-09
6.57299e-08
3.37288e-09
6.57564e-08
3.46969e-09
6.57816e-08
3.46092e-09
6.58013e-08
3.57438e-09
6.58187e-08
3.55155e-09
6.58333e-08
3.6917e-09
6.58436e-08
3.65071e-09
6.58551e-08
3.81465e-09
6.58553e-08
3.73725e-09
6.5867e-08
3.9441e-09
6.58544e-08
3.84154e-09
6.58703e-08
4.06409e-09
6.58494e-08
4.05201e-09
6.58407e-08
4.19254e-09
4.18222e-09
6.962e-08
1.72032e-09
-6.95333e-08
6.97277e-08
1.88747e-09
6.98548e-08
2.05552e-09
6.99959e-08
2.22438e-09
7.01411e-08
2.37333e-09
7.02791e-08
2.50612e-09
7.03997e-08
2.60157e-09
7.05e-08
2.67974e-09
7.0586e-08
2.72945e-09
7.06658e-08
2.79126e-09
7.07398e-08
2.83958e-09
7.08048e-08
2.90636e-09
7.08592e-08
2.94268e-09
7.09055e-08
3.00231e-09
7.09474e-08
3.02862e-09
7.09866e-08
3.09858e-09
7.10246e-08
3.12681e-09
7.10604e-08
3.2112e-09
7.10963e-08
3.23508e-09
7.11294e-08
3.32886e-09
7.11626e-08
3.33965e-09
7.11912e-08
3.44115e-09
7.12186e-08
3.43353e-09
7.12405e-08
3.55244e-09
7.12596e-08
3.5325e-09
7.12764e-08
3.67484e-09
7.12876e-08
3.63957e-09
7.13018e-08
3.80042e-09
7.13012e-08
3.73783e-09
7.13156e-08
3.92969e-09
7.13027e-08
3.85445e-09
7.13162e-08
4.0506e-09
7.13013e-08
4.06695e-09
7.12908e-08
4.20298e-09
4.21055e-09
7.54686e-08
1.63805e-09
-7.53863e-08
7.55689e-08
1.78717e-09
7.5686e-08
1.93843e-09
7.58166e-08
2.09378e-09
7.59532e-08
2.23671e-09
7.60875e-08
2.3718e-09
7.62105e-08
2.47853e-09
7.63177e-08
2.57256e-09
7.64099e-08
2.63727e-09
7.64936e-08
2.70754e-09
7.65718e-08
2.76135e-09
7.66434e-08
2.83479e-09
7.67059e-08
2.88025e-09
7.67597e-08
2.94845e-09
7.68078e-08
2.98056e-09
7.68521e-08
3.0543e-09
7.68945e-08
3.08435e-09
7.69344e-08
3.17128e-09
7.69738e-08
3.19572e-09
7.701e-08
3.29266e-09
7.70459e-08
3.30373e-09
7.7077e-08
3.41003e-09
7.71065e-08
3.40407e-09
7.71311e-08
3.52787e-09
7.71519e-08
3.51162e-09
7.71714e-08
3.65538e-09
7.71839e-08
3.62707e-09
7.7201e-08
3.78335e-09
7.72011e-08
3.73771e-09
7.72178e-08
3.913e-09
7.72067e-08
3.86554e-09
7.72179e-08
4.03939e-09
7.72076e-08
4.07721e-09
7.71967e-08
4.21391e-09
4.23769e-09
8.18017e-08
1.55882e-09
-8.17225e-08
8.18962e-08
1.69273e-09
8.20051e-08
1.82954e-09
8.21265e-08
1.97237e-09
8.2255e-08
2.10823e-09
8.23845e-08
2.24228e-09
8.25076e-08
2.35545e-09
8.26194e-08
2.46068e-09
8.2718e-08
2.53873e-09
8.28067e-08
2.61877e-09
8.28891e-08
2.679e-09
8.29661e-08
2.75774e-09
8.30357e-08
2.8107e-09
8.30973e-08
2.88685e-09
8.31521e-08
2.92574e-09
8.32022e-08
3.00419e-09
8.32495e-08
3.03703e-09
8.32939e-08
3.12693e-09
8.3337e-08
3.15255e-09
8.33768e-08
3.25291e-09
8.34156e-08
3.26495e-09
8.34498e-08
3.37581e-09
8.34814e-08
3.37246e-09
8.35089e-08
3.5004e-09
8.35319e-08
3.48859e-09
8.35542e-08
3.63307e-09
8.35687e-08
3.61257e-09
8.35885e-08
3.76361e-09
8.35909e-08
3.73532e-09
8.36092e-08
3.89464e-09
8.36015e-08
3.87321e-09
8.36112e-08
4.02969e-09
8.36048e-08
4.08361e-09
8.35944e-08
4.22434e-09
4.2627e-09
8.86589e-08
1.48133e-09
-8.85814e-08
8.87489e-08
1.60275e-09
8.88511e-08
1.72731e-09
8.89646e-08
1.85887e-09
8.90856e-08
1.98719e-09
8.92099e-08
2.11798e-09
8.93314e-08
2.23396e-09
8.94458e-08
2.34625e-09
8.95497e-08
2.43485e-09
8.96441e-08
2.52435e-09
8.97311e-08
2.59203e-09
8.98131e-08
2.6758e-09
8.98887e-08
2.73504e-09
8.99576e-08
2.81801e-09
9.00194e-08
2.86387e-09
9.00759e-08
2.94769e-09
9.01286e-08
2.98439e-09
9.01777e-08
3.07778e-09
9.02249e-08
3.10532e-09
9.02687e-08
3.20913e-09
9.03106e-08
3.22308e-09
9.03484e-08
3.33801e-09
9.03826e-08
3.33828e-09
9.04131e-08
3.46982e-09
9.04388e-08
3.46295e-09
9.04642e-08
3.6077e-09
9.04814e-08
3.59537e-09
9.05036e-08
3.74142e-09
9.05096e-08
3.72929e-09
9.05293e-08
3.87496e-09
9.0526e-08
3.87649e-09
9.05351e-08
4.02062e-09
9.05321e-08
4.08661e-09
9.05228e-08
4.2336e-09
4.28491e-09
9.60827e-08
1.40477e-09
-9.60061e-08
9.61694e-08
1.51603e-09
9.62663e-08
1.63041e-09
9.63731e-08
1.75204e-09
9.64874e-08
1.87286e-09
9.66065e-08
1.99893e-09
9.67254e-08
2.11506e-09
9.68406e-08
2.23101e-09
9.69483e-08
2.32717e-09
9.70481e-08
2.42461e-09
9.71401e-08
2.5e-09
9.72268e-08
2.58907e-09
9.73079e-08
2.65398e-09
9.73832e-08
2.74272e-09
9.74519e-08
2.79516e-09
9.7515e-08
2.88453e-09
9.75735e-08
2.92591e-09
9.76279e-08
3.02339e-09
9.76795e-08
3.05377e-09
9.77277e-08
3.16096e-09
9.77729e-08
3.1778e-09
9.78146e-08
3.29635e-09
9.7852e-08
3.30086e-09
9.7886e-08
3.43586e-09
9.79146e-08
3.43428e-09
9.79433e-08
3.57901e-09
9.7964e-08
3.57473e-09
9.79885e-08
3.71683e-09
9.79992e-08
3.71859e-09
9.80203e-08
3.85388e-09
9.8022e-08
3.8748e-09
9.80313e-08
4.01128e-09
9.80315e-08
4.08641e-09
9.80241e-08
4.24107e-09
4.3039e-09
1.04119e-07
1.32884e-09
-1.04043e-07
1.04203e-07
1.43171e-09
1.04296e-07
1.53771e-09
1.04397e-07
1.65072e-09
1.04506e-07
1.7644e-09
1.0462e-07
1.88495e-09
1.04736e-07
1.99927e-09
1.0485e-07
2.11625e-09
1.0496e-07
2.21718e-09
1.05064e-07
2.32059e-09
1.05161e-07
2.40296e-09
1.05253e-07
2.49747e-09
1.05339e-07
2.56789e-09
1.0542e-07
2.66171e-09
1.05495e-07
2.72017e-09
1.05565e-07
2.81481e-09
1.0563e-07
2.86128e-09
1.0569e-07
2.96324e-09
1.05746e-07
2.99751e-09
1.05799e-07
3.10814e-09
1.05848e-07
3.12865e-09
1.05893e-07
3.25081e-09
1.05935e-07
3.25962e-09
1.05973e-07
3.3979e-09
1.06005e-07
3.4022e-09
1.06037e-07
3.54681e-09
1.06062e-07
3.55e-09
1.06089e-07
3.68957e-09
1.06105e-07
3.7026e-09
1.06128e-07
3.83096e-09
1.06135e-07
3.86787e-09
1.06145e-07
4.00075e-09
1.06149e-07
4.08306e-09
1.06144e-07
4.24618e-09
4.31934e-09
1.12818e-07
1.25349e-09
-1.12743e-07
1.12901e-07
1.34934e-09
1.1299e-07
1.44836e-09
1.13087e-07
1.55394e-09
1.1319e-07
1.66098e-09
1.133e-07
1.77568e-09
1.13412e-07
1.88683e-09
1.13525e-07
2.00286e-09
1.13636e-07
2.1062e-09
1.13743e-07
2.21356e-09
1.13845e-07
2.3016e-09
1.13941e-07
2.40117e-09
1.14032e-07
2.47699e-09
1.14118e-07
2.57547e-09
1.14199e-07
2.63953e-09
1.14275e-07
2.73897e-09
1.14345e-07
2.79051e-09
1.14412e-07
2.89704e-09
1.14473e-07
2.93598e-09
1.14531e-07
3.05052e-09
1.14584e-07
3.07513e-09
1.14634e-07
3.20118e-09
1.14679e-07
3.21438e-09
1.14722e-07
3.35512e-09
1.14758e-07
3.36607e-09
1.14794e-07
3.51102e-09
1.14823e-07
3.52081e-09
1.14854e-07
3.65902e-09
1.14875e-07
3.68106e-09
1.14901e-07
3.80563e-09
1.14913e-07
3.85556e-09
1.14926e-07
3.98806e-09
1.14932e-07
4.07643e-09
1.1493e-07
4.2484e-09
4.33091e-09
1.22235e-07
1.17891e-09
-1.22161e-07
1.22316e-07
1.26882e-09
1.22402e-07
1.36183e-09
1.22495e-07
1.46094e-09
1.22594e-07
1.56189e-09
1.22699e-07
1.67071e-09
1.22808e-07
1.77783e-09
1.2292e-07
1.89143e-09
1.23031e-07
1.99531e-09
1.23139e-07
2.10476e-09
1.23244e-07
2.19703e-09
1.23344e-07
2.30073e-09
1.2344e-07
2.38161e-09
1.23531e-07
2.48441e-09
1.23617e-07
2.5537e-09
1.23698e-07
2.65764e-09
1.23775e-07
2.71385e-09
1.23847e-07
2.82477e-09
1.23914e-07
2.86871e-09
1.23977e-07
2.98772e-09
1.24035e-07
3.01703e-09
1.24089e-07
3.1469e-09
1.24139e-07
3.16518e-09
1.24187e-07
3.30708e-09
1.24228e-07
3.32488e-09
1.24268e-07
3.47133e-09
1.24301e-07
3.48724e-09
1.24336e-07
3.62435e-09
1.24363e-07
3.65369e-09
1.24391e-07
3.77737e-09
1.24409e-07
3.8378e-09
1.24425e-07
3.9724e-09
1.24435e-07
4.06623e-09
1.24436e-07
4.24728e-09
4.33828e-09
1.32429e-07
1.10541e-09
-1.32356e-07
1.32508e-07
1.19026e-09
1.32591e-07
1.27797e-09
1.32681e-07
1.37125e-09
1.32776e-07
1.4666e-09
1.32877e-07
1.56969e-09
1.32983e-07
1.6723e-09
1.33092e-07
1.7824e-09
1.33202e-07
1.88536e-09
1.33311e-07
1.99534e-09
1.33418e-07
2.09039e-09
1.33522e-07
2.1972e-09
1.33621e-07
2.28229e-09
1.33716e-07
2.38907e-09
1.33807e-07
2.46305e-09
1.33893e-07
2.57132e-09
1.33975e-07
2.63184e-09
1.34053e-07
2.74659e-09
1.34126e-07
2.79564e-09
1.34195e-07
2.91917e-09
1.34258e-07
2.9542e-09
1.34317e-07
3.08743e-09
1.34371e-07
3.11161e-09
1.34424e-07
3.25399e-09
1.34471e-07
3.27772e-09
1.34516e-07
3.42682e-09
1.34553e-07
3.44948e-09
1.34593e-07
3.58506e-09
1.34626e-07
3.62002e-09
1.34658e-07
3.74574e-09
1.34681e-07
3.81445e-09
1.34701e-07
3.95312e-09
1.34715e-07
4.05196e-09
1.3472e-07
4.24237e-09
4.34129e-09
1.43464e-07
1.03363e-09
-1.43392e-07
1.4354e-07
1.11397e-09
1.43621e-07
1.19657e-09
1.43708e-07
1.2846e-09
1.438e-07
1.37481e-09
1.43897e-07
1.47237e-09
1.43999e-07
1.57013e-09
1.44106e-07
1.67609e-09
1.44214e-07
1.77694e-09
1.44323e-07
1.88635e-09
1.44431e-07
1.98275e-09
1.44536e-07
2.09172e-09
1.44638e-07
2.17991e-09
1.44737e-07
2.29006e-09
1.44832e-07
2.36817e-09
1.44923e-07
2.4803e-09
1.4501e-07
2.54508e-09
1.45094e-07
2.66286e-09
1.45172e-07
2.71698e-09
1.45247e-07
2.84471e-09
1.45315e-07
2.88618e-09
1.4538e-07
3.02264e-09
1.45439e-07
3.05276e-09
1.45497e-07
3.19602e-09
1.4555e-07
3.22458e-09
1.456e-07
3.37624e-09
1.45643e-07
3.40714e-09
1.45687e-07
3.54118e-09
1.45727e-07
3.57962e-09
1.45763e-07
3.71004e-09
1.45792e-07
3.78532e-09
1.45815e-07
3.92974e-09
1.45834e-07
4.03308e-09
1.45844e-07
4.23284e-09
4.33969e-09
1.55408e-07
9.64152e-10
-1.55339e-07
1.55483e-07
1.03973e-09
1.55562e-07
1.11776e-09
1.55645e-07
1.20123e-09
1.55733e-07
1.28649e-09
1.55827e-07
1.3785e-09
1.55926e-07
1.47109e-09
1.5603e-07
1.57263e-09
1.56136e-07
1.67065e-09
1.56244e-07
1.77866e-09
1.56351e-07
1.87529e-09
1.56457e-07
1.98534e-09
1.56562e-07
2.07568e-09
1.56664e-07
2.1882e-09
1.56762e-07
2.26989e-09
1.56857e-07
2.38506e-09
1.56948e-07
2.45401e-09
1.57037e-07
2.5742e-09
1.57121e-07
2.63306e-09
1.57201e-07
2.76457e-09
1.57274e-07
2.81258e-09
1.57345e-07
2.95225e-09
1.57409e-07
2.98826e-09
1.57473e-07
3.13254e-09
1.57531e-07
3.16618e-09
1.57588e-07
3.31893e-09
1.57637e-07
3.35899e-09
1.57685e-07
3.49245e-09
1.57732e-07
3.53287e-09
1.57773e-07
3.669e-09
1.57808e-07
3.75013e-09
1.57837e-07
3.90146e-09
1.5786e-07
4.00927e-09
1.57875e-07
4.21835e-09
4.33215e-09
1.68338e-07
8.96109e-10
-1.6827e-07
1.6841e-07
9.67865e-10
1.68485e-07
1.04302e-09
1.68564e-07
1.12166e-09
1.68649e-07
1.20139e-09
1.6874e-07
1.28737e-09
1.68837e-07
1.37456e-09
1.68938e-07
1.47177e-09
1.69042e-07
1.56689e-09
1.69147e-07
1.67279e-09
1.69254e-07
1.76885e-09
1.6936e-07
1.87885e-09
1.69466e-07
1.97048e-09
1.6957e-07
2.08425e-09
1.69671e-07
2.16882e-09
1.69769e-07
2.28622e-09
1.69864e-07
2.35903e-09
1.69957e-07
2.48126e-09
1.70046e-07
2.54461e-09
1.70131e-07
2.67907e-09
1.7021e-07
2.73366e-09
1.70287e-07
2.8758e-09
1.70357e-07
2.91828e-09
1.70426e-07
3.06295e-09
1.7049e-07
3.10278e-09
1.70553e-07
3.25532e-09
1.70608e-07
3.30402e-09
1.70663e-07
3.43791e-09
1.70715e-07
3.48068e-09
1.70762e-07
3.62175e-09
1.70804e-07
3.70828e-09
1.70838e-07
3.86734e-09
1.70868e-07
3.9795e-09
1.70887e-07
4.19895e-09
4.3162e-09
6.55786e-07
6.95073e-10
-6.55585e-07
6.55998e-07
7.55824e-10
6.56215e-07
8.25626e-10
6.56442e-07
8.94452e-10
6.56682e-07
9.6118e-10
6.5694e-07
1.02997e-09
6.57215e-07
1.09951e-09
6.57509e-07
1.17794e-09
6.57817e-07
1.2584e-09
6.58138e-07
1.35242e-09
6.58466e-07
1.44055e-09
6.58802e-07
1.543e-09
6.5914e-07
1.63187e-09
6.59482e-07
1.74211e-09
6.59822e-07
1.829e-09
6.60162e-07
1.94668e-09
6.60494e-07
2.02718e-09
6.60824e-07
2.15089e-09
6.61143e-07
2.22514e-09
6.61462e-07
2.36037e-09
6.61762e-07
2.43369e-09
6.62059e-07
2.57886e-09
6.62331e-07
2.64656e-09
6.62603e-07
2.79106e-09
6.62852e-07
2.8533e-09
6.63106e-07
3.00139e-09
6.63342e-07
3.06861e-09
6.63569e-07
3.21083e-09
6.63779e-07
3.27056e-09
6.63984e-07
3.41672e-09
6.64178e-07
3.51434e-09
6.64341e-07
3.7044e-09
6.64489e-07
3.83087e-09
6.64615e-07
4.07338e-09
4.19754e-09
7.09775e-07
5.67495e-10
-7.09647e-07
7.09919e-07
6.11547e-10
7.10081e-07
6.6352e-10
7.10256e-07
7.19769e-10
7.10439e-07
7.77806e-10
7.10631e-07
8.38667e-10
7.1083e-07
9.00208e-10
7.1104e-07
9.67643e-10
7.11263e-07
1.03548e-09
7.11502e-07
1.1134e-09
7.11754e-07
1.18837e-09
7.1202e-07
1.27754e-09
7.12294e-07
1.35732e-09
7.12579e-07
1.45731e-09
7.12869e-07
1.5394e-09
7.13166e-07
1.65e-09
7.13461e-07
1.73166e-09
7.13761e-07
1.8513e-09
7.14055e-07
1.93089e-09
7.14355e-07
2.06032e-09
7.14647e-07
2.14186e-09
7.14943e-07
2.2825e-09
7.15223e-07
2.36626e-09
7.15504e-07
2.51059e-09
7.15767e-07
2.5897e-09
7.16036e-07
2.7326e-09
7.16296e-07
2.80895e-09
7.16553e-07
2.95426e-09
7.16793e-07
3.02997e-09
7.17028e-07
3.18179e-09
7.17262e-07
3.28019e-09
7.17477e-07
3.48938e-09
7.17682e-07
3.62579e-09
7.1788e-07
3.87609e-09
4.0211e-09
7.67895e-07
4.84728e-10
-7.67813e-07
7.6799e-07
5.16596e-10
7.68098e-07
5.55604e-10
7.68219e-07
5.98908e-10
7.68351e-07
6.46257e-10
7.68492e-07
6.97518e-10
7.68641e-07
7.50824e-10
7.688e-07
8.08517e-10
7.6897e-07
8.66168e-10
7.69152e-07
9.31312e-10
7.69346e-07
9.94492e-10
7.69553e-07
1.07014e-09
7.69771e-07
1.13944e-09
7.70001e-07
1.22692e-09
7.7024e-07
1.30102e-09
7.70489e-07
1.40051e-09
7.70743e-07
1.47789e-09
7.71005e-07
1.58866e-09
7.71268e-07
1.66792e-09
7.7154e-07
1.78861e-09
7.71811e-07
1.87128e-09
7.72091e-07
2.00268e-09
7.72365e-07
2.09167e-09
7.72645e-07
2.23081e-09
7.72915e-07
2.31977e-09
7.7319e-07
2.4574e-09
7.73459e-07
2.53986e-09
7.73732e-07
2.68109e-09
7.73998e-07
2.76474e-09
7.74259e-07
2.92077e-09
7.74518e-07
3.0203e-09
7.74776e-07
3.23233e-09
7.75027e-07
3.3739e-09
7.75277e-07
3.62661e-09
3.77511e-09
8.30467e-07
4.18313e-10
-8.30401e-07
8.30539e-07
4.44748e-10
8.30618e-07
4.766e-10
8.30706e-07
5.11181e-10
8.30803e-07
5.49427e-10
8.30909e-07
5.90749e-10
8.31026e-07
6.34743e-10
8.31151e-07
6.82587e-10
8.31286e-07
7.31462e-10
8.31431e-07
7.86403e-10
8.31585e-07
8.40345e-10
8.31751e-07
9.04441e-10
8.31926e-07
9.64228e-10
8.32114e-07
1.03946e-09
8.3231e-07
1.10464e-09
8.32519e-07
1.19148e-09
8.32735e-07
1.26143e-09
8.32964e-07
1.36014e-09
8.33197e-07
1.43478e-09
8.33441e-07
1.54442e-09
8.33688e-07
1.62453e-09
8.33946e-07
1.74435e-09
8.34206e-07
1.83208e-09
8.34476e-07
1.96058e-09
8.34744e-07
2.05202e-09
8.35019e-07
2.18215e-09
8.35291e-07
2.26761e-09
8.35572e-07
2.40103e-09
8.35851e-07
2.48554e-09
8.36132e-07
2.6395e-09
8.36412e-07
2.74075e-09
8.36697e-07
2.94639e-09
8.36984e-07
3.08747e-09
8.37278e-07
3.3328e-09
3.4738e-09
8.9794e-07
3.5795e-10
-8.97879e-07
8.98003e-07
3.81349e-10
8.98071e-07
4.08349e-10
8.98146e-07
4.36804e-10
8.98227e-07
4.68276e-10
8.98316e-07
5.01884e-10
8.98412e-07
5.38241e-10
8.98517e-07
5.77839e-10
8.98629e-07
6.19206e-10
8.9875e-07
6.65681e-10
8.98878e-07
7.12006e-10
8.99016e-07
7.66509e-10
8.99163e-07
8.17839e-10
8.9932e-07
8.8176e-10
8.99487e-07
9.38028e-10
8.99666e-07
1.01258e-09
8.99853e-07
1.07415e-09
9.00053e-07
1.16022e-09
9.0026e-07
1.2278e-09
9.00479e-07
1.32498e-09
9.00704e-07
1.39948e-09
9.00942e-07
1.5066e-09
9.01185e-07
1.58931e-09
9.01441e-07
1.70495e-09
9.017e-07
1.7931e-09
9.01969e-07
1.91281e-09
9.02239e-07
1.99727e-09
9.02519e-07
2.12118e-09
9.02801e-07
2.20347e-09
9.03092e-07
2.34888e-09
9.03383e-07
2.44937e-09
9.03687e-07
2.64295e-09
9.03996e-07
2.77808e-09
9.04322e-07
3.00682e-09
3.14035e-09
9.70864e-07
3.0271e-10
-9.70809e-07
9.70923e-07
3.22976e-10
9.70985e-07
3.4601e-10
9.71052e-07
3.69856e-10
9.71124e-07
3.96289e-10
9.71202e-07
4.24206e-10
9.71285e-07
4.54696e-10
9.71375e-07
4.87691e-10
9.71472e-07
5.22564e-10
9.71576e-07
5.61515e-10
9.71687e-07
6.00773e-10
9.71807e-07
6.46674e-10
9.71935e-07
6.9038e-10
9.72072e-07
7.44539e-10
9.72217e-07
7.92882e-10
9.72373e-07
8.56515e-10
9.72537e-07
9.09942e-10
9.72714e-07
9.83908e-10
9.72898e-07
1.0434e-09
9.73095e-07
1.12787e-09
9.733e-07
1.19497e-09
9.73517e-07
1.28923e-09
9.73742e-07
1.36477e-09
9.7398e-07
1.46697e-09
9.74224e-07
1.54821e-09
9.74482e-07
1.65556e-09
9.74744e-07
1.73525e-09
9.75017e-07
1.84793e-09
9.75295e-07
1.92551e-09
9.75585e-07
2.05836e-09
9.75881e-07
2.15375e-09
9.76193e-07
2.33115e-09
9.76514e-07
2.45662e-09
9.76857e-07
2.66411e-09
2.78755e-09
1.04976e-06
2.53126e-10
-1.04971e-06
1.04981e-06
2.70117e-10
1.04987e-06
2.89544e-10
1.04993e-06
3.09524e-10
1.04999e-06
3.31797e-10
1.05006e-06
3.55088e-10
1.05013e-06
3.80667e-10
1.05021e-06
4.08093e-10
1.0503e-06
4.37323e-10
1.05039e-06
4.6977e-10
1.05049e-06
5.02838e-10
1.05059e-06
5.41299e-10
1.05071e-06
5.78321e-10
1.05083e-06
6.23884e-10
1.05095e-06
6.65002e-10
1.05109e-06
7.18679e-10
1.05124e-06
7.64353e-10
1.05139e-06
8.27085e-10
1.05156e-06
8.78548e-10
1.05174e-06
9.50845e-10
1.05192e-06
1.00971e-09
1.05212e-06
1.091e-09
1.05233e-06
1.15792e-09
1.05255e-06
1.2466e-09
1.05278e-06
1.31928e-09
1.05302e-06
1.41333e-09
1.05327e-06
1.4856e-09
1.05353e-06
1.58541e-09
1.0538e-06
1.65643e-09
1.05408e-06
1.7746e-09
1.05438e-06
1.86172e-09
1.05469e-06
2.01964e-09
1.05501e-06
2.13295e-09
1.05536e-06
2.31632e-09
2.42668e-09
1.13512e-06
2.08996e-10
-1.13508e-06
1.13517e-06
2.22973e-10
1.13522e-06
2.39058e-10
1.13527e-06
2.55561e-10
1.13533e-06
2.74093e-10
1.13539e-06
2.93369e-10
1.13546e-06
3.14669e-10
1.13553e-06
3.37358e-10
1.13561e-06
3.617e-10
1.13569e-06
3.88548e-10
1.13577e-06
4.16108e-10
1.13587e-06
4.47952e-10
1.13597e-06
4.78834e-10
1.13607e-06
5.16602e-10
1.13619e-06
5.51015e-10
1.13631e-06
5.9573e-10
1.13644e-06
6.34263e-10
1.13658e-06
6.86803e-10
1.13673e-06
7.30517e-10
1.13689e-06
7.91305e-10
1.13706e-06
8.41658e-10
1.13724e-06
9.10391e-10
1.13743e-06
9.68186e-10
1.13763e-06
1.04367e-09
1.13784e-06
1.10688e-09
1.13807e-06
1.18731e-09
1.1383e-06
1.25066e-09
1.13855e-06
1.33675e-09
1.13881e-06
1.39965e-09
1.13908e-06
1.50197e-09
1.13936e-06
1.57893e-09
1.13967e-06
1.71574e-09
1.13999e-06
1.81526e-09
1.14033e-06
1.97333e-09
2.06946e-09
1.22749e-06
1.69701e-10
-1.22745e-06
1.22754e-06
1.81009e-10
1.22758e-06
1.94103e-10
1.22763e-06
2.07511e-10
1.22768e-06
2.22663e-10
1.22774e-06
2.38373e-10
1.22779e-06
2.55821e-10
1.22786e-06
2.74316e-10
1.22792e-06
2.9425e-10
1.228e-06
3.16117e-10
1.22807e-06
3.38682e-10
1.22816e-06
3.64635e-10
1.22825e-06
3.89968e-10
1.22834e-06
4.20826e-10
1.22844e-06
4.49153e-10
1.22855e-06
4.85774e-10
1.22867e-06
5.17589e-10
1.2288e-06
5.60737e-10
1.22893e-06
5.97009e-10
1.22907e-06
6.47118e-10
1.22923e-06
6.89151e-10
1.22939e-06
7.4607e-10
1.22957e-06
7.94613e-10
1.22975e-06
8.57365e-10
1.22995e-06
9.10716e-10
1.23016e-06
9.77866e-10
1.23038e-06
1.03173e-09
1.23061e-06
1.10403e-09
1.23085e-06
1.15791e-09
1.23111e-06
1.24416e-09
1.23138e-06
1.31005e-09
1.23167e-06
1.42524e-09
1.23197e-06
1.50991e-09
1.2323e-06
1.64249e-09
1.72415e-09
1.32745e-06
1.3466e-10
-1.32741e-06
1.32748e-06
1.43624e-10
1.32752e-06
1.54058e-10
1.32757e-06
1.64716e-10
1.32761e-06
1.76804e-10
1.32766e-06
1.89301e-10
1.32771e-06
2.03236e-10
1.32777e-06
2.17959e-10
1.32783e-06
2.33895e-10
1.32789e-06
2.51316e-10
1.32796e-06
2.6938e-10
1.32804e-06
2.90083e-10
1.32812e-06
3.10398e-10
1.3282e-06
3.3505e-10
1.32829e-06
3.57805e-10
1.32839e-06
3.87102e-10
1.3285e-06
4.12708e-10
1.32861e-06
4.47274e-10
1.32873e-06
4.76539e-10
1.32886e-06
5.16776e-10
1.329e-06
5.50827e-10
1.32915e-06
5.96679e-10
1.32931e-06
6.36165e-10
1.32948e-06
6.8687e-10
1.32966e-06
7.30462e-10
1.32985e-06
7.84925e-10
1.33006e-06
8.29161e-10
1.33027e-06
8.88027e-10
1.3305e-06
9.32511e-10
1.33074e-06
1.00292e-09
1.33099e-06
1.0573e-09
1.33126e-06
1.15124e-09
1.33155e-06
1.22088e-09
1.33187e-06
1.32889e-09
1.39618e-09
1.43559e-06
1.03337e-10
-1.43556e-06
1.43563e-06
1.10211e-10
1.43566e-06
1.18249e-10
1.4357e-06
1.26441e-10
1.43574e-06
1.35757e-10
1.43579e-06
1.45369e-10
1.43583e-06
1.5612e-10
1.43588e-06
1.67455e-10
1.43594e-06
1.79765e-10
1.436e-06
1.93191e-10
1.43606e-06
2.0716e-10
1.43613e-06
2.23128e-10
1.4362e-06
2.38852e-10
1.43627e-06
2.5788e-10
1.43636e-06
2.75513e-10
1.43645e-06
2.98147e-10
1.43654e-06
3.18016e-10
1.43664e-06
3.44749e-10
1.43675e-06
3.67491e-10
1.43687e-06
3.98645e-10
1.437e-06
4.25156e-10
1.43713e-06
4.60713e-10
1.43728e-06
4.91544e-10
1.43743e-06
5.30973e-10
1.4376e-06
5.65142e-10
1.43777e-06
6.07619e-10
1.43796e-06
6.42441e-10
1.43816e-06
6.88493e-10
1.43837e-06
7.23654e-10
1.43859e-06
7.7886e-10
1.43883e-06
8.21863e-10
1.43908e-06
8.95504e-10
1.43936e-06
9.50436e-10
1.43965e-06
1.03501e-09
1.08815e-09
1.55261e-06
7.51057e-11
-1.55258e-06
1.55264e-06
8.00896e-11
1.55267e-06
8.59479e-11
1.5527e-06
9.19104e-11
1.55274e-06
9.8703e-11
1.55278e-06
1.05702e-10
1.55282e-06
1.13546e-10
1.55287e-06
1.21804e-10
1.55292e-06
1.30792e-10
1.55297e-06
1.40579e-10
1.55303e-06
1.50785e-10
1.55309e-06
1.62431e-10
1.55315e-06
1.73929e-10
1.55322e-06
1.87817e-10
1.5533e-06
2.00722e-10
1.55338e-06
2.17257e-10
1.55346e-06
2.31815e-10
1.55356e-06
2.51365e-10
1.55366e-06
2.68052e-10
1.55377e-06
2.90861e-10
1.55388e-06
3.10345e-10
1.554e-06
3.36409e-10
1.55414e-06
3.59105e-10
1.55428e-06
3.88043e-10
1.55443e-06
4.13241e-10
1.55459e-06
4.44458e-10
1.55477e-06
4.70196e-10
1.55495e-06
5.04105e-10
1.55514e-06
5.30176e-10
1.55535e-06
5.70902e-10
1.55557e-06
6.02815e-10
1.55581e-06
6.57148e-10
1.55606e-06
6.97867e-10
1.55634e-06
7.60268e-10
7.99854e-10
1.67921e-06
4.91934e-11
-1.67918e-06
1.67924e-06
5.24457e-11
1.67927e-06
5.62894e-11
1.6793e-06
6.01977e-11
1.67933e-06
6.46553e-11
1.67937e-06
6.92439e-11
1.67941e-06
7.43939e-11
1.67945e-06
7.98104e-11
1.67949e-06
8.57144e-11
1.67954e-06
9.2137e-11
1.67959e-06
9.88452e-11
1.67965e-06
1.06492e-10
1.67971e-06
1.14054e-10
1.67977e-06
1.23179e-10
1.67984e-06
1.31672e-10
1.67992e-06
1.42542e-10
1.68e-06
1.52132e-10
1.68008e-06
1.64993e-10
1.68018e-06
1.75993e-10
1.68028e-06
1.91008e-10
1.68038e-06
2.03861e-10
1.6805e-06
2.21026e-10
1.68062e-06
2.36009e-10
1.68075e-06
2.55076e-10
1.6809e-06
2.71728e-10
1.68105e-06
2.92311e-10
1.68121e-06
3.09344e-10
1.68138e-06
3.31732e-10
1.68156e-06
3.49021e-10
1.68176e-06
3.75953e-10
1.68196e-06
3.97147e-10
1.68219e-06
4.33112e-10
1.68242e-06
4.60167e-10
1.68268e-06
5.01503e-10
5.27822e-10
1.81618e-06
2.46127e-11
-1.81616e-06
1.81621e-06
2.62246e-11
1.81624e-06
2.8147e-11
1.81627e-06
3.01017e-11
1.8163e-06
3.23333e-11
1.81633e-06
3.46296e-11
1.81637e-06
3.72086e-11
1.81641e-06
3.99194e-11
1.81645e-06
4.28761e-11
1.8165e-06
4.60906e-11
1.81655e-06
4.94504e-11
1.8166e-06
5.32787e-11
1.81666e-06
5.70672e-11
1.81672e-06
6.16367e-11
1.81679e-06
6.58932e-11
1.81686e-06
7.13388e-11
1.81693e-06
7.61459e-11
1.81702e-06
8.25908e-11
1.8171e-06
8.81073e-11
1.8172e-06
9.56334e-11
1.8173e-06
1.02082e-10
1.81741e-06
1.10689e-10
1.81753e-06
1.18211e-10
1.81766e-06
1.27775e-10
1.81779e-06
1.3614e-10
1.81794e-06
1.46467e-10
1.81809e-06
1.55029e-10
1.81826e-06
1.66266e-10
1.81843e-06
1.74963e-10
1.81862e-06
1.88492e-10
1.81882e-06
1.99161e-10
1.81903e-06
2.17241e-10
1.81926e-06
2.3087e-10
1.81951e-06
2.5168e-10
2.65153e-10
1.96438e-06
-1.96436e-06
1.96441e-06
1.96444e-06
1.96447e-06
1.9645e-06
1.96453e-06
1.96457e-06
1.96461e-06
1.96465e-06
1.9647e-06
1.96475e-06
1.9648e-06
1.96486e-06
1.96492e-06
1.96499e-06
1.96506e-06
1.96513e-06
1.96522e-06
1.96531e-06
1.9654e-06
1.9655e-06
1.96561e-06
1.96573e-06
1.96586e-06
1.966e-06
1.96614e-06
1.9663e-06
1.96646e-06
1.96664e-06
1.96683e-06
1.96703e-06
1.96724e-06
1.96747e-06
1.96773e-06
1.68991e-08
-6.17284e-09
1.67861e-08
4.51832e-09
1.6892e-08
-3.4243e-09
1.68177e-08
2.17448e-09
1.68999e-08
-2.12585e-09
1.68228e-08
9.81004e-10
1.68843e-08
-1.18913e-09
1.67921e-08
6.05565e-10
1.68389e-08
-4.60875e-10
1.67406e-08
4.5122e-10
1.67629e-08
-4.29506e-11
1.66637e-08
3.03885e-10
1.66541e-08
1.96816e-10
1.65608e-08
2.15006e-10
1.6504e-08
3.27597e-10
1.64149e-08
1.99889e-10
1.62868e-08
4.36879e-10
1.61587e-08
2.71073e-10
1.56976e-08
7.69613e-10
1.03587e-09
1.83132e-08
-6.27678e-09
1.8183e-08
4.64859e-09
1.83147e-08
-3.55607e-09
1.8228e-08
2.26125e-09
1.83235e-08
-2.22143e-09
1.8234e-08
1.07053e-09
1.83024e-08
-1.2575e-09
1.82013e-08
7.06674e-10
1.82482e-08
-5.07823e-10
1.81469e-08
5.52544e-10
1.81597e-08
-5.57093e-11
1.80676e-08
3.95915e-10
1.80301e-08
2.34334e-10
1.79639e-08
2.8123e-10
1.78436e-08
4.47919e-10
1.78184e-08
2.25075e-10
1.75524e-08
7.02815e-10
1.75317e-08
2.91844e-10
1.69352e-08
1.3661e-09
1.04028e-09
1.98082e-08
-6.37089e-09
1.97485e-08
4.70824e-09
1.98348e-08
-3.64234e-09
1.98084e-08
2.28765e-09
1.98432e-08
-2.25631e-09
1.98182e-08
1.09562e-09
1.98108e-08
-1.25011e-09
1.97881e-08
7.29384e-10
1.97399e-08
-4.59637e-10
1.97358e-08
5.56577e-10
1.96314e-08
4.87668e-11
1.96549e-08
3.72419e-10
1.94829e-08
4.06344e-10
1.95351e-08
2.28953e-10
1.92903e-08
6.92797e-10
1.93375e-08
1.77879e-10
1.90195e-08
1.02082e-09
1.89356e-08
3.75691e-10
1.85917e-08
1.71005e-09
1.2227e-09
2.14052e-08
-6.4329e-09
2.14486e-08
4.66478e-09
2.14635e-08
-3.65721e-09
2.15225e-08
2.22862e-09
2.14724e-08
-2.2062e-09
2.153e-08
1.03804e-09
2.14294e-08
-1.14955e-09
2.14923e-08
6.66487e-10
2.13476e-08
-3.14955e-10
2.14242e-08
4.80001e-10
2.12344e-08
2.38625e-10
2.13128e-08
2.93974e-10
2.10959e-08
6.23273e-10
2.11432e-08
1.81583e-10
2.09327e-08
9.03309e-10
2.08803e-08
2.30261e-10
2.06995e-08
1.2017e-09
2.04584e-08
6.16723e-10
2.03993e-08
1.76919e-09
1.50294e-09
2.3111e-08
-6.437e-09
2.32672e-08
4.50859e-09
2.31971e-08
-3.5871e-09
2.33431e-08
2.08258e-09
2.32084e-08
-2.07148e-09
2.33362e-08
9.10255e-10
2.3162e-08
-9.75427e-10
2.32783e-08
5.50253e-10
2.30828e-08
-1.19459e-10
2.31822e-08
3.80567e-10
2.29815e-08
4.39314e-10
2.30355e-08
2.40035e-10
2.28644e-08
7.94324e-10
2.28305e-08
2.15462e-10
2.27181e-08
1.01572e-09
2.25485e-08
3.99911e-10
2.24864e-08
1.26381e-09
2.2191e-08
9.12075e-10
2.2231e-08
1.72917e-09
1.71929e-09
2.4943e-08
-6.36364e-09
2.51922e-08
4.2594e-09
2.50434e-08
-3.43831e-09
2.52515e-08
1.87449e-09
2.50591e-08
-1.87914e-09
2.52215e-08
7.47917e-10
2.50177e-08
-7.71702e-10
2.51423e-08
4.25656e-10
2.49505e-08
7.23661e-11
2.50257e-08
3.05347e-10
2.48654e-08
5.99629e-10
2.48604e-08
2.45017e-10
2.47608e-08
8.93989e-10
2.46459e-08
3.30354e-10
2.46074e-08
1.05415e-09
2.43787e-08
6.28612e-10
2.43652e-08
1.27739e-09
2.4103e-08
1.17427e-09
2.41456e-08
1.68657e-09
1.82788e-09
2.69283e-08
-6.20835e-09
2.72291e-08
3.9586e-09
2.70245e-08
-3.23369e-09
2.72565e-08
1.6425e-09
2.70428e-08
-1.66539e-09
2.72046e-08
5.86044e-10
2.7008e-08
-5.751e-10
2.71136e-08
3.20099e-10
2.69532e-08
2.3278e-10
2.69893e-08
2.69267e-10
2.68804e-08
7.08487e-10
2.68193e-08
3.06065e-10
2.67767e-08
9.36673e-10
2.66118e-08
4.95263e-10
2.66055e-08
1.06038e-09
2.63746e-08
8.5958e-10
2.63616e-08
1.29034e-09
2.6171e-08
1.3649e-09
2.61933e-08
1.66421e-09
1.8477e-09
2.90969e-08
-5.98349e-09
2.94063e-08
3.6492e-09
2.91707e-08
-2.99817e-09
2.93964e-08
1.41687e-09
2.91838e-08
-1.45286e-09
2.93285e-08
4.41422e-10
2.9151e-08
-3.97584e-10
2.92312e-08
2.39819e-10
2.9105e-08
3.59028e-10
2.91033e-08
2.70921e-10
2.90394e-08
7.72392e-10
2.89361e-08
4.09424e-10
2.89267e-08
9.46022e-10
2.87456e-08
6.76384e-10
2.8737e-08
1.06899e-09
2.85414e-08
1.05519e-09
2.85078e-08
1.32388e-09
2.83939e-08
1.47882e-09
2.84017e-08
1.6564e-09
1.81371e-09
3.14715e-08
-5.71026e-09
3.17654e-08
3.35531e-09
3.15115e-08
-2.74427e-09
3.17206e-08
1.2078e-09
3.15111e-08
-1.24333e-09
3.16378e-08
3.14725e-10
3.14753e-08
-2.35088e-10
3.15302e-08
1.84904e-10
3.14342e-08
4.55015e-10
3.13969e-08
3.08177e-10
3.13671e-08
8.02284e-10
3.12387e-08
5.37793e-10
3.12376e-08
9.47097e-10
3.10684e-08
8.45623e-10
3.10363e-08
1.10106e-09
3.08918e-08
1.19973e-09
3.08399e-08
1.37575e-09
3.07854e-08
1.5333e-09
3.07924e-08
1.64944e-09
1.756e-09
3.40645e-08
-5.40669e-09
3.43449e-08
3.07491e-09
3.40703e-08
-2.46973e-09
3.42688e-08
1.00933e-09
3.40542e-08
-1.02873e-09
3.41656e-08
2.03294e-10
3.40145e-08
-8.38956e-11
3.40403e-08
1.59102e-10
3.39721e-08
5.23189e-10
3.39022e-08
3.78071e-10
3.38917e-08
8.1275e-10
3.3757e-08
6.72556e-10
3.3743e-08
9.61071e-10
3.3602e-08
9.86659e-10
3.35436e-08
1.15943e-09
3.34451e-08
1.29822e-09
3.33903e-08
1.43057e-09
3.33712e-08
1.55241e-09
3.33874e-08
1.63316e-09
1.69173e-09
3.6882e-08
-5.08061e-09
3.7168e-08
2.78892e-09
3.68648e-08
-2.16646e-09
3.70621e-08
8.12026e-10
3.68386e-08
-8.05313e-10
3.69325e-08
1.09414e-10
3.67961e-08
5.25687e-11
3.67872e-08
1.67959e-10
3.67431e-08
5.67273e-10
3.66494e-08
4.71802e-10
3.66413e-08
8.20842e-10
3.65155e-08
7.9831e-10
3.64779e-08
9.98716e-10
3.63678e-08
1.09675e-09
3.62946e-08
1.23265e-09
3.6227e-08
1.36577e-09
3.6184e-08
1.47358e-09
3.61822e-08
1.5542e-09
3.62105e-08
1.60488e-09
1.62711e-09
3.99337e-08
-4.73141e-09
4.02456e-08
2.47704e-09
3.99095e-08
-1.8304e-09
4.01087e-08
6.12826e-10
3.98824e-08
-5.79046e-10
3.99516e-08
4.02593e-11
3.98372e-08
1.66937e-10
3.97922e-08
2.12934e-10
3.97646e-08
5.94938e-10
3.96604e-08
5.75924e-10
3.96404e-08
8.40917e-10
3.9532e-08
9.06718e-10
3.94723e-08
1.05837e-09
3.93859e-08
1.18315e-09
3.93131e-08
1.30551e-09
3.92643e-08
1.41453e-09
3.92389e-08
1.49899e-09
3.92468e-08
1.54624e-09
3.92845e-08
1.56726e-09
1.56327e-09
4.32364e-08
-4.35611e-09
4.35852e-08
2.12828e-09
4.32204e-08
-1.46562e-09
4.34152e-08
4.1807e-10
4.31993e-08
-3.63177e-10
4.32346e-08
4.95055e-12
4.31483e-08
2.53248e-10
4.30733e-08
2.87941e-10
4.30508e-08
6.17396e-10
4.29489e-08
6.77861e-10
4.29101e-08
8.79663e-10
4.28195e-08
9.97354e-10
4.27477e-08
1.1302e-09
4.26758e-08
1.25503e-09
4.2614e-08
1.36737e-09
4.2579e-08
1.4495e-09
4.25693e-08
1.50863e-09
4.25857e-08
1.52992e-09
4.26289e-08
1.52397e-09
1.50036e-09
4.68137e-08
-3.95417e-09
4.7199e-08
1.74304e-09
4.68176e-08
-1.08429e-09
4.69933e-08
2.42363e-10
4.68035e-08
-1.73329e-10
4.67981e-08
1.0295e-11
4.67388e-08
3.12547e-10
4.66467e-08
3.80102e-10
4.66178e-08
6.46255e-10
4.65262e-08
7.69522e-10
4.647e-08
9.35838e-10
4.63922e-08
1.07514e-09
4.63195e-08
1.20292e-09
4.62571e-08
1.3174e-09
4.62104e-08
1.41407e-09
4.6188e-08
1.47194e-09
4.61903e-08
1.50625e-09
4.62145e-08
1.50577e-09
4.6261e-08
1.47751e-09
1.43876e-09
5.06924e-08
-3.52921e-09
5.11044e-08
1.33113e-09
5.07259e-08
-7.05812e-10
5.08628e-08
1.0542e-10
5.07118e-08
-2.22713e-11
5.06654e-08
5.66332e-11
5.06242e-08
3.53779e-10
5.05294e-08
4.74941e-10
5.04867e-08
6.88935e-10
5.04068e-08
8.4936e-10
5.03398e-08
1.00287e-09
5.02695e-08
1.14542e-09
5.02035e-08
1.26898e-09
5.01502e-08
1.37067e-09
5.01188e-08
1.4455e-09
5.01078e-08
1.48285e-09
5.01195e-08
1.49462e-09
5.015e-08
1.47527e-09
5.01982e-08
1.42933e-09
1.37894e-09
5.49013e-08
-3.08893e-09
5.53228e-08
9.09601e-10
5.4973e-08
-3.55986e-10
5.50509e-08
2.7538e-11
5.49429e-08
8.57465e-11
5.48647e-08
1.34829e-10
5.48276e-08
3.90836e-10
5.47404e-08
5.62143e-10
5.46832e-08
7.4611e-10
5.46114e-08
9.21172e-10
5.45417e-08
1.0726e-09
5.44764e-08
1.21073e-09
5.44199e-08
1.32542e-09
5.43776e-08
1.41299e-09
5.436e-08
1.46313e-09
5.4359e-08
1.4838e-09
5.4378e-08
1.47567e-09
5.4413e-08
1.44022e-09
5.44618e-08
1.38051e-09
1.32128e-09
5.94703e-08
-2.64445e-09
5.98787e-08
5.0128e-10
5.95885e-08
-6.57822e-11
5.95911e-08
2.49422e-11
5.95182e-08
1.58563e-10
5.94234e-08
2.29665e-10
5.93781e-08
4.36159e-10
5.93026e-08
6.37625e-10
5.92351e-08
8.13605e-10
5.91668e-08
9.89482e-10
5.91002e-08
1.13921e-09
5.90404e-08
1.27049e-09
5.89941e-08
1.37175e-09
5.89654e-08
1.44165e-09
5.89582e-08
1.47034e-09
5.89661e-08
1.47591e-09
5.89908e-08
1.45097e-09
5.90288e-08
1.4022e-09
5.90774e-08
1.33191e-09
1.26596e-09
6.4431e-08
-2.20944e-09
6.47997e-08
1.32585e-10
6.45939e-08
1.40025e-10
6.4523e-08
9.5837e-11
6.44644e-08
2.17161e-10
6.4368e-08
3.26006e-10
6.43089e-08
4.95311e-10
6.42417e-08
7.04774e-10
6.41709e-08
8.84458e-10
6.41039e-08
1.05644e-09
6.40427e-08
1.20043e-09
6.39905e-08
1.32271e-09
6.39547e-08
1.40757e-09
6.39407e-08
1.45566e-09
6.39411e-08
1.46993e-09
6.39565e-08
1.4605e-09
6.39858e-08
1.42162e-09
6.40258e-08
1.36218e-09
6.40738e-08
1.28393e-09
1.213e-09
6.98154e-08
-1.79857e-09
7.01175e-08
-1.69476e-10
7.00029e-08
2.54649e-10
6.98837e-08
2.14981e-10
6.98165e-08
2.84391e-10
6.97261e-08
4.16412e-10
6.96541e-08
5.67283e-10
6.95882e-08
7.70682e-10
6.952e-08
9.52713e-10
6.9455e-08
1.12141e-09
6.93996e-08
1.25578e-09
6.93563e-08
1.36606e-09
6.93341e-08
1.42973e-09
6.93298e-08
1.45998e-09
6.93381e-08
1.46162e-09
6.93599e-08
1.43873e-09
6.93932e-08
1.38834e-09
6.94348e-08
1.32049e-09
6.94824e-08
1.23642e-09
1.16206e-09
7.5656e-08
-1.42496e-09
7.58703e-08
-3.83761e-10
7.58385e-08
2.86445e-10
7.57081e-08
3.4532e-10
7.56158e-08
3.76726e-10
7.55286e-08
5.03618e-10
7.54478e-08
6.4806e-10
7.5378e-08
8.40513e-10
7.53132e-08
1.01748e-09
7.52532e-08
1.18143e-09
7.52044e-08
1.30456e-09
7.51713e-08
1.39915e-09
7.51623e-08
1.43877e-09
7.51645e-08
1.45772e-09
7.51806e-08
1.44557e-09
7.52084e-08
1.41088e-09
7.52456e-08
1.35122e-09
7.52892e-08
1.27691e-09
7.53367e-08
1.18882e-09
1.1125e-09
8.1986e-08
-1.0985e-09
8.21e-08
-4.97796e-10
8.21321e-08
2.54369e-10
8.20216e-08
4.55747e-10
8.19094e-08
4.8895e-10
8.18113e-08
6.01711e-10
8.17252e-08
7.34152e-10
8.16499e-08
9.15805e-10
8.15867e-08
1.08071e-09
8.15336e-08
1.23448e-09
8.14935e-08
1.34466e-09
8.14722e-08
1.42051e-09
8.14701e-08
1.4409e-09
8.14807e-08
1.44704e-09
8.1504e-08
1.42227e-09
8.15378e-08
1.37715e-09
8.1579e-08
1.30998e-09
8.1625e-08
1.23087e-09
8.16734e-08
1.14044e-09
1.06342e-09
8.88404e-08
-8.24489e-10
8.88521e-08
-5.09425e-10
8.89222e-08
1.84213e-10
8.88524e-08
5.25578e-10
8.87355e-08
6.0581e-10
8.86211e-08
7.16177e-10
8.85243e-08
8.30922e-10
8.84456e-08
9.94457e-10
8.83825e-08
1.14388e-09
8.83364e-08
1.28053e-09
8.83066e-08
1.37448e-09
8.82947e-08
1.43244e-09
8.82991e-08
1.4365e-09
8.83178e-08
1.4283e-09
8.83483e-08
1.39178e-09
8.83879e-08
1.33753e-09
8.84335e-08
1.26443e-09
8.84823e-08
1.18199e-09
8.8532e-08
1.09073e-09
1.01408e-09
9.62562e-08
-6.021e-10
9.61922e-08
-4.45459e-10
9.62557e-08
1.20679e-10
9.62336e-08
5.47673e-10
9.61263e-08
7.13126e-10
9.6005e-08
8.37487e-10
9.58919e-08
9.44026e-10
9.58088e-08
1.07759e-09
9.57468e-08
1.20588e-09
9.57067e-08
1.32063e-09
9.56858e-08
1.39539e-09
9.56824e-08
1.43586e-09
9.56947e-08
1.42412e-09
9.5721e-08
1.40209e-09
9.57581e-08
1.35465e-09
9.58033e-08
1.29232e-09
9.58531e-08
1.21466e-09
9.59048e-08
1.13021e-09
9.59562e-08
1.03942e-09
9.64145e-10
1.04274e-07
-4.25177e-10
1.04167e-07
-3.3801e-10
1.0419e-07
9.70851e-11
1.04195e-07
5.43341e-10
1.04123e-07
7.84599e-10
1.04002e-07
9.59033e-10
1.03884e-07
1.06222e-09
1.03788e-07
1.17305e-09
1.03728e-07
1.2656e-09
1.03694e-07
1.35487e-09
1.03681e-07
1.40891e-09
1.03686e-07
1.43019e-09
1.03706e-07
1.40447e-09
1.03739e-07
1.36893e-09
1.03782e-07
1.31158e-09
1.03832e-07
1.24228e-09
1.03886e-07
1.1613e-09
1.0394e-07
1.07592e-09
1.03993e-07
9.86608e-10
9.1366e-10
1.12943e-07
-2.85793e-10
1.12817e-07
-2.11169e-10
1.12791e-07
1.22221e-10
1.12794e-07
5.41007e-10
1.12753e-07
8.25657e-10
1.1266e-07
1.05217e-09
1.12542e-07
1.18015e-09
1.12446e-07
1.26839e-09
1.12381e-07
1.3309e-09
1.12351e-07
1.385e-09
1.12347e-07
1.41289e-09
1.12361e-07
1.41592e-09
1.12386e-07
1.37958e-09
1.12425e-07
1.33004e-09
1.12473e-07
1.26365e-09
1.12527e-07
1.18848e-09
1.12583e-07
1.1053e-09
1.12639e-07
1.01998e-09
1.12692e-07
9.32966e-10
8.62851e-10
1.22318e-07
-1.76343e-10
1.22186e-07
-7.90905e-11
1.22123e-07
1.85576e-10
1.22101e-07
5.62318e-10
1.22069e-07
8.58376e-10
1.2201e-07
1.11081e-09
1.2192e-07
1.27003e-09
1.2183e-07
1.35856e-09
1.21769e-07
1.39147e-09
1.2174e-07
1.41463e-09
1.2174e-07
1.41262e-09
1.21763e-07
1.39336e-09
1.21793e-07
1.34903e-09
1.21836e-07
1.28716e-09
1.21887e-07
1.2125e-09
1.21943e-07
1.13236e-09
1.22e-07
1.04805e-09
1.22057e-07
9.63814e-10
1.2211e-07
8.79745e-10
8.12111e-10
1.32458e-07
-8.96372e-11
1.32331e-07
4.74217e-11
1.32243e-07
2.74292e-10
1.32196e-07
6.09324e-10
1.32156e-07
8.98034e-10
1.32116e-07
1.15114e-09
1.32065e-07
1.32101e-09
1.31995e-07
1.42865e-09
1.31946e-07
1.43969e-09
1.31924e-07
1.4368e-09
1.31927e-07
1.41003e-09
1.31952e-07
1.36851e-09
1.31989e-07
1.31161e-09
1.32034e-07
1.24254e-09
1.32084e-07
1.16217e-09
1.32139e-07
1.0775e-09
1.32195e-07
9.91388e-10
1.32252e-07
9.07586e-10
1.32305e-07
8.26398e-10
7.61648e-10
1.43428e-07
-1.98982e-11
1.43312e-07
1.63634e-10
1.43212e-07
3.73934e-10
1.43142e-07
6.79015e-10
1.43098e-07
9.42018e-10
1.43065e-07
1.18468e-09
1.43036e-07
1.35015e-09
1.43005e-07
1.4589e-09
1.42967e-07
1.47774e-09
1.42958e-07
1.44577e-09
1.42968e-07
1.40073e-09
1.42996e-07
1.34044e-09
1.43038e-07
1.26893e-09
1.4309e-07
1.19128e-09
1.43142e-07
1.10959e-09
1.43194e-07
1.02577e-09
1.43245e-07
9.40572e-10
1.43295e-07
8.57706e-10
1.43343e-07
7.78413e-10
7.12496e-10
1.55297e-07
3.89428e-11
1.55197e-07
2.63078e-10
1.55095e-07
4.76667e-10
1.55013e-07
7.60513e-10
1.54962e-07
9.928e-10
1.54937e-07
1.21016e-09
1.54924e-07
1.3632e-09
1.54922e-07
1.46105e-09
1.54904e-07
1.49511e-09
1.549e-07
1.44995e-09
1.54913e-07
1.38827e-09
1.54943e-07
1.31045e-09
1.54988e-07
1.22346e-09
1.55047e-07
1.13253e-09
1.55114e-07
1.04285e-09
1.55182e-07
9.5774e-10
1.5524e-07
8.81968e-10
1.55268e-07
8.30355e-10
1.55293e-07
7.53551e-10
6.66024e-10
1.6814e-07
9.2385e-11
1.68029e-07
3.74873e-10
1.67924e-07
5.81473e-10
1.67841e-07
8.43378e-10
1.6779e-07
1.04333e-09
1.67777e-07
1.22407e-09
1.67768e-07
1.37205e-09
1.6777e-07
1.4588e-09
1.67781e-07
1.4838e-09
1.67773e-07
1.45848e-09
1.67788e-07
1.37316e-09
1.6781e-07
1.28798e-09
1.67838e-07
1.19585e-09
1.67873e-07
1.09747e-09
1.67917e-07
9.98797e-10
1.67971e-07
9.03392e-10
1.68038e-07
8.15206e-10
1.68133e-07
7.35739e-10
1.68221e-07
6.65394e-10
6.16886e-10
6.54413e-07
2.306e-10
6.5409e-07
6.97323e-10
6.53712e-07
9.59865e-10
6.53379e-07
1.17614e-09
6.53173e-07
1.24929e-09
6.53084e-07
1.31265e-09
6.5312e-07
1.33618e-09
6.53247e-07
1.33175e-09
6.53433e-07
1.29839e-09
6.53654e-07
1.23674e-09
6.53869e-07
1.15832e-09
6.54091e-07
1.06671e-09
6.54313e-07
9.73229e-10
6.54532e-07
8.79159e-10
6.5474e-07
7.90458e-10
6.54936e-07
7.07252e-10
6.55118e-07
6.32707e-10
6.55288e-07
5.66484e-10
6.55444e-07
5.09546e-10
4.75982e-10
7.07949e-07
2.65559e-10
7.07868e-07
7.78545e-10
7.07794e-07
1.03407e-09
7.07792e-07
1.17728e-09
7.07807e-07
1.23436e-09
7.07869e-07
1.25108e-09
7.07979e-07
1.22567e-09
7.08131e-07
1.18048e-09
7.08306e-07
1.12325e-09
7.08489e-07
1.05364e-09
7.08666e-07
9.80994e-10
7.0883e-07
9.0353e-10
7.08972e-07
8.30915e-10
7.09095e-07
7.56398e-10
7.09204e-07
6.80759e-10
7.09305e-07
6.06814e-10
7.09397e-07
5.4019e-10
7.09483e-07
4.80357e-10
7.09564e-07
4.2864e-10
3.92876e-10
7.65801e-07
2.43465e-10
7.65861e-07
7.18974e-10
7.65951e-07
9.44097e-10
7.66031e-07
1.09727e-09
7.66126e-07
1.13932e-09
7.66238e-07
1.13905e-09
7.66366e-07
1.09755e-09
7.66509e-07
1.0372e-09
7.66663e-07
9.69533e-10
7.66821e-07
8.9518e-10
7.66978e-07
8.24192e-10
7.67129e-07
7.52481e-10
7.67272e-07
6.87689e-10
7.67403e-07
6.26379e-10
7.67509e-07
5.74237e-10
7.67589e-07
5.26916e-10
7.67652e-07
4.77486e-10
7.67705e-07
4.26641e-10
7.67757e-07
3.76806e-10
3.37521e-10
8.28329e-07
2.06433e-10
8.28436e-07
6.12448e-10
8.28563e-07
8.17184e-10
8.28708e-07
9.52465e-10
8.2886e-07
9.86703e-10
8.29015e-07
9.84396e-10
8.29165e-07
9.47237e-10
8.29309e-07
8.93285e-10
8.29445e-07
8.33948e-10
8.29571e-07
7.68513e-10
8.29688e-07
7.07259e-10
8.29796e-07
6.45048e-10
8.29894e-07
5.89186e-10
8.29985e-07
5.35154e-10
8.30072e-07
4.8741e-10
8.30157e-07
4.42308e-10
8.30233e-07
4.01288e-10
8.30299e-07
3.60394e-10
8.30354e-07
3.2166e-10
2.91114e-10
8.95948e-07
1.66794e-10
8.96053e-07
5.07994e-10
8.96189e-07
6.80737e-10
8.96344e-07
7.97843e-10
8.96501e-07
8.29572e-10
8.96654e-07
8.31261e-10
8.96798e-07
8.03721e-10
8.9693e-07
7.60571e-10
8.97052e-07
7.12281e-10
8.97163e-07
6.57093e-10
8.97265e-07
6.053e-10
8.97359e-07
5.51693e-10
8.97444e-07
5.03498e-10
8.97523e-07
4.5607e-10
8.97597e-07
4.13802e-10
8.97666e-07
3.73328e-10
8.9773e-07
3.37154e-10
8.97788e-07
3.03031e-10
8.97837e-07
2.72397e-10
2.48651e-10
9.69078e-07
1.33754e-10
9.69169e-07
4.17155e-10
9.69289e-07
5.60047e-10
9.69428e-07
6.59298e-10
9.6957e-07
6.87765e-10
9.69709e-07
6.9178e-10
9.69841e-07
6.7189e-10
9.69963e-07
6.38168e-10
9.70076e-07
6.00025e-10
9.70178e-07
5.54771e-10
9.70271e-07
5.12069e-10
9.70356e-07
4.6684e-10
9.70433e-07
4.26086e-10
9.70504e-07
3.85493e-10
9.70568e-07
3.49421e-10
9.70627e-07
3.14775e-10
9.7068e-07
2.84075e-10
9.70728e-07
2.55231e-10
9.70771e-07
2.29658e-10
2.1011e-10
1.04818e-06
1.0721e-10
1.04825e-06
3.40585e-10
1.04836e-06
4.57662e-10
1.04848e-06
5.40347e-10
1.0486e-06
5.6462e-10
1.04872e-06
5.68964e-10
1.04884e-06
5.5407e-10
1.04895e-06
5.27516e-10
1.04905e-06
4.97652e-10
1.04915e-06
4.61294e-10
1.04923e-06
4.27044e-10
1.04931e-06
3.90031e-10
1.04938e-06
3.56631e-10
1.04944e-06
3.22881e-10
1.0495e-06
2.92848e-10
1.04955e-06
2.63736e-10
1.04959e-06
2.37961e-10
1.04964e-06
2.13643e-10
1.04967e-06
1.92168e-10
1.75696e-10
1.13374e-06
8.5607e-11
1.1338e-06
2.75933e-10
1.13389e-06
3.70841e-10
1.13399e-06
4.38699e-10
1.1341e-06
4.58889e-10
1.1342e-06
4.62992e-10
1.1343e-06
4.51655e-10
1.1344e-06
4.30619e-10
1.13449e-06
4.07124e-10
1.13457e-06
3.78027e-10
1.13465e-06
3.50761e-10
1.13472e-06
3.20897e-10
1.13478e-06
2.93976e-10
1.13484e-06
2.66467e-10
1.13489e-06
2.41962e-10
1.13494e-06
2.18008e-10
1.13498e-06
1.96784e-10
1.13501e-06
1.7665e-10
1.13505e-06
1.58875e-10
1.45076e-10
1.22628e-06
6.777e-11
1.22634e-06
2.2096e-10
1.22641e-06
2.96982e-10
1.2265e-06
3.51811e-10
1.22659e-06
3.68247e-10
1.22668e-06
3.71821e-10
1.22677e-06
3.63115e-10
1.22685e-06
3.46472e-10
1.22693e-06
3.27993e-10
1.227e-06
3.04824e-10
1.22707e-06
2.83225e-10
1.22713e-06
2.59366e-10
1.22719e-06
2.37918e-10
1.22724e-06
2.1585e-10
1.22729e-06
1.96209e-10
1.22733e-06
1.76896e-10
1.22736e-06
1.5978e-10
1.2274e-06
1.43463e-10
1.22743e-06
1.29052e-10
1.17787e-10
1.32638e-06
5.28282e-11
1.32643e-06
1.73731e-10
1.32649e-06
2.33495e-10
1.32657e-06
2.76852e-10
1.32665e-06
2.89886e-10
1.32673e-06
2.92817e-10
1.3268e-06
2.86151e-10
1.32688e-06
2.73152e-10
1.32695e-06
2.58792e-10
1.32701e-06
2.4063e-10
1.32707e-06
2.23765e-10
1.32712e-06
2.0502e-10
1.32717e-06
1.88209e-10
1.32722e-06
1.70832e-10
1.32726e-06
1.55384e-10
1.3273e-06
1.4014e-10
1.32733e-06
1.26639e-10
1.32736e-06
1.13732e-10
1.32739e-06
1.02338e-10
9.34415e-11
1.43466e-06
4.00463e-11
1.4347e-06
1.32539e-10
1.43475e-06
1.78128e-10
1.43482e-06
2.11328e-10
1.43489e-06
2.21315e-10
1.43496e-06
2.23602e-10
1.43502e-06
2.18595e-10
1.43509e-06
2.0871e-10
1.43515e-06
1.97832e-10
1.43521e-06
1.83993e-10
1.43526e-06
1.71177e-10
1.43531e-06
1.56876e-10
1.43535e-06
1.44075e-10
1.43539e-06
1.30804e-10
1.43543e-06
1.19022e-10
1.43546e-06
1.0737e-10
1.43549e-06
9.70589e-11
1.43552e-06
8.71848e-11
1.43554e-06
7.84731e-11
7.16882e-11
1.55177e-06
2.88545e-11
1.55181e-06
9.59603e-11
1.55186e-06
1.28976e-10
1.55191e-06
1.5308e-10
1.55198e-06
1.60329e-10
1.55204e-06
1.62004e-10
1.5521e-06
1.5841e-10
1.55215e-06
1.51262e-10
1.55221e-06
1.43417e-10
1.55226e-06
1.334e-10
1.55231e-06
1.24143e-10
1.55235e-06
1.13787e-10
1.55239e-06
1.0453e-10
1.55243e-06
9.49149e-11
1.55246e-06
8.6387e-11
1.55249e-06
7.79408e-11
1.55251e-06
7.04715e-11
1.55254e-06
6.33099e-11
1.55256e-06
5.6994e-11
5.20939e-11
1.67844e-06
1.87742e-11
1.67848e-06
6.26746e-11
1.67852e-06
8.42586e-11
1.67858e-06
1.0004e-10
1.67863e-06
1.04787e-10
1.67869e-06
1.05891e-10
1.67874e-06
1.03556e-10
1.67879e-06
9.88888e-11
1.67884e-06
9.37756e-11
1.67889e-06
8.72308e-11
1.67893e-06
8.11905e-11
1.67897e-06
7.44217e-11
1.67901e-06
6.83768e-11
1.67904e-06
6.20911e-11
1.67907e-06
5.65198e-11
1.6791e-06
5.0997e-11
1.67912e-06
4.61157e-11
1.67914e-06
4.14321e-11
1.67916e-06
3.73031e-11
3.41164e-11
1.81546e-06
9.33253e-12
1.81549e-06
3.12662e-11
1.81553e-06
4.2054e-11
1.81558e-06
4.99474e-11
1.81564e-06
5.23236e-11
1.81569e-06
5.28774e-11
1.81574e-06
5.17154e-11
1.81579e-06
4.93858e-11
1.81584e-06
4.68371e-11
1.81588e-06
4.35709e-11
1.81592e-06
4.056e-11
1.81596e-06
3.7183e-11
1.81599e-06
3.41692e-11
1.81602e-06
3.10328e-11
1.81605e-06
2.82534e-11
1.81608e-06
2.54957e-11
1.8161e-06
2.30577e-11
1.81612e-06
2.07164e-11
1.81614e-06
1.86515e-11
1.70693e-11
1.96366e-06
1.96369e-06
1.96374e-06
1.96378e-06
1.96384e-06
1.96389e-06
1.96394e-06
1.96399e-06
1.96404e-06
1.96408e-06
1.96412e-06
1.96416e-06
1.96419e-06
1.96422e-06
1.96425e-06
1.96428e-06
1.9643e-06
1.96432e-06
1.96434e-06
)
;

boundaryField
{
    top
    {
        type            calculated;
        value           uniform 0;
    }
    inlet
    {
        type            calculated;
        value           nonuniform List<scalar> 
45
(
-6.54551e-07
-7.07984e-07
-7.65779e-07
-8.28292e-07
-8.95909e-07
-9.69045e-07
-1.04815e-06
-1.13372e-06
-1.22626e-06
-1.32637e-06
-1.43464e-06
-1.55176e-06
-1.67843e-06
-1.81545e-06
-1.96365e-06
-1.68194e-08
-1.82093e-08
-1.9714e-08
-2.13431e-08
-2.31069e-08
-2.50163e-08
-2.70836e-08
-2.93217e-08
-3.17448e-08
-3.43681e-08
-3.72081e-08
-4.02829e-08
-4.36117e-08
-4.72157e-08
-5.11174e-08
-5.53416e-08
-5.99148e-08
-6.4866e-08
-7.02263e-08
-7.60296e-08
-8.23124e-08
-8.91144e-08
-9.64786e-08
-1.04451e-07
-1.13083e-07
-1.22428e-07
-1.32545e-07
-1.43498e-07
-1.55356e-07
-1.68194e-07
)
;
    }
    outlet
    {
        type            calculated;
        value           nonuniform List<scalar> 
45
(
6.64733e-07
7.18056e-07
7.75523e-07
8.37579e-07
9.04655e-07
9.7721e-07
1.05572e-06
1.14069e-06
1.23265e-06
1.3322e-06
1.43996e-06
1.55663e-06
1.68296e-06
1.81978e-06
1.96799e-06
5.92518e-10
1.98401e-09
3.72131e-09
5.85977e-09
8.45351e-09
1.15465e-08
1.51595e-08
1.92732e-08
2.38099e-08
2.86258e-08
3.35291e-08
3.83328e-08
4.29277e-08
4.73286e-08
5.16601e-08
5.60922e-08
6.07753e-08
6.58115e-08
7.12625e-08
7.71696e-08
8.35694e-08
9.05006e-08
9.80051e-08
1.06128e-07
1.14918e-07
1.24429e-07
1.34717e-07
1.45845e-07
1.57882e-07
1.70903e-07
)
;
    }
    plate
    {
        type            calculated;
        value           uniform 0;
    }
    symmBound
    {
        type            calculated;
        value           nonuniform List<scalar> 
20
(
6.09314e-09
-4.40535e-09
3.31841e-09
-2.10022e-09
2.04369e-09
-9.03899e-10
1.1276e-09
-5.13369e-10
4.1414e-10
-3.52975e-10
2.06445e-11
-2.04701e-10
-1.87118e-10
-1.218e-10
-2.70702e-10
-1.10878e-10
-3.087e-10
-1.43012e-10
-3.08543e-10
-2.10441e-10
)
;
    }
    frontAndBack
    {
        type            empty;
    }
}


// ************************************************************************* //
