/*--------------------------------*- C++ -*----------------------------------*\
| =========                 |                                                 |
| \\      /  F ield         | OpenFOAM: The Open Source CFD Toolbox           |
|  \\    /   O peration     | Version:  1.4.1-dev                             |
|   \\  /    A nd           | Web:      http://www.openfoam.org               |
|    \\/     M anipulation  |                                                 |
\*---------------------------------------------------------------------------*/

FoamFile
{
    version 2.0;
    format ascii;

    root "/home/mjaworsk/OpenFOAM/mjaworsk-1.4.1-dev/run/FlatPlate-Blasius";
    case "icoHeatFoam-flatPlate2";
    instance "0.5";
    local "";

    class volScalarField;
    object T;
}

// * * * * * * * * * * * * * * * * * * * * * * * * * * * * * * * * * * * * * //

dimensions      [0 0 0 1 0 0 0];

internalField   nonuniform List<scalar> 
2475
(
344.463
336.688
326.358
315.712
307.008
300.858
296.793
294.108
292.24
290.837
289.704
288.743
287.904
287.161
286.498
285.902
285.363
284.873
284.424
284.013
283.633
283.281
282.955
282.652
282.372
282.114
281.881
281.675
281.504
281.371
281.281
281.234
281.229
281.255
281.306
348.568
346.108
343.301
340.372
337.298
334.063
330.73
327.418
324.234
321.246
318.487
315.967
313.681
311.61
309.735
308.029
306.472
305.043
303.726
302.508
301.379
300.328
299.349
298.435
297.585
296.796
296.076
295.43
294.877
294.427
294.105
293.906
293.843
293.88
294.009
349.624
348.725
347.677
346.592
345.455
344.256
342.961
341.539
339.981
338.299
336.519
334.67
332.781
330.881
328.992
327.131
325.311
323.54
321.828
320.178
318.596
317.081
315.637
314.261
312.957
311.722
310.57
309.505
308.556
307.736
307.092
306.627
306.388
306.322
306.447
349.916
349.614
349.208
348.762
348.275
347.756
347.205
346.607
345.945
345.208
344.389
343.486
342.501
341.439
340.305
339.106
337.847
336.535
335.18
333.789
332.375
330.947
329.519
328.097
326.697
325.321
323.993
322.715
321.522
320.422
319.482
318.708
318.194
317.894
317.877
349.984
349.899
349.758
349.586
349.383
349.152
348.901
348.627
348.326
347.993
347.621
347.207
346.747
346.238
345.68
345.068
344.4
343.674
342.886
342.036
341.126
340.157
339.137
338.069
336.964
335.827
334.679
333.521
332.387
331.275
330.25
329.313
328.584
328.03
327.779
349.998
349.978
349.936
349.879
349.805
349.712
349.604
349.482
349.344
349.189
349.015
348.82
348.602
348.361
348.094
347.799
347.474
347.115
346.718
346.277
345.791
345.255
344.67
344.031
343.343
342.603
341.825
341.003
340.163
339.292
338.44
337.593
336.857
336.206
335.784
350
349.996
349.986
349.97
349.947
349.915
349.875
349.826
349.769
349.701
349.623
349.533
349.432
349.317
349.189
349.047
348.891
348.717
348.524
348.309
348.068
347.799
347.499
347.164
346.793
346.382
345.937
345.45
344.935
344.378
343.809
343.205
342.642
342.085
341.658
350
349.999
349.997
349.993
349.987
349.978
349.966
349.95
349.929
349.903
349.872
349.835
349.79
349.739
349.681
349.614
349.54
349.458
349.365
349.262
349.147
349.016
348.87
348.704
348.519
348.309
348.078
347.819
347.54
347.23
346.904
346.542
346.187
345.81
345.49
350
350
350
349.999
349.997
349.995
349.992
349.987
349.981
349.973
349.962
349.949
349.932
349.912
349.888
349.859
349.827
349.789
349.747
349.7
349.646
349.585
349.515
349.436
349.347
349.245
349.132
349.003
348.862
348.702
348.532
348.338
348.142
347.923
347.726
350
350
350
350
350
349.999
349.998
349.997
349.996
349.993
349.99
349.986
349.981
349.974
349.965
349.955
349.942
349.927
349.91
349.889
349.866
349.839
349.808
349.772
349.731
349.684
349.631
349.569
349.501
349.423
349.34
349.242
349.143
349.027
348.92
350
350
350
350
350
350
350
350
349.999
349.999
349.998
349.997
349.995
349.993
349.991
349.987
349.983
349.978
349.972
349.964
349.955
349.944
349.932
349.917
349.899
349.879
349.855
349.828
349.797
349.761
349.722
349.675
349.628
349.571
349.517
350
350
350
350
350
350
350
350
350
350
350
349.999
349.999
349.999
349.998
349.997
349.996
349.994
349.992
349.99
349.987
349.983
349.979
349.973
349.966
349.958
349.949
349.938
349.925
349.909
349.892
349.872
349.85
349.824
349.799
350
350
350
350
350
350
350
350
350
350
350
350
350
350
350
349.999
349.999
349.999
349.998
349.997
349.997
349.995
349.994
349.992
349.99
349.987
349.984
349.98
349.975
349.969
349.962
349.954
349.945
349.934
349.923
350
350
350
350
350
350
350
350
350
350
350
350
350
350
350
350
350
350
350
349.999
349.999
349.999
349.999
349.998
349.997
349.997
349.996
349.994
349.993
349.991
349.988
349.985
349.982
349.978
349.974
350
350
350
350
350
350
350
350
350
350
350
350
350
350
350
350
350
350
350
350
350
350
350
350
349.999
349.999
349.999
349.999
349.998
349.998
349.997
349.996
349.995
349.994
349.992
350
350
350
350
350
350
350
350
350
350
350
350
350
350
350
350
350
350
350
350
350
350
350
350
350
350
350
350
350
349.999
349.999
349.999
349.999
349.998
349.998
350
350
350
350
350
350
350
350
350
350
350
350
350
350
350
350
350
350
350
350
350
350
350
350
350
350
350
350
350
350
350
350
350
350
350
350
350
350
350
350
350
350
350
350
350
350
350
350
350
350
350
350
350
350
350
350
350
350
350
350
350
350
350
350
350
350
350
350
350
350
350
350
350
350
350
350
350
350
350
350
350
350
350
350
350
350
350
350
350
350
350
350
350
350
350
350
350
350
350
350
350
350
350
350
350
350
350
350
350
350
350
350
350
350
350
350
350
350
350
350
350
350
350
350
350
350
350
350
350
350
350
350
350
350
350
350
350
350
350
350
350
350
350
350
350
350
350
350
350
350
350
350
350
350
350
350
350
350
350
350
350
350
350
350
350
350
350
350
350
350
350
350
350
350
350
350
350
350
350
350
350
350
350
350
350
350
350
350
350
350
350
350
350
350
350
350
350
350
350
350
350
350
350
350
350
350
350
350
350
350
350
350
350
350
350
350
350
350
350
350
350
350
350
350
350
350
350
350
350
350
350
350
350
350
350
350
350
350
350
350
350
350
350
350
350
350
350
350
350
350
350
350
350
350
350
350
350
350
350
350
350
350
350
350
350
350
350
350
350
350
350
350
350
350
350
350
350
350
350
350
350
350
350
350
350
350
350
350
350
350
350
350
350
350
350
350
350
350
350
350
350
350
350
350
350
350
350
350
350
350
350
350
350
350
350
350
350
350
350
350
350
350
350
350
350
350
350
350
350
350
350
350
350
350
350
350
350
350
350
350
350
350
350
350
350
350
350
350
350
350
350
350
350
350
350
350
350
350
350
350
350
350
350
350
350
350
350
350
350
350
350
350
350
350
350
350
350
350
350
350
350
350
350
350
350
350
350
350
350
350
350
350
350
350
350
350
350
350
350
350
350
350
350
350
350
350
350
350
350
350
350
350
350
350
350
350
350
350
350
350
350
350
350
350
350
350
350
350
350
350
350
350
350
350
350
350
350
350
350
350
350
350
350
350
350
350
350
350
350
350
350
350
350
350
350
350
350
350
350
350
350
350
350
350
350
350
350
350
350
350
350
350
350
350
350
350
350
350
350
350
350
350
350
350
350
350
350
350
350
350
350
350
350
350
350
350
350
350
350
350
350
350
350
350
350
350
350
350
350
350
350
350
350
350
350
350
350
350
350
350
350
350
350
350
350
350
350
350
350
350
350
350
350
350
350
350
350
350
350
350
350
350
350
350
350
350
350
350
350
350
350
350
350
350
350
350
350
350
350
350
350
350
350
350
350
350
350
350
350
350
350
350
350
350
350
350
350
350
350
350
350
350
350
350
350
350
350
350
350
350
350
350
350
350
350
350
350
350
350
350
350
350
350
350
350
350
350
350
350
350
350
350
350
350
350
350
350
350
350
350
350
350
350
350
350
350
350
350
350
350
350
350
350
350
350
350
350
350
350
350
350
350
350
350
350
350
350
350
350
350
350
350
350
350
350
350
350
350
350
350
350
350
350
350
350
350
350
350
350
350
350
350
350
350
350
350
350
350
350
350
350
350
350
350
350
350
350
350
350
350
350
350
350
350
350
350
350
350
350
350
350
350
350
350
350
350
350
350
350
350
350
350
350
350
350
350
350
350
350
350
350
350
350
350
350
350
350
350
350
350
350
350
350
350
350
350
350
350
350
350
350
350
350
350
350
350
350
350
350
350
350
350
350
350
350
350
350
350
350
350
350
350
350
350
350
350
350
350
350
350
350
350
350
350
350
350
350
350
350
350
350
350
350
350
350
350
350
350
350
350
350
350
350
350
350
350
350
350
350
350
350
350
350
350
350
350
350
350
350
350
350
350
350
350
350
350
350
350
350
350
350
350
350
350
350
350
350
350
350
350
350
350
350
350
350
350
350
350
350
350
350
350
350
350
350
350
350
350
350
350
350
350
350
350
350
350
350
350
350
350
350
350
350
350
350
350
350
350
350
350
350
350
350
350
350
350
350
350
350
350
350
350
350
350
350
350
350
350
350
350
350
350
350
350
350
350
350
350
350
350
350
350
350
350
350
350
350
350
350
350
350
350
350
350
350
350
350
350
350
350
350
350
350
350
350
350
350
350
350
350
350
350
350
350
350
350
350
350
350
350
350
350
350
350
350
350
350
350
350
350
350
350
350
350
350
350
350
350
350
350
350
350
350
350
350
350
350
350
350
350
350
350
350
350
350
350
350
350
350
350
350
350
350
350
350
350
350
350
350
350
350
350
350
350
350
350
350
350
350
350
350
350
350
350
350
350
350
350
350
350
350
350
350
350
350
350
350
350
350
350
350
350
350
350
350
350
350
350
350
350
350
350
350
350
349.986
350
350
350
350
350
350
350
350
350
350
350
350
350
350
350
350
350
350
350
349.996
350
350
350
350
350
350
350
350
350
350
350
350
350
350
350
350
350
350
350
349.999
350
350
350
350
350
350
350
350
350
350
350
350
350
350
350
350
350
350
350
350
350
350
350
350
350
350
350
350
350
350
350
350
350
350
350
350
350
350
350
350
350
350
350
350
350
350
350
350
350
350
350
350
350
350
350
350
350
350
350
350
350
350
350
350
350
350
350
350
350
350
350
350
350
350
350
350
350
350
350
350
350
350
350
350
350
350
350
350
350
350
350
350
350
350
350
350
350
350
350
350
350
350
350
350
350
350
350
350
350
350
350
350
350
350
350
350
350
350
350
350
350
350
350
350
350
350
350
350
350
350
350
350
350
350
350
350
350
350
350
350
350
350
350
350
350
350
350
350
350
350
350
350
350
350
350
350
350
350
350
350
350
350
350
350
350
350
350
350
350
350
350
350
350
350
350
350
350
350
350
350
350
350
350
350
350
350
350
350
350
350
350
350
350
350
350
350
350
350
350
350
350
350
350
350
350
350
350
350
350
350
350
350
350
350
350
350
350
350
350
350
350
350
350
350
350
350
350
350
350
350
350
350
350
350
350
350
350
350
350
350
350
350
350
350
350
350
350
350
350
350
350
350
350
350
350
350
350
350
350
350
350
350
350
350
350
350
350
350
350
350
350
350
350
350
350
350
350
350
350
350
350
350
350
350
350
350
350
350
350
350
350
350
350
350
350
350
350
350
350
350
350
350
350
350
350
350
350
350
350
350
350
350
350
350
350
350
350
350
350
350
350
350
350
350
350
350
350
350
350
350
350
350
350
350
350
350
350
350
350
350
350
350
350
350
350
350
350
350
350
350
350
350
350
350
350
350
350
350
350
350
350
350
350
350
350
350
350
350
350
350
350
350
350
350
350
350
350
350
350
350
350
350
350
350
350
350
350
350
350
350
350
350
350
350
350
350
350
350
350
350
350
350
350
350
350
350
350
350
350
350
350
350
350
350
350
350
350
350
350
350
350
350
350
350
350
350
350
350
350
350
350
350
350
350
350
350
350
350
350
350
350
350
350
350
350
350
350
350
350
350
350
350
350
350
350
350
350
350
350
350
350
350
350
350
350
350
350
350
350
350
350
350
350
350
350
350
350
350
350
350
350
350
350
350
350
350
350
350
350
350
350
350
350
350
350
350
350
350
350
350
350
350
350
350
350
350
350
350
350
350
350
350
350
350
350
350
350
350
350
350
350
350
350
350
350
350
350
350
350
350
350
350
350
350
350
350
350
350
350
350
350
350
350
350
350
350
350
350
350
350
350
350
350
350
350
350
350
350
350
350
350
350
350
350
350
350
350
350
350
350
350
350
350
350
350
350
350
350
350
350
350
350
350
350
350
350
350
350
350
350
350
350
350
350
350
350
350
350
350
350
350
350
350
350
350
350
350
350
350
350
350
350
350
350
350
350
350
350
350
350
350
350
350
350
350
350
350
350
350
350
350
350
350
350
350
350
350
350
350
350
350
350
350
350
350
350
350
350
350
350
350
350
350
350
350
350
350
350
350
350
350
350
350
350
350
350
350
350
350
350
350
350
350
350
350
350
350
350
350
350
350
350
350
350
350
350
350
350
350
350
350
350
350
350
350
350
350
350
350
350
350
350
350
350
350
350
350
350
350
350
350
350
350
350
350
350
350
350
350
350
350
350
350
350
350
350
350
350
350
350
350
350
350
350
350
350
350
350
350
350
350
350
350
350
350
350
350
350
350
350
350
350
350
350
350
350
350
350
350
350
350
350
350
350
350
350
350
350
350
350
350
350
350
350
350
350
350
350
350
350
350
350
350
350
350
350
350
350
350
350
350
350
350
350
350
350
350
350
350
350
350
350
350
350
350
350
350
350
350
350
350
350
350
350
350
350
350
350
350
350
350
350
350
350
350
350
350
350
350
350
350
350
350
350
350
350
350
350
350
350
)
;

boundaryField
{
    top
    {
        type            fixedValue;
        value           uniform 350;
    }
    inlet
    {
        type            fixedValue;
        value           uniform 350;
    }
    outlet
    {
        type            zeroGradient;
    }
    plate
    {
        type            fixedValue;
        value           uniform 275;
    }
    symmBound
    {
        type            zeroGradient;
    }
    frontAndBack
    {
        type            empty;
    }
}


// ************************************************************************* //
