0.005 0.20313 350
0.00497487 0.203126 350
0.00494975 0.203123 350
0.00492462 0.203119 350
0.0048995 0.203115 350
0.00487437 0.203111 350
0.00484925 0.203108 350
0.00482412 0.203104 350
0.00479899 0.203101 350
0.00477387 0.203098 350
0.00474874 0.203095 350
0.00472362 0.203092 350
0.00469849 0.20309 350
0.00467337 0.203087 350
0.00464824 0.203084 350
0.00462312 0.203081 350
0.00459799 0.203078 350
0.00457286 0.203074 350
0.00454774 0.203071 350
0.00452261 0.203067 350
0.00449749 0.203063 350
0.00447236 0.203059 350
0.00444724 0.203055 350
0.00442211 0.203052 350
0.00439698 0.203048 350
0.00437186 0.203044 350
0.00434673 0.203041 350
0.00432161 0.203038 350
0.00429648 0.203034 350
0.00427136 0.203031 350
0.00424623 0.203028 350
0.00422111 0.203025 350
0.00419598 0.203022 350
0.00417085 0.203018 350
0.00414573 0.203015 350
0.0041206 0.203011 350
0.00409548 0.203007 350
0.00407035 0.203004 350
0.00404523 0.203 350
0.0040201 0.202996 350
0.00399497 0.202993 350
0.00396985 0.202989 350
0.00394472 0.202986 350
0.0039196 0.202982 350
0.00389447 0.202979 350
0.00386935 0.202975 350
0.00384422 0.202972 350
0.0038191 0.202968 350
0.00379397 0.202965 350
0.00376884 0.202962 350
0.00374372 0.202958 350
0.00371859 0.202955 350
0.00369347 0.202952 350
0.00366834 0.202949 350
0.00364322 0.202946 350
0.00361809 0.202943 350
0.00359296 0.20294 350
0.00356784 0.202937 350
0.00354271 0.202934 350
0.00351759 0.20293 350
0.00349246 0.202927 350
0.00346734 0.202924 350
0.00344221 0.20292 350
0.00341709 0.202918 350
0.00339196 0.202915 350
0.00336683 0.202913 350
0.00334171 0.202911 350
0.00331658 0.20291 350
0.00329146 0.202908 350
0.00326633 0.202906 350
0.00324121 0.202904 350
0.00321608 0.202902 350
0.00319095 0.202899 350
0.00316583 0.202896 350
0.0031407 0.202893 350
0.00311558 0.202889 350
0.00309045 0.202886 350
0.00306533 0.202885 350
0.0030402 0.202884 350
0.00301508 0.202885 350
0.00298995 0.202886 350
0.00296482 0.202886 350
0.0029397 0.202887 350
0.00291457 0.202888 350
0.00288945 0.202884 350
0.00286432 0.202879 350
0.0028392 0.202874 350
0.00281407 0.20287 350
0.00278894 0.202865 350
0.00276382 0.202861 350
0.00273869 0.202858 350
0.00271357 0.202861 350
0.00268844 0.202863 350
0.00266332 0.202865 349.999
0.00263819 0.202867 349.999
0.00261307 0.20287 349.999
0.00258794 0.202856 349.999
0.00256281 0.202839 349.999
0.00253769 0.202821 349.998
0.00251256 0.202804 349.998
0.00248744 0.202786 349.998
0.00246231 0.202771 349.998
0.00243719 0.202761 349.997
0.00241206 0.202755 349.997
0.00238693 0.202749 349.997
0.00236181 0.202743 349.996
0.00233668 0.202736 349.996
0.00231156 0.202688 349.996
0.00228643 0.202626 349.995
0.00226131 0.202564 349.995
0.00223618 0.202502 349.994
0.00221106 0.202439 349.994
0.00218593 0.202374 349.993
0.0021608 0.202324 349.991
0.00213568 0.202273 349.99
0.00211055 0.202223 349.988
0.00208543 0.202173 349.987
0.0020603 0.202046 349.985
0.00203518 0.201867 349.984
0.00201005 0.201688 349.982
0.00198492 0.201509 349.98
0.0019598 0.201321 349.978
0.00193467 0.20113 349.974
0.00190955 0.200955 349.97
0.00188442 0.200781 349.965
0.0018593 0.200606 349.961
0.00183417 0.200382 349.956
0.00180905 0.199956 349.951
0.00178392 0.199531 349.947
0.00175879 0.199106 349.942
0.00173367 0.198666 349.935
0.00170854 0.198213 349.925
0.00168342 0.197781 349.912
0.00165829 0.19735 349.9
0.00163317 0.196918 349.887
0.00160804 0.19627 349.874
0.00158291 0.195421 349.861
0.00155779 0.194572 349.848
0.00153266 0.193723 349.835
0.00150754 0.19283 349.811
0.00148241 0.191983 349.78
0.00145729 0.191135 349.748
0.00143216 0.190288 349.717
0.00140704 0.189133 349.685
0.00138191 0.187676 349.653
0.00135678 0.186219 349.62
0.00133166 0.184757 349.581
0.00130653 0.18331 349.519
0.00128141 0.181916 349.446
0.00125628 0.180521 349.373
0.00123116 0.179047 349.3
0.00120603 0.176854 349.223
0.0011809 0.174661 349.147
0.00115578 0.172474 349.065
0.00113065 0.170376 348.93
0.00110553 0.168378 348.768
0.0010804 0.166381 348.607
0.00105528 0.164136 348.443
0.00103015 0.161184 348.273
0.00100503 0.158233 348.103
0.000979899 0.155367 347.885
0.000954774 0.152738 347.567
0.000929648 0.150169 347.228
0.000904523 0.147601 346.89
0.000879397 0.144036 346.533
0.000854271 0.14041 346.175
0.000829146 0.136899 345.749
0.00080402 0.133756 345.133
0.000778894 0.130708 344.474
0.000753769 0.127542 343.811
0.000728643 0.123391 343.108
0.000703518 0.119241 342.405
0.000678392 0.115413 341.495
0.000653266 0.111998 340.338
0.000628141 0.108583 339.181
0.000603015 0.104383 337.962
0.000577889 0.0998736 336.718
0.000552764 0.0956124 335.317
0.000527638 0.0919039 333.556
0.000502513 0.0882249 331.775
0.000477387 0.0837773 329.887
0.000452261 0.0790587 327.962
0.000427136 0.0747499 325.832
0.00040201 0.070887 323.45
0.000376884 0.0668901 321.039
0.000351759 0.0620779 318.453
0.000326633 0.0573989 315.84
0.000301508 0.0533217 313.053
0.000276382 0.0493291 310.232
0.000251256 0.0445937 307.191
0.000226131 0.0398464 304.131
0.000201005 0.0356633 301.082
0.000175879 0.0315726 298.022
0.000150754 0.0268116 294.702
0.000125628 0.0221737 291.428
0.000100503 0.0179836 288.273
7.53769e-05 0.0136243 285.027
5.02513e-05 0.00891788 281.606
2.51256e-05 0.00442878 278.294
5.2516e-18 9.25676e-16 275
