/*--------------------------------*- C++ -*----------------------------------*\
| =========                 |                                                 |
| \\      /  F ield         | OpenFOAM: The Open Source CFD Toolbox           |
|  \\    /   O peration     | Version:  5.x                                   |
|   \\  /    A nd           | Web:      www.OpenFOAM.org                      |
|    \\/     M anipulation  |                                                 |
\*---------------------------------------------------------------------------*/
FoamFile
{
    version     2.0;
    format      ascii;
    class       surfaceScalarField;
    location    "1";
    object      phi;
}
// * * * * * * * * * * * * * * * * * * * * * * * * * * * * * * * * * * * * * //

dimensions      [0 3 -1 0 0 0 0];

internalField   nonuniform List<scalar> 
4850
(
7.34159e-08
6.89599e-09
-8.03119e-08
6.46232e-08
8.79275e-09
5.57406e-08
8.88262e-09
4.6917e-08
8.82352e-09
3.82912e-08
8.62589e-09
3.04825e-08
7.80865e-09
2.43902e-08
6.09234e-09
2.04231e-08
3.96708e-09
1.81231e-08
2.29998e-09
1.67209e-08
1.40217e-09
1.57504e-08
9.70527e-10
1.49782e-08
7.72205e-10
1.42851e-08
6.93111e-10
1.3627e-08
6.58073e-10
1.29995e-08
6.27538e-10
1.24077e-08
5.91742e-10
1.18602e-08
5.47544e-10
1.13553e-08
5.04875e-10
1.08926e-08
4.62689e-10
1.04634e-08
4.29229e-10
1.00672e-08
3.96192e-10
9.69442e-09
3.728e-10
9.34522e-09
3.49197e-10
9.01273e-09
3.32494e-10
8.70231e-09
3.10414e-10
8.40345e-09
2.98862e-10
8.1246e-09
2.78847e-10
7.85375e-09
2.70852e-10
7.60173e-09
2.52025e-10
7.35224e-09
2.49485e-10
7.12217e-09
2.30071e-10
6.88969e-09
2.32481e-10
6.67753e-09
2.12164e-10
6.45709e-09
2.20434e-10
2.1303e-10
8.82192e-08
6.40356e-09
-8.77267e-08
8.71838e-08
9.82816e-09
8.50591e-08
1.10073e-08
8.22582e-08
1.16245e-08
7.87215e-08
1.21625e-08
7.44405e-08
1.20897e-08
6.9699e-08
1.08339e-08
6.50641e-08
8.60191e-09
6.09423e-08
6.42183e-09
5.72779e-08
5.06653e-09
5.39335e-08
4.31496e-09
5.08827e-08
3.82296e-09
4.81239e-08
3.4519e-09
4.56389e-08
3.14313e-09
4.34013e-08
2.86515e-09
4.13753e-08
2.61774e-09
3.9539e-08
2.38385e-09
3.7858e-08
2.18581e-09
3.63158e-08
2.00492e-09
3.48834e-08
1.8616e-09
3.35566e-08
1.72301e-09
3.23081e-08
1.62128e-09
3.11419e-08
1.51545e-09
3.00342e-08
1.44012e-09
2.89985e-08
1.3462e-09
2.80039e-08
1.29341e-09
2.70749e-08
1.20786e-09
2.61732e-08
1.17255e-09
2.53346e-08
1.09063e-09
2.45063e-08
1.07776e-09
2.37444e-08
9.91978e-10
2.29728e-08
1.00411e-09
2.22755e-08
9.09459e-10
2.15436e-08
9.52335e-10
8.85812e-10
9.60106e-08
5.99431e-09
-9.56013e-08
9.64488e-08
9.38993e-09
9.63715e-08
1.10846e-08
9.61162e-08
1.18797e-08
9.57046e-08
1.25741e-08
9.48544e-08
1.29399e-08
9.33668e-08
1.23214e-08
9.13664e-08
1.06023e-08
8.91865e-08
8.60169e-09
8.69662e-08
7.28687e-09
8.46493e-08
6.63185e-09
8.22133e-08
6.25893e-09
7.97109e-08
5.95432e-09
7.71848e-08
5.66926e-09
7.46758e-08
5.37416e-09
7.21996e-08
5.09394e-09
6.97846e-08
4.79885e-09
6.74294e-08
4.54094e-09
6.51517e-08
4.28267e-09
6.29421e-08
4.07113e-09
6.08261e-08
3.83905e-09
5.87842e-08
3.66316e-09
5.68436e-08
3.45608e-09
5.49753e-08
3.30838e-09
5.32089e-08
3.11267e-09
5.14964e-08
3.00594e-09
4.98818e-08
2.82237e-09
4.83018e-08
2.75261e-09
4.68229e-08
2.56953e-09
4.5355e-08
2.54565e-09
4.39988e-08
2.34815e-09
4.26202e-08
2.38276e-09
4.13714e-08
2.15821e-09
4.00578e-08
2.26593e-09
2.07304e-09
1.04291e-07
5.86765e-09
-1.04164e-07
1.04863e-07
8.81795e-09
1.05173e-07
1.07743e-08
1.05408e-07
1.16453e-08
1.0577e-07
1.2212e-08
1.06088e-07
1.26217e-08
1.06078e-07
1.23314e-08
1.05626e-07
1.10541e-08
1.04898e-07
9.32986e-09
1.04075e-07
8.11037e-09
1.03144e-07
7.56229e-09
1.02046e-07
7.35755e-09
1.00793e-07
7.20659e-09
9.94029e-08
7.05981e-09
9.79043e-08
6.87279e-09
9.62989e-08
6.69934e-09
9.46119e-08
6.4858e-09
9.28366e-08
6.31632e-09
9.09952e-08
6.12404e-09
8.9072e-08
5.99435e-09
8.71022e-08
5.80885e-09
8.50673e-08
5.69804e-09
8.30213e-08
5.5021e-09
8.09474e-08
5.3822e-09
7.89097e-08
5.15046e-09
7.68598e-08
5.05576e-09
7.48691e-08
4.81314e-09
7.28597e-08
4.76192e-09
7.09344e-08
4.49487e-09
6.8983e-08
4.49708e-09
6.71496e-08
4.18149e-09
6.5261e-08
4.27143e-09
6.35224e-08
3.89681e-09
6.16839e-08
4.10441e-09
3.74595e-09
1.13385e-07
5.87714e-09
-1.13394e-07
1.13893e-07
8.31034e-09
1.14342e-07
1.03245e-08
1.14661e-07
1.13265e-08
1.15088e-07
1.17856e-08
1.15598e-07
1.21114e-08
1.1597e-07
1.1959e-08
1.16027e-07
1.09969e-08
1.15841e-07
9.51664e-09
1.15595e-07
8.35636e-09
1.15331e-07
7.82634e-09
1.14983e-07
7.70559e-09
1.14541e-07
7.64804e-09
1.14002e-07
7.59936e-09
1.13387e-07
7.48735e-09
1.12684e-07
7.40262e-09
1.11906e-07
7.26356e-09
1.1103e-07
7.1922e-09
1.10071e-07
7.08275e-09
1.08994e-07
7.07154e-09
1.0782e-07
6.98316e-09
1.06505e-07
7.01286e-09
1.05091e-07
6.91631e-09
1.03547e-07
6.92639e-09
1.01947e-07
6.74988e-09
1.00246e-07
6.7566e-09
9.85252e-08
6.53435e-09
9.66929e-08
6.59421e-09
9.48565e-08
6.33132e-09
9.29082e-08
6.44533e-09
9.10121e-08
6.07759e-09
8.90006e-08
6.2829e-09
8.70806e-08
5.81681e-09
8.50205e-08
6.16452e-09
5.69031e-09
1.23251e-07
5.93886e-09
-1.23312e-07
1.23652e-07
7.90918e-09
1.24177e-07
9.79926e-09
1.24569e-07
1.09343e-08
1.24974e-07
1.13812e-08
1.25465e-07
1.16206e-08
1.25901e-07
1.15229e-08
1.26094e-07
1.08035e-08
1.26054e-07
9.5569e-09
1.25953e-07
8.45671e-09
1.25882e-07
7.89802e-09
1.25791e-07
7.79645e-09
1.2566e-07
7.77859e-09
1.25478e-07
7.78216e-09
1.2527e-07
7.69518e-09
1.25025e-07
7.64745e-09
1.24758e-07
7.53071e-09
1.24441e-07
7.50894e-09
1.2409e-07
7.4342e-09
1.23665e-07
7.49608e-09
1.23182e-07
7.46665e-09
1.22587e-07
7.6075e-09
1.21902e-07
7.60096e-09
1.21082e-07
7.74699e-09
1.20182e-07
7.64911e-09
1.19164e-07
7.77465e-09
1.18098e-07
7.60115e-09
1.16899e-07
7.79242e-09
1.15629e-07
7.6014e-09
1.14194e-07
7.88046e-09
1.1272e-07
7.55189e-09
1.11103e-07
7.90023e-09
1.09463e-07
7.45602e-09
1.07675e-07
7.95255e-09
7.50689e-09
1.33858e-07
6.02465e-09
-1.33943e-07
1.34171e-07
7.59611e-09
1.34716e-07
9.25422e-09
1.35186e-07
1.04642e-08
1.35591e-07
1.09759e-08
1.36043e-07
1.11686e-08
1.36479e-07
1.10865e-08
1.36727e-07
1.05558e-08
1.36748e-07
9.5362e-09
1.3668e-07
8.52446e-09
1.36645e-07
7.93295e-09
1.36625e-07
7.81682e-09
1.36589e-07
7.81381e-09
1.3652e-07
7.85191e-09
1.36442e-07
7.77296e-09
1.36354e-07
7.73496e-09
1.36273e-07
7.61201e-09
1.36179e-07
7.60335e-09
1.36083e-07
7.52978e-09
1.3596e-07
7.6187e-09
1.3582e-07
7.60679e-09
1.35626e-07
7.80235e-09
1.35383e-07
7.84343e-09
1.35055e-07
8.07459e-09
1.34671e-07
8.0339e-09
1.34209e-07
8.23598e-09
1.33711e-07
8.09984e-09
1.33139e-07
8.36441e-09
1.32491e-07
8.24934e-09
1.31707e-07
8.66461e-09
1.30826e-07
8.43222e-09
1.2985e-07
8.87597e-09
1.2877e-07
8.53646e-09
1.27592e-07
9.1303e-09
8.84406e-09
1.45239e-07
6.08735e-09
-1.45301e-07
1.45501e-07
7.33428e-09
1.46027e-07
8.72793e-09
1.4655e-07
9.94088e-09
1.46983e-07
1.05432e-08
1.4741e-07
1.07419e-08
1.4783e-07
1.06659e-08
1.4811e-07
1.02762e-08
1.48183e-07
9.46289e-09
1.48139e-07
8.56882e-09
1.4811e-07
7.96181e-09
1.48114e-07
7.81252e-09
1.48117e-07
7.81068e-09
1.48094e-07
7.87557e-09
1.48057e-07
7.80997e-09
1.48017e-07
7.77444e-09
1.47987e-07
7.64221e-09
1.47961e-07
7.62964e-09
1.4794e-07
7.55046e-09
1.47916e-07
7.64292e-09
1.47888e-07
7.63412e-09
1.47845e-07
7.8461e-09
1.47779e-07
7.90871e-09
1.4768e-07
8.17426e-09
1.47543e-07
8.17013e-09
1.47381e-07
8.39826e-09
1.47192e-07
8.28913e-09
1.46994e-07
8.56247e-09
1.46746e-07
8.49671e-09
1.46432e-07
8.97951e-09
1.46008e-07
8.85596e-09
1.45564e-07
9.31956e-09
1.45003e-07
9.09743e-09
1.44417e-07
9.71628e-09
9.62234e-09
1.57515e-07
6.11378e-09
-1.57541e-07
1.57721e-07
7.12814e-09
1.58186e-07
8.26266e-09
1.58734e-07
9.39329e-09
1.59204e-07
1.00731e-08
1.59624e-07
1.03217e-08
1.60025e-07
1.02653e-08
1.60323e-07
9.97787e-09
1.60444e-07
9.34159e-09
1.60432e-07
8.58152e-09
1.60409e-07
7.98409e-09
1.60426e-07
7.79598e-09
1.60454e-07
7.78309e-09
1.60464e-07
7.86511e-09
1.6045e-07
7.82355e-09
1.60433e-07
7.79218e-09
1.60417e-07
7.6575e-09
1.60413e-07
7.6343e-09
1.60411e-07
7.55261e-09
1.60413e-07
7.6404e-09
1.60412e-07
7.63487e-09
1.60413e-07
7.84565e-09
1.60401e-07
7.92076e-09
1.60385e-07
8.19037e-09
1.60341e-07
8.21327e-09
1.60302e-07
8.43759e-09
1.60238e-07
8.35316e-09
1.60193e-07
8.60715e-09
1.60123e-07
8.56684e-09
1.6004e-07
9.06281e-09
1.59863e-07
9.03294e-09
1.59714e-07
9.46899e-09
1.59476e-07
9.33528e-09
1.5926e-07
9.93221e-09
9.99033e-09
1.70753e-07
6.0457e-09
-1.70685e-07
1.70946e-07
6.93519e-09
1.71336e-07
7.87275e-09
1.71867e-07
8.86213e-09
1.72368e-07
9.57187e-09
1.72797e-07
9.89262e-09
1.73181e-07
9.88104e-09
1.73487e-07
9.67168e-09
1.73647e-07
9.18251e-09
1.73669e-07
8.55898e-09
1.73658e-07
7.99496e-09
1.73679e-07
7.77509e-09
1.73722e-07
7.74068e-09
1.73759e-07
7.82739e-09
1.73767e-07
7.81596e-09
1.73764e-07
7.79507e-09
1.73756e-07
7.66551e-09
1.73759e-07
7.63103e-09
1.73764e-07
7.54805e-09
1.73774e-07
7.63007e-09
1.7378e-07
7.62891e-09
1.73793e-07
7.83288e-09
1.73797e-07
7.91657e-09
1.7381e-07
8.17736e-09
1.73802e-07
8.22116e-09
1.73807e-07
8.4328e-09
1.73789e-07
8.37096e-09
1.7379e-07
8.60625e-09
1.73777e-07
8.57988e-09
1.73777e-07
9.06238e-09
1.73708e-07
9.10233e-09
1.73679e-07
9.4982e-09
1.7359e-07
9.42433e-09
1.73539e-07
9.98322e-09
1.01417e-08
1.85038e-07
5.91327e-09
-1.84906e-07
1.85246e-07
6.72729e-09
1.85587e-07
7.53255e-09
1.86076e-07
8.37289e-09
1.86586e-07
9.06211e-09
1.87032e-07
9.44604e-09
1.87411e-07
9.5021e-09
1.87719e-07
9.36336e-09
1.87906e-07
8.99637e-09
1.87965e-07
8.49983e-09
1.87969e-07
7.99025e-09
1.87992e-07
7.75244e-09
1.88041e-07
7.69124e-09
1.88098e-07
7.77112e-09
1.88127e-07
7.78714e-09
1.88136e-07
7.78541e-09
1.88134e-07
7.66738e-09
1.8814e-07
7.62517e-09
1.88149e-07
7.5394e-09
1.88163e-07
7.61636e-09
1.88173e-07
7.61892e-09
1.8819e-07
7.8153e-09
1.88202e-07
7.90466e-09
1.88226e-07
8.15322e-09
1.88235e-07
8.21207e-09
1.88256e-07
8.41197e-09
1.88257e-07
8.36981e-09
1.8827e-07
8.59367e-09
1.8827e-07
8.57975e-09
1.88294e-07
9.03832e-09
1.88269e-07
9.12774e-09
1.88281e-07
9.48611e-09
1.88245e-07
9.45958e-09
1.88249e-07
9.97924e-09
1.0204e-08
2.0048e-07
5.74547e-09
-2.00312e-07
2.0071e-07
6.49709e-09
2.01029e-07
7.21288e-09
2.01472e-07
7.9303e-09
2.01969e-07
8.56534e-09
2.02428e-07
8.98728e-09
2.02812e-07
9.11747e-09
2.03123e-07
9.05213e-09
2.03331e-07
8.78908e-09
2.03423e-07
8.40716e-09
2.03448e-07
7.96555e-09
2.03475e-07
7.72539e-09
2.03527e-07
7.63983e-09
2.03594e-07
7.70355e-09
2.03643e-07
7.73815e-09
2.03667e-07
7.76173e-09
2.03672e-07
7.66234e-09
2.03679e-07
7.61789e-09
2.0369e-07
7.52852e-09
2.03707e-07
7.59969e-09
2.0372e-07
7.60519e-09
2.03742e-07
7.79372e-09
2.03759e-07
7.88754e-09
2.03789e-07
8.12382e-09
2.03807e-07
8.19389e-09
2.03835e-07
8.38402e-09
2.03844e-07
8.36049e-09
2.03862e-07
8.57581e-09
2.03863e-07
8.57812e-09
2.03894e-07
9.00811e-09
2.03887e-07
9.1341e-09
2.03914e-07
9.45952e-09
2.03895e-07
9.47829e-09
2.03913e-07
9.96128e-09
1.02345e-08
2.17187e-07
5.55809e-09
-2.16999e-07
2.17436e-07
6.24784e-09
2.17751e-07
6.89768e-09
2.18155e-07
7.52609e-09
2.18627e-07
8.09406e-09
2.19085e-07
8.52921e-09
2.19479e-07
8.72336e-09
2.19797e-07
8.73354e-09
2.20024e-07
8.56223e-09
2.20147e-07
8.28445e-09
2.20194e-07
7.91819e-09
2.20231e-07
7.68844e-09
2.20284e-07
7.5874e-09
2.20358e-07
7.62964e-09
2.20424e-07
7.67179e-09
2.20465e-07
7.72086e-09
2.20479e-07
7.64828e-09
2.2049e-07
7.60734e-09
2.20501e-07
7.5166e-09
2.20521e-07
7.57975e-09
2.20539e-07
7.58799e-09
2.20565e-07
7.76734e-09
2.20586e-07
7.8661e-09
2.2062e-07
8.09046e-09
2.20643e-07
8.17071e-09
2.20675e-07
8.35149e-09
2.20688e-07
8.34769e-09
2.20711e-07
8.5532e-09
2.20712e-07
8.57649e-09
2.20745e-07
8.97554e-09
2.20748e-07
9.13122e-09
2.2078e-07
9.42728e-09
2.20767e-07
9.49117e-09
2.20787e-07
9.94113e-09
1.02527e-08
2.3527e-07
5.35794e-09
-2.3507e-07
2.35531e-07
5.9873e-09
2.35846e-07
6.58247e-09
2.36224e-07
7.14763e-09
2.36665e-07
7.65307e-09
2.37112e-07
8.08258e-09
2.37513e-07
8.32271e-09
2.37842e-07
8.40383e-09
2.38089e-07
8.31561e-09
2.38241e-07
8.13277e-09
2.38312e-07
7.84683e-09
2.38364e-07
7.63667e-09
2.38421e-07
7.53053e-09
2.38498e-07
7.55266e-09
2.38577e-07
7.59249e-09
2.38637e-07
7.66075e-09
2.38663e-07
7.62192e-09
2.3868e-07
7.59037e-09
2.38694e-07
7.50331e-09
2.38717e-07
7.55666e-09
2.38737e-07
7.56755e-09
2.38769e-07
7.73541e-09
2.38795e-07
7.8401e-09
2.38833e-07
8.05262e-09
2.3886e-07
8.14385e-09
2.38896e-07
8.31492e-09
2.38911e-07
8.33272e-09
2.38938e-07
8.52635e-09
2.38941e-07
8.57373e-09
2.38975e-07
8.94115e-09
2.38984e-07
9.12253e-09
2.39018e-07
9.39294e-09
2.3901e-07
9.49982e-09
2.39029e-07
9.92159e-09
1.02642e-08
2.54844e-07
5.14839e-09
-2.54634e-07
2.55109e-07
5.72213e-09
2.55424e-07
6.26764e-09
2.55787e-07
6.78456e-09
2.56199e-07
7.24123e-09
2.56628e-07
7.65306e-09
2.57029e-07
7.92212e-09
2.5737e-07
8.06305e-09
2.57635e-07
8.0501e-09
2.57816e-07
7.95184e-09
2.57914e-07
7.74914e-09
2.57983e-07
7.56783e-09
2.58048e-07
7.46468e-09
2.58128e-07
7.47328e-09
2.58216e-07
7.50437e-09
2.58295e-07
7.58208e-09
2.58337e-07
7.579e-09
2.58364e-07
7.56381e-09
2.58381e-07
7.48651e-09
2.58407e-07
7.53052e-09
2.5843e-07
7.54412e-09
2.58468e-07
7.69775e-09
2.58499e-07
7.80876e-09
2.58543e-07
8.00947e-09
2.58574e-07
8.11291e-09
2.58614e-07
8.27438e-09
2.58632e-07
8.31505e-09
2.58662e-07
8.49607e-09
2.58667e-07
8.56828e-09
2.58704e-07
8.90507e-09
2.58718e-07
9.10854e-09
2.58752e-07
9.35806e-09
2.58749e-07
9.50357e-09
2.58767e-07
9.90301e-09
1.02704e-08
2.76029e-07
4.93148e-09
-2.75812e-07
2.76297e-07
5.45481e-09
2.76609e-07
5.95492e-09
2.76962e-07
6.43193e-09
2.7735e-07
6.85348e-09
2.7776e-07
7.24283e-09
2.78154e-07
7.52792e-09
2.78503e-07
7.71425e-09
2.78785e-07
7.76813e-09
2.78994e-07
7.74247e-09
2.79122e-07
7.62152e-09
2.79209e-07
7.48097e-09
2.79287e-07
7.38626e-09
2.79372e-07
7.3888e-09
2.79465e-07
7.41066e-09
2.7956e-07
7.48796e-09
2.79622e-07
7.51663e-09
2.79661e-07
7.52437e-09
2.79685e-07
7.46304e-09
2.79715e-07
7.50036e-09
2.79741e-07
7.51763e-09
2.79784e-07
7.6548e-09
2.79822e-07
7.77132e-09
2.79871e-07
7.96052e-09
2.79907e-07
8.07671e-09
2.79952e-07
8.22986e-09
2.79973e-07
8.2934e-09
2.80006e-07
8.46306e-09
2.80016e-07
8.5588e-09
2.80053e-07
8.86755e-09
2.80073e-07
9.08869e-09
2.80108e-07
9.32318e-09
2.8011e-07
9.50174e-09
2.80128e-07
9.88491e-09
1.02717e-08
2.98962e-07
4.70879e-09
-2.9874e-07
2.9923e-07
5.18711e-09
2.99538e-07
5.64696e-09
2.99881e-07
6.08855e-09
3.0025e-07
6.48505e-09
3.00641e-07
6.85132e-09
3.01025e-07
7.14372e-09
3.01378e-07
7.36192e-09
3.01673e-07
7.47247e-09
3.01908e-07
7.50786e-09
3.02069e-07
7.46105e-09
3.02176e-07
7.37355e-09
3.02269e-07
7.29295e-09
3.02363e-07
7.29487e-09
3.0246e-07
7.31366e-09
3.02566e-07
7.38229e-09
3.02648e-07
7.43481e-09
3.02703e-07
7.46874e-09
3.02737e-07
7.4293e-09
3.02774e-07
7.4636e-09
3.02804e-07
7.48702e-09
3.02852e-07
7.60728e-09
3.02896e-07
7.72707e-09
3.02951e-07
7.90568e-09
3.02993e-07
8.03424e-09
3.03042e-07
8.18141e-09
3.03069e-07
8.26649e-09
3.03105e-07
8.4274e-09
3.03119e-07
8.54387e-09
3.03158e-07
8.82862e-09
3.03184e-07
9.06265e-09
3.03219e-07
9.2883e-09
3.03227e-07
9.49386e-09
3.03246e-07
9.86654e-09
1.02677e-08
3.23789e-07
4.48436e-09
-3.23564e-07
3.24055e-07
4.92075e-09
3.24356e-07
5.34649e-09
3.24689e-07
5.75556e-09
3.25042e-07
6.13143e-09
3.25416e-07
6.47723e-09
3.25789e-07
6.77101e-09
3.2614e-07
7.01071e-09
3.26447e-07
7.1659e-09
3.26702e-07
7.25294e-09
3.26894e-07
7.26855e-09
3.27028e-07
7.23941e-09
3.27137e-07
7.18393e-09
3.27244e-07
7.18795e-09
3.27347e-07
7.21137e-09
3.2746e-07
7.2684e-09
3.2756e-07
7.33534e-09
3.27634e-07
7.3943e-09
3.27682e-07
7.38183e-09
3.27728e-07
7.41767e-09
3.27764e-07
7.45072e-09
3.27815e-07
7.55613e-09
3.27866e-07
7.67582e-09
3.27927e-07
7.84493e-09
3.27977e-07
7.98414e-09
3.2803e-07
8.12838e-09
3.28064e-07
8.23289e-09
3.28102e-07
8.38892e-09
3.28124e-07
8.5227e-09
3.28164e-07
8.78826e-09
3.28196e-07
9.03018e-09
3.28232e-07
9.25278e-09
3.28246e-07
9.47978e-09
3.28266e-07
9.84681e-09
1.02584e-08
3.50663e-07
4.26052e-09
-3.50439e-07
3.50926e-07
4.65781e-09
3.51219e-07
5.05322e-09
3.51542e-07
5.43279e-09
3.51885e-07
5.78862e-09
3.52244e-07
6.11821e-09
3.52606e-07
6.40886e-09
3.52954e-07
6.66292e-09
3.53269e-07
6.85108e-09
3.5354e-07
6.98182e-09
3.53759e-07
7.04881e-09
3.53925e-07
7.07423e-09
3.54051e-07
7.05739e-09
3.54172e-07
7.06695e-09
3.54283e-07
7.09997e-09
3.54403e-07
7.14907e-09
3.54517e-07
7.22111e-09
3.5461e-07
7.30132e-09
3.54675e-07
7.31681e-09
3.54733e-07
7.35977e-09
3.54779e-07
7.40514e-09
3.54834e-07
7.5004e-09
3.54893e-07
7.61729e-09
3.54959e-07
7.77858e-09
3.55017e-07
7.92618e-09
3.55075e-07
8.07057e-09
3.55116e-07
8.19176e-09
3.55158e-07
8.34673e-09
3.55187e-07
8.49407e-09
3.55229e-07
8.74568e-09
3.55268e-07
8.99177e-09
3.55305e-07
9.21596e-09
3.55325e-07
9.45977e-09
3.55348e-07
9.82398e-09
1.0244e-08
3.79763e-07
4.03676e-09
-3.79539e-07
3.80018e-07
4.40212e-09
3.80305e-07
4.76628e-09
3.80618e-07
5.12e-09
3.8095e-07
5.45671e-09
3.81295e-07
5.77289e-09
3.81646e-07
6.05792e-09
3.81989e-07
6.32026e-09
3.82308e-07
6.53228e-09
3.82592e-07
6.69773e-09
3.82833e-07
6.80754e-09
3.8303e-07
6.87776e-09
3.83178e-07
6.90851e-09
3.83316e-07
6.9293e-09
3.83443e-07
6.97317e-09
3.83568e-07
7.02369e-09
3.83694e-07
7.09494e-09
3.83806e-07
7.18969e-09
3.8389e-07
7.23327e-09
3.83962e-07
7.28766e-09
3.84019e-07
7.34757e-09
3.84081e-07
7.43896e-09
3.84146e-07
7.55233e-09
3.84218e-07
7.70647e-09
3.84284e-07
7.8595e-09
3.84349e-07
8.00603e-09
3.84399e-07
8.14192e-09
3.84446e-07
8.29953e-09
3.84482e-07
8.45843e-09
3.84527e-07
8.70021e-09
3.84571e-07
8.94779e-09
3.84611e-07
9.17597e-09
3.84637e-07
9.43362e-09
3.84663e-07
9.79792e-09
1.02234e-08
4.11264e-07
3.81722e-09
-4.11044e-07
4.11515e-07
4.15081e-09
4.11795e-07
4.48612e-09
4.12098e-07
4.81693e-09
4.12421e-07
5.13407e-09
4.12755e-07
5.43881e-09
4.13095e-07
5.71769e-09
4.13433e-07
5.98229e-09
4.13754e-07
6.2117e-09
4.14049e-07
6.40249e-09
4.14308e-07
6.54879e-09
4.14531e-07
6.65482e-09
4.14709e-07
6.73035e-09
4.14862e-07
6.77591e-09
4.15005e-07
6.82994e-09
4.15139e-07
6.89008e-09
4.15274e-07
6.9598e-09
4.15402e-07
7.06211e-09
4.15504e-07
7.13071e-09
4.15594e-07
7.1978e-09
4.15668e-07
7.27409e-09
4.15739e-07
7.36801e-09
4.15812e-07
7.47946e-09
4.1589e-07
7.62816e-09
4.15965e-07
7.78467e-09
4.16036e-07
7.93501e-09
4.16094e-07
8.08331e-09
4.16148e-07
8.24589e-09
4.16192e-07
8.41403e-09
4.16243e-07
8.6499e-09
4.16292e-07
8.89844e-09
4.16335e-07
9.13255e-09
4.16368e-07
9.40115e-09
4.16399e-07
9.76677e-09
1.01962e-08
4.45383e-07
3.60355e-09
-4.4517e-07
4.4563e-07
3.90387e-09
4.45901e-07
4.21493e-09
4.46194e-07
4.52391e-09
4.46506e-07
4.82267e-09
4.46829e-07
5.11552e-09
4.47158e-07
5.38865e-09
4.4749e-07
5.6505e-09
4.4781e-07
5.8913e-09
4.48113e-07
6.0997e-09
4.48386e-07
6.27549e-09
4.4863e-07
6.41163e-09
4.48837e-07
6.52323e-09
4.49012e-07
6.60089e-09
4.49172e-07
6.66947e-09
4.4932e-07
6.74276e-09
4.49465e-07
6.81404e-09
4.49608e-07
6.91905e-09
4.49729e-07
7.00962e-09
4.49837e-07
7.09005e-09
4.49929e-07
7.1824e-09
4.50011e-07
7.2863e-09
4.50092e-07
7.39816e-09
4.50177e-07
7.54329e-09
4.5026e-07
7.70134e-09
4.50339e-07
7.85592e-09
4.50408e-07
8.01414e-09
4.5047e-07
8.18416e-09
4.50523e-07
8.36065e-09
4.50579e-07
8.5947e-09
4.50634e-07
8.84347e-09
4.50682e-07
9.08437e-09
4.50721e-07
9.36201e-09
4.50759e-07
9.72842e-09
1.01634e-08
4.82342e-07
3.39154e-09
-4.8213e-07
4.82579e-07
3.66706e-09
4.82841e-07
3.95292e-09
4.83125e-07
4.24005e-09
4.83425e-07
4.52232e-09
4.8374e-07
4.80046e-09
4.84062e-07
5.0675e-09
4.84388e-07
5.32379e-09
4.84709e-07
5.57036e-09
4.85018e-07
5.79127e-09
4.85304e-07
5.98872e-09
4.85565e-07
6.15112e-09
4.85799e-07
6.28967e-09
4.85997e-07
6.40207e-09
4.86177e-07
6.49012e-09
4.86342e-07
6.57781e-09
4.86498e-07
6.6576e-09
4.86654e-07
6.7636e-09
4.86792e-07
6.87152e-09
4.86917e-07
6.96468e-09
4.87028e-07
7.07149e-09
4.87126e-07
7.18869e-09
4.87219e-07
7.30485e-09
4.87313e-07
7.44924e-09
4.87404e-07
7.6099e-09
4.87492e-07
7.76871e-09
4.8757e-07
7.93553e-09
4.87641e-07
8.11329e-09
4.87704e-07
8.29759e-09
4.87767e-07
8.53161e-09
4.87828e-07
8.78271e-09
4.87882e-07
9.03044e-09
4.87928e-07
9.31549e-09
4.87973e-07
9.68404e-09
1.01217e-08
5.22352e-07
3.18241e-09
-5.22143e-07
5.22581e-07
3.43745e-09
5.22835e-07
3.69896e-09
5.23111e-07
3.9644e-09
5.23403e-07
4.23033e-09
5.2371e-07
4.49321e-09
5.24025e-07
4.75306e-09
5.24345e-07
5.00361e-09
5.24664e-07
5.2511e-09
5.24975e-07
5.48042e-09
5.25272e-07
5.69156e-09
5.25547e-07
5.87581e-09
5.25802e-07
6.03505e-09
5.26028e-07
6.17645e-09
5.26229e-07
6.28882e-09
5.26414e-07
6.39303e-09
5.26586e-07
6.48552e-09
5.26755e-07
6.59406e-09
5.26911e-07
6.71572e-09
5.27054e-07
6.82146e-09
5.27185e-07
6.94075e-09
5.273e-07
7.07414e-09
5.27406e-07
7.19855e-09
5.27511e-07
7.34456e-09
5.27612e-07
7.50864e-09
5.2771e-07
7.67101e-09
5.278e-07
7.84512e-09
5.27882e-07
8.03094e-09
5.27955e-07
8.22455e-09
5.28026e-07
8.46079e-09
5.28094e-07
8.71454e-09
5.28157e-07
8.96812e-09
5.28212e-07
9.26042e-09
5.28264e-07
9.632e-09
1.00707e-08
5.6566e-07
2.98033e-09
-5.65458e-07
5.65887e-07
3.21072e-09
5.66134e-07
3.45209e-09
5.66401e-07
3.69666e-09
5.66685e-07
3.94634e-09
5.66983e-07
4.19513e-09
5.67291e-07
4.44546e-09
5.67605e-07
4.68995e-09
5.67922e-07
4.93339e-09
5.68236e-07
5.1668e-09
5.68542e-07
5.38536e-09
5.68831e-07
5.58659e-09
5.69104e-07
5.76274e-09
5.69353e-07
5.92668e-09
5.69579e-07
6.0633e-09
5.69785e-07
6.18722e-09
5.69974e-07
6.29622e-09
5.70158e-07
6.41002e-09
5.70331e-07
6.54253e-09
5.70491e-07
6.66178e-09
5.70641e-07
6.79043e-09
5.70776e-07
6.93961e-09
5.70899e-07
7.07504e-09
5.71018e-07
7.22615e-09
5.71131e-07
7.39521e-09
5.71239e-07
7.56311e-09
5.71341e-07
7.74347e-09
5.71434e-07
7.9378e-09
5.71519e-07
8.139e-09
5.71601e-07
8.37907e-09
5.71679e-07
8.63655e-09
5.71749e-07
8.89792e-09
5.71813e-07
9.19693e-09
5.71877e-07
9.56808e-09
1.00108e-08
6.12548e-07
2.78219e-09
-6.1235e-07
6.12769e-07
2.98976e-09
6.1301e-07
3.21147e-09
6.13269e-07
3.43735e-09
6.13545e-07
3.67034e-09
6.13835e-07
3.9056e-09
6.14137e-07
4.14366e-09
6.14446e-07
4.38037e-09
6.14763e-07
4.61659e-09
6.15079e-07
4.85027e-09
6.15392e-07
5.07264e-09
6.15693e-07
5.28539e-09
6.1598e-07
5.47598e-09
6.1625e-07
5.65658e-09
6.16499e-07
5.815e-09
6.16728e-07
5.95807e-09
6.16938e-07
6.0864e-09
6.17139e-07
6.20876e-09
6.1733e-07
6.35108e-09
6.17508e-07
6.48436e-09
6.17677e-07
6.62131e-09
6.17833e-07
6.78385e-09
6.17974e-07
6.93372e-09
6.18107e-07
7.09266e-09
6.18234e-07
7.26895e-09
6.18354e-07
7.44296e-09
6.18468e-07
7.62914e-09
6.18575e-07
7.83055e-09
6.18674e-07
8.04059e-09
6.18767e-07
8.28614e-09
6.18854e-07
8.549e-09
6.18936e-07
8.8161e-09
6.19011e-07
9.12246e-09
6.19084e-07
9.49465e-09
9.93766e-09
6.63301e-07
2.58575e-09
-6.63105e-07
6.63517e-07
2.77355e-09
6.63753e-07
2.97591e-09
6.64006e-07
3.18426e-09
6.64276e-07
3.40038e-09
6.6456e-07
3.62117e-09
6.64858e-07
3.84562e-09
6.65166e-07
4.07309e-09
6.65481e-07
4.30135e-09
6.65799e-07
4.53202e-09
6.66116e-07
4.75565e-09
6.66427e-07
4.97413e-09
6.66727e-07
5.17664e-09
6.67015e-07
5.36837e-09
6.67284e-07
5.54548e-09
6.67538e-07
5.70444e-09
6.67771e-07
5.85345e-09
6.67991e-07
5.98861e-09
6.68202e-07
6.14009e-09
6.68398e-07
6.28841e-09
6.68584e-07
6.4349e-09
6.68761e-07
6.60692e-09
6.68922e-07
6.77346e-09
6.69073e-07
6.94098e-09
6.69216e-07
7.12663e-09
6.69351e-07
7.30788e-09
6.69478e-07
7.50216e-09
6.69599e-07
7.70963e-09
6.6971e-07
7.92926e-09
6.69818e-07
8.17862e-09
6.69917e-07
8.4495e-09
6.70012e-07
8.7213e-09
6.70099e-07
9.03533e-09
6.70182e-07
9.41186e-09
9.84871e-09
7.18234e-07
2.38887e-09
-7.18037e-07
7.18449e-07
2.5588e-09
7.18681e-07
2.74376e-09
7.18929e-07
2.93592e-09
7.19195e-07
3.13443e-09
7.19476e-07
3.34058e-09
7.1977e-07
3.551e-09
7.20075e-07
3.76858e-09
7.20388e-07
3.98778e-09
7.20708e-07
4.21275e-09
7.21029e-07
4.43421e-09
7.21349e-07
4.65379e-09
7.21662e-07
4.86407e-09
7.21967e-07
5.06362e-09
7.22256e-07
5.25564e-09
7.22532e-07
5.42916e-09
7.22789e-07
5.59663e-09
7.23029e-07
5.74847e-09
7.23261e-07
5.90784e-09
7.23476e-07
6.07312e-09
7.23682e-07
6.22936e-09
7.23879e-07
6.4101e-09
7.2406e-07
6.59175e-09
7.2423e-07
6.77107e-09
7.24391e-07
6.96548e-09
7.24541e-07
7.15833e-09
7.24684e-07
7.35925e-09
7.24819e-07
7.57487e-09
7.24948e-07
7.80014e-09
7.25068e-07
8.05851e-09
7.25182e-07
8.33485e-09
7.25288e-07
8.61551e-09
7.25393e-07
8.93085e-09
7.25489e-07
9.31521e-09
9.74717e-09
7.77691e-07
2.18752e-09
-7.7749e-07
7.77904e-07
2.34644e-09
7.78133e-07
2.51488e-09
7.78378e-07
2.69062e-09
7.78641e-07
2.8708e-09
7.7892e-07
3.0619e-09
7.79213e-07
3.25824e-09
7.79516e-07
3.46504e-09
7.7983e-07
3.67378e-09
7.80152e-07
3.89064e-09
7.80479e-07
4.10763e-09
7.80807e-07
4.32585e-09
7.81131e-07
4.5404e-09
7.81448e-07
4.74616e-09
7.81756e-07
4.94793e-09
7.82051e-07
5.13443e-09
7.82332e-07
5.31504e-09
7.82594e-07
5.4863e-09
7.82849e-07
5.65362e-09
7.83085e-07
5.83669e-09
7.8331e-07
6.00388e-09
7.83526e-07
6.19416e-09
7.8373e-07
6.38836e-09
7.83918e-07
6.5826e-09
7.84099e-07
6.78435e-09
7.84266e-07
6.99179e-09
7.84428e-07
7.19729e-09
7.84578e-07
7.42486e-09
7.84724e-07
7.65364e-09
7.84858e-07
7.9246e-09
7.84991e-07
8.20177e-09
7.85109e-07
8.49795e-09
7.85227e-07
8.81247e-09
7.85349e-07
9.19398e-09
9.63689e-09
8.4204e-07
1.9999e-09
-8.41853e-07
8.42236e-07
2.15084e-09
8.42457e-07
2.2933e-09
8.42703e-07
2.44486e-09
8.4297e-07
2.60372e-09
8.43256e-07
2.77599e-09
8.43558e-07
2.95649e-09
8.43873e-07
3.15028e-09
8.44195e-07
3.35121e-09
8.44524e-07
3.56201e-09
8.44854e-07
3.77727e-09
8.45185e-07
3.99481e-09
8.45513e-07
4.21254e-09
8.45838e-07
4.42139e-09
8.46158e-07
4.62755e-09
8.46471e-07
4.82197e-09
8.46773e-07
5.01247e-09
8.47061e-07
5.19886e-09
8.47336e-07
5.37843e-09
8.47596e-07
5.57613e-09
8.47842e-07
5.75844e-09
8.48079e-07
5.95731e-09
8.48302e-07
6.16474e-09
8.48513e-07
6.37182e-09
8.48713e-07
6.58451e-09
8.48901e-07
6.80353e-09
8.49078e-07
7.02028e-09
8.49247e-07
7.25573e-09
8.49409e-07
7.49149e-09
8.49564e-07
7.76984e-09
8.49711e-07
8.0555e-09
8.49851e-07
8.35744e-09
8.49988e-07
8.6754e-09
8.50109e-07
9.07333e-09
9.48412e-09
3.2773e-06
1.29532e-09
-3.2766e-06
3.27808e-06
1.37878e-09
3.27889e-06
1.48349e-09
3.27973e-06
1.59924e-09
3.28061e-06
1.72572e-09
3.28152e-06
1.86328e-09
3.28247e-06
2.01134e-09
3.28345e-06
2.16927e-09
3.28446e-06
2.33664e-09
3.28552e-06
2.51009e-09
3.2866e-06
2.68992e-09
3.28773e-06
2.87134e-09
3.28888e-06
3.05931e-09
3.29005e-06
3.25001e-09
3.29123e-06
3.45045e-09
3.29239e-06
3.65558e-09
3.29354e-06
3.86974e-09
3.29464e-06
4.09191e-09
3.29569e-06
4.33482e-09
3.29669e-06
4.5724e-09
3.29764e-06
4.8078e-09
3.29855e-06
5.04599e-09
3.29943e-06
5.29261e-09
3.30026e-06
5.53515e-09
3.30106e-06
5.78458e-09
3.30184e-06
6.02876e-09
3.30258e-06
6.28146e-09
3.30329e-06
6.53972e-09
3.30397e-06
6.81615e-09
3.30462e-06
7.11665e-09
3.30524e-06
7.43756e-09
3.30584e-06
7.75341e-09
3.30641e-06
8.10316e-09
3.307e-06
8.48311e-09
8.8487e-09
3.54081e-06
1.07145e-10
-3.53962e-06
3.54206e-06
1.25915e-10
3.54332e-06
2.29906e-10
3.54454e-06
3.79607e-10
3.5457e-06
5.57155e-10
3.54682e-06
7.47059e-10
3.54789e-06
9.36884e-10
3.54894e-06
1.12089e-09
3.54998e-06
1.29822e-09
3.55101e-06
1.47778e-09
3.55204e-06
1.66506e-09
3.5531e-06
1.81248e-09
3.55422e-06
1.93475e-09
3.55538e-06
2.09305e-09
3.55655e-06
2.28418e-09
3.5577e-06
2.50177e-09
3.55883e-06
2.74211e-09
3.55992e-06
3.00018e-09
3.56098e-06
3.26891e-09
3.56201e-06
3.54662e-09
3.56299e-06
3.82498e-09
3.56393e-06
4.1039e-09
3.56485e-06
4.37889e-09
3.56573e-06
4.65131e-09
3.56659e-06
4.92224e-09
3.56743e-06
5.18865e-09
3.56825e-06
5.46261e-09
3.56905e-06
5.74693e-09
3.56982e-06
6.04305e-09
3.57057e-06
6.36986e-09
3.5713e-06
6.70748e-09
3.57201e-06
7.04208e-09
3.57271e-06
7.39767e-09
3.5734e-06
7.79217e-09
8.28012e-09
3.83148e-06
-1.15555e-09
-3.83022e-06
3.83253e-06
-9.24752e-10
3.8335e-06
-7.33678e-10
3.83439e-06
-5.14039e-10
3.83524e-06
-2.93143e-10
3.83609e-06
-9.69781e-11
3.8369e-06
1.18811e-10
3.83772e-06
3.10011e-10
3.83858e-06
4.33753e-10
3.83954e-06
5.22181e-10
3.84059e-06
6.07487e-10
3.84168e-06
7.20988e-10
3.84275e-06
8.71278e-10
3.84379e-06
1.05569e-09
3.84479e-06
1.27648e-09
3.84577e-06
1.52661e-09
3.84671e-06
1.8008e-09
3.84762e-06
2.08864e-09
3.84851e-06
2.38195e-09
3.84938e-06
2.67466e-09
3.85024e-06
2.96051e-09
3.85111e-06
3.24232e-09
3.85197e-06
3.51972e-09
3.85282e-06
3.79303e-09
3.85368e-06
4.0702e-09
3.85452e-06
4.34599e-09
3.85535e-06
4.63387e-09
3.85616e-06
4.93212e-09
3.85696e-06
5.24608e-09
3.85774e-06
5.58604e-09
3.85851e-06
5.93538e-09
3.85928e-06
6.27257e-09
3.86006e-06
6.62146e-09
3.86087e-06
6.97985e-09
7.28194e-09
4.15125e-06
-4.16175e-10
-4.15199e-06
4.15082e-06
-4.8657e-10
4.15049e-06
-4.0547e-10
4.15023e-06
-2.52257e-10
4.14999e-06
-5.21245e-11
4.1498e-06
9.28586e-11
4.1497e-06
2.18098e-10
4.14967e-06
3.38697e-10
4.14965e-06
4.51221e-10
4.14961e-06
5.63233e-10
4.14953e-06
6.82646e-10
4.14948e-06
7.74868e-10
4.1495e-06
8.50128e-10
4.1496e-06
9.61737e-10
4.14977e-06
1.10413e-09
4.15002e-06
1.27285e-09
4.15036e-06
1.46692e-09
4.15076e-06
1.68066e-09
4.15123e-06
1.91033e-09
4.15176e-06
2.15346e-09
4.15231e-06
2.4036e-09
4.15289e-06
2.66094e-09
4.15349e-06
2.92037e-09
4.1541e-06
3.18185e-09
4.15473e-06
3.44568e-09
4.15537e-06
3.70608e-09
4.15603e-06
3.97597e-09
4.1567e-06
4.25462e-09
4.1574e-06
4.54603e-09
4.15813e-06
4.86411e-09
4.15887e-06
5.19023e-09
4.15964e-06
5.50788e-09
4.16042e-06
5.83928e-09
4.16121e-06
6.19116e-09
6.60306e-09
4.49137e-06
3.13702e-10
-4.4921e-06
4.49056e-06
3.31549e-10
4.48979e-06
3.56855e-10
4.48915e-06
3.87663e-10
4.48868e-06
4.23941e-10
4.4883e-06
4.66048e-10
4.48801e-06
5.13557e-10
4.48778e-06
5.66841e-10
4.48761e-06
6.25587e-10
4.48748e-06
6.89831e-10
4.4874e-06
7.60045e-10
4.48734e-06
8.36591e-10
4.48727e-06
9.21661e-10
4.48722e-06
1.01515e-09
4.4872e-06
1.12017e-09
4.48724e-06
1.23576e-09
4.48734e-06
1.36565e-09
4.48751e-06
1.50909e-09
4.48775e-06
1.66768e-09
4.48806e-06
1.84201e-09
4.48844e-06
2.03079e-09
4.48886e-06
2.23681e-09
4.48932e-06
2.45757e-09
4.48981e-06
2.69248e-09
4.49033e-06
2.92485e-09
4.49088e-06
3.15622e-09
4.49146e-06
3.39872e-09
4.49207e-06
3.64991e-09
4.4927e-06
3.91399e-09
4.49336e-06
4.20155e-09
4.49405e-06
4.49608e-09
4.49478e-06
4.78056e-09
4.49555e-06
5.07456e-09
4.49636e-06
5.37611e-09
5.6437e-09
4.84976e-06
3.58606e-10
-4.84981e-06
4.84971e-06
3.80958e-10
4.84967e-06
4.01928e-10
4.84963e-06
4.25757e-10
4.8496e-06
4.53058e-10
4.84958e-06
4.84732e-10
4.84957e-06
5.2113e-10
4.84958e-06
5.62754e-10
4.84959e-06
6.09904e-10
4.84962e-06
6.62598e-10
4.84966e-06
7.21374e-10
4.84971e-06
7.85479e-10
4.84978e-06
8.56385e-10
4.84986e-06
9.32682e-10
4.84996e-06
1.01729e-09
4.85009e-06
1.10849e-09
4.85024e-06
1.21005e-09
4.85043e-06
1.32089e-09
4.85066e-06
1.44407e-09
4.85092e-06
1.58033e-09
4.85122e-06
1.72975e-09
4.85156e-06
1.89402e-09
4.85195e-06
2.07079e-09
4.85238e-06
2.25799e-09
4.85285e-06
2.45679e-09
4.85335e-06
2.65789e-09
4.85388e-06
2.8717e-09
4.85443e-06
3.09248e-09
4.85502e-06
3.32577e-09
4.85565e-06
3.57771e-09
4.85631e-06
3.83612e-09
4.857e-06
4.08362e-09
4.85774e-06
4.34078e-09
4.85851e-06
4.60112e-09
4.83696e-09
5.24506e-06
3.42196e-10
-5.24504e-06
5.24508e-06
3.61862e-10
5.24509e-06
3.86194e-10
5.2451e-06
4.1296e-10
5.24512e-06
4.4201e-10
5.24513e-06
4.74059e-10
5.24514e-06
5.08899e-10
5.24515e-06
5.47277e-10
5.24517e-06
5.89049e-10
5.2452e-06
6.34787e-10
5.24524e-06
6.84656e-10
5.24529e-06
7.38765e-10
5.24534e-06
7.97928e-10
5.24542e-06
8.61612e-10
5.2455e-06
9.31489e-10
5.2456e-06
1.00669e-09
5.24572e-06
1.08936e-09
5.24586e-06
1.17938e-09
5.24603e-06
1.27806e-09
5.24622e-06
1.38738e-09
5.24645e-06
1.50604e-09
5.2467e-06
1.63766e-09
5.247e-06
1.77879e-09
5.24732e-06
1.93023e-09
5.24769e-06
2.09143e-09
5.24809e-06
2.25727e-09
5.24853e-06
2.43403e-09
5.249e-06
2.61984e-09
5.24951e-06
2.81589e-09
5.25006e-06
3.03126e-09
5.25064e-06
3.25071e-09
5.25126e-06
3.46464e-09
5.25191e-06
3.68705e-09
5.25259e-06
3.9214e-09
4.18551e-09
5.6712e-06
3.05977e-10
-5.67116e-06
5.67123e-06
3.2866e-10
5.67127e-06
3.50653e-10
5.67131e-06
3.74467e-10
5.67135e-06
4.00059e-10
5.6714e-06
4.27954e-10
5.67145e-06
4.58065e-10
5.6715e-06
4.90924e-10
5.67157e-06
5.26502e-10
5.67163e-06
5.65155e-10
5.67171e-06
6.07124e-10
5.6718e-06
6.52344e-10
5.6719e-06
7.01619e-10
5.672e-06
7.54301e-10
5.67212e-06
8.11942e-10
5.67226e-06
8.73526e-10
5.6724e-06
9.41081e-10
5.67257e-06
1.01413e-09
5.67275e-06
1.09414e-09
5.67296e-06
1.18232e-09
5.67319e-06
1.27811e-09
5.67344e-06
1.38412e-09
5.67372e-06
1.49805e-09
5.67403e-06
1.62029e-09
5.67437e-06
1.75109e-09
5.67474e-06
1.88571e-09
5.67515e-06
2.03048e-09
5.67558e-06
2.18298e-09
5.67605e-06
2.34531e-09
5.67656e-06
2.52372e-09
5.6771e-06
2.70609e-09
5.67769e-06
2.88219e-09
5.67831e-06
3.06346e-09
5.67898e-06
3.24748e-09
3.40348e-09
6.13337e-06
2.53816e-10
-6.13332e-06
6.13343e-06
2.72386e-10
6.13349e-06
2.91206e-10
6.13355e-06
3.11585e-10
6.13362e-06
3.33379e-10
6.13369e-06
3.56835e-10
6.13376e-06
3.81697e-10
6.13385e-06
4.09214e-10
6.13393e-06
4.39083e-10
6.13403e-06
4.71541e-10
6.13413e-06
5.06716e-10
6.13423e-06
5.44563e-10
6.13435e-06
5.85678e-10
6.13448e-06
6.29544e-10
6.13461e-06
6.7736e-10
6.13476e-06
7.2832e-10
6.13491e-06
7.84002e-10
6.13508e-06
8.44052e-10
6.13527e-06
9.09555e-10
6.13547e-06
9.81586e-10
6.13569e-06
1.05957e-09
6.13592e-06
1.14573e-09
6.13618e-06
1.23807e-09
6.13647e-06
1.33706e-09
6.13678e-06
1.44275e-09
6.13711e-06
1.55149e-09
6.13747e-06
1.6684e-09
6.13786e-06
1.7918e-09
6.13829e-06
1.92339e-09
6.13874e-06
2.06884e-09
6.13923e-06
2.21821e-09
6.13975e-06
2.36405e-09
6.14029e-06
2.51672e-09
6.14086e-06
2.67706e-09
2.85676e-09
6.63361e-06
2.06059e-10
-6.63356e-06
6.63366e-06
2.19572e-10
6.63372e-06
2.34936e-10
6.63378e-06
2.51665e-10
6.63384e-06
2.69658e-10
6.63391e-06
2.89257e-10
6.63398e-06
3.10338e-10
6.63406e-06
3.33274e-10
6.63414e-06
3.57976e-10
6.63422e-06
3.84716e-10
6.63432e-06
4.1357e-10
6.63442e-06
4.44535e-10
6.63452e-06
4.78039e-10
6.63464e-06
5.13694e-10
6.63477e-06
5.52399e-10
6.6349e-06
5.93538e-10
6.63505e-06
6.38307e-10
6.6352e-06
6.86459e-10
6.63537e-06
7.38789e-10
6.63556e-06
7.96236e-10
6.63576e-06
8.58269e-10
6.63598e-06
9.26912e-10
6.63622e-06
1.00106e-09
6.63647e-06
1.08025e-09
6.63675e-06
1.16425e-09
6.63705e-06
1.25054e-09
6.63738e-06
1.34317e-09
6.63773e-06
1.441e-09
6.63811e-06
1.54523e-09
6.63852e-06
1.6606e-09
6.63896e-06
1.77861e-09
6.63943e-06
1.89329e-09
6.63993e-06
2.01191e-09
6.64047e-06
2.13401e-09
2.24291e-09
7.17473e-06
1.60241e-10
-7.17469e-06
7.17478e-06
1.71261e-10
7.17483e-06
1.8332e-10
7.17489e-06
1.96431e-10
7.17495e-06
2.10544e-10
7.17501e-06
2.25921e-10
7.17508e-06
2.42479e-10
7.17515e-06
2.60481e-10
7.17523e-06
2.79864e-10
7.17531e-06
3.00808e-10
7.1754e-06
3.23385e-10
7.1755e-06
3.47562e-10
7.1756e-06
3.73697e-10
7.17572e-06
4.01455e-10
7.17584e-06
4.31571e-10
7.17597e-06
4.6352e-10
7.17611e-06
4.98281e-10
7.17626e-06
5.35604e-10
7.17642e-06
5.76172e-10
7.1766e-06
6.20625e-10
7.17679e-06
6.68607e-10
7.17699e-06
7.21503e-10
7.17721e-06
7.78027e-10
7.17746e-06
8.38443e-10
7.17772e-06
9.02728e-10
7.178e-06
9.68579e-10
7.1783e-06
1.03924e-09
7.17863e-06
1.11368e-09
7.17898e-06
1.19307e-09
7.17936e-06
1.28098e-09
7.17977e-06
1.3712e-09
7.1802e-06
1.45908e-09
7.18066e-06
1.55098e-09
7.18115e-06
1.647e-09
1.74925e-09
7.76013e-06
1.17306e-10
-7.76009e-06
7.76017e-06
1.25517e-10
7.76022e-06
1.34413e-10
7.76028e-06
1.44064e-10
7.76033e-06
1.54417e-10
7.76039e-06
1.65695e-10
7.76046e-06
1.77823e-10
7.76053e-06
1.91027e-10
7.7606e-06
2.05235e-10
7.76068e-06
2.20615e-10
7.76077e-06
2.37182e-10
7.76086e-06
2.54952e-10
7.76096e-06
2.74138e-10
7.76107e-06
2.94542e-10
7.76118e-06
3.1664e-10
7.7613e-06
3.40106e-10
7.76144e-06
3.6558e-10
7.76158e-06
3.92947e-10
7.76173e-06
4.22608e-10
7.7619e-06
4.55117e-10
7.76208e-06
4.90089e-10
7.76227e-06
5.28646e-10
7.76248e-06
5.69714e-10
7.7627e-06
6.13672e-10
7.76295e-06
6.60372e-10
7.76321e-06
7.08355e-10
7.76349e-06
7.59804e-10
7.76378e-06
8.14194e-10
7.76411e-06
8.72132e-10
7.76445e-06
9.36526e-10
7.76482e-06
1.0025e-09
7.76521e-06
1.06703e-09
7.76563e-06
1.13439e-09
7.76607e-06
1.20514e-09
1.27702e-09
8.3934e-06
7.72549e-11
-8.39336e-06
8.39344e-06
8.25126e-11
8.39349e-06
8.83716e-11
8.39354e-06
9.47372e-11
8.39359e-06
1.01578e-10
8.39365e-06
1.09024e-10
8.39371e-06
1.17032e-10
8.39377e-06
1.25739e-10
8.39384e-06
1.35115e-10
8.39392e-06
1.45254e-10
8.394e-06
1.56189e-10
8.39409e-06
1.67911e-10
8.39418e-06
1.80581e-10
8.39428e-06
1.94045e-10
8.39439e-06
2.08641e-10
8.3945e-06
2.2412e-10
8.39463e-06
2.40936e-10
8.39476e-06
2.58971e-10
8.39491e-06
2.78531e-10
8.39506e-06
2.99928e-10
8.39523e-06
3.22965e-10
8.39541e-06
3.4832e-10
8.3956e-06
3.75351e-10
8.39581e-06
4.04236e-10
8.39604e-06
4.34958e-10
8.39628e-06
4.66466e-10
8.39654e-06
5.003e-10
8.39682e-06
5.35998e-10
8.39712e-06
5.74086e-10
8.39744e-06
6.16335e-10
8.39778e-06
6.59677e-10
8.39815e-06
7.01933e-10
8.39853e-06
7.46087e-10
8.39895e-06
7.92175e-10
8.38145e-10
9.07842e-06
3.89087e-11
-9.07838e-06
9.07846e-06
4.14624e-11
9.07851e-06
4.43741e-11
9.07855e-06
4.75549e-11
9.0786e-06
5.09879e-11
9.07866e-06
5.47368e-11
9.07872e-06
5.87756e-11
9.07878e-06
6.31715e-11
9.07885e-06
6.79042e-11
9.07892e-06
7.30213e-11
9.079e-06
7.85319e-11
9.07908e-06
8.44329e-11
9.07917e-06
9.08012e-11
9.07927e-06
9.75626e-11
9.07937e-06
1.04884e-10
9.07948e-06
1.12647e-10
9.0796e-06
1.21075e-10
9.07973e-06
1.30118e-10
9.07987e-06
1.39923e-10
9.08002e-06
1.50657e-10
9.08018e-06
1.6221e-10
9.08035e-06
1.74934e-10
9.08054e-06
1.88492e-10
9.08074e-06
2.02983e-10
9.08096e-06
2.18384e-10
9.08119e-06
2.34175e-10
9.08144e-06
2.51115e-10
9.08171e-06
2.68986e-10
9.08199e-06
2.88032e-10
9.0823e-06
3.09164e-10
9.08263e-06
3.30816e-10
9.08298e-06
3.51922e-10
9.08335e-06
3.73959e-10
9.08374e-06
3.96998e-10
4.2066e-10
9.81944e-06
-9.8194e-06
9.81948e-06
9.81953e-06
9.81958e-06
9.81963e-06
9.81968e-06
9.81974e-06
9.8198e-06
9.81987e-06
9.81994e-06
9.82002e-06
9.82011e-06
9.8202e-06
9.8203e-06
9.8204e-06
9.82051e-06
9.82063e-06
9.82076e-06
9.8209e-06
9.82105e-06
9.82122e-06
9.82139e-06
9.82158e-06
9.82178e-06
9.822e-06
9.82224e-06
9.82249e-06
9.82276e-06
9.82304e-06
9.82335e-06
9.82368e-06
9.82404e-06
9.82441e-06
9.82481e-06
8.47007e-08
9.67269e-09
8.37424e-08
-8.34425e-09
8.43068e-08
6.39583e-09
8.34167e-08
-3.03943e-09
8.40089e-08
6.59809e-09
8.33108e-08
-4.29721e-09
8.37655e-08
2.86739e-09
8.31604e-08
-2.52739e-09
8.34819e-08
2.23676e-09
8.30344e-08
-1.21597e-09
8.32747e-08
3.28844e-09
8.30546e-08
3.2589e-10
8.31448e-08
3.02636e-09
8.30439e-08
4.63267e-10
8.30307e-08
2.36675e-09
8.29879e-08
2.26101e-10
8.27294e-08
1.75274e-09
8.25302e-08
3.73795e-10
8.14563e-08
2.0784e-09
1.65981e-09
9.13107e-08
9.4084e-09
9.07314e-08
-7.76493e-09
9.08904e-08
6.2368e-09
9.0466e-08
-2.61496e-09
9.06033e-08
6.46072e-09
9.03778e-08
-4.07164e-09
9.03779e-08
2.86725e-09
9.02504e-08
-2.39991e-09
9.01487e-08
2.33844e-09
9.00517e-08
-1.1189e-09
8.9982e-08
3.35804e-09
8.99579e-08
3.50042e-10
8.98575e-08
3.12678e-09
8.97894e-08
5.31366e-10
8.96477e-08
2.50846e-09
8.94963e-08
3.77498e-10
8.91579e-08
2.0911e-09
8.87047e-08
8.27016e-10
8.82626e-08
2.52045e-09
2.19573e-09
9.84904e-08
9.48825e-09
9.82817e-08
-7.55632e-09
9.81227e-08
6.39585e-09
9.80725e-08
-2.56474e-09
9.8001e-08
6.53224e-09
9.79827e-08
-4.05343e-09
9.78862e-08
2.96383e-09
9.78239e-08
-2.33761e-09
9.77568e-08
2.40555e-09
9.75772e-08
-9.39372e-10
9.76929e-08
3.24236e-09
9.74455e-08
5.97464e-10
9.76489e-08
2.92337e-09
9.72658e-08
9.14462e-10
9.74541e-08
2.32011e-09
9.69053e-08
9.26332e-10
9.693e-08
2.06637e-09
9.61649e-08
1.59212e-09
9.60693e-08
2.6161e-09
2.66371e-09
1.06527e-07
9.67664e-09
1.06455e-07
-7.48398e-09
1.06293e-07
6.55752e-09
1.06294e-07
-2.56499e-09
1.06371e-07
6.45497e-09
1.0622e-07
-3.90306e-09
1.06326e-07
2.85795e-09
1.06056e-07
-2.06738e-09
1.06231e-07
2.23092e-09
1.05819e-07
-5.27953e-10
1.06178e-07
2.88416e-09
1.05732e-07
1.04271e-09
1.06104e-07
2.55153e-09
1.05614e-07
1.40443e-09
1.0584e-07
2.09407e-09
1.05267e-07
1.49923e-09
1.05226e-07
2.10742e-09
1.04614e-07
2.20424e-09
1.04497e-07
2.73359e-09
2.99598e-09
1.1551e-07
9.7007e-09
1.15318e-07
-7.2918e-09
1.15384e-07
6.49171e-09
1.15248e-07
-2.42863e-09
1.15577e-07
6.1258e-09
1.15209e-07
-3.53493e-09
1.1552e-07
2.54663e-09
1.15053e-07
-1.60027e-09
1.15402e-07
1.88197e-09
1.1486e-07
1.35777e-11
1.1531e-07
2.43462e-09
1.14857e-07
1.49552e-09
1.15187e-07
2.22107e-09
1.14784e-07
1.80792e-09
1.14859e-07
2.01897e-09
1.14449e-07
1.90965e-09
1.14227e-07
2.32857e-09
1.13809e-07
2.62284e-09
1.13618e-07
2.92459e-09
3.21937e-09
1.25299e-07
9.48295e-09
1.24923e-07
-6.91569e-09
1.25234e-07
6.18156e-09
1.24955e-07
-2.14962e-09
1.25476e-07
5.60412e-09
1.24935e-07
-2.99326e-09
1.2538e-07
2.10152e-09
1.24793e-07
-1.01391e-09
1.25222e-07
1.45356e-09
1.24678e-07
5.57277e-10
1.25099e-07
2.01407e-09
1.24773e-07
1.82077e-09
1.2498e-07
2.01458e-09
1.24716e-07
2.072e-09
1.24508e-07
2.22671e-09
1.24169e-07
2.24907e-09
1.24024e-07
2.4734e-09
1.23833e-07
2.81354e-09
1.23469e-07
3.28826e-09
3.37631e-09
1.35813e-07
9.0883e-09
1.35284e-07
-6.38668e-09
1.35789e-07
5.6759e-09
1.35395e-07
-1.75534e-09
1.36054e-07
4.94488e-09
1.35392e-07
-2.3312e-09
1.3591e-07
1.58389e-09
1.35298e-07
-4.02471e-10
1.35703e-07
1.04864e-09
1.35287e-07
9.74048e-10
1.35582e-07
1.71887e-09
1.35475e-07
1.92797e-09
1.35532e-07
1.95685e-09
1.35442e-07
2.16251e-09
1.35279e-07
2.3896e-09
1.3481e-07
2.71837e-09
1.34228e-07
3.05476e-09
1.33931e-07
3.1113e-09
1.34059e-07
3.16e-09
3.49177e-09
1.47109e-07
8.58822e-09
1.46451e-07
-5.72918e-09
1.47116e-07
5.01065e-09
1.46622e-07
-1.26116e-09
1.4738e-07
4.18761e-09
1.46658e-07
-1.60951e-09
1.47172e-07
1.07011e-09
1.46646e-07
1.23344e-10
1.46926e-07
7.68953e-10
1.46764e-07
1.13577e-09
1.46857e-07
1.62532e-09
1.4692e-07
1.86549e-09
1.46868e-07
2.00874e-09
1.4693e-07
2.10091e-09
1.47022e-07
2.29687e-09
1.47168e-07
2.57261e-09
1.47173e-07
3.04967e-09
1.46609e-07
3.6755e-09
1.45693e-07
4.07628e-09
3.88294e-09
1.59293e-07
8.01865e-09
1.58517e-07
-4.95314e-09
1.59317e-07
4.21066e-09
1.58743e-07
-6.86666e-10
1.59555e-07
3.37553e-09
1.58839e-07
-8.93273e-10
1.59289e-07
6.19842e-10
1.58909e-07
5.03301e-10
1.59049e-07
6.28951e-10
1.5904e-07
1.14439e-09
1.59088e-07
1.57725e-09
1.59217e-07
1.73674e-09
1.59268e-07
1.95777e-09
1.59001e-07
2.36771e-09
1.58451e-07
2.84735e-09
1.57834e-07
3.18975e-09
1.57352e-07
3.53138e-09
1.57226e-07
3.80132e-09
1.57552e-07
3.75064e-09
3.89365e-09
1.72464e-07
7.39463e-09
1.71583e-07
-4.07209e-09
1.72487e-07
3.30716e-09
1.71877e-07
-7.64362e-11
1.72676e-07
2.57637e-09
1.72057e-07
-2.7413e-10
1.72376e-07
3.0052e-10
1.722e-07
6.78902e-10
1.72233e-07
5.96445e-10
1.72282e-07
1.09499e-09
1.72306e-07
1.55355e-09
1.71991e-07
2.05148e-09
1.71536e-07
2.41287e-09
1.71143e-07
2.76086e-09
1.70951e-07
3.03964e-09
1.70768e-07
3.37251e-09
1.70675e-07
3.62421e-09
1.70728e-07
3.74815e-09
1.70653e-07
3.8256e-09
3.86223e-09
1.86711e-07
6.7244e-09
1.85748e-07
-3.10918e-09
1.86705e-07
2.3505e-09
1.86137e-07
4.91615e-10
1.86829e-07
1.88422e-09
1.86434e-07
1.20585e-10
1.86536e-07
1.98483e-10
1.86565e-07
6.50017e-10
1.8652e-07
6.4146e-10
1.86355e-07
1.25998e-09
1.8596e-07
1.94866e-09
1.85663e-07
2.34799e-09
1.85441e-07
2.63465e-09
1.85225e-07
2.97686e-09
1.85036e-07
3.22927e-09
1.84926e-07
3.48266e-09
1.84885e-07
3.6649e-09
1.84842e-07
3.79133e-09
1.84851e-07
3.81681e-09
3.80685e-09
2.02121e-07
6.01811e-09
2.0111e-07
-2.09898e-09
2.02052e-07
1.40916e-09
2.01607e-07
9.36239e-10
2.02131e-07
1.35991e-09
2.02021e-07
2.30832e-10
2.01987e-07
2.32847e-10
2.0194e-07
6.97301e-10
2.01592e-07
9.89395e-10
2.0128e-07
1.57128e-09
2.01055e-07
2.17354e-09
2.00852e-07
2.5515e-09
2.00654e-07
2.83225e-09
2.00488e-07
3.14292e-09
2.00334e-07
3.38339e-09
2.00244e-07
3.57297e-09
2.00198e-07
3.7111e-09
2.00196e-07
3.79278e-09
2.00235e-07
3.77789e-09
3.73023e-09
2.18783e-07
5.29338e-09
2.17778e-07
-1.09335e-09
2.18582e-07
6.04533e-10
2.18358e-07
1.16047e-09
2.1869e-07
1.02817e-09
2.18741e-07
1.79216e-10
2.18599e-07
3.75291e-10
2.18263e-07
1.03339e-09
2.17961e-07
1.29173e-09
2.17736e-07
1.7957e-09
2.17542e-07
2.36768e-09
2.1735e-07
2.74396e-09
2.17169e-07
3.01235e-09
2.17025e-07
3.28746e-09
2.1691e-07
3.49823e-09
2.16835e-07
3.64771e-09
2.16811e-07
3.73573e-09
2.16837e-07
3.76663e-09
2.16904e-07
3.71099e-09
3.63459e-09
2.36797e-07
4.57474e-09
2.35855e-07
-1.51606e-10
2.36283e-07
1.76208e-10
2.36392e-07
1.05169e-09
2.36502e-07
9.18168e-10
2.36403e-07
2.77995e-10
2.36234e-07
5.45077e-10
2.36053e-07
1.21428e-09
2.35819e-07
1.52563e-09
2.35608e-07
2.00662e-09
2.35421e-07
2.55433e-09
2.35242e-07
2.92339e-09
2.35079e-07
3.17532e-09
2.34949e-07
3.41718e-09
2.3487e-07
3.57778e-09
2.34823e-07
3.69478e-09
2.34824e-07
3.73454e-09
2.34874e-07
3.71673e-09
2.3496e-07
3.62436e-09
3.52491e-09
2.56276e-07
3.88541e-09
2.55455e-07
6.6933e-10
2.55615e-07
1.64005e-11
2.55841e-07
8.25913e-10
2.55909e-07
8.50218e-10
2.55786e-07
4.01421e-10
2.55606e-07
7.24847e-10
2.55419e-07
1.40139e-09
2.55184e-07
1.76067e-09
2.54976e-07
2.2138e-09
2.548e-07
2.73054e-09
2.54633e-07
3.09034e-09
2.54492e-07
3.31697e-09
2.54385e-07
3.52384e-09
2.54335e-07
3.62817e-09
2.5432e-07
3.70955e-09
2.54346e-07
3.70854e-09
2.54415e-07
3.64777e-09
2.54515e-07
3.52418e-09
3.40556e-09
2.77349e-07
3.24473e-09
2.76683e-07
1.33489e-09
2.76645e-07
5.46611e-11
2.7685e-07
6.20897e-10
2.76917e-07
7.82992e-10
2.76777e-07
5.41265e-10
2.76594e-07
9.0782e-10
2.76406e-07
1.58983e-09
2.76171e-07
1.99508e-09
2.75965e-07
2.42035e-09
2.75799e-07
2.89598e-09
2.75653e-07
3.23687e-09
2.75533e-07
3.43678e-09
2.75457e-07
3.60017e-09
2.75432e-07
3.65288e-09
2.75445e-07
3.6964e-09
2.75493e-07
3.6611e-09
2.75576e-07
3.56465e-09
2.75686e-07
3.41388e-09
3.27908e-09
3.00146e-07
2.67263e-09
2.99685e-07
1.79643e-09
2.99484e-07
2.55158e-10
2.99597e-07
5.081e-10
2.99649e-07
7.30894e-10
2.99516e-07
6.74652e-10
2.99332e-07
1.09153e-09
2.9914e-07
1.78171e-09
2.98912e-07
2.22282e-09
2.9871e-07
2.62245e-09
2.98558e-07
3.04823e-09
2.98434e-07
3.36082e-09
2.98337e-07
3.53369e-09
2.98295e-07
3.64274e-09
2.98292e-07
3.65579e-09
2.98326e-07
3.66176e-09
2.98393e-07
3.59458e-09
2.98488e-07
3.46906e-09
2.98607e-07
3.2951e-09
3.14671e-09
3.24824e-07
2.17853e-09
3.24631e-07
1.98898e-09
3.24306e-07
5.80373e-10
3.24257e-07
5.57174e-10
3.24261e-07
7.26744e-10
3.24144e-07
7.92489e-10
3.23962e-07
1.27336e-09
3.23767e-07
1.97675e-09
3.23552e-07
2.43772e-09
3.23358e-07
2.81627e-09
3.23223e-07
3.18362e-09
3.23122e-07
3.46154e-09
3.23045e-07
3.61044e-09
3.23044e-07
3.64424e-09
3.23055e-07
3.64389e-09
3.23109e-07
3.60775e-09
3.23194e-07
3.51004e-09
3.23302e-07
3.36111e-09
3.23428e-07
3.16905e-09
3.01044e-09
3.51553e-07
1.75693e-09
3.51854e-07
1.68766e-09
3.51298e-07
1.13651e-09
3.50996e-07
8.59487e-10
3.50943e-07
7.79734e-10
3.50823e-07
9.1295e-10
3.50646e-07
1.44968e-09
3.50456e-07
2.16684e-09
3.50245e-07
2.64898e-09
3.50068e-07
2.99301e-09
3.4995e-07
3.30138e-09
3.49873e-07
3.53911e-09
3.49832e-07
3.65135e-09
3.49843e-07
3.63274e-09
3.4988e-07
3.60732e-09
3.49952e-07
3.53557e-09
3.50052e-07
3.41059e-09
3.5017e-07
3.24271e-09
3.50301e-07
3.03837e-09
2.87199e-09
3.80487e-07
1.41741e-09
3.80348e-07
1.8272e-09
3.80144e-07
1.34003e-09
3.79993e-07
1.01036e-09
3.79885e-07
8.87701e-10
3.79748e-07
1.05052e-09
3.79565e-07
1.63283e-09
3.79358e-07
2.37404e-09
3.79159e-07
2.84741e-09
3.79007e-07
3.14482e-09
3.78912e-07
3.39681e-09
3.78869e-07
3.58223e-09
3.78855e-07
3.66482e-09
3.78883e-07
3.60512e-09
3.78941e-07
3.54948e-09
3.79029e-07
3.44705e-09
3.7914e-07
3.29953e-09
3.79266e-07
3.11661e-09
3.79399e-07
2.90546e-09
2.73239e-09
4.11894e-07
1.08525e-09
4.12414e-07
1.307e-09
4.12528e-07
1.22648e-09
4.12037e-07
1.50124e-09
4.11444e-07
1.48049e-09
4.11111e-07
1.38418e-09
4.10881e-07
1.86247e-09
4.1066e-07
2.5948e-09
4.10495e-07
3.01301e-09
4.10374e-07
3.26563e-09
4.10303e-07
3.4681e-09
4.10284e-07
3.60085e-09
4.10302e-07
3.6466e-09
4.10343e-07
3.56458e-09
4.10415e-07
3.47681e-09
4.10516e-07
3.3462e-09
4.10636e-07
3.17925e-09
4.10769e-07
2.9844e-09
4.10905e-07
2.76903e-09
2.59335e-09
4.45856e-07
8.01825e-10
4.46565e-07
5.97559e-10
4.47163e-07
6.28664e-10
4.4725e-07
1.41399e-09
4.46616e-07
2.11428e-09
4.45503e-07
2.49725e-09
4.44808e-07
2.5578e-09
4.44567e-07
2.83561e-09
4.44444e-07
3.1359e-09
4.44359e-07
3.35125e-09
4.44311e-07
3.51584e-09
4.44315e-07
3.59649e-09
4.44369e-07
3.59299e-09
4.44422e-07
3.5115e-09
4.44511e-07
3.38779e-09
4.44624e-07
3.23297e-09
4.44754e-07
3.04975e-09
4.44892e-07
2.8465e-09
4.45032e-07
2.62887e-09
2.45544e-09
4.82536e-07
6.58759e-10
4.8233e-07
8.03541e-10
4.82021e-07
9.37857e-10
4.81868e-07
1.56621e-09
4.81906e-07
2.0768e-09
4.81879e-07
2.52411e-09
4.81619e-07
2.81761e-09
4.81397e-07
3.0584e-09
4.81265e-07
3.26788e-09
4.81194e-07
3.42178e-09
4.81173e-07
3.53721e-09
4.81204e-07
3.56541e-09
4.81268e-07
3.52843e-09
4.8135e-07
3.42997e-09
4.81454e-07
3.28344e-09
4.81577e-07
3.10998e-09
4.81712e-07
2.91447e-09
4.81853e-07
2.70606e-09
4.81993e-07
2.48902e-09
2.31781e-09
5.22353e-07
5.61543e-10
5.22204e-07
9.53402e-10
5.21941e-07
1.20023e-09
5.218e-07
1.70767e-09
5.21669e-07
2.2077e-09
5.21577e-07
2.61596e-09
5.21421e-07
2.97318e-09
5.21264e-07
3.21531e-09
5.21151e-07
3.38148e-09
5.21095e-07
3.4779e-09
5.21092e-07
3.54019e-09
5.21148e-07
3.50952e-09
5.2123e-07
3.44604e-09
5.21333e-07
3.32726e-09
5.21452e-07
3.16413e-09
5.21585e-07
2.97751e-09
5.21724e-07
2.77469e-09
5.21866e-07
2.56393e-09
5.22006e-07
2.34982e-09
2.18084e-09
5.65465e-07
5.09927e-10
5.65421e-07
9.97706e-10
5.65175e-07
1.44593e-09
5.64952e-07
1.93136e-09
5.64782e-07
2.37732e-09
5.64634e-07
2.76371e-09
5.64526e-07
3.08099e-09
5.64424e-07
3.31822e-09
5.64344e-07
3.46095e-09
5.64306e-07
3.51556e-09
5.64337e-07
3.50959e-09
5.64407e-07
3.43999e-09
5.64505e-07
3.34731e-09
5.64624e-07
3.20833e-09
5.64756e-07
3.03247e-09
5.64896e-07
2.83706e-09
5.6504e-07
2.63069e-09
5.65184e-07
2.42012e-09
5.65324e-07
2.21042e-09
2.0465e-09
6.12148e-07
4.99658e-10
6.12032e-07
1.11325e-09
6.11861e-07
1.61745e-09
6.11659e-07
2.13319e-09
6.11472e-07
2.56464e-09
6.11327e-07
2.90823e-09
6.11223e-07
3.18494e-09
6.11154e-07
3.38797e-09
6.11114e-07
3.50013e-09
6.11106e-07
3.52423e-09
6.11172e-07
3.443e-09
6.11253e-07
3.35918e-09
6.11365e-07
3.2349e-09
6.11497e-07
3.07651e-09
6.11639e-07
2.8906e-09
6.11787e-07
2.68953e-09
6.11935e-07
2.48276e-09
6.12079e-07
2.27521e-09
6.12218e-07
2.07189e-09
1.91428e-09
6.62707e-07
5.15351e-10
6.62597e-07
1.22299e-09
6.62399e-07
1.81562e-09
6.62211e-07
2.32164e-09
6.62036e-07
2.73965e-09
6.61897e-07
3.04651e-09
6.61804e-07
3.27817e-09
6.61759e-07
3.43284e-09
6.61757e-07
3.50218e-09
6.61792e-07
3.48967e-09
6.61869e-07
3.36562e-09
6.61973e-07
3.25494e-09
6.62099e-07
3.10938e-09
6.6224e-07
2.9354e-09
6.62388e-07
2.74258e-09
6.6254e-07
2.53775e-09
6.6269e-07
2.33252e-09
6.62835e-07
2.12987e-09
6.62973e-07
1.93414e-09
1.78293e-09
7.17451e-07
5.522e-10
7.17264e-07
1.41019e-09
7.17115e-07
1.96441e-09
7.16949e-07
2.48779e-09
7.16783e-07
2.90596e-09
7.16652e-07
3.17725e-09
7.16576e-07
3.35437e-09
7.16554e-07
3.45455e-09
7.16585e-07
3.47142e-09
7.16653e-07
3.42107e-09
7.1675e-07
3.26858e-09
7.16876e-07
3.12947e-09
7.17019e-07
2.96629e-09
7.17172e-07
2.78247e-09
7.17324e-07
2.59002e-09
7.17471e-07
2.39111e-09
7.17619e-07
2.18472e-09
7.17765e-07
1.98342e-09
7.17904e-07
1.79506e-09
1.65051e-09
7.76736e-07
5.94799e-10
7.76653e-07
1.49367e-09
7.76429e-07
2.18843e-09
7.76214e-07
2.70236e-09
7.76052e-07
3.06853e-09
7.7593e-07
3.29849e-09
7.75871e-07
3.41382e-09
7.75872e-07
3.45324e-09
7.75931e-07
3.41299e-09
7.7603e-07
3.32166e-09
7.76149e-07
3.14935e-09
7.76294e-07
2.98486e-09
7.76456e-07
2.80452e-09
7.76627e-07
2.61125e-09
7.76807e-07
2.40942e-09
7.76934e-07
2.26445e-09
7.77045e-07
2.07336e-09
7.77202e-07
1.82707e-09
7.77351e-07
1.64573e-09
1.51179e-09
8.40904e-07
6.60139e-10
8.40722e-07
1.67608e-09
8.40546e-07
2.36432e-09
8.40364e-07
2.88421e-09
8.40211e-07
3.22185e-09
8.40109e-07
3.40037e-09
8.4007e-07
3.45267e-09
8.40096e-07
3.42658e-09
8.40183e-07
3.32643e-09
8.40323e-07
3.18174e-09
8.40465e-07
3.0072e-09
8.40636e-07
2.81368e-09
8.40825e-07
2.61537e-09
8.41023e-07
2.41349e-09
8.41216e-07
2.21618e-09
8.41397e-07
2.08352e-09
8.41566e-07
1.90429e-09
8.41659e-07
1.7348e-09
8.4173e-07
1.57438e-09
1.38929e-09
3.27242e-06
9.9751e-10
3.27166e-06
2.42962e-09
3.2708e-06
3.22281e-09
3.27008e-06
3.61245e-09
3.26954e-06
3.75545e-09
3.26923e-06
3.71602e-09
3.26912e-06
3.5554e-09
3.26924e-06
3.30835e-09
3.26963e-06
2.94248e-09
3.27015e-06
2.659e-09
3.27076e-06
2.39583e-09
3.27143e-06
2.14824e-09
3.27212e-06
1.9237e-09
3.27281e-06
1.71964e-09
3.27349e-06
1.53706e-09
3.2742e-06
1.37344e-09
3.27488e-06
1.22749e-09
3.27552e-06
1.09734e-09
3.27611e-06
9.81402e-10
8.97736e-10
3.53964e-06
1.27582e-09
3.53873e-06
3.33641e-09
3.53752e-06
4.4381e-09
3.53638e-06
4.75098e-09
3.53549e-06
4.64837e-09
3.5349e-06
4.30069e-09
3.53454e-06
3.91569e-09
3.53424e-06
3.61382e-09
3.534e-06
3.18453e-09
3.53391e-06
2.7416e-09
3.53399e-06
2.3212e-09
3.53422e-06
1.91643e-09
3.5346e-06
1.5476e-09
3.5351e-06
1.21054e-09
3.53572e-06
9.16912e-10
3.53643e-06
6.63339e-10
3.53721e-06
4.55808e-10
3.53801e-06
2.91403e-10
3.53882e-06
1.73612e-10
9.72191e-11
3.82783e-06
2.34633e-09
3.82573e-06
5.43482e-09
3.82338e-06
6.78055e-09
3.82133e-06
6.81028e-09
3.8197e-06
6.27093e-09
3.81875e-06
5.24855e-09
3.81824e-06
4.42668e-09
3.81824e-06
3.61593e-09
3.81855e-06
2.87435e-09
3.81912e-06
2.16955e-09
3.8199e-06
1.54794e-09
3.82082e-06
9.91499e-10
3.82184e-06
5.30188e-10
3.82289e-06
1.60743e-10
3.82405e-06
-2.40418e-10
3.82534e-06
-6.28108e-10
3.82667e-06
-8.76845e-10
3.82798e-06
-1.01518e-09
3.82919e-06
-1.04053e-09
-9.33066e-10
4.14269e-06
1.1211e-09
4.14516e-06
2.96289e-09
4.14802e-06
3.91776e-09
4.1507e-06
4.12897e-09
4.15301e-06
3.96352e-09
4.15466e-06
3.59447e-09
4.15579e-06
3.30539e-09
4.15655e-06
2.8551e-09
4.157e-06
2.41667e-09
4.15719e-06
1.9817e-09
4.15716e-06
1.57844e-09
4.15696e-06
1.19541e-09
4.15664e-06
8.51098e-10
4.15626e-06
5.37611e-10
4.15576e-06
2.62763e-10
4.15511e-06
1.44241e-11
4.15434e-06
-1.00081e-10
4.1535e-06
-1.74427e-10
4.15268e-06
-2.21374e-10
-2.49633e-10
4.47992e-06
7.44288e-10
4.48112e-06
1.76063e-09
4.48282e-06
2.21859e-09
4.48461e-06
2.33555e-09
4.48632e-06
2.25748e-09
4.48785e-06
2.06272e-09
4.48936e-06
1.80047e-09
4.49074e-06
1.46903e-09
4.49193e-06
1.22556e-09
4.4929e-06
1.01806e-09
4.49363e-06
8.46232e-10
4.49412e-06
7.04787e-10
4.49438e-06
5.90908e-10
4.49442e-06
4.98882e-10
4.49426e-06
4.25131e-10
4.49391e-06
3.65465e-10
4.49349e-06
3.16985e-10
4.49304e-06
2.77023e-10
4.49257e-06
2.43612e-10
2.19926e-10
4.84557e-06
4.01507e-10
4.84629e-06
1.03553e-09
4.84716e-06
1.35177e-09
4.84803e-06
1.46712e-09
4.84881e-06
1.47316e-09
4.84946e-06
1.41214e-09
4.84993e-06
1.3284e-09
4.85017e-06
1.235e-09
4.85029e-06
1.10546e-09
4.85033e-06
9.75941e-10
4.85032e-06
8.56e-10
4.85028e-06
7.46855e-10
4.85022e-06
6.51192e-10
4.85015e-06
5.67446e-10
4.85008e-06
4.95412e-10
4.85001e-06
4.33273e-10
4.84995e-06
3.7996e-10
4.84989e-06
3.3404e-10
4.84984e-06
2.94413e-10
2.53899e-10
5.24088e-06
2.76258e-10
5.2412e-06
7.14267e-10
5.24163e-06
9.23459e-10
5.24209e-06
1.00957e-09
5.24253e-06
1.03265e-09
5.24293e-06
1.01444e-09
5.24329e-06
9.64439e-10
5.24363e-06
8.96955e-10
5.24391e-06
8.20572e-10
5.24415e-06
7.41644e-10
5.24434e-06
6.63469e-10
5.24451e-06
5.7787e-10
5.24464e-06
5.15896e-10
5.24475e-06
4.60782e-10
5.24483e-06
4.11747e-10
5.2449e-06
3.67866e-10
5.24495e-06
3.28551e-10
5.24499e-06
2.93328e-10
5.24502e-06
2.61666e-10
2.3849e-10
5.66866e-06
1.97178e-10
5.66886e-06
5.06353e-10
5.66913e-06
6.57365e-10
5.66941e-06
7.24643e-10
5.66969e-06
7.5277e-10
5.66995e-06
7.53616e-10
5.67019e-06
7.31191e-10
5.67039e-06
6.93766e-10
5.67056e-06
6.47365e-10
5.67071e-06
5.96416e-10
5.67083e-06
5.45777e-10
5.67091e-06
4.97678e-10
5.67096e-06
4.59691e-10
5.67101e-06
4.15817e-10
5.67105e-06
3.75205e-10
5.67108e-06
3.37741e-10
5.6711e-06
3.03491e-10
5.67112e-06
2.72307e-10
5.67114e-06
2.44005e-10
2.13596e-10
6.13137e-06
1.4882e-10
6.13149e-06
3.82206e-10
6.13166e-06
4.95588e-10
6.13183e-06
5.48927e-10
6.13201e-06
5.77006e-10
6.13217e-06
5.93082e-10
6.13232e-06
5.83092e-10
6.13245e-06
5.59804e-10
6.13257e-06
5.27793e-10
6.13268e-06
4.90602e-10
6.13277e-06
4.52123e-10
6.13285e-06
4.13359e-10
6.13294e-06
3.76252e-10
6.13301e-06
3.40936e-10
6.13308e-06
3.08117e-10
6.13314e-06
2.77751e-10
6.13319e-06
2.4993e-10
6.13324e-06
2.24561e-10
6.13328e-06
2.01502e-10
1.76776e-10
6.63188e-06
1.15398e-10
6.63196e-06
2.96132e-10
6.63207e-06
3.83457e-10
6.6322e-06
4.25509e-10
6.63233e-06
4.48363e-10
6.63246e-06
4.57144e-10
6.63259e-06
4.55871e-10
6.63271e-06
4.39927e-10
6.63282e-06
4.1653e-10
6.63292e-06
3.88665e-10
6.63301e-06
3.59374e-10
6.6331e-06
3.29555e-10
6.63318e-06
2.95204e-10
6.63325e-06
2.67555e-10
6.63332e-06
2.41708e-10
6.63338e-06
2.17698e-10
6.63343e-06
1.95609e-10
6.63348e-06
1.75414e-10
6.63353e-06
1.57007e-10
1.43312e-10
7.17325e-06
8.79952e-11
7.17332e-06
2.25576e-10
7.17341e-06
2.91969e-10
7.17351e-06
3.2403e-10
7.17362e-06
3.41861e-10
7.17373e-06
3.48967e-10
7.17384e-06
3.45265e-10
7.17394e-06
3.33558e-10
7.17404e-06
3.16095e-10
7.17414e-06
2.94988e-10
7.17423e-06
2.72678e-10
7.1743e-06
2.49878e-10
7.17437e-06
2.2787e-10
7.17443e-06
2.06798e-10
7.17449e-06
1.87099e-10
7.17454e-06
1.68751e-10
7.17458e-06
1.5182e-10
7.17462e-06
1.36279e-10
7.17465e-06
1.22066e-10
1.11426e-10
7.75882e-06
6.36374e-11
7.75888e-06
1.63446e-10
7.75896e-06
2.11294e-10
7.75905e-06
2.34475e-10
7.75915e-06
2.47335e-10
7.75924e-06
2.52608e-10
7.75934e-06
2.50019e-10
7.75943e-06
2.41815e-10
7.75952e-06
2.2947e-10
7.7596e-06
2.14529e-10
7.75967e-06
1.98625e-10
7.75974e-06
1.823e-10
7.7598e-06
1.66429e-10
7.75986e-06
1.51146e-10
7.75991e-06
1.36784e-10
7.75995e-06
1.23386e-10
7.75999e-06
1.1101e-10
7.76003e-06
1.03003e-10
7.76006e-06
9.26539e-11
8.15381e-11
8.3922e-06
4.17221e-11
8.39225e-06
1.07082e-10
8.39232e-06
1.38462e-10
8.39241e-06
1.53628e-10
8.39249e-06
1.62163e-10
8.39258e-06
1.65706e-10
8.39266e-06
1.64136e-10
8.39275e-06
1.58825e-10
8.39282e-06
1.50794e-10
8.3929e-06
1.41013e-10
8.39297e-06
1.30595e-10
8.39303e-06
1.19872e-10
8.39309e-06
1.09453e-10
8.39314e-06
9.94143e-11
8.39318e-06
8.99873e-11
8.39323e-06
8.11859e-11
8.39326e-06
7.30562e-11
8.3933e-06
6.76561e-11
8.39333e-06
6.09114e-11
5.36859e-11
9.07728e-06
2.08176e-11
9.07733e-06
5.36011e-11
9.0774e-06
6.94471e-11
9.07747e-06
7.72275e-11
9.07756e-06
8.16476e-11
9.07764e-06
8.35152e-11
9.07772e-06
8.27535e-11
9.0778e-06
8.00913e-11
9.07787e-06
7.60461e-11
9.07794e-06
7.11226e-11
9.07801e-06
6.58754e-11
9.07807e-06
6.04765e-11
9.07812e-06
5.52269e-11
9.07817e-06
5.01678e-11
9.07821e-06
4.54127e-11
9.07825e-06
4.0971e-11
9.07829e-06
3.68639e-11
9.07833e-06
3.30904e-11
9.07836e-06
2.9636e-11
2.70563e-11
9.81828e-06
9.81834e-06
9.81841e-06
9.81848e-06
9.81856e-06
9.81865e-06
9.81873e-06
9.81881e-06
9.81889e-06
9.81896e-06
9.81902e-06
9.81908e-06
9.81914e-06
9.81919e-06
9.81924e-06
9.81928e-06
9.81931e-06
9.81935e-06
9.81938e-06
)
;

boundaryField
{
    top
    {
        type            calculated;
        value           uniform 0;
    }
    inlet
    {
        type            calculated;
        value           nonuniform List<scalar> 
45
(
-3.27275e-06
-3.53992e-06
-3.8289e-06
-4.14146e-06
-4.47954e-06
-4.84522e-06
-5.24076e-06
-5.66858e-06
-6.13132e-06
-6.63184e-06
-7.17322e-06
-7.7588e-06
-8.39217e-06
-9.07725e-06
-9.81826e-06
-8.40969e-08
-9.10464e-08
-9.85702e-08
-1.06716e-07
-1.15534e-07
-1.25082e-07
-1.35418e-07
-1.46609e-07
-1.58724e-07
-1.7184e-07
-1.86041e-07
-2.01414e-07
-2.18059e-07
-2.36078e-07
-2.55587e-07
-2.76708e-07
-2.99574e-07
-3.2433e-07
-3.51132e-07
-3.80148e-07
-4.11562e-07
-4.45572e-07
-4.82393e-07
-5.22256e-07
-5.65414e-07
-6.12138e-07
-6.62723e-07
-7.17488e-07
-7.76779e-07
-8.40969e-07
)
;
    }
    outlet
    {
        type            calculated;
        value           nonuniform List<scalar> 
45
(
3.30764e-06
3.57397e-06
3.86187e-06
4.16189e-06
4.49732e-06
4.85932e-06
5.25325e-06
5.67977e-06
6.14141e-06
6.64109e-06
7.18165e-06
7.76654e-06
8.39939e-06
9.08416e-06
9.82523e-06
6.24406e-09
2.08708e-08
3.88706e-08
6.0011e-08
8.30762e-08
1.05859e-07
1.26255e-07
1.43639e-07
1.58892e-07
1.73387e-07
1.88187e-07
2.03883e-07
2.20769e-07
2.39018e-07
2.58761e-07
2.80127e-07
3.0325e-07
3.28275e-07
3.55362e-07
3.84684e-07
4.16426e-07
4.50792e-07
4.88014e-07
5.28315e-07
5.71937e-07
6.19157e-07
6.70271e-07
7.25591e-07
7.85459e-07
8.50262e-07
)
;
    }
    plate
    {
        type            calculated;
        value           uniform 0;
    }
    symmBound
    {
        type            calculated;
        value           nonuniform List<scalar> 
20
(
-1.02764e-08
9.30256e-09
-6.96028e-09
3.92951e-09
-7.19027e-09
4.99535e-09
-3.32214e-09
3.1325e-09
-2.55823e-09
1.66351e-09
-3.52881e-09
-1.05713e-10
-3.11655e-09
-3.62399e-10
-2.35357e-09
-1.83286e-10
-1.49424e-09
-1.74599e-10
-1.00447e-09
-5.15472e-10
)
;
    }
    frontAndBack
    {
        type            empty;
        value           nonuniform 0();
    }
}


// ************************************************************************* //
