/*--------------------------------*- C++ -*----------------------------------*\
| =========                 |                                                 |
| \\      /  F ield         | OpenFOAM: The Open Source CFD Toolbox           |
|  \\    /   O peration     | Version:  5.x                                   |
|   \\  /    A nd           | Web:      www.OpenFOAM.org                      |
|    \\/     M anipulation  |                                                 |
\*---------------------------------------------------------------------------*/
FoamFile
{
    version     2.0;
    format      ascii;
    class       volVectorField;
    location    "1";
    object      U;
}
// * * * * * * * * * * * * * * * * * * * * * * * * * * * * * * * * * * * * * //

dimensions      [0 1 -1 0 0 0 0];

internalField   nonuniform List<vector> 
2475
(
(0.911808 0.0109113 0)
(0.814153 0.0144522 0)
(0.713805 0.0140551 0)
(0.60981 0.0127377 0)
(0.504325 0.0112848 0)
(0.402643 0.00905871 0)
(0.317278 0.00555421 0)
(0.259935 0.00183657 0)
(0.226822 -0.000119589 0)
(0.206441 -0.00051289 0)
(0.192523 -0.000403173 0)
(0.182255 -0.000220584 0)
(0.173548 -4.92741e-05 0)
(0.16563 6.74342e-05 0)
(0.157972 0.00012506 0)
(0.150833 0.000142445 0)
(0.144004 0.000137296 0)
(0.137878 0.000124847 0)
(0.132028 0.000110281 0)
(0.126886 9.8273e-05 0)
(0.121833 8.62229e-05 0)
(0.117468 7.74478e-05 0)
(0.11296 6.93143e-05 0)
(0.109184 6.28925e-05 0)
(0.105056 5.55853e-05 0)
(0.10181 5.11108e-05 0)
(0.0979442 4.51761e-05 0)
(0.0952017 4.17097e-05 0)
(0.0914784 3.68824e-05 0)
(0.0892453 3.47755e-05 0)
(0.0855011 3.05776e-05 0)
(0.0838489 2.91493e-05 0)
(0.0798675 2.57552e-05 0)
(0.0789654 2.47749e-05 0)
(0.0743523 2.47571e-05 0)
(0.967432 0.0194964 0)
(0.959651 0.0273071 0)
(0.945091 0.0284841 0)
(0.920991 0.0278097 0)
(0.886081 0.0268611 0)
(0.840871 0.0248933 0)
(0.789282 0.0207912 0)
(0.738387 0.0148325 0)
(0.692159 0.00947026 0)
(0.649736 0.00611478 0)
(0.610158 0.00418545 0)
(0.574445 0.00309494 0)
(0.542165 0.00245735 0)
(0.513673 0.00205606 0)
(0.487746 0.00176568 0)
(0.464778 0.00153312 0)
(0.443438 0.00132732 0)
(0.424583 0.00115553 0)
(0.406573 0.00100396 0)
(0.390756 0.000884174 0)
(0.375127 0.00077606 0)
(0.361643 0.000694423 0)
(0.347689 0.00061763 0)
(0.336085 0.000558488 0)
(0.323345 0.000495382 0)
(0.313385 0.000452602 0)
(0.301465 0.000400886 0)
(0.293058 0.000369755 0)
(0.28158 0.000326457 0)
(0.274759 0.00030669 0)
(0.263252 0.000268115 0)
(0.258228 0.000257532 0)
(0.246037 0.000222216 0)
(0.243302 0.000220553 0)
(0.229383 0.000198945 0)
(0.972103 0.0183119 0)
(0.972492 0.0262264 0)
(0.974796 0.0289879 0)
(0.976121 0.0294316 0)
(0.973884 0.0294149 0)
(0.966923 0.028642 0)
(0.954357 0.0257418 0)
(0.937547 0.0207176 0)
(0.917571 0.0155932 0)
(0.895685 0.0121643 0)
(0.871352 0.0101262 0)
(0.846559 0.00880463 0)
(0.820678 0.00773295 0)
(0.795444 0.00678377 0)
(0.769487 0.00592395 0)
(0.744758 0.00517083 0)
(0.719395 0.00449169 0)
(0.695891 0.00392065 0)
(0.671631 0.00341671 0)
(0.64973 0.003006 0)
(0.626787 0.0026341 0)
(0.606848 0.00234408 0)
(0.585316 0.00207254 0)
(0.567571 0.00186464 0)
(0.547362 0.00165256 0)
(0.53183 0.00150474 0)
(0.512536 0.00133283 0)
(0.499216 0.00122724 0)
(0.480333 0.00108297 0)
(0.46942 0.00101536 0)
(0.450321 0.000886523 0)
(0.442235 0.000852218 0)
(0.421937 0.000731088 0)
(0.41748 0.000728956 0)
(0.394491 0.000636684 0)
(0.977334 0.0172459 0)
(0.977335 0.0239975 0)
(0.980087 0.0274641 0)
(0.984822 0.0283774 0)
(0.98901 0.0284084 0)
(0.992513 0.0278577 0)
(0.993502 0.0256732 0)
(0.992606 0.0216831 0)
(0.988026 0.0172468 0)
(0.981637 0.0141012 0)
(0.972032 0.0123491 0)
(0.962158 0.0113108 0)
(0.94994 0.0104352 0)
(0.938191 0.00959934 0)
(0.92386 0.00876823 0)
(0.910329 0.00800742 0)
(0.893882 0.00726494 0)
(0.878845 0.00661768 0)
(0.860572 0.00600218 0)
(0.844381 0.00548225 0)
(0.824447 0.00495985 0)
(0.807513 0.00453149 0)
(0.786198 0.00408406 0)
(0.76928 0.00372746 0)
(0.747216 0.00334096 0)
(0.731225 0.00307026 0)
(0.708649 0.00274315 0)
(0.694112 0.00254239 0)
(0.670764 0.00225519 0)
(0.658317 0.00212082 0)
(0.633859 0.00185832 0)
(0.624401 0.00178998 0)
(0.597911 0.00153911 0)
(0.592563 0.00153429 0)
(0.562482 0.00132539 0)
(0.982158 0.0168706 0)
(0.98209 0.0224428 0)
(0.983898 0.0262121 0)
(0.988602 0.027517 0)
(0.99303 0.0274513 0)
(0.998192 0.0267372 0)
(1.00135 0.0248061 0)
(1.00463 0.0214583 0)
(1.00457 0.0175515 0)
(1.00416 0.0145864 0)
(1.00037 0.0129107 0)
(0.997828 0.0120203 0)
(0.992642 0.0113117 0)
(0.989529 0.0106388 0)
(0.983196 0.0099177 0)
(0.979164 0.009264 0)
(0.971129 0.0085955 0)
(0.965882 0.00803494 0)
(0.955899 0.00747511 0)
(0.949367 0.00703033 0)
(0.937119 0.00654125 0)
(0.929117 0.0061672 0)
(0.914182 0.00571536 0)
(0.904774 0.00536323 0)
(0.887259 0.00491175 0)
(0.877258 0.00461273 0)
(0.857587 0.00419771 0)
(0.847703 0.00397061 0)
(0.82555 0.0035789 0)
(0.816254 0.00341439 0)
(0.791394 0.00302617 0)
(0.783945 0.00294207 0)
(0.755916 0.0025576 0)
(0.751541 0.00255694 0)
(0.719187 0.00221826 0)
(0.986181 0.0167807 0)
(0.986291 0.0213263 0)
(0.987254 0.0250038 0)
(0.991712 0.0266297 0)
(0.995546 0.0265862 0)
(1.00101 0.0257268 0)
(1.00389 0.0239326 0)
(1.00802 0.0210732 0)
(1.00852 0.0176182 0)
(1.01 0.0148038 0)
(1.00748 0.0130971 0)
(1.00749 0.012228 0)
(1.0042 0.0115796 0)
(1.00456 0.010994 0)
(1.00104 0.0103137 0)
(1.00155 0.00970786 0)
(0.997246 0.0090638 0)
(0.997534 0.00856097 0)
(0.992099 0.00803834 0)
(0.992046 0.00767116 0)
(0.985148 0.00723506 0)
(0.984441 0.00696037 0)
(0.975428 0.0065697 0)
(0.973675 0.00630912 0)
(0.962071 0.00587992 0)
(0.959507 0.00563432 0)
(0.945518 0.00520453 0)
(0.942728 0.00502984 0)
(0.925996 0.00462071 0)
(0.922782 0.00450265 0)
(0.902575 0.00405723 0)
(0.89973 0.00400273 0)
(0.876037 0.00354505 0)
(0.874325 0.00357067 0)
(0.846431 0.00315564 0)
(0.989221 0.0168513 0)
(0.989537 0.0205292 0)
(0.989832 0.0237352 0)
(0.994034 0.0254824 0)
(0.997211 0.0255432 0)
(1.00279 0.024658 0)
(1.00522 0.0229983 0)
(1.00961 0.0205766 0)
(1.00997 0.0175609 0)
(1.01219 0.0149344 0)
(1.00986 0.0131893 0)
(1.01077 0.0122919 0)
(1.00775 0.011651 0)
(1.00922 0.0111159 0)
(1.00631 0.0104488 0)
(1.00837 0.00985662 0)
(1.00515 0.00919931 0)
(1.00748 0.00871261 0)
(1.00368 0.00818952 0)
(1.00623 0.00785894 0)
(1.0017 0.00744317 0)
(1.00431 0.00723174 0)
(0.998606 0.00688482 0)
(1.00093 0.00670467 0)
(0.993532 0.0063117 0)
(0.995465 0.00612476 0)
(0.986454 0.00570227 0)
(0.988375 0.0055802 0)
(0.977671 0.00519894 0)
(0.979139 0.00515739 0)
(0.96566 0.00472495 0)
(0.966594 0.00471281 0)
(0.950662 0.00426102 0)
(0.951313 0.0043189 0)
(0.932439 0.00391854 0)
(0.991385 0.0172321 0)
(0.991754 0.0200908 0)
(0.991639 0.0226315 0)
(0.995495 0.0242839 0)
(0.998168 0.0244796 0)
(1.00362 0.0236793 0)
(1.00584 0.0221566 0)
(1.0102 0.0200762 0)
(1.01056 0.0174378 0)
(1.01304 0.0150105 0)
(1.01101 0.0132444 0)
(1.01217 0.0122973 0)
(1.00941 0.0116392 0)
(1.01104 0.0111391 0)
(1.00851 0.0104922 0)
(1.01075 0.0099093 0)
(1.00812 0.00923574 0)
(1.01067 0.00874478 0)
(1.00773 0.00821055 0)
(1.01054 0.00788895 0)
(1.00724 0.0074769 0)
(1.0103 0.00729059 0)
(1.00647 0.00696561 0)
(1.00958 0.00682631 0)
(1.00492 0.0064612 0)
(1.00791 0.0063019 0)
(1.0025 0.00589134 0)
(1.00554 0.0057818 0)
(0.999542 0.00543121 0)
(1.00243 0.00544054 0)
(0.99492 0.00505884 0)
(0.996996 0.00505996 0)
(0.988429 0.00465669 0)
(0.989854 0.00472495 0)
(0.979836 0.00439657 0)
(0.992805 0.0176138 0)
(0.992995 0.0197762 0)
(0.992794 0.0216998 0)
(0.996163 0.0231436 0)
(0.998597 0.0234616 0)
(1.00362 0.0228128 0)
(1.0059 0.0214337 0)
(1.00993 0.0196157 0)
(1.01058 0.0173022 0)
(1.01292 0.0150838 0)
(1.0115 0.0133386 0)
(1.01249 0.0123407 0)
(1.01033 0.0116508 0)
(1.01159 0.0111651 0)
(1.00971 0.0105462 0)
(1.01148 0.00997074 0)
(1.00965 0.00928681 0)
(1.01163 0.00877748 0)
(1.00963 0.00823094 0)
(1.01172 0.00790129 0)
(1.00955 0.00748945 0)
(1.01179 0.00730474 0)
(1.00943 0.00699142 0)
(1.01176 0.0068604 0)
(1.0091 0.00651627 0)
(1.01134 0.00635544 0)
(1.00847 0.0059596 0)
(1.01068 0.00583413 0)
(1.00774 0.00550261 0)
(1.00997 0.00552595 0)
(1.00647 0.00520144 0)
(1.00799 0.00518533 0)
(1.00428 0.00483162 0)
(1.00537 0.00488668 0)
(1.00114 0.0046339 0)
(0.993928 0.0173936 0)
(0.99374 0.0191311 0)
(0.993667 0.0206177 0)
(0.99646 0.0218256 0)
(0.998856 0.0222216 0)
(1.00324 0.0217596 0)
(1.00573 0.0205625 0)
(1.00925 0.0189861 0)
(1.01032 0.0169864 0)
(1.01231 0.0149929 0)
(1.0116 0.0133216 0)
(1.01224 0.0122958 0)
(1.01079 0.011578 0)
(1.0115 0.0110962 0)
(1.01035 0.0105165 0)
(1.01146 0.0099619 0)
(1.01047 0.00928841 0)
(1.0117 0.00876732 0)
(1.01063 0.00821911 0)
(1.01185 0.00788313 0)
(1.01068 0.00747758 0)
(1.01195 0.00728957 0)
(1.01075 0.0069872 0)
(1.01207 0.00685158 0)
(1.01082 0.00652724 0)
(1.01204 0.00635632 0)
(1.0108 0.00597856 0)
(1.01193 0.00583607 0)
(1.0107 0.00551609 0)
(1.0119 0.00553341 0)
(1.01055 0.00525704 0)
(1.01128 0.00521424 0)
(1.00997 0.00489688 0)
(1.01054 0.00492991 0)
(1.00907 0.00473267 0)
(0.994909 0.0169525 0)
(0.994297 0.0184451 0)
(0.994376 0.0196486 0)
(0.996634 0.0206271 0)
(0.999056 0.0210258 0)
(1.0028 0.0207304 0)
(1.00547 0.0197317 0)
(1.0085 0.0183741 0)
(1.00994 0.0166589 0)
(1.01158 0.0148836 0)
(1.01148 0.0133067 0)
(1.01181 0.0122677 0)
(1.01096 0.0115202 0)
(1.01121 0.0110208 0)
(1.01062 0.0104717 0)
(1.0112 0.00994362 0)
(1.01081 0.00929167 0)
(1.01148 0.00876372 0)
(1.01107 0.00821252 0)
(1.01168 0.00786802 0)
(1.01119 0.0074655 0)
(1.01178 0.00727105 0)
(1.01131 0.00697663 0)
(1.01195 0.00683219 0)
(1.01152 0.00652321 0)
(1.01209 0.00634215 0)
(1.0117 0.00598016 0)
(1.01217 0.00582732 0)
(1.01174 0.00551589 0)
(1.01228 0.00551952 0)
(1.01187 0.00527815 0)
(1.01217 0.00521106 0)
(1.01179 0.00492063 0)
(1.01204 0.00493216 0)
(1.0116 0.00477177 0)
(0.995796 0.0164311 0)
(0.994821 0.017752 0)
(0.994957 0.0187677 0)
(0.9968 0.0195626 0)
(0.9992 0.0199149 0)
(1.00243 0.0197407 0)
(1.00516 0.0189393 0)
(1.00783 0.0177832 0)
(1.00948 0.0163162 0)
(1.01089 0.0147526 0)
(1.0112 0.0132791 0)
(1.01138 0.0122414 0)
(1.01093 0.0114699 0)
(1.01093 0.0109418 0)
(1.01067 0.0104132 0)
(1.01093 0.00991769 0)
(1.01088 0.00929577 0)
(1.01125 0.00876802 0)
(1.01119 0.00821245 0)
(1.01149 0.0078587 0)
(1.01135 0.00745626 0)
(1.01162 0.00725392 0)
(1.0115 0.00696495 0)
(1.01181 0.00681126 0)
(1.01175 0.00651365 0)
(1.01203 0.00632495 0)
(1.01198 0.00597698 0)
(1.01219 0.00581776 0)
(1.01207 0.00551569 0)
(1.01231 0.00550214 0)
(1.01224 0.00528576 0)
(1.0124 0.0051988 0)
(1.01232 0.00493228 0)
(1.01243 0.00492475 0)
(1.01231 0.00478992 0)
(0.996601 0.0159076 0)
(0.995347 0.0170777 0)
(0.995427 0.0179504 0)
(0.996974 0.0185978 0)
(0.999283 0.0188828 0)
(1.00215 0.0187768 0)
(1.00482 0.0181478 0)
(1.00725 0.0171772 0)
(1.00897 0.0159243 0)
(1.01027 0.0145682 0)
(1.01081 0.013209 0)
(1.01099 0.0121898 0)
(1.01077 0.011409 0)
(1.01068 0.0108561 0)
(1.01058 0.0103348 0)
(1.01071 0.00986801 0)
(1.01079 0.00927939 0)
(1.01104 0.00875966 0)
(1.01115 0.00820481 0)
(1.01133 0.00784378 0)
(1.01134 0.00744249 0)
(1.01149 0.0072317 0)
(1.01152 0.00694771 0)
(1.0117 0.00678481 0)
(1.01177 0.00649678 0)
(1.01196 0.00630164 0)
(1.01202 0.00596853 0)
(1.01214 0.00580378 0)
(1.01214 0.00551503 0)
(1.01226 0.00548281 0)
(1.01231 0.00528567 0)
(1.01243 0.00518189 0)
(1.01244 0.00493934 0)
(1.0125 0.00491515 0)
(1.01247 0.00480011 0)
(0.997329 0.015388 0)
(0.995851 0.0164092 0)
(0.995802 0.017154 0)
(0.997127 0.0176794 0)
(0.999303 0.0178988 0)
(1.00192 0.0178275 0)
(1.00446 0.0173369 0)
(1.00672 0.0165412 0)
(1.00845 0.0154765 0)
(1.00969 0.01432 0)
(1.01036 0.0130936 0)
(1.01061 0.0121128 0)
(1.01052 0.0113393 0)
(1.01045 0.0107707 0)
(1.01042 0.0102427 0)
(1.01051 0.00979601 0)
(1.01063 0.0092456 0)
(1.01085 0.00874257 0)
(1.01102 0.00819576 0)
(1.01119 0.00782673 0)
(1.01126 0.00742581 0)
(1.01137 0.00720304 0)
(1.01146 0.00692465 0)
(1.0116 0.00675382 0)
(1.01172 0.00647736 0)
(1.01188 0.00627669 0)
(1.01197 0.00595968 0)
(1.01207 0.00578702 0)
(1.01211 0.00551358 0)
(1.0122 0.00546224 0)
(1.01229 0.00528196 0)
(1.0124 0.0051639 0)
(1.01243 0.00494444 0)
(1.01248 0.00490573 0)
(1.01249 0.00480686 0)
(0.997986 0.0148176 0)
(0.99631 0.0156997 0)
(0.996102 0.0163334 0)
(0.997245 0.0167733 0)
(0.99928 0.0169465 0)
(1.00172 0.0169003 0)
(1.00411 0.0165212 0)
(1.00624 0.0158866 0)
(1.00793 0.014991 0)
(1.00913 0.0140153 0)
(1.00987 0.0129396 0)
(1.0102 0.0120095 0)
(1.01022 0.0112472 0)
(1.01019 0.0106692 0)
(1.01021 0.01013 0)
(1.0103 0.00969457 0)
(1.01043 0.00918749 0)
(1.01064 0.00870881 0)
(1.01085 0.00817953 0)
(1.01102 0.00780544 0)
(1.01113 0.00740794 0)
(1.01124 0.00717075 0)
(1.01136 0.00689774 0)
(1.01149 0.00671757 0)
(1.01163 0.00645251 0)
(1.01178 0.00624598 0)
(1.01189 0.0059474 0)
(1.01198 0.00576732 0)
(1.01204 0.00551119 0)
(1.01211 0.00544068 0)
(1.01222 0.00527458 0)
(1.01233 0.00514468 0)
(1.01238 0.00494704 0)
(1.01242 0.00489636 0)
(1.01245 0.00481106 0)
(0.998576 0.0142053 0)
(0.996716 0.0149714 0)
(0.996351 0.0155158 0)
(0.997333 0.0158971 0)
(0.999231 0.0160381 0)
(1.00152 0.0160078 0)
(1.00379 0.0157149 0)
(1.00579 0.0152156 0)
(1.00743 0.0144776 0)
(1.00861 0.013659 0)
(1.00937 0.0127398 0)
(1.00976 0.0118758 0)
(1.00988 0.0111335 0)
(1.0099 0.0105614 0)
(1.00996 0.0100216 0)
(1.01006 0.00958693 0)
(1.0102 0.0091186 0)
(1.01041 0.00866362 0)
(1.01064 0.00815454 0)
(1.01083 0.00777654 0)
(1.01097 0.00738501 0)
(1.01109 0.00713305 0)
(1.01123 0.00686551 0)
(1.01136 0.00667684 0)
(1.01151 0.00642456 0)
(1.01165 0.00621321 0)
(1.01177 0.00593267 0)
(1.01187 0.00574473 0)
(1.01194 0.0055046 0)
(1.01201 0.00541708 0)
(1.01213 0.00526313 0)
(1.01223 0.00512479 0)
(1.0123 0.0049457 0)
(1.01233 0.0048863 0)
(1.01238 0.0048115 0)
(0.999115 0.0135825 0)
(0.997082 0.0142588 0)
(0.996564 0.0147334 0)
(0.997397 0.0150663 0)
(0.999163 0.0151887 0)
(1.00133 0.0151658 0)
(1.00348 0.0149407 0)
(1.00538 0.0145499 0)
(1.00695 0.0139566 0)
(1.0081 0.0132688 0)
(1.00887 0.0124911 0)
(1.00931 0.011713 0)
(1.0095 0.0110037 0)
(1.00957 0.0104463 0)
(1.00968 0.00991653 0)
(1.0098 0.00947347 0)
(1.00995 0.00903522 0)
(1.01016 0.00860734 0)
(1.01041 0.00812595 0)
(1.01061 0.00775191 0)
(1.01078 0.00737102 0)
(1.01092 0.00710451 0)
(1.01108 0.00683896 0)
(1.01121 0.00663988 0)
(1.01136 0.00639845 0)
(1.0115 0.00618428 0)
(1.01164 0.00592166 0)
(1.01173 0.00572888 0)
(1.01182 0.00550316 0)
(1.01188 0.00540017 0)
(1.01202 0.00525434 0)
(1.01211 0.0051111 0)
(1.01219 0.00494731 0)
(1.01222 0.00488183 0)
(1.01229 0.00481457 0)
(0.999616 0.0129338 0)
(0.997418 0.0135221 0)
(0.996749 0.0139336 0)
(0.997442 0.0142184 0)
(0.999085 0.0143331 0)
(1.00114 0.0143149 0)
(1.00319 0.0141465 0)
(1.005 0.0138475 0)
(1.00651 0.0133823 0)
(1.00762 0.0128122 0)
(1.00838 0.0121602 0)
(1.00884 0.0114878 0)
(1.0091 0.0108291 0)
(1.00922 0.0102879 0)
(1.00936 0.0097779 0)
(1.00952 0.00932625 0)
(1.00968 0.00890833 0)
(1.00989 0.008509 0)
(1.01016 0.00805888 0)
(1.01038 0.0076922 0)
(1.01057 0.00732574 0)
(1.01072 0.00704733 0)
(1.0109 0.00678554 0)
(1.01103 0.00657935 0)
(1.0112 0.00634975 0)
(1.01134 0.00613452 0)
(1.01148 0.00588982 0)
(1.01157 0.00569388 0)
(1.01168 0.00548276 0)
(1.01174 0.00536765 0)
(1.01189 0.00523005 0)
(1.01198 0.00508408 0)
(1.01207 0.0049356 0)
(1.0121 0.00486542 0)
(1.01218 0.00480712 0)
(1.00006 0.0123432 0)
(0.997717 0.0128448 0)
(0.996908 0.0132052 0)
(0.997477 0.0134503 0)
(0.999007 0.0135641 0)
(1.00097 0.0135571 0)
(1.00294 0.013434 0)
(1.00467 0.0132101 0)
(1.00611 0.0128461 0)
(1.00718 0.0123815 0)
(1.00793 0.0118331 0)
(1.0084 0.01126 0)
(1.0087 0.0106633 0)
(1.00886 0.0101372 0)
(1.00903 0.00965268 0)
(1.00921 0.0092021 0)
(1.00941 0.00879689 0)
(1.00961 0.00842424 0)
(1.00989 0.00800374 0)
(1.01013 0.00764536 0)
(1.01035 0.00729562 0)
(1.01051 0.00700979 0)
(1.01072 0.00674874 0)
(1.01085 0.00653567 0)
(1.01103 0.00631332 0)
(1.01116 0.00609824 0)
(1.01131 0.00586771 0)
(1.0114 0.0056719 0)
(1.01153 0.0054709 0)
(1.01159 0.00534648 0)
(1.01175 0.0052122 0)
(1.01183 0.00506744 0)
(1.01194 0.0049284 0)
(1.01196 0.00485688 0)
(1.01206 0.0048021 0)
(1.00048 0.0117011 0)
(0.998001 0.0121326 0)
(0.997066 0.0124555 0)
(0.99752 0.012676 0)
(0.998949 0.0127911 0)
(1.00081 0.0128056 0)
(1.00272 0.0127178 0)
(1.00437 0.0125552 0)
(1.00575 0.0122737 0)
(1.00677 0.0119056 0)
(1.00751 0.0114502 0)
(1.00797 0.0109648 0)
(1.00829 0.0104465 0)
(1.00849 0.00994959 0)
(1.0087 0.00949819 0)
(1.0089 0.00906556 0)
(1.00913 0.00866976 0)
(1.00934 0.0083191 0)
(1.00963 0.00792796 0)
(1.00989 0.00758151 0)
(1.01013 0.00725261 0)
(1.0103 0.00696801 0)
(1.01053 0.00670717 0)
(1.01066 0.00648955 0)
(1.01085 0.00627291 0)
(1.01098 0.00606167 0)
(1.01115 0.00584384 0)
(1.01124 0.00565185 0)
(1.01138 0.00545979 0)
(1.01144 0.00533026 0)
(1.01161 0.00519694 0)
(1.01168 0.00505551 0)
(1.01181 0.00492442 0)
(1.01183 0.00485359 0)
(1.01194 0.00480128 0)
(1.00086 0.0110035 0)
(0.998262 0.0113803 0)
(0.997215 0.01167 0)
(0.997564 0.0118751 0)
(0.998904 0.011989 0)
(1.00069 0.0120253 0)
(1.00253 0.011966 0)
(1.00412 0.0118507 0)
(1.00544 0.011642 0)
(1.00641 0.0113574 0)
(1.00712 0.0109943 0)
(1.00757 0.0105866 0)
(1.0079 0.0101521 0)
(1.00813 0.00969996 0)
(1.00836 0.00928192 0)
(1.00859 0.0088742 0)
(1.00884 0.00848618 0)
(1.00906 0.00815124 0)
(1.00937 0.00779225 0)
(1.00963 0.00746044 0)
(1.0099 0.00715482 0)
(1.01009 0.00687766 0)
(1.01034 0.00662285 0)
(1.01048 0.00640463 0)
(1.01068 0.00619608 0)
(1.0108 0.00598853 0)
(1.01098 0.00578385 0)
(1.01107 0.00559546 0)
(1.01122 0.00541448 0)
(1.01129 0.00528139 0)
(1.01147 0.00515433 0)
(1.01153 0.00501547 0)
(1.01167 0.0048954 0)
(1.01169 0.00482271 0)
(1.01183 0.00477874 0)
(1.00125 0.010452 0)
(0.998536 0.0107783 0)
(0.997388 0.0110308 0)
(0.997639 0.0112177 0)
(0.998896 0.0113242 0)
(1.0006 0.0113706 0)
(1.00238 0.0113332 0)
(1.00392 0.0112484 0)
(1.00518 0.0110972 0)
(1.0061 0.0108757 0)
(1.00678 0.0105903 0)
(1.00722 0.0102447 0)
(1.00755 0.00987778 0)
(1.00778 0.00947976 0)
(1.00804 0.00909182 0)
(1.00828 0.00871321 0)
(1.00856 0.00834094 0)
(1.0088 0.00802298 0)
(1.00912 0.00769593 0)
(1.0094 0.00737991 0)
(1.00968 0.00709188 0)
(1.00988 0.00682429 0)
(1.01015 0.00657225 0)
(1.0103 0.00635379 0)
(1.01051 0.0061481 0)
(1.01064 0.0059447 0)
(1.01082 0.0057499 0)
(1.01091 0.00556924 0)
(1.01108 0.00539546 0)
(1.01115 0.00526088 0)
(1.01133 0.00513299 0)
(1.0114 0.0049991 0)
(1.01155 0.0048845 0)
(1.01158 0.0048141 0)
(1.01172 0.00477043 0)
(1.00163 0.00987727 0)
(0.998818 0.0101547 0)
(0.997581 0.0103695 0)
(0.997745 0.0105347 0)
(0.998929 0.0106357 0)
(1.00056 0.0106887 0)
(1.00229 0.0106793 0)
(1.00378 0.0106242 0)
(1.005 0.0105246 0)
(1.00588 0.0103593 0)
(1.00652 0.0101413 0)
(1.00694 0.00986021 0)
(1.00726 0.00955395 0)
(1.00749 0.00922002 0)
(1.00777 0.00886893 0)
(1.00801 0.00852503 0)
(1.00833 0.00817678 0)
(1.00858 0.00787154 0)
(1.00891 0.00756683 0)
(1.0092 0.0072644 0)
(1.00951 0.00699293 0)
(1.00972 0.00674392 0)
(1.01 0.00650154 0)
(1.01016 0.00629025 0)
(1.01038 0.00609168 0)
(1.01051 0.00589546 0)
(1.01071 0.00570633 0)
(1.0108 0.00553167 0)
(1.01098 0.00536278 0)
(1.01105 0.00523214 0)
(1.01125 0.00510754 0)
(1.0113 0.00498054 0)
(1.01147 0.00486843 0)
(1.01149 0.00480143 0)
(1.01166 0.004758 0)
(1.00198 0.00922728 0)
(0.999074 0.00946971 0)
(0.997759 0.00966263 0)
(0.99785 0.00981429 0)
(0.998971 0.00992042 0)
(1.00054 0.00998344 0)
(1.00222 0.0100039 0)
(1.00367 0.0099751 0)
(1.00485 0.00991356 0)
(1.00568 0.00979366 0)
(1.00629 0.00962897 0)
(1.00667 0.00940973 0)
(1.00699 0.00915543 0)
(1.00721 0.00887892 0)
(1.00749 0.00857121 0)
(1.00775 0.00826433 0)
(1.00809 0.00794971 0)
(1.00836 0.00766074 0)
(1.00871 0.00738549 0)
(1.00901 0.00710529 0)
(1.00934 0.00685583 0)
(1.00955 0.00662678 0)
(1.00985 0.00639595 0)
(1.01002 0.00618816 0)
(1.01026 0.00599682 0)
(1.01038 0.00580632 0)
(1.0106 0.00562955 0)
(1.01069 0.00546407 0)
(1.01089 0.00530728 0)
(1.01095 0.00517759 0)
(1.01116 0.00505738 0)
(1.01121 0.00493361 0)
(1.0114 0.00483177 0)
(1.01142 0.00476483 0)
(1.01161 0.00472748 0)
(1.00229 0.0086503 0)
(0.999303 0.00886088 0)
(0.997919 0.0090343 0)
(0.997947 0.00917066 0)
(0.999012 0.00927538 0)
(1.00053 0.00934075 0)
(1.00216 0.00937525 0)
(1.00357 0.00936458 0)
(1.00471 0.00932783 0)
(1.0055 0.00924855 0)
(1.00608 0.00913025 0)
(1.00643 0.00896988 0)
(1.00673 0.00876596 0)
(1.00694 0.00854295 0)
(1.00722 0.00828454 0)
(1.00748 0.00801679 0)
(1.00784 0.00773614 0)
(1.00812 0.00746552 0)
(1.00848 0.00721707 0)
(1.00879 0.00695798 0)
(1.00915 0.00672029 0)
(1.00937 0.00650786 0)
(1.00969 0.00629241 0)
(1.00986 0.00609713 0)
(1.01011 0.00591863 0)
(1.01024 0.00573756 0)
(1.01047 0.00556819 0)
(1.01056 0.00540909 0)
(1.01077 0.0052577 0)
(1.01084 0.00513278 0)
(1.01106 0.00501916 0)
(1.01111 0.00490232 0)
(1.01132 0.00480414 0)
(1.01134 0.00473971 0)
(1.01154 0.00470371 0)
(1.00257 0.00811335 0)
(0.999513 0.00829295 0)
(0.998066 0.00844484 0)
(0.998037 0.00856542 0)
(0.999053 0.00866301 0)
(1.00052 0.00872902 0)
(1.00211 0.00877149 0)
(1.00348 0.00878104 0)
(1.00459 0.00876677 0)
(1.00534 0.00872392 0)
(1.00589 0.00864249 0)
(1.00621 0.00852829 0)
(1.0065 0.00836709 0)
(1.00668 0.00818714 0)
(1.00696 0.00797283 0)
(1.00722 0.00774325 0)
(1.00758 0.00749633 0)
(1.00788 0.00725028 0)
(1.00826 0.00702909 0)
(1.00858 0.00679678 0)
(1.00895 0.00657494 0)
(1.00918 0.00638486 0)
(1.00951 0.00618677 0)
(1.0097 0.0060032 0)
(1.00996 0.00583171 0)
(1.01009 0.00566029 0)
(1.01034 0.00549775 0)
(1.01042 0.00535044 0)
(1.01066 0.00520845 0)
(1.01072 0.00509186 0)
(1.01095 0.00497884 0)
(1.011 0.00486972 0)
(1.01123 0.00477542 0)
(1.01125 0.00471748 0)
(1.01147 0.00467984 0)
(1.00281 0.00754791 0)
(0.99969 0.0076998 0)
(0.99819 0.00783103 0)
(0.998112 0.00793855 0)
(0.999089 0.00802941 0)
(1.00052 0.00809856 0)
(1.00208 0.0081493 0)
(1.0034 0.00817782 0)
(1.00449 0.00818227 0)
(1.00521 0.00816554 0)
(1.00573 0.00811291 0)
(1.00601 0.00803401 0)
(1.00627 0.00791337 0)
(1.00644 0.00777261 0)
(1.00671 0.00760435 0)
(1.00696 0.00741549 0)
(1.00733 0.00721024 0)
(1.00764 0.00699359 0)
(1.00804 0.00679687 0)
(1.00835 0.00659085 0)
(1.00875 0.00638767 0)
(1.00898 0.00621639 0)
(1.00933 0.00603674 0)
(1.00952 0.00586446 0)
(1.0098 0.00570814 0)
(1.00994 0.0055503 0)
(1.0102 0.00540076 0)
(1.01028 0.00526165 0)
(1.01053 0.00512698 0)
(1.01059 0.00501488 0)
(1.01084 0.00491262 0)
(1.01089 0.0048103 0)
(1.01113 0.00472362 0)
(1.01115 0.00466648 0)
(1.01139 0.0046351 0)
(1.00301 0.00700288 0)
(0.999833 0.00713306 0)
(0.998289 0.00724842 0)
(0.998171 0.00734633 0)
(0.999117 0.00743205 0)
(1.00051 0.00750319 0)
(1.00204 0.00755885 0)
(1.00334 0.00759891 0)
(1.0044 0.00761698 0)
(1.00508 0.00761916 0)
(1.00557 0.00759354 0)
(1.00582 0.00754543 0)
(1.00607 0.00746659 0)
(1.00622 0.00736151 0)
(1.00648 0.00723655 0)
(1.00671 0.00708168 0)
(1.00707 0.00691838 0)
(1.00739 0.00673169 0)
(1.0078 0.00655851 0)
(1.00811 0.0063815 0)
(1.00854 0.0062014 0)
(1.00878 0.00604442 0)
(1.00914 0.0058894 0)
(1.00933 0.00573113 0)
(1.00963 0.0055911 0)
(1.00976 0.00544156 0)
(1.01004 0.00530302 0)
(1.01012 0.00516914 0)
(1.01038 0.0050496 0)
(1.01045 0.00494238 0)
(1.01071 0.00484969 0)
(1.01075 0.00474827 0)
(1.01102 0.00467284 0)
(1.01103 0.00461436 0)
(1.0113 0.00459115 0)
(1.00316 0.0064459 0)
(0.999942 0.0065625 0)
(0.998362 0.00666362 0)
(0.998209 0.00675594 0)
(0.999129 0.00683384 0)
(1.0005 0.00690694 0)
(1.002 0.0069632 0)
(1.00327 0.00701453 0)
(1.0043 0.00704508 0)
(1.00496 0.00706869 0)
(1.00543 0.00706916 0)
(1.00565 0.00705331 0)
(1.00587 0.00701182 0)
(1.006 0.00694112 0)
(1.00624 0.00685145 0)
(1.00646 0.00673189 0)
(1.00682 0.00660345 0)
(1.00713 0.00645656 0)
(1.00755 0.00630621 0)
(1.00787 0.00616784 0)
(1.0083 0.00600888 0)
(1.00856 0.00587087 0)
(1.00892 0.00573432 0)
(1.00912 0.00559586 0)
(1.00943 0.00546355 0)
(1.00957 0.0053327 0)
(1.00985 0.00520148 0)
(1.00994 0.0050833 0)
(1.01022 0.00496402 0)
(1.01028 0.00486805 0)
(1.01056 0.00477444 0)
(1.0106 0.00468727 0)
(1.01088 0.00460704 0)
(1.0109 0.00455919 0)
(1.01118 0.00452349 0)
(1.00329 0.00584772 0)
(1.00002 0.00595415 0)
(0.998412 0.00604414 0)
(0.998226 0.00613032 0)
(0.999125 0.00620229 0)
(1.00047 0.0062754 0)
(1.00195 0.00633531 0)
(1.0032 0.00639592 0)
(1.00422 0.00644208 0)
(1.00485 0.00648375 0)
(1.0053 0.00650931 0)
(1.00549 0.00651936 0)
(1.00569 0.00651049 0)
(1.00578 0.00647485 0)
(1.00601 0.00642355 0)
(1.00621 0.00634748 0)
(1.00657 0.00625681 0)
(1.00687 0.00615378 0)
(1.00731 0.00603421 0)
(1.00761 0.0059307 0)
(1.00806 0.00580376 0)
(1.00831 0.0056924 0)
(1.0087 0.0055821 0)
(1.00889 0.00546946 0)
(1.00922 0.0053568 0)
(1.00935 0.00524919 0)
(1.00965 0.00513422 0)
(1.00973 0.00503266 0)
(1.01003 0.00492546 0)
(1.01009 0.00484526 0)
(1.01039 0.00476123 0)
(1.01042 0.00468578 0)
(1.01073 0.00461115 0)
(1.01074 0.00457203 0)
(1.01105 0.00453644 0)
(1.00349 0.00448254 0)
(1.00013 0.00452348 0)
(0.998448 0.0045643 0)
(0.998199 0.00460795 0)
(0.999057 0.00465528 0)
(1.00036 0.00470729 0)
(1.00182 0.00476342 0)
(1.00303 0.00482032 0)
(1.00402 0.00487873 0)
(1.0046 0.00493052 0)
(1.005 0.00497995 0)
(1.00514 0.00501321 0)
(1.00528 0.00504007 0)
(1.00532 0.00504514 0)
(1.00551 0.00504308 0)
(1.00566 0.00502056 0)
(1.006 0.00498935 0)
(1.00626 0.00494425 0)
(1.00671 0.00489112 0)
(1.00701 0.00483686 0)
(1.00746 0.0047788 0)
(1.00773 0.00471691 0)
(1.00813 0.00466311 0)
(1.00833 0.00459681 0)
(1.00868 0.00453661 0)
(1.0088 0.00446483 0)
(1.00913 0.0043976 0)
(1.00922 0.00432666 0)
(1.00954 0.0042671 0)
(1.00959 0.00421129 0)
(1.00992 0.0041668 0)
(1.00996 0.00411029 0)
(1.0103 0.00407345 0)
(1.01031 0.00404334 0)
(1.01066 0.00403701 0)
(1.00226 0.00319403 0)
(0.999 0.00326104 0)
(0.997421 0.00333638 0)
(0.997282 0.00341962 0)
(0.998237 0.00350634 0)
(0.99962 0.00359607 0)
(1.00113 0.00368557 0)
(1.00236 0.00377479 0)
(1.00335 0.0038618 0)
(1.00391 0.00394587 0)
(1.00428 0.00402692 0)
(1.00436 0.00410419 0)
(1.00445 0.00417882 0)
(1.00443 0.0042485 0)
(1.00457 0.00431356 0)
(1.00468 0.00437236 0)
(1.00498 0.00442423 0)
(1.00522 0.00446968 0)
(1.00564 0.00450444 0)
(1.00593 0.00453235 0)
(1.00637 0.00454924 0)
(1.00663 0.00455954 0)
(1.00702 0.00455807 0)
(1.00721 0.00454813 0)
(1.00757 0.00452927 0)
(1.00769 0.00449896 0)
(1.00802 0.00446492 0)
(1.00811 0.00443003 0)
(1.00843 0.00439316 0)
(1.00851 0.00436837 0)
(1.00884 0.00434057 0)
(1.0089 0.00430395 0)
(1.00925 0.0042709 0)
(1.00928 0.00425111 0)
(1.00964 0.0042368 0)
(1.0027 -0.00295516 0)
(0.999442 -0.00263448 0)
(0.997827 -0.00205069 0)
(0.997579 -0.0013434 0)
(0.998412 -0.000642286 0)
(0.999642 -3.27033e-05 0)
(1.00103 0.000444364 0)
(1.00214 0.000788043 0)
(1.00304 0.00102037 0)
(1.00352 0.00117685 0)
(1.00386 0.0012977 0)
(1.0039 0.00141438 0)
(1.00399 0.00155136 0)
(1.00394 0.00171562 0)
(1.00407 0.00190914 0)
(1.00411 0.00212058 0)
(1.00438 0.0023394 0)
(1.00453 0.00255208 0)
(1.0049 0.00274727 0)
(1.00509 0.00291984 0)
(1.00548 0.0030626 0)
(1.00565 0.00317896 0)
(1.00602 0.00326927 0)
(1.00614 0.00333598 0)
(1.0065 0.00338574 0)
(1.00657 0.00341786 0)
(1.00692 0.00344359 0)
(1.00697 0.00346436 0)
(1.00733 0.00348312 0)
(1.00736 0.00350801 0)
(1.00774 0.0035271 0)
(1.00775 0.00353073 0)
(1.00816 0.0035327 0)
(1.00816 0.00353597 0)
(1.0086 0.00353642 0)
(1.00028 -0.00349475 0)
(1.00367 -0.0031977 0)
(1.00554 -0.00263781 0)
(1.00589 -0.00195413 0)
(1.0053 -0.00127478 0)
(1.00416 -0.000684868 0)
(1.00302 -0.000224164 0)
(1.00201 0.000106208 0)
(1.0014 0.000328772 0)
(1.00104 0.00047854 0)
(1.00105 0.000595885 0)
(1.00116 0.000710998 0)
(1.00146 0.000848482 0)
(1.00169 0.00101395 0)
(1.00199 0.00121089 0)
(1.00213 0.00142666 0)
(1.00233 0.00165319 0)
(1.00236 0.00187489 0)
(1.0025 0.00208337 0)
(1.00249 0.00227161 0)
(1.00263 0.00243427 0)
(1.00264 0.00257279 0)
(1.00284 0.00268861 0)
(1.00287 0.0027824 0)
(1.00312 0.00286162 0)
(1.00318 0.0029223 0)
(1.00347 0.00297805 0)
(1.00353 0.00302623 0)
(1.00383 0.00307249 0)
(1.00388 0.00312154 0)
(1.0042 0.00316421 0)
(1.00424 0.0031875 0)
(1.00457 0.00320791 0)
(1.00459 0.00322335 0)
(1.00495 0.00323289 0)
(1.00053 0.00115881 0)
(1.00395 0.00118428 0)
(1.00579 0.00121659 0)
(1.00607 0.0012563 0)
(1.00539 0.00130018 0)
(1.00415 0.0013493 0)
(1.00293 0.00140107 0)
(1.00186 0.00145726 0)
(1.0012 0.00151553 0)
(1.00081 0.0015773 0)
(1.00081 0.00164142 0)
(1.00091 0.00170908 0)
(1.00122 0.00178049 0)
(1.00143 0.00185496 0)
(1.00173 0.00193323 0)
(1.00183 0.0020136 0)
(1.00199 0.00209704 0)
(1.00196 0.00218194 0)
(1.00204 0.0022663 0)
(1.00195 0.00235161 0)
(1.00204 0.00243276 0)
(1.00198 0.00251404 0)
(1.00213 0.00258659 0)
(1.00211 0.0026538 0)
(1.00233 0.00271291 0)
(1.00234 0.0027603 0)
(1.00261 0.00280224 0)
(1.00263 0.00284014 0)
(1.00293 0.00287268 0)
(1.00294 0.00291123 0)
(1.00326 0.00293994 0)
(1.00326 0.00295438 0)
(1.0036 0.00296345 0)
(1.00359 0.00297327 0)
(1.00396 0.00297473 0)
(0.998731 0.000811104 0)
(1.00229 0.000798387 0)
(1.00428 0.000791697 0)
(1.00472 0.000791977 0)
(1.00418 0.0008004 0)
(1.00307 0.000816602 0)
(1.00195 0.000840355 0)
(1.00096 0.000870049 0)
(1.00034 0.000905577 0)
(0.99999 0.000944449 0)
(1 0.000987511 0)
(1.00012 0.00103154 0)
(1.00043 0.00107946 0)
(1.00066 0.00112746 0)
(1.00096 0.0011805 0)
(1.00109 0.00123421 0)
(1.00126 0.00129402 0)
(1.00125 0.00135597 0)
(1.00133 0.00142383 0)
(1.00125 0.00149506 0)
(1.00132 0.0015699 0)
(1.00125 0.00164646 0)
(1.00136 0.00172338 0)
(1.00133 0.0017958 0)
(1.0015 0.00186658 0)
(1.00151 0.00192587 0)
(1.00173 0.00198464 0)
(1.00175 0.0020359 0)
(1.002 0.00208642 0)
(1.00202 0.00213708 0)
(1.00229 0.00218314 0)
(1.0023 0.00221165 0)
(1.00259 0.00223918 0)
(1.00259 0.00225928 0)
(1.00291 0.00227364 0)
(0.998609 0.00106719 0)
(1.00219 0.00108375 0)
(1.00418 0.0011014 0)
(1.00464 0.00112137 0)
(1.0041 0.00114266 0)
(1.00301 0.00116663 0)
(1.00189 0.00119205 0)
(1.00091 0.00122011 0)
(1.00028 0.00124969 0)
(0.999939 0.00128143 0)
(0.999939 0.00131483 0)
(1.00007 0.00134956 0)
(1.00036 0.00138628 0)
(1.0006 0.00142357 0)
(1.00088 0.00146328 0)
(1.00102 0.00150348 0)
(1.00117 0.00154633 0)
(1.00116 0.00159091 0)
(1.00122 0.00163774 0)
(1.00114 0.00168828 0)
(1.00118 0.00173963 0)
(1.0011 0.0017949 0)
(1.00117 0.0018491 0)
(1.00114 0.00190257 0)
(1.00126 0.00195394 0)
(1.00126 0.00199884 0)
(1.00143 0.00204218 0)
(1.00145 0.00208253 0)
(1.00165 0.00212022 0)
(1.00167 0.00216138 0)
(1.00188 0.00219475 0)
(1.0019 0.00221544 0)
(1.00213 0.00223203 0)
(1.00214 0.00224612 0)
(1.00239 0.00225211 0)
(0.998249 0.000918405 0)
(1.00182 0.000926239 0)
(1.00382 0.000934438 0)
(1.00429 0.000943855 0)
(1.00375 0.000953868 0)
(1.00267 0.000965451 0)
(1.00155 0.000977836 0)
(1.00058 0.000991857 0)
(0.999966 0.00100686 0)
(0.999626 0.00102321 0)
(0.999634 0.00104078 0)
(0.999769 0.00105912 0)
(1.00007 0.001079 0)
(1.00032 0.00109904 0)
(1.0006 0.00112104 0)
(1.00074 0.00114313 0)
(1.00089 0.00116748 0)
(1.00089 0.00119301 0)
(1.00095 0.00122069 0)
(1.00087 0.00125141 0)
(1.0009 0.00128349 0)
(1.00083 0.00131915 0)
(1.0009 0.00135497 0)
(1.00085 0.00139101 0)
(1.00097 0.00142671 0)
(1.00096 0.00145802 0)
(1.00112 0.00148966 0)
(1.00112 0.00151972 0)
(1.00131 0.00154907 0)
(1.00131 0.00158198 0)
(1.00151 0.00160972 0)
(1.00151 0.00162712 0)
(1.00173 0.00164181 0)
(1.00172 0.00165401 0)
(1.00197 0.00165992 0)
(0.998118 0.000770263 0)
(1.0017 0.00078156 0)
(1.0037 0.000793475 0)
(1.00417 0.00080648 0)
(1.00363 0.000820148 0)
(1.00256 0.000835059 0)
(1.00144 0.000850715 0)
(1.00048 0.000867584 0)
(0.999858 0.000885294 0)
(0.999531 0.000903914 0)
(0.999532 0.000923534 0)
(0.99968 0.000943515 0)
(0.999973 0.000964745 0)
(1.00023 0.000985769 0)
(1.00051 0.00100836 0)
(1.00066 0.00103065 0)
(1.0008 0.00105477 0)
(1.00081 0.00107943 0)
(1.00085 0.00110585 0)
(1.00079 0.00113436 0)
(1.0008 0.00116401 0)
(1.00074 0.00119622 0)
(1.00078 0.00122863 0)
(1.00075 0.00126088 0)
(1.00083 0.00129304 0)
(1.00084 0.00132127 0)
(1.00096 0.00135022 0)
(1.00097 0.00137763 0)
(1.00112 0.00140501 0)
(1.00113 0.00143514 0)
(1.00129 0.00146131 0)
(1.0013 0.00147838 0)
(1.00147 0.00149354 0)
(1.00147 0.00150576 0)
(1.00165 0.00151244 0)
(0.998051 0.00064623 0)
(1.00163 0.000655884 0)
(1.00363 0.000665836 0)
(1.0041 0.000676701 0)
(1.00356 0.000687854 0)
(1.00248 0.000700018 0)
(1.00136 0.000712467 0)
(1.0004 0.000725875 0)
(0.999779 0.00073958 0)
(0.999451 0.000753973 0)
(0.999448 0.000768731 0)
(0.999594 0.000783714 0)
(0.999884 0.000799214 0)
(1.00014 0.000814476 0)
(1.00041 0.000830469 0)
(1.00056 0.000846149 0)
(1.0007 0.000862727 0)
(1.00071 0.000879709 0)
(1.00074 0.0008975 0)
(1.00067 0.000917003 0)
(1.00068 0.000936799 0)
(1.00061 0.000958764 0)
(1.00065 0.000980271 0)
(1.00061 0.00100184 0)
(1.00069 0.00102277 0)
(1.00068 0.00104084 0)
(1.00079 0.001059 0)
(1.0008 0.00107644 0)
(1.00093 0.00109344 0)
(1.00094 0.00111342 0)
(1.00108 0.00112984 0)
(1.00108 0.00113984 0)
(1.00123 0.00114811 0)
(1.00123 0.0011554 0)
(1.00139 0.00115849 0)
(0.997994 0.000511152 0)
(1.00158 0.000518707 0)
(1.00357 0.000526582 0)
(1.00404 0.000535086 0)
(1.0035 0.000543917 0)
(1.00242 0.000553446 0)
(1.0013 0.000563312 0)
(1.00034 0.000573819 0)
(0.999711 0.000584688 0)
(0.999386 0.000595973 0)
(0.999377 0.000607694 0)
(0.999527 0.000619458 0)
(0.99981 0.000631805 0)
(1.00007 0.000643815 0)
(1.00033 0.000656607 0)
(1.00049 0.000668983 0)
(1.00061 0.000682303 0)
(1.00063 0.000695755 0)
(1.00065 0.000710114 0)
(1.00059 0.000725619 0)
(1.00058 0.000741657 0)
(1.00052 0.000759196 0)
(1.00054 0.000776717 0)
(1.00051 0.00079407 0)
(1.00057 0.000811321 0)
(1.00057 0.000826097 0)
(1.00067 0.000841442 0)
(1.00068 0.000855995 0)
(1.00079 0.000870778 0)
(1.0008 0.000887683 0)
(1.00092 0.000902367 0)
(1.00092 0.000911637 0)
(1.00104 0.000920082 0)
(1.00105 0.000927088 0)
(1.00117 0.000930926 0)
(0.997955 0.000385684 0)
(1.00154 0.000391628 0)
(1.00353 0.00039777 0)
(1.004 0.000404464 0)
(1.00345 0.000411342 0)
(1.00238 0.000418827 0)
(1.00126 0.00042649 0)
(1.00029 0.000434726 0)
(0.999663 0.000443148 0)
(0.999339 0.000451982 0)
(0.999326 0.000461042 0)
(0.999477 0.000470238 0)
(0.999756 0.00047975 0)
(1.00002 0.000489115 0)
(1.00027 0.000498923 0)
(1.00043 0.00050853 0)
(1.00055 0.00051868 0)
(1.00057 0.00052905 0)
(1.00058 0.000539911 0)
(1.00052 0.00055177 0)
(1.00051 0.000563814 0)
(1.00045 0.000577142 0)
(1.00046 0.000590208 0)
(1.00043 0.000603317 0)
(1.00048 0.000616061 0)
(1.00048 0.000627109 0)
(1.00056 0.000638258 0)
(1.00058 0.000648987 0)
(1.00067 0.000659514 0)
(1.00068 0.000671846 0)
(1.00078 0.000682079 0)
(1.00079 0.000688476 0)
(1.00089 0.000693859 0)
(1.00089 0.000698567 0)
(1.001 0.000700656 0)
(0.997929 0.000269749 0)
(1.00151 0.000273981 0)
(1.0035 0.00027838 0)
(1.00397 0.000283143 0)
(1.00343 0.000288059 0)
(1.00235 0.00029337 0)
(1.00122 0.000298829 0)
(1.00026 0.000304654 0)
(0.999629 0.000310635 0)
(0.999306 0.000316864 0)
(0.99929 0.000323279 0)
(0.999441 0.000329742 0)
(0.999715 0.000336454 0)
(0.999977 0.000343008 0)
(1.00023 0.000349901 0)
(1.00039 0.000356588 0)
(1.0005 0.000363687 0)
(1.00052 0.000370864 0)
(1.00053 0.000378419 0)
(1.00047 0.000386586 0)
(1.00045 0.000394921 0)
(1.00039 0.000404057 0)
(1.00039 0.000413051 0)
(1.00036 0.000421969 0)
(1.00041 0.000430682 0)
(1.00041 0.000438095 0)
(1.00048 0.000445651 0)
(1.00049 0.000452801 0)
(1.00057 0.000459913 0)
(1.00059 0.000468195 0)
(1.00067 0.000475148 0)
(1.00068 0.000479348 0)
(1.00077 0.000483033 0)
(1.00077 0.000486191 0)
(1.00086 0.000487738 0)
(0.997911 0.000161239 0)
(1.0015 0.000163743 0)
(1.00348 0.000166338 0)
(1.00396 0.000169148 0)
(1.00341 0.000172045 0)
(1.00233 0.00017518 0)
(1.0012 0.000178403 0)
(1.00024 0.000181849 0)
(0.999605 0.000185387 0)
(0.999283 0.000189077 0)
(0.999263 0.000192874 0)
(0.999416 0.000196702 0)
(0.999687 0.000200672 0)
(0.99995 0.000204548 0)
(1.0002 0.000208618 0)
(1.00036 0.000212563 0)
(1.00047 0.000216744 0)
(1.00049 0.00022097 0)
(1.00049 0.000225413 0)
(1.00043 0.000230222 0)
(1.00041 0.000235121 0)
(1.00035 0.000240502 0)
(1.00034 0.000245791 0)
(1.00032 0.000251043 0)
(1.00035 0.000256168 0)
(1.00035 0.000260531 0)
(1.00042 0.000264978 0)
(1.00043 0.000269199 0)
(1.00051 0.000273399 0)
(1.00052 0.000278317 0)
(1.0006 0.000282444 0)
(1.0006 0.000284953 0)
(1.00068 0.000287151 0)
(1.00068 0.000289049 0)
(1.00076 0.000289971 0)
(0.997903 5.41238e-05 0)
(1.00149 5.49488e-05 0)
(1.00347 5.57979e-05 0)
(1.00395 5.67177e-05 0)
(1.00339 5.76646e-05 0)
(1.00232 5.86934e-05 0)
(1.00119 5.97521e-05 0)
(1.00023 6.08892e-05 0)
(0.999594 6.20573e-05 0)
(0.999272 6.32805e-05 0)
(0.999251 6.4539e-05 0)
(0.999404 6.58109e-05 0)
(0.999673 6.71278e-05 0)
(0.999936 6.84153e-05 0)
(1.00018 6.97642e-05 0)
(1.00034 7.10729e-05 0)
(1.00045 7.24562e-05 0)
(1.00047 7.38568e-05 0)
(1.00047 7.53256e-05 0)
(1.00041 7.69197e-05 0)
(1.00039 7.85404e-05 0)
(1.00033 8.03267e-05 0)
(1.00032 8.20787e-05 0)
(1.00029 8.3824e-05 0)
(1.00033 8.55234e-05 0)
(1.00033 8.69745e-05 0)
(1.00039 8.84488e-05 0)
(1.0004 8.98542e-05 0)
(1.00047 9.12469e-05 0)
(1.00049 9.28856e-05 0)
(1.00056 9.42534e-05 0)
(1.00056 9.50873e-05 0)
(1.00063 9.58096e-05 0)
(1.00063 9.64392e-05 0)
(1.00071 9.67354e-05 0)
(0.890195 0.00403822 0)
(1.1074 -0.00405161 0)
(0.900136 0.0034442 0)
(1.09159 -0.00210852 0)
(0.905847 0.00453556 0)
(1.07923 -0.00347654 0)
(0.91421 0.00260522 0)
(1.0662 -0.00271394 0)
(0.921508 0.00253289 0)
(1.05504 -0.00176633 0)
(0.925937 0.00449934 0)
(1.04627 0.000260157 0)
(0.9317 0.00505947 0)
(1.03725 0.000837708 0)
(0.935748 0.00490788 0)
(1.02732 0.000577889 0)
(0.937318 0.00444578 0)
(1.01585 0.000831703 0)
(0.936079 0.00476195 0)
(1.00284 0.00339715 0)
(0.907667 0.00378568 0)
(1.08485 -0.00361227 0)
(0.920166 0.00317114 0)
(1.0666 -0.00154739 0)
(0.930229 0.00418444 0)
(1.05128 -0.00301733 0)
(0.942122 0.00231424 0)
(1.03573 -0.00224581 0)
(0.952971 0.00239402 0)
(1.02212 -0.00135484 0)
(0.960405 0.00469306 0)
(1.01111 0.000460821 0)
(0.968166 0.00576324 0)
(1.001 0.000708032 0)
(0.972837 0.00594367 0)
(0.991404 0.000348519 0)
(0.973752 0.00598349 0)
(0.981391 0.00112798 0)
(0.971595 0.0079613 0)
(0.971044 0.00663128 0)
(0.93719 0.00372645 0)
(1.05138 -0.00342065 0)
(0.951244 0.00317724 0)
(1.03344 -0.0014573 0)
(0.962524 0.00418169 0)
(1.02049 -0.00299053 0)
(0.972542 0.0024487 0)
(1.00883 -0.00227544 0)
(0.979888 0.00262056 0)
(1.00013 -0.00130857 0)
(0.982871 0.00452727 0)
(0.99468 0.000638761 0)
(0.985642 0.00522337 0)
(0.99039 0.00138537 0)
(0.985484 0.00521873 0)
(0.986108 0.00168513 0)
(0.982406 0.00543249 0)
(0.980675 0.00370976 0)
(0.977741 0.00845899 0)
(0.974933 0.0100465 0)
(0.965982 0.00381958 0)
(1.02374 -0.00340744 0)
(0.977132 0.00331809 0)
(1.01122 -0.00151038 0)
(0.984755 0.00426449 0)
(1.00504 -0.00297284 0)
(0.989349 0.00248214 0)
(0.999351 -0.00211807 0)
(0.991822 0.00252109 0)
(0.995446 -0.000936565 0)
(0.991235 0.00409041 0)
(0.993455 0.00131004 0)
(0.991494 0.0044977 0)
(0.991565 0.00242641 0)
(0.989863 0.00457618 0)
(0.988746 0.00308181 0)
(0.986365 0.00536229 0)
(0.984464 0.00587442 0)
(0.98214 0.00911036 0)
(0.979896 0.0118375 0)
(0.984959 0.0038866 0)
(1.00953 -0.0033651 0)
(0.99137 0.0033687 0)
(1.00317 -0.0014625 0)
(0.995234 0.00413606 0)
(1.00192 -0.00276509 0)
(0.996212 0.0022871 0)
(0.999166 -0.00173561 0)
(0.996514 0.00216869 0)
(0.997 -0.000277442 0)
(0.994986 0.00341275 0)
(0.995916 0.00207176 0)
(0.994772 0.0039052 0)
(0.994516 0.00322676 0)
(0.99302 0.00440531 0)
(0.992049 0.0042534 0)
(0.989888 0.00587707 0)
(0.988377 0.00737551 0)
(0.986319 0.00994275 0)
(0.984546 0.0127293 0)
(0.993767 0.00385095 0)
(1.00507 -0.00323342 0)
(0.9971 0.00327569 0)
(1.00234 -0.00133595 0)
(0.999329 0.00384512 0)
(1.00294 -0.00241285 0)
(0.998976 0.00193879 0)
(1.00092 -0.00121098 0)
(0.998767 0.00170164 0)
(0.999234 0.000406174 0)
(0.997318 0.00285237 0)
(0.998412 0.00258281 0)
(0.997134 0.0035731 0)
(0.997203 0.00370004 0)
(0.995534 0.00462327 0)
(0.994967 0.00521333 0)
(0.992838 0.00675603 0)
(0.991822 0.0085448 0)
(0.989853 0.0108101 0)
(0.988561 0.0132952 0)
(0.99663 0.00372155 0)
(1.00442 -0.0030197 0)
(0.998846 0.00304531 0)
(1.00317 -0.0011233 0)
(1.00073 0.0034236 0)
(1.00415 -0.00192583 0)
(1.00006 0.00147471 0)
(1.00226 -0.000598492 0)
(0.999862 0.00117042 0)
(1.00082 0.00103673 0)
(0.998675 0.0023983 0)
(1.00017 0.00287281 0)
(0.998637 0.00337022 0)
(0.999142 0.00406288 0)
(0.997285 0.00481427 0)
(0.997171 0.00607618 0)
(0.995022 0.00768159 0)
(0.994452 0.00986383 0)
(0.992489 0.0117607 0)
(0.99163 0.0138892 0)
(0.997263 0.00353654 0)
(1.0045 -0.00274888 0)
(0.99924 0.00272668 0)
(1.00376 -0.000854345 0)
(1.00108 0.00293278 0)
(1.0047 -0.00139543 0)
(1.00042 0.00101958 0)
(1.00287 -7.19629e-05 0)
(1.00033 0.000879921 0)
(1.00164 0.00129965 0)
(0.999361 0.00225678 0)
(1.00113 0.00285018 0)
(0.999464 0.00339214 0)
(1.00026 0.00414767 0)
(0.998402 0.00510883 0)
(0.998676 0.00644792 0)
(0.996666 0.00833358 0)
(0.996324 0.0105564 0)
(0.994275 0.0127475 0)
(0.993772 0.0148038 0)
(0.997513 0.00332786 0)
(1.00438 -0.00243313 0)
(0.999454 0.00235125 0)
(1.00381 -0.000560334 0)
(1.00123 0.0024387 0)
(1.00466 -0.000890385 0)
(1.00063 0.000649883 0)
(1.00294 0.000302212 0)
(1.00059 0.000786444 0)
(1.0019 0.00130602 0)
(0.999753 0.00225838 0)
(1.00148 0.00271142 0)
(0.999954 0.00346505 0)
(1.00081 0.00418767 0)
(0.999139 0.00553596 0)
(0.999586 0.00694008 0)
(0.997886 0.0090178 0)
(0.997757 0.0111384 0)
(0.995932 0.0136228 0)
(0.995215 0.0156521 0)
(0.997978 0.00307442 0)
(1.00388 -0.00202639 0)
(0.999888 0.0018845 0)
(1.00345 -0.000199079 0)
(1.00154 0.00185803 0)
(1.00426 -0.000344597 0)
(1.00097 0.00029714 0)
(1.0027 0.000597385 0)
(1.0009 0.000641569 0)
(1.00186 0.00138269 0)
(1.00014 0.00213232 0)
(1.00151 0.00283518 0)
(1.0004 0.00361339 0)
(1.00111 0.0047574 0)
(0.999911 0.0061149 0)
(1.0003 0.00788218 0)
(0.999043 0.00978352 0)
(0.998885 0.0119516 0)
(0.997298 0.0139844 0)
(0.996295 0.015747 0)
(0.998634 0.00281901 0)
(1.0032 -0.00160688 0)
(1.00048 0.00140928 0)
(1.00292 0.000132513 0)
(1.00196 0.00138269 0)
(1.00374 3.16466e-06 0)
(1.00139 0.000178679 0)
(1.00238 0.000626444 0)
(1.00127 0.000673339 0)
(1.00173 0.00137369 0)
(1.00056 0.0022795 0)
(1.00152 0.0031583 0)
(1.00095 0.00415694 0)
(1.0014 0.00545805 0)
(1.00069 0.00687509 0)
(1.00094 0.0085138 0)
(1.00015 0.0103074 0)
(0.99987 0.0122273 0)
(0.998512 0.0140048 0)
(0.997194 0.0155169 0)
(0.999256 0.00253917 0)
(1.00254 -0.00115109 0)
(1.00103 0.000909797 0)
(1.00245 0.000458579 0)
(1.00232 0.000996812 0)
(1.0033 0.000174885 0)
(1.00173 0.000210499 0)
(1.00212 0.000635059 0)
(1.00159 0.000818776 0)
(1.00168 0.00157906 0)
(1.00101 0.00264564 0)
(1.00162 0.00365523 0)
(1.00149 0.00467684 0)
(1.00175 0.00596896 0)
(1.00143 0.00737122 0)
(1.0016 0.00888283 0)
(1.00118 0.0105172 0)
(1.00081 0.0122167 0)
(0.999622 0.0137973 0)
(0.998049 0.0151433 0)
(0.999684 0.00224273 0)
(1.00205 -0.000675707 0)
(1.0014 0.000438091 0)
(1.00213 0.000642609 0)
(1.00251 0.000758379 0)
(1.00299 0.00013941 0)
(1.00194 0.00023009 0)
(1.00198 0.000775946 0)
(1.00184 0.00113831 0)
(1.00175 0.00196317 0)
(1.00139 0.00306345 0)
(1.00181 0.00406613 0)
(1.00196 0.00506643 0)
(1.00218 0.00630495 0)
(1.00212 0.00765696 0)
(1.00228 0.00907445 0)
(1.00212 0.0105567 0)
(1.00174 0.0120895 0)
(1.00066 0.0135178 0)
(0.998906 0.014741 0)
(0.999906 0.00195104 0)
(1.00171 -0.000241666 0)
(1.00158 0.000126441 0)
(1.00197 0.000649672 0)
(1.00253 0.000635689 0)
(1.00279 0.000134456 0)
(1.00205 0.000333668 0)
(1.00195 0.00101586 0)
(1.00201 0.00147457 0)
(1.0019 0.00228506 0)
(1.00172 0.00336778 0)
(1.00206 0.00436209 0)
(1.00238 0.00533271 0)
(1.00265 0.00650434 0)
(1.00277 0.00780893 0)
(1.00298 0.00917615 0)
(1.003 0.0105476 0)
(1.00267 0.0119422 0)
(1.00163 0.0132347 0)
(0.999749 0.0143403 0)
(0.999995 0.00167545 0)
(1.00146 0.00013493 0)
(1.00161 2.93428e-05 0)
(1.00188 0.000520005 0)
(1.00247 0.00056734 0)
(1.00266 0.0002537 0)
(1.00211 0.000524524 0)
(1.00197 0.00122276 0)
(1.00213 0.00174885 0)
(1.00208 0.00253844 0)
(1.002 0.00357145 0)
(1.00233 0.0045598 0)
(1.00277 0.00551327 0)
(1.00314 0.00664028 0)
(1.00342 0.00790282 0)
(1.00371 0.00922498 0)
(1.00384 0.0105045 0)
(1.00357 0.0117596 0)
(1.00255 0.0129115 0)
(1.00055 0.0138917 0)
(1.00002 0.00140065 0)
(1.00125 0.000490134 0)
(1.00155 -5.81481e-07 0)
(1.00181 0.000395501 0)
(1.00238 0.00052747 0)
(1.00255 0.000339811 0)
(1.00214 0.00065811 0)
(1.00202 0.00140264 0)
(1.00223 0.0019927 0)
(1.00226 0.00275103 0)
(1.00228 0.00374503 0)
(1.00263 0.00474595 0)
(1.00316 0.00570945 0)
(1.00365 0.00680302 0)
(1.00407 0.00800501 0)
(1.00444 0.00924646 0)
(1.00464 0.0104235 0)
(1.00441 0.0115339 0)
(1.00339 0.0125394 0)
(1.0013 0.0133949 0)
(1.00003 0.00115474 0)
(1.00105 0.000762946 0)
(1.00144 7.18844e-05 0)
(1.00174 0.000282587 0)
(1.00228 0.000466541 0)
(1.00246 0.000440709 0)
(1.00217 0.000838947 0)
(1.00209 0.00159465 0)
(1.00233 0.00221123 0)
(1.00245 0.00294993 0)
(1.00256 0.00392097 0)
(1.00295 0.00492998 0)
(1.00356 0.00590025 0)
(1.00417 0.00693899 0)
(1.0047 0.00805259 0)
(1.00515 0.00918773 0)
(1.0054 0.0102592 0)
(1.00519 0.0112457 0)
(1.00416 0.0121218 0)
(1.00198 0.0128703 0)
(1.00003 0.00092705 0)
(1.00085 0.000894959 0)
(1.00127 0.000233089 0)
(1.00164 0.000295686 0)
(1.00219 0.000452321 0)
(1.00239 0.000517945 0)
(1.00221 0.000968216 0)
(1.00217 0.00174527 0)
(1.00244 0.00242568 0)
(1.00265 0.00318277 0)
(1.00285 0.00412551 0)
(1.0033 0.00511026 0)
(1.00397 0.006053 0)
(1.00468 0.00702307 0)
(1.00532 0.00803757 0)
(1.00584 0.0090628 0)
(1.00613 0.0100282 0)
(1.00593 0.0109073 0)
(1.00488 0.0116684 0)
(1.00262 0.0123164 0)
(1.00004 0.000791325 0)
(1.00069 0.0008235 0)
(1.00112 0.000409781 0)
(1.00153 0.000372296 0)
(1.00209 0.000498009 0)
(1.00234 0.000664457 0)
(1.00227 0.00117592 0)
(1.00229 0.00199527 0)
(1.00259 0.00273812 0)
(1.00287 0.00349115 0)
(1.00317 0.00437379 0)
(1.00366 0.00530761 0)
(1.00439 0.00620825 0)
(1.00518 0.00711836 0)
(1.00591 0.00804603 0)
(1.0065 0.00896969 0)
(1.00682 0.00983006 0)
(1.00661 0.0106069 0)
(1.00553 0.0112643 0)
(1.00319 0.0118159 0)
(1.00004 0.000634019 0)
(1.00055 0.000789763 0)
(1.00098 0.000692323 0)
(1.00143 0.000539279 0)
(1.00203 0.00043145 0)
(1.00234 0.000614202 0)
(1.00237 0.00120616 0)
(1.00244 0.00207877 0)
(1.00277 0.00287151 0)
(1.0031 0.00362441 0)
(1.00349 0.00446693 0)
(1.00404 0.00536203 0)
(1.00483 0.00623189 0)
(1.00569 0.00708655 0)
(1.0065 0.00793555 0)
(1.00714 0.00876174 0)
(1.00749 0.00952276 0)
(1.00726 0.010203 0)
(1.00614 0.0107748 0)
(1.00372 0.0112459 0)
(1.00004 0.00045246 0)
(1.00047 0.000723352 0)
(1.00086 0.000773074 0)
(1.00125 0.000808617 0)
(1.00189 0.0008539 0)
(1.00234 0.000807556 0)
(1.00252 0.00131666 0)
(1.00265 0.00215352 0)
(1.003 0.0029462 0)
(1.00337 0.00369595 0)
(1.00384 0.00450486 0)
(1.00446 0.00535103 0)
(1.00529 0.00617302 0)
(1.0062 0.00695494 0)
(1.00707 0.00771486 0)
(1.00775 0.00844009 0)
(1.00811 0.00910623 0)
(1.00787 0.00969733 0)
(1.0067 0.0101979 0)
(1.00421 0.0106053 0)
(1.00004 0.000389852 0)
(1.0004 0.000370961 0)
(1.00081 0.000358136 0)
(1.00125 0.000751935 0)
(1.00184 0.001222 0)
(1.00228 0.00148475 0)
(1.00264 0.00193064 0)
(1.00286 0.00258666 0)
(1.00324 0.0032727 0)
(1.00366 0.00395883 0)
(1.0042 0.00470606 0)
(1.00488 0.00547666 0)
(1.00576 0.00623281 0)
(1.00671 0.00693751 0)
(1.00763 0.00760601 0)
(1.00834 0.00823744 0)
(1.00871 0.00881399 0)
(1.00846 0.00932502 0)
(1.00725 0.00975795 0)
(1.00469 0.0101098 0)
(1.00004 0.000303118 0)
(1.00032 0.000249248 0)
(1.00083 0.000311353 0)
(1.00134 0.000776654 0)
(1.00198 0.00128696 0)
(1.00244 0.00189185 0)
(1.0028 0.0023671 0)
(1.00307 0.00290232 0)
(1.00351 0.00349941 0)
(1.004 0.00412773 0)
(1.00462 0.00482101 0)
(1.00535 0.00552796 0)
(1.00627 0.00621926 0)
(1.00724 0.00685883 0)
(1.0082 0.00744645 0)
(1.00893 0.00799485 0)
(1.00931 0.00848779 0)
(1.00904 0.00892428 0)
(1.0078 0.00929059 0)
(1.00516 0.00958961 0)
(1.00004 0.000218527 0)
(1.0003 0.000410432 0)
(1.00086 0.00059622 0)
(1.00142 0.000982916 0)
(1.0021 0.00146929 0)
(1.00256 0.00194568 0)
(1.00295 0.00241643 0)
(1.00327 0.0029434 0)
(1.00377 0.00351378 0)
(1.00432 0.00410399 0)
(1.00501 0.00474162 0)
(1.0058 0.00539069 0)
(1.00676 0.00601628 0)
(1.00775 0.00659763 0)
(1.00872 0.0071213 0)
(1.00947 0.0076015 0)
(1.00985 0.00802865 0)
(1.00956 0.00840406 0)
(1.00828 0.00871939 0)
(1.00559 0.00897689 0)
(1.00005 0.000212136 0)
(1.00027 0.000447462 0)
(1.00087 0.000679503 0)
(1.00148 0.00105261 0)
(1.00219 0.00148419 0)
(1.00267 0.00194198 0)
(1.00311 0.00243749 0)
(1.00348 0.00298372 0)
(1.00403 0.0035499 0)
(1.00463 0.00411446 0)
(1.0054 0.00469665 0)
(1.00623 0.00528768 0)
(1.00722 0.00584755 0)
(1.00823 0.00636776 0)
(1.00921 0.00683158 0)
(1.00996 0.00724948 0)
(1.01034 0.00761886 0)
(1.01003 0.00794021 0)
(1.00872 0.0082116 0)
(1.00597 0.00843217 0)
(1.00005 0.00020542 0)
(1.00026 0.000466323 0)
(1.00091 0.000763594 0)
(1.00154 0.00115492 0)
(1.00229 0.00159844 0)
(1.0028 0.00205662 0)
(1.0033 0.00255645 0)
(1.00371 0.00309314 0)
(1.0043 0.00363776 0)
(1.00494 0.00416722 0)
(1.00577 0.00469218 0)
(1.00664 0.00521908 0)
(1.00766 0.00571084 0)
(1.00867 0.00616495 0)
(1.00966 0.00656821 0)
(1.01041 0.00692635 0)
(1.01079 0.00724103 0)
(1.01046 0.00751229 0)
(1.00912 0.00774188 0)
(1.00632 0.00792775 0)
(1.00005 0.000202524 0)
(1.00026 0.00052121 0)
(1.00095 0.000861676 0)
(1.00161 0.00127077 0)
(1.0024 0.00171444 0)
(1.00294 0.00216787 0)
(1.00348 0.00265054 0)
(1.00393 0.00315461 0)
(1.00457 0.00366052 0)
(1.00524 0.00414742 0)
(1.00611 0.00461633 0)
(1.00702 0.00507705 0)
(1.00806 0.00550543 0)
(1.00908 0.00589644 0)
(1.01007 0.00624481 0)
(1.01081 0.00654993 0)
(1.01118 0.00681697 0)
(1.01083 0.00704428 0)
(1.00946 0.0072368 0)
(1.00662 0.00739191 0)
(1.00006 0.000210773 0)
(1.00026 0.000590409 0)
(1.00099 0.00096464 0)
(1.00168 0.00138165 0)
(1.0025 0.00182639 0)
(1.00307 0.00227348 0)
(1.00365 0.00273232 0)
(1.00414 0.00319389 0)
(1.00481 0.00364773 0)
(1.00551 0.00408368 0)
(1.00641 0.0044958 0)
(1.00735 0.00488947 0)
(1.00841 0.00525912 0)
(1.00943 0.00559175 0)
(1.01042 0.00589253 0)
(1.01116 0.00615342 0)
(1.01151 0.00638367 0)
(1.01114 0.00657626 0)
(1.00974 0.0067397 0)
(1.00686 0.00687031 0)
(1.00006 0.000227433 0)
(1.00027 0.000654262 0)
(1.00103 0.00105495 0)
(1.00175 0.00148782 0)
(1.0026 0.00192879 0)
(1.00318 0.00236454 0)
(1.00381 0.00278922 0)
(1.00432 0.00321072 0)
(1.00502 0.00360605 0)
(1.00574 0.00398595 0)
(1.00667 0.00433901 0)
(1.00763 0.0046682 0)
(1.0087 0.00497577 0)
(1.00973 0.00525215 0)
(1.01073 0.00550262 0)
(1.01145 0.00572242 0)
(1.0118 0.00591576 0)
(1.0114 0.00608127 0)
(1.00998 0.00621971 0)
(1.00706 0.00633256 0)
(1.00007 0.000253889 0)
(1.00027 0.000719181 0)
(1.00108 0.00114965 0)
(1.00181 0.00159311 0)
(1.00269 0.00202977 0)
(1.00328 0.0024516 0)
(1.00394 0.00284172 0)
(1.00446 0.0032175 0)
(1.00519 0.00355572 0)
(1.00592 0.0038688 0)
(1.00687 0.00415739 0)
(1.00783 0.00441792 0)
(1.00893 0.0046589 0)
(1.00996 0.00487489 0)
(1.01096 0.00506958 0)
(1.01168 0.00524311 0)
(1.01202 0.00539577 0)
(1.01161 0.00553266 0)
(1.01017 0.00564897 0)
(1.00722 0.00574843 0)
(1.00008 0.000331439 0)
(1.00028 0.000948116 0)
(1.00116 0.00147912 0)
(1.00194 0.00194466 0)
(1.00286 0.00237007 0)
(1.00346 0.00274119 0)
(1.00415 0.00306367 0)
(1.00468 0.00333573 0)
(1.00542 0.00356613 0)
(1.00617 0.00374683 0)
(1.00714 0.00389756 0)
(1.00811 0.00401067 0)
(1.00922 0.0041045 0)
(1.01026 0.00417642 0)
(1.01127 0.00423729 0)
(1.01199 0.00428747 0)
(1.01235 0.00433272 0)
(1.01195 0.00437376 0)
(1.0105 0.00441202 0)
(1.0075 0.0044464 0)
(1.00007 0.00040778 0)
(1.00027 0.00112397 0)
(1.00111 0.0016515 0)
(1.00182 0.00203163 0)
(1.00265 0.00230474 0)
(1.00317 0.00249285 0)
(1.00375 0.00261686 0)
(1.00419 0.00269904 0)
(1.00481 0.00275761 0)
(1.00542 0.00279976 0)
(1.00623 0.00283605 0)
(1.00706 0.00286747 0)
(1.00804 0.00289856 0)
(1.00898 0.00292951 0)
(1.00993 0.00296176 0)
(1.01062 0.00299571 0)
(1.01097 0.00303125 0)
(1.01058 0.0030686 0)
(1.00916 0.00310672 0)
(1.00621 0.00314542 0)
(1.0001 0.000793409 0)
(1.00008 0.00223642 0)
(1.00074 0.003269 0)
(1.00117 0.00381523 0)
(1.0018 0.00407657 0)
(1.0021 0.00410244 0)
(1.0026 0.00402552 0)
(1.00299 0.00382097 0)
(1.0037 0.0035449 0)
(1.00441 0.00314972 0)
(1.00542 0.00267829 0)
(1.00641 0.00209949 0)
(1.00759 0.00145809 0)
(1.00869 0.000743459 0)
(1.00979 4.68086e-06 0)
(1.0106 -0.000749755 0)
(1.01108 -0.00146256 0)
(1.01078 -0.00210391 0)
(1.00946 -0.00260237 0)
(1.00657 -0.00290766 0)
(1.00008 0.000742574 0)
(0.999805 0.0020955 0)
(0.999507 0.00305497 0)
(0.998904 0.00354413 0)
(0.998614 0.00376036 0)
(0.998237 0.00375249 0)
(0.998054 0.00365056 0)
(0.997651 0.00343059 0)
(0.997254 0.00314555 0)
(0.996587 0.0027453 0)
(0.995886 0.00226907 0)
(0.994972 0.00168425 0)
(0.994068 0.00103472 0)
(0.993074 0.000309871 0)
(0.99222 -0.000441008 0)
(0.991512 -0.00120902 0)
(0.991262 -0.00193658 0)
(0.99166 -0.00259344 0)
(0.993183 -0.00310764 0)
(0.996181 -0.00342834 0)
(1.00009 0.000309854 0)
(0.999616 0.000840388 0)
(0.999109 0.00119591 0)
(0.998235 0.00141309 0)
(0.997703 0.00152658 0)
(0.99712 0.00156208 0)
(0.996849 0.00154073 0)
(0.996446 0.00148938 0)
(0.996152 0.00142475 0)
(0.99563 0.0013583 0)
(0.995107 0.00129802 0)
(0.994362 0.00124566 0)
(0.993623 0.00120408 0)
(0.992763 0.00117218 0)
(0.992028 0.00115003 0)
(0.991411 0.00113632 0)
(0.991246 0.00113004 0)
(0.991715 0.00113021 0)
(0.993308 0.00113528 0)
(0.996366 0.00114435 0)
(1.00007 0.00022531 0)
(0.999552 0.000631011 0)
(0.998872 0.000920736 0)
(0.997826 0.00111657 0)
(0.997055 0.00124783 0)
(0.99626 0.00132248 0)
(0.995747 0.0013509 0)
(0.995133 0.00134223 0)
(0.994609 0.00130861 0)
(0.993894 0.00125621 0)
(0.993186 0.00119645 0)
(0.992311 0.00113216 0)
(0.991468 0.00107113 0)
(0.990563 0.00101399 0)
(0.989813 0.000964677 0)
(0.989229 0.000922514 0)
(0.989115 0.00088869 0)
(0.989661 0.000861793 0)
(0.99133 0.000841394 0)
(0.994471 0.000825895 0)
(1.00006 0.000129857 0)
(0.999515 0.000361678 0)
(0.998739 0.000519488 0)
(0.997632 0.000632041 0)
(0.996753 0.000718988 0)
(0.995897 0.000786052 0)
(0.99531 0.000833186 0)
(0.994681 0.000866815 0)
(0.994145 0.000891013 0)
(0.993464 0.000909632 0)
(0.992782 0.000926727 0)
(0.991959 0.000942309 0)
(0.991151 0.000958268 0)
(0.990293 0.000973651 0)
(0.989571 0.000988933 0)
(0.989023 0.00100363 0)
(0.988928 0.00101758 0)
(0.9895 0.00103082 0)
(0.991182 0.00104294 0)
(0.99434 0.00105429 0)
(1.00006 9.4756e-05 0)
(0.999498 0.000270386 0)
(0.998697 0.000394224 0)
(0.997556 0.000488899 0)
(0.996641 0.000570175 0)
(0.995748 0.000640616 0)
(0.995129 0.00069756 0)
(0.99447 0.000743107 0)
(0.993908 0.00077837 0)
(0.993205 0.000804957 0)
(0.992506 0.000826188 0)
(0.991666 0.000842425 0)
(0.990844 0.000856182 0)
(0.989974 0.000867373 0)
(0.989242 0.000877252 0)
(0.988686 0.000885847 0)
(0.988585 0.000893522 0)
(0.989151 0.00090047 0)
(0.990829 0.000906607 0)
(0.993984 0.000912225 0)
(1.00004 6.98428e-05 0)
(0.999503 0.000198966 0)
(0.998658 0.000289162 0)
(0.997521 0.000358821 0)
(0.996563 0.000421757 0)
(0.995668 0.000478494 0)
(0.995012 0.000526714 0)
(0.994352 0.00056688 0)
(0.993764 0.000599965 0)
(0.993063 0.00062642 0)
(0.992347 0.000649109 0)
(0.991513 0.000667677 0)
(0.990683 0.000684396 0)
(0.989822 0.000698765 0)
(0.989088 0.000711997 0)
(0.988542 0.000723783 0)
(0.988441 0.000734589 0)
(0.989016 0.00074435 0)
(0.990693 0.000753171 0)
(0.993854 0.00076116 0)
(1.00004 5.32186e-05 0)
(0.9995 0.00015304 0)
(0.998645 0.000222494 0)
(0.997502 0.000277741 0)
(0.996532 0.000328825 0)
(0.995631 0.000376806 0)
(0.994965 0.000418543 0)
(0.994301 0.000454748 0)
(0.993708 0.000485185 0)
(0.993006 0.000510537 0)
(0.992287 0.000532411 0)
(0.991453 0.000550841 0)
(0.990621 0.000567176 0)
(0.989761 0.000581309 0)
(0.989025 0.000593898 0)
(0.988479 0.000605025 0)
(0.988376 0.000614875 0)
(0.988952 0.000623701 0)
(0.990628 0.000631445 0)
(0.993788 0.000638441 0)
(1.00003 4.11132e-05 0)
(0.999505 0.000118007 0)
(0.998632 0.000171911 0)
(0.997498 0.000214846 0)
(0.996512 0.000255415 0)
(0.995616 0.000293685 0)
(0.994937 0.000327548 0)
(0.994277 0.000356874 0)
(0.993673 0.000381793 0)
(0.992974 0.000402384 0)
(0.992248 0.00042025 0)
(0.991417 0.000435108 0)
(0.990579 0.000448332 0)
(0.98972 0.000459608 0)
(0.988979 0.000469716 0)
(0.988434 0.000478529 0)
(0.988326 0.000486389 0)
(0.988902 0.000493344 0)
(0.990574 0.000499497 0)
(0.993735 0.000504984 0)
(1.00003 3.05708e-05 0)
(0.999507 8.81171e-05 0)
(0.998625 0.000128155 0)
(0.997494 0.000160359 0)
(0.9965 0.000190716 0)
(0.995606 0.000219692 0)
(0.99492 0.00024526 0)
(0.994261 0.000267639 0)
(0.993651 0.000286553 0)
(0.992953 0.000302329 0)
(0.992221 0.000315902 0)
(0.99139 0.000327287 0)
(0.990548 0.000337325 0)
(0.98969 0.000345967 0)
(0.988945 0.000353658 0)
(0.9884 0.000360446 0)
(0.988291 0.000366464 0)
(0.988867 0.000371858 0)
(0.990537 0.000376605 0)
(0.993698 0.000380891 0)
(1.00002 2.12813e-05 0)
(0.99951 6.12345e-05 0)
(0.998619 8.9091e-05 0)
(0.997492 0.00011141 0)
(0.996491 0.00013258 0)
(0.995599 0.000152745 0)
(0.994907 0.000170635 0)
(0.99425 0.00018626 0)
(0.993635 0.000199548 0)
(0.992938 0.000210613 0)
(0.992202 0.000220203 0)
(0.991372 0.000228231 0)
(0.990527 0.000235362 0)
(0.989669 0.000241483 0)
(0.988922 0.000246962 0)
(0.988378 0.000251775 0)
(0.988267 0.000256065 0)
(0.988843 0.000259891 0)
(0.990512 0.000263277 0)
(0.993674 0.000266322 0)
(1.00002 1.26204e-05 0)
(0.999511 3.63485e-05 0)
(0.998615 5.29017e-05 0)
(0.997491 6.62143e-05 0)
(0.996485 7.88644e-05 0)
(0.995595 9.09437e-05 0)
(0.994899 0.000101665 0)
(0.994243 0.000111046 0)
(0.993624 0.000119027 0)
(0.992928 0.000125687 0)
(0.992189 0.000131458 0)
(0.99136 0.000136298 0)
(0.990513 0.000140593 0)
(0.989656 0.000144284 0)
(0.988907 0.000147582 0)
(0.988363 0.000150481 0)
(0.98825 0.000153059 0)
(0.988828 0.000155357 0)
(0.990495 0.000157384 0)
(0.993657 0.000159203 0)
(1.00002 4.19921e-06 0)
(0.999512 1.21087e-05 0)
(0.998614 1.76345e-05 0)
(0.997491 2.21061e-05 0)
(0.996483 2.63625e-05 0)
(0.995594 3.04375e-05 0)
(0.994896 3.40511e-05 0)
(0.99424 3.72177e-05 0)
(0.99362 3.99078e-05 0)
(0.992925 4.21568e-05 0)
(0.992185 4.41022e-05 0)
(0.991356 4.57374e-05 0)
(0.990507 4.71856e-05 0)
(0.989651 4.84324e-05 0)
(0.988901 4.95439e-05 0)
(0.988358 5.0522e-05 0)
(0.988244 5.13897e-05 0)
(0.988821 5.21626e-05 0)
(0.990488 5.28416e-05 0)
(0.99365 5.34495e-05 0)
)
;

boundaryField
{
    top
    {
        type            fixedValue;
        value           uniform (1 0 0);
    }
    inlet
    {
        type            fixedValue;
        value           uniform (1 0 0);
    }
    outlet
    {
        type            zeroGradient;
    }
    plate
    {
        type            fixedValue;
        value           uniform (0 0 0);
    }
    symmBound
    {
        type            zeroGradient;
    }
    frontAndBack
    {
        type            empty;
    }
}


// ************************************************************************* //
