/*--------------------------------*- C++ -*----------------------------------*\
| =========                 |                                                 |
| \\      /  F ield         | OpenFOAM: The Open Source CFD Toolbox           |
|  \\    /   O peration     | Version:  5.x                                   |
|   \\  /    A nd           | Web:      www.OpenFOAM.org                      |
|    \\/     M anipulation  |                                                 |
\*---------------------------------------------------------------------------*/
FoamFile
{
    version     2.0;
    format      ascii;
    class       surfaceScalarField;
    location    "0.3";
    object      phi;
}
// * * * * * * * * * * * * * * * * * * * * * * * * * * * * * * * * * * * * * //

dimensions      [0 3 -1 0 0 0 0];

internalField   nonuniform List<scalar> 
4850
(
7.34303e-08
6.94843e-09
-8.03788e-08
6.46196e-08
8.81076e-09
5.56987e-08
8.92091e-09
4.68381e-08
8.8606e-09
3.82108e-08
8.62729e-09
3.04228e-08
7.78801e-09
2.43445e-08
6.07822e-09
2.03887e-08
3.95588e-09
1.81027e-08
2.28598e-09
1.67099e-08
1.39274e-09
1.57414e-08
9.68519e-10
1.49684e-08
7.73051e-10
1.4274e-08
6.94347e-10
1.36143e-08
6.59696e-10
1.29859e-08
6.28463e-10
1.23939e-08
5.91966e-10
1.18469e-08
5.46952e-10
1.13434e-08
5.03547e-10
1.08818e-08
4.6156e-10
1.04533e-08
4.28528e-10
1.00566e-08
3.96744e-10
9.68412e-09
3.72438e-10
9.33711e-09
3.47013e-10
9.00561e-09
3.31496e-10
8.69507e-09
3.10545e-10
8.39628e-09
2.98783e-10
8.11743e-09
2.7885e-10
7.84629e-09
2.71138e-10
7.59425e-09
2.52045e-10
7.34516e-09
2.49092e-10
7.1153e-09
2.29855e-10
6.8827e-09
2.32598e-10
6.67042e-09
2.12285e-10
6.44987e-09
2.20554e-10
2.13194e-10
8.82285e-08
6.49543e-09
-8.77756e-08
8.7173e-08
9.86632e-09
8.50326e-08
1.10613e-08
8.21999e-08
1.16933e-08
7.86355e-08
1.21916e-08
7.43478e-08
1.20757e-08
6.9609e-08
1.08171e-08
6.49831e-08
8.58179e-09
6.08845e-08
6.38452e-09
5.7253e-08
5.02432e-09
5.39364e-08
4.28511e-09
5.08966e-08
3.81278e-09
4.81308e-08
3.46015e-09
4.5632e-08
3.15854e-09
4.33845e-08
2.876e-09
4.13532e-08
2.62318e-09
3.95153e-08
2.38489e-09
3.78363e-08
2.18257e-09
3.62977e-08
2.00015e-09
3.4868e-08
1.85818e-09
3.35423e-08
1.72253e-09
3.22959e-08
1.61877e-09
3.11322e-08
1.51077e-09
3.00244e-08
1.43924e-09
2.89877e-08
1.34728e-09
2.79931e-08
1.29332e-09
2.70644e-08
1.20757e-09
2.61627e-08
1.17283e-09
2.53243e-08
1.0905e-09
2.44962e-08
1.07712e-09
2.37342e-08
9.91935e-10
2.29619e-08
1.00482e-09
2.22641e-08
9.10108e-10
2.15317e-08
9.52973e-10
8.86523e-10
9.59976e-08
6.11132e-09
-9.56135e-08
9.64139e-08
9.45004e-09
9.63339e-08
1.11412e-08
9.60677e-08
1.19595e-08
9.56307e-08
1.26287e-08
9.47632e-08
1.29432e-08
9.32704e-08
1.23098e-08
9.12693e-08
1.05829e-08
8.90996e-08
8.55427e-09
8.6904e-08
7.21987e-09
8.46205e-08
6.5686e-09
8.22157e-08
6.21755e-09
7.97318e-08
5.94413e-09
7.7209e-08
5.68126e-09
7.46917e-08
5.39335e-09
7.21985e-08
5.11638e-09
6.97638e-08
4.8196e-09
6.73954e-08
4.55091e-09
6.51164e-08
4.27922e-09
6.29129e-08
4.06165e-09
6.0805e-08
3.83042e-09
5.87723e-08
3.65151e-09
5.68369e-08
3.44618e-09
5.49668e-08
3.30932e-09
5.31961e-08
3.118e-09
5.14813e-08
3.00812e-09
4.9867e-08
2.82182e-09
4.82884e-08
2.75142e-09
4.68109e-08
2.56798e-09
4.53435e-08
2.54455e-09
4.39868e-08
2.34867e-09
4.2607e-08
2.38465e-09
4.13571e-08
2.16001e-09
4.00424e-08
2.26766e-09
2.07475e-09
1.04255e-07
5.99897e-09
-1.04143e-07
1.04805e-07
8.90053e-09
1.05116e-07
1.08299e-08
1.05353e-07
1.1723e-08
1.05699e-07
1.22826e-08
1.06e-07
1.26417e-08
1.05986e-07
1.23244e-08
1.05532e-07
1.10371e-08
1.04805e-07
9.28112e-09
1.03995e-07
8.02987e-09
1.0309e-07
7.47347e-09
1.02024e-07
7.28325e-09
1.00804e-07
7.16438e-09
9.94375e-08
7.04764e-09
9.79493e-08
6.88148e-09
9.63362e-08
6.72956e-09
9.46246e-08
6.53116e-09
9.28172e-08
6.35832e-09
9.09514e-08
6.14506e-09
8.90184e-08
5.99464e-09
8.70546e-08
5.7942e-09
8.50401e-08
5.66603e-09
8.30151e-08
5.4711e-09
8.0949e-08
5.37551e-09
7.89049e-08
5.16202e-09
7.6844e-08
5.06909e-09
7.48466e-08
4.81923e-09
7.28384e-08
4.75957e-09
7.09182e-08
4.48819e-09
6.89701e-08
4.49265e-09
6.7137e-08
4.18179e-09
6.52468e-08
4.27479e-09
6.35063e-08
3.90053e-09
6.16658e-08
4.10813e-09
3.74929e-09
1.13329e-07
6.01904e-09
-1.13349e-07
1.13822e-07
8.40731e-09
1.14274e-07
1.03781e-08
1.14601e-07
1.13957e-08
1.1502e-07
1.18637e-08
1.15516e-07
1.21453e-08
1.15887e-07
1.19536e-08
1.15945e-07
1.09788e-08
1.15758e-07
9.46791e-09
1.1552e-07
8.26799e-09
1.15275e-07
7.71895e-09
1.14954e-07
7.6037e-09
1.14544e-07
7.57431e-09
1.14035e-07
7.55733e-09
1.13441e-07
7.47484e-09
1.12742e-07
7.42859e-09
1.11948e-07
7.32537e-09
1.11038e-07
7.26859e-09
1.1004e-07
7.14288e-09
1.08932e-07
7.10226e-09
1.07746e-07
6.98017e-09
1.06447e-07
6.96589e-09
1.05066e-07
6.85176e-09
1.03553e-07
6.88888e-09
1.01963e-07
6.75155e-09
1.00248e-07
6.78401e-09
9.85037e-08
6.56362e-09
9.66598e-08
6.60349e-09
9.48292e-08
6.3188e-09
9.28912e-08
6.43067e-09
9.09995e-08
6.07343e-09
8.89879e-08
6.28643e-09
8.70659e-08
5.82253e-09
8.50028e-08
6.17123e-09
5.69616e-09
1.23177e-07
6.09367e-09
-1.23252e-07
1.23583e-07
8.00141e-09
1.24109e-07
9.85263e-09
1.24512e-07
1.09924e-08
1.24917e-07
1.14587e-08
1.25397e-07
1.16652e-08
1.25833e-07
1.15177e-08
1.26032e-07
1.07798e-08
1.25993e-07
9.50709e-09
1.25897e-07
8.36395e-09
1.25839e-07
7.77709e-09
1.25769e-07
7.67314e-09
1.25664e-07
7.67977e-09
1.25506e-07
7.71505e-09
1.25318e-07
7.6625e-09
1.25082e-07
7.66548e-09
1.24805e-07
7.60148e-09
1.24462e-07
7.61249e-09
1.24072e-07
7.53243e-09
1.2361e-07
7.56416e-09
1.23102e-07
7.48841e-09
1.22508e-07
7.55961e-09
1.21853e-07
7.50674e-09
1.21077e-07
7.66503e-09
1.20211e-07
7.61774e-09
1.19193e-07
7.80142e-09
1.18095e-07
7.66161e-09
1.16863e-07
7.83622e-09
1.15587e-07
7.59465e-09
1.14168e-07
7.84945e-09
1.12706e-07
7.53534e-09
1.11092e-07
7.90072e-09
1.09452e-07
7.4622e-09
1.07661e-07
7.96222e-09
7.516e-09
1.33784e-07
6.16014e-09
-1.33851e-07
1.34117e-07
7.66837e-09
1.34662e-07
9.30822e-09
1.35141e-07
1.05137e-08
1.35555e-07
1.10445e-08
1.36e-07
1.12199e-08
1.36436e-07
1.1082e-08
1.36691e-07
1.05242e-08
1.36714e-07
9.48431e-09
1.36646e-07
8.43189e-09
1.36619e-07
7.80436e-09
1.36613e-07
7.67933e-09
1.36594e-07
7.69865e-09
1.3654e-07
7.76861e-09
1.36476e-07
7.72676e-09
1.36394e-07
7.74715e-09
1.36308e-07
7.6879e-09
1.36195e-07
7.72506e-09
1.36072e-07
7.65611e-09
1.35918e-07
7.71763e-09
1.35753e-07
7.65351e-09
1.35551e-07
7.76174e-09
1.35327e-07
7.73115e-09
1.3504e-07
7.95187e-09
1.34697e-07
7.96056e-09
1.34253e-07
8.24548e-09
1.33732e-07
8.18251e-09
1.33111e-07
8.45676e-09
1.32438e-07
8.26773e-09
1.31671e-07
8.61706e-09
1.30811e-07
8.39471e-09
1.29841e-07
8.87068e-09
1.28762e-07
8.54171e-09
1.27583e-07
9.1413e-09
8.85623e-09
1.45196e-07
6.20008e-09
-1.45236e-07
1.45454e-07
7.40983e-09
1.45979e-07
8.78372e-09
1.46508e-07
9.9845e-09
1.46954e-07
1.05979e-08
1.47381e-07
1.07935e-08
1.47799e-07
1.06639e-08
1.48088e-07
1.02354e-08
1.48165e-07
9.40738e-09
1.48116e-07
8.4801e-09
1.48089e-07
7.83166e-09
1.481e-07
7.66803e-09
1.48112e-07
7.68744e-09
1.48096e-07
7.78477e-09
1.48066e-07
7.75649e-09
1.4803e-07
7.78288e-09
1.47999e-07
7.71946e-09
1.47964e-07
7.76006e-09
1.47928e-07
7.69185e-09
1.47886e-07
7.75969e-09
1.47841e-07
7.69797e-09
1.4779e-07
7.81286e-09
1.47732e-07
7.78883e-09
1.4766e-07
8.0242e-09
1.47559e-07
8.0619e-09
1.47417e-07
8.3869e-09
1.47221e-07
8.37868e-09
1.4698e-07
8.69802e-09
1.46695e-07
8.55308e-09
1.46392e-07
8.92005e-09
1.45994e-07
8.7919e-09
1.45557e-07
9.30834e-09
1.44996e-07
9.10291e-09
1.4441e-07
9.72664e-09
9.63626e-09
1.57468e-07
6.17138e-09
-1.5744e-07
1.57691e-07
7.18733e-09
1.58153e-07
8.32151e-09
1.58702e-07
9.43582e-09
1.59186e-07
1.01134e-08
1.59612e-07
1.03676e-08
1.60009e-07
1.02673e-08
1.60314e-07
9.9301e-09
1.6044e-07
9.2812e-09
1.6042e-07
8.4997e-09
1.60393e-07
7.85929e-09
1.60409e-07
7.65163e-09
1.60438e-07
7.65885e-09
1.60448e-07
7.77444e-09
1.60437e-07
7.76788e-09
1.60422e-07
7.79801e-09
1.60409e-07
7.73224e-09
1.60404e-07
7.76499e-09
1.60398e-07
7.69758e-09
1.60396e-07
7.76209e-09
1.60387e-07
7.7071e-09
1.60382e-07
7.817e-09
1.60371e-07
7.80073e-09
1.60366e-07
8.02857e-09
1.60344e-07
8.08392e-09
1.60318e-07
8.41279e-09
1.60258e-07
8.43931e-09
1.60188e-07
8.76737e-09
1.60081e-07
8.65996e-09
1.60004e-07
8.99735e-09
1.59853e-07
8.94266e-09
1.59707e-07
9.45438e-09
1.59466e-07
9.3441e-09
1.59252e-07
9.9409e-09
1.00043e-08
1.70695e-07
6.07775e-09
-1.70601e-07
1.70911e-07
6.9714e-09
1.71309e-07
7.92307e-09
1.71842e-07
8.90326e-09
1.72353e-07
9.60163e-09
1.72793e-07
9.92758e-09
1.73175e-07
9.88576e-09
1.73483e-07
9.62184e-09
1.73648e-07
9.11624e-09
1.73665e-07
8.48324e-09
1.73643e-07
7.88131e-09
1.73659e-07
7.63561e-09
1.73698e-07
7.61905e-09
1.73731e-07
7.74176e-09
1.73738e-07
7.76145e-09
1.73737e-07
7.7987e-09
1.73734e-07
7.73463e-09
1.73744e-07
7.75575e-09
1.73753e-07
7.68872e-09
1.73768e-07
7.74711e-09
1.73772e-07
7.70281e-09
1.73782e-07
7.80669e-09
1.73782e-07
7.80091e-09
1.73794e-07
8.01676e-09
1.73794e-07
8.08359e-09
1.73803e-07
8.40366e-09
1.73792e-07
8.45035e-09
1.73788e-07
8.7717e-09
1.7375e-07
8.69806e-09
1.73751e-07
8.99578e-09
1.73702e-07
8.99244e-09
1.73672e-07
9.48376e-09
1.73578e-07
9.43878e-09
1.73528e-07
9.99021e-09
1.01546e-08
1.84977e-07
5.93338e-09
-1.84833e-07
1.85202e-07
6.74668e-09
1.85558e-07
7.56662e-09
1.86054e-07
8.4076e-09
1.8657e-07
9.08526e-09
1.87029e-07
9.4686e-09
1.87409e-07
9.50622e-09
1.87714e-07
9.3163e-09
1.87906e-07
8.92441e-09
1.87963e-07
8.4269e-09
1.87954e-07
7.89037e-09
1.87968e-07
7.62118e-09
1.88014e-07
7.57309e-09
1.88063e-07
7.69247e-09
1.88089e-07
7.73613e-09
1.881e-07
7.78692e-09
1.88106e-07
7.72916e-09
1.88121e-07
7.74046e-09
1.88138e-07
7.67155e-09
1.88162e-07
7.72346e-09
1.88175e-07
7.68999e-09
1.88191e-07
7.79059e-09
1.88196e-07
7.79545e-09
1.88211e-07
8.00161e-09
1.8822e-07
8.07549e-09
1.88239e-07
8.38399e-09
1.88247e-07
8.44262e-09
1.88267e-07
8.75157e-09
1.88256e-07
8.7089e-09
1.88278e-07
8.97367e-09
1.88263e-07
9.00795e-09
1.88272e-07
9.47443e-09
1.88231e-07
9.47955e-09
1.88236e-07
9.98507e-09
1.02155e-08
2.0042e-07
5.75518e-09
-2.00241e-07
2.0066e-07
6.50618e-09
2.00996e-07
7.23049e-09
2.0145e-07
7.9538e-09
2.01952e-07
8.58309e-09
2.02421e-07
8.99923e-09
2.0281e-07
9.11723e-09
2.03116e-07
9.01043e-09
2.03327e-07
8.71413e-09
2.03421e-07
8.3329e-09
2.03432e-07
7.87887e-09
2.03448e-07
7.60526e-09
2.03496e-07
7.52504e-09
2.03557e-07
7.63138e-09
2.03601e-07
7.69226e-09
2.03627e-07
7.76136e-09
2.0364e-07
7.71589e-09
2.03658e-07
7.72238e-09
2.03679e-07
7.65041e-09
2.03708e-07
7.69501e-09
2.03727e-07
7.67084e-09
2.03747e-07
7.77029e-09
2.03757e-07
7.78551e-09
2.03774e-07
7.98418e-09
2.03786e-07
8.06381e-09
2.03811e-07
8.3591e-09
2.03826e-07
8.4276e-09
2.03857e-07
8.72075e-09
2.03858e-07
8.70735e-09
2.03885e-07
8.94697e-09
2.0388e-07
9.0132e-09
2.03903e-07
9.45159e-09
2.0388e-07
9.50221e-09
2.03898e-07
9.96665e-09
1.02448e-08
2.17128e-07
5.55609e-09
-2.16928e-07
2.17384e-07
6.24936e-09
2.17713e-07
6.90231e-09
2.1813e-07
7.53645e-09
2.18608e-07
8.10532e-09
2.19074e-07
8.5328e-09
2.19475e-07
8.71597e-09
2.19789e-07
8.69656e-09
2.20014e-07
8.48913e-09
2.20141e-07
8.20628e-09
2.20179e-07
7.84105e-09
2.20202e-07
7.58215e-09
2.20251e-07
7.47629e-09
2.2032e-07
7.56186e-09
2.2038e-07
7.63201e-09
2.20423e-07
7.71907e-09
2.20446e-07
7.69291e-09
2.20467e-07
7.70077e-09
2.2049e-07
7.62779e-09
2.20522e-07
7.66329e-09
2.20546e-07
7.64685e-09
2.20571e-07
7.74526e-09
2.20585e-07
7.77154e-09
2.20606e-07
7.96302e-09
2.20619e-07
8.05001e-09
2.20649e-07
8.32968e-09
2.20667e-07
8.4096e-09
2.20703e-07
8.68417e-09
2.20711e-07
8.69938e-09
2.2074e-07
8.91854e-09
2.20738e-07
9.01498e-09
2.20767e-07
9.42304e-09
2.20751e-07
9.51765e-09
2.20771e-07
9.94673e-09
1.02621e-08
2.35211e-07
5.34402e-09
-2.34999e-07
2.3548e-07
5.98101e-09
2.35804e-07
6.57763e-09
2.36196e-07
7.14533e-09
2.36644e-07
7.65634e-09
2.37098e-07
8.07948e-09
2.37506e-07
8.30786e-09
2.37834e-07
8.36872e-09
2.38074e-07
8.249e-09
2.38228e-07
8.05176e-09
2.38296e-07
7.77365e-09
2.38332e-07
7.54579e-09
2.38383e-07
7.42516e-09
2.38459e-07
7.48609e-09
2.38533e-07
7.5585e-09
2.38593e-07
7.65841e-09
2.38629e-07
7.65692e-09
2.38657e-07
7.67257e-09
2.38681e-07
7.6038e-09
2.38716e-07
7.62893e-09
2.38744e-07
7.61893e-09
2.38774e-07
7.7149e-09
2.38792e-07
7.75348e-09
2.38818e-07
7.9369e-09
2.38834e-07
8.03388e-09
2.38868e-07
8.29568e-09
2.38889e-07
8.38935e-09
2.38929e-07
8.64364e-09
2.38941e-07
8.68706e-09
2.38971e-07
8.88866e-09
2.38972e-07
9.01409e-09
2.39003e-07
9.39202e-09
2.38993e-07
9.52824e-09
2.39011e-07
9.92801e-09
1.02728e-08
2.54785e-07
5.12415e-09
-2.54565e-07
2.55059e-07
5.70684e-09
2.55381e-07
6.25556e-09
2.55755e-07
6.77185e-09
2.56175e-07
7.23554e-09
2.56611e-07
7.64401e-09
2.57018e-07
7.9011e-09
2.5736e-07
8.02628e-09
2.57618e-07
7.99142e-09
2.57797e-07
7.87249e-09
2.57895e-07
7.67529e-09
2.5795e-07
7.49088e-09
2.58007e-07
7.36861e-09
2.58087e-07
7.4054e-09
2.58172e-07
7.47436e-09
2.58249e-07
7.58073e-09
2.58302e-07
7.60415e-09
2.5834e-07
7.63407e-09
2.58368e-07
7.57629e-09
2.58405e-07
7.59196e-09
2.58436e-07
7.58761e-09
2.58472e-07
7.67907e-09
2.58495e-07
7.73073e-09
2.58527e-07
7.90516e-09
2.58546e-07
8.01429e-09
2.58585e-07
8.25722e-09
2.58608e-07
8.36591e-09
2.58652e-07
8.59994e-09
2.58668e-07
8.67046e-09
2.587e-07
8.85744e-09
2.58704e-07
9.00966e-09
2.58736e-07
9.36006e-09
2.5873e-07
9.53384e-09
2.58748e-07
9.91075e-09
1.02782e-08
2.75971e-07
4.90012e-09
-2.75747e-07
2.76247e-07
5.43083e-09
2.76566e-07
5.93677e-09
2.76926e-07
6.41154e-09
2.77323e-07
6.83863e-09
2.77739e-07
7.22778e-09
2.78138e-07
7.50244e-09
2.7849e-07
7.67403e-09
2.78767e-07
7.71523e-09
2.78969e-07
7.66981e-09
2.79099e-07
7.54587e-09
2.79177e-07
7.41282e-09
2.79243e-07
7.30276e-09
2.79328e-07
7.31972e-09
2.79421e-07
7.38136e-09
2.79513e-07
7.48878e-09
2.79585e-07
7.53263e-09
2.79637e-07
7.58147e-09
2.79671e-07
7.54219e-09
2.79712e-07
7.55179e-09
2.79746e-07
7.55303e-09
2.79787e-07
7.63803e-09
2.79816e-07
7.7024e-09
2.79853e-07
7.86736e-09
2.79878e-07
7.98966e-09
2.79921e-07
8.21448e-09
2.79949e-07
8.33802e-09
2.79995e-07
8.55358e-09
2.80017e-07
8.6489e-09
2.80049e-07
8.82505e-09
2.80058e-07
9.00063e-09
2.8009e-07
9.32774e-09
2.8009e-07
9.53373e-09
2.80107e-07
9.89443e-09
1.02785e-08
2.98904e-07
4.67385e-09
-2.98677e-07
2.99179e-07
5.15565e-09
2.99493e-07
5.62228e-09
2.99843e-07
6.06224e-09
3.0022e-07
6.4612e-09
3.00617e-07
6.83036e-09
3.01005e-07
7.11529e-09
3.0136e-07
7.31863e-09
3.01654e-07
7.4216e-09
3.01879e-07
7.44403e-09
3.02039e-07
7.38657e-09
3.02143e-07
7.3081e-09
3.02223e-07
7.22277e-09
3.02315e-07
7.22766e-09
3.02416e-07
7.28068e-09
3.0252e-07
7.38492e-09
3.02609e-07
7.44389e-09
3.02679e-07
7.51139e-09
3.02723e-07
7.49795e-09
3.02768e-07
7.5065e-09
3.02807e-07
7.51427e-09
3.02853e-07
7.59221e-09
3.02888e-07
7.66758e-09
3.02932e-07
7.82334e-09
3.02963e-07
7.95841e-09
3.0301e-07
8.16755e-09
3.03043e-07
8.30452e-09
3.03092e-07
8.5049e-09
3.03119e-07
8.62163e-09
3.03153e-07
8.79139e-09
3.03168e-07
8.98609e-09
3.032e-07
9.2951e-09
3.03207e-07
9.52743e-09
3.03223e-07
9.87807e-09
1.02737e-08
3.2373e-07
4.44647e-09
-3.23502e-07
3.24002e-07
4.88376e-09
3.2431e-07
5.31393e-09
3.24648e-07
5.72371e-09
3.25009e-07
6.10027e-09
3.25389e-07
6.45062e-09
3.25764e-07
6.74034e-09
3.26117e-07
6.96534e-09
3.26425e-07
7.11439e-09
3.26672e-07
7.19614e-09
3.26859e-07
7.1998e-09
3.26993e-07
7.17404e-09
3.27093e-07
7.1235e-09
3.27193e-07
7.12691e-09
3.27302e-07
7.17242e-09
3.27416e-07
7.27075e-09
3.27519e-07
7.34077e-09
3.27608e-07
7.42225e-09
3.27666e-07
7.43956e-09
3.27719e-07
7.45354e-09
3.27764e-07
7.46961e-09
3.27814e-07
7.54194e-09
3.27856e-07
7.62577e-09
3.27907e-07
7.7729e-09
3.27946e-07
7.91906e-09
3.27997e-07
8.11607e-09
3.28037e-07
8.26448e-09
3.28088e-07
8.45385e-09
3.28122e-07
8.58813e-09
3.28157e-07
8.756e-09
3.28178e-07
8.96541e-09
3.28211e-07
9.26168e-09
3.28224e-07
9.51479e-09
3.28242e-07
9.86032e-09
1.02637e-08
3.50608e-07
4.21952e-09
-3.50381e-07
3.50874e-07
4.61782e-09
3.51174e-07
5.01414e-09
3.51502e-07
5.39621e-09
3.51849e-07
5.75335e-09
3.52213e-07
6.08653e-09
3.52576e-07
6.37695e-09
3.52925e-07
6.61685e-09
3.5324e-07
6.79878e-09
3.53508e-07
6.92832e-09
3.5372e-07
6.98809e-09
3.53884e-07
7.00976e-09
3.54007e-07
7.00076e-09
3.5412e-07
7.01394e-09
3.54237e-07
7.05553e-09
3.5436e-07
7.14753e-09
3.54475e-07
7.22514e-09
3.54582e-07
7.3156e-09
3.54659e-07
7.36305e-09
3.54722e-07
7.39035e-09
3.54775e-07
7.41663e-09
3.5483e-07
7.48646e-09
3.54879e-07
7.57672e-09
3.54936e-07
7.7159e-09
3.54985e-07
7.8706e-09
3.55041e-07
8.05941e-09
3.55089e-07
8.21723e-09
3.55143e-07
8.3999e-09
3.55183e-07
8.54808e-09
3.55221e-07
8.71806e-09
3.55248e-07
8.93821e-09
3.55283e-07
9.22666e-09
3.55302e-07
9.49593e-09
3.55322e-07
9.8398e-09
1.02483e-08
3.79711e-07
3.99507e-09
-3.79486e-07
3.79969e-07
4.35936e-09
3.80259e-07
4.7242e-09
3.80576e-07
5.07936e-09
3.80911e-07
5.41839e-09
3.81261e-07
5.73606e-09
3.81614e-07
6.02442e-09
3.81957e-07
6.27396e-09
3.82276e-07
6.47926e-09
3.8256e-07
6.64451e-09
3.82795e-07
6.75335e-09
3.82987e-07
6.81769e-09
3.83137e-07
6.85114e-09
3.83266e-07
6.88418e-09
3.83394e-07
6.92813e-09
3.83526e-07
7.01544e-09
3.83653e-07
7.09779e-09
3.83774e-07
7.1943e-09
3.83871e-07
7.26649e-09
3.83948e-07
7.31383e-09
3.84011e-07
7.35275e-09
3.84074e-07
7.42392e-09
3.84131e-07
7.52005e-09
3.84194e-07
7.65237e-09
3.84252e-07
7.81252e-09
3.84315e-07
7.99648e-09
3.8437e-07
8.16213e-09
3.84428e-07
8.34206e-09
3.84475e-07
8.50132e-09
3.84516e-07
8.67653e-09
3.8455e-07
8.90441e-09
3.84588e-07
9.18895e-09
3.84613e-07
9.47093e-09
3.84637e-07
9.81522e-09
1.02272e-08
4.11221e-07
3.77502e-09
-4.11001e-07
4.11473e-07
4.10758e-09
4.11753e-07
4.44387e-09
4.12059e-07
4.77294e-09
4.12384e-07
5.09433e-09
4.12722e-07
5.39788e-09
4.13064e-07
5.68211e-09
4.13401e-07
5.93707e-09
4.13721e-07
6.15888e-09
4.14016e-07
6.34956e-09
4.14272e-07
6.49769e-09
4.14488e-07
6.60151e-09
4.14667e-07
6.67215e-09
4.14818e-07
6.73362e-09
4.14958e-07
6.78744e-09
4.15101e-07
6.87306e-09
4.15239e-07
6.95919e-09
4.15373e-07
7.0603e-09
4.15489e-07
7.15093e-09
4.15582e-07
7.22041e-09
4.15659e-07
7.27564e-09
4.15731e-07
7.3518e-09
4.15797e-07
7.45459e-09
4.15867e-07
7.58216e-09
4.15935e-07
7.74475e-09
4.16005e-07
7.92613e-09
4.16069e-07
8.09861e-09
4.16132e-07
8.2791e-09
4.16186e-07
8.44752e-09
4.16232e-07
8.63003e-09
4.16273e-07
8.8638e-09
4.16314e-07
9.14734e-09
4.16345e-07
9.43979e-09
4.16375e-07
9.78539e-09
1.01998e-08
4.4534e-07
3.55947e-09
-4.45125e-07
4.45586e-07
3.86177e-09
4.45857e-07
4.17256e-09
4.46153e-07
4.47747e-09
4.46466e-07
4.78108e-09
4.46793e-07
5.07141e-09
4.47125e-07
5.34949e-09
4.47456e-07
5.60653e-09
4.47776e-07
5.8388e-09
4.48078e-07
6.04722e-09
4.48352e-07
6.22397e-09
4.4859e-07
6.36328e-09
4.48796e-07
6.46584e-09
4.48972e-07
6.55823e-09
4.49129e-07
6.63024e-09
4.49284e-07
6.71854e-09
4.49434e-07
6.80921e-09
4.4958e-07
6.91412e-09
4.49712e-07
7.0185e-09
4.49825e-07
7.10807e-09
4.49917e-07
7.18272e-09
4.50002e-07
7.26764e-09
4.50078e-07
7.37837e-09
4.50156e-07
7.50418e-09
4.50233e-07
7.66759e-09
4.50312e-07
7.84733e-09
4.50384e-07
8.0259e-09
4.50454e-07
8.20942e-09
4.50516e-07
8.38601e-09
4.50568e-07
8.57722e-09
4.50616e-07
8.81614e-09
4.50663e-07
9.10068e-09
4.50701e-07
9.40193e-09
4.50737e-07
9.74907e-09
1.01656e-08
4.82289e-07
3.34795e-09
-4.82077e-07
4.82527e-07
3.62337e-09
4.82789e-07
3.91047e-09
4.83073e-07
4.19359e-09
4.83375e-07
4.47895e-09
4.83691e-07
4.75611e-09
4.84014e-07
5.02565e-09
4.84339e-07
5.28171e-09
4.84659e-07
5.51925e-09
4.84966e-07
5.73991e-09
4.85254e-07
5.93633e-09
4.85512e-07
6.10503e-09
4.85741e-07
6.23641e-09
4.85944e-07
6.35574e-09
4.86121e-07
6.45295e-09
4.8629e-07
6.54933e-09
4.86453e-07
6.64635e-09
4.86612e-07
6.75553e-09
4.8676e-07
6.87047e-09
4.86891e-07
6.97717e-09
4.87002e-07
7.07137e-09
4.87101e-07
7.16916e-09
4.8719e-07
7.28931e-09
4.87277e-07
7.41664e-09
4.87364e-07
7.58119e-09
4.87451e-07
7.75946e-09
4.87534e-07
7.94321e-09
4.87612e-07
8.1316e-09
4.87682e-07
8.31589e-09
4.87743e-07
8.51663e-09
4.87798e-07
8.76066e-09
4.87851e-07
9.04775e-09
4.87896e-07
9.35661e-09
4.8794e-07
9.70532e-09
1.01237e-08
5.22298e-07
3.14135e-09
-5.22091e-07
5.22528e-07
3.39339e-09
5.22781e-07
3.65757e-09
5.23054e-07
3.92043e-09
5.23346e-07
4.18689e-09
5.23652e-07
4.45024e-09
5.23968e-07
4.70927e-09
5.24288e-07
4.96179e-09
5.24606e-07
5.20093e-09
5.24917e-07
5.42936e-09
5.25214e-07
5.63884e-09
5.2549e-07
5.82937e-09
5.2574e-07
5.98624e-09
5.25968e-07
6.12812e-09
5.2617e-07
6.25107e-09
5.26356e-07
6.36302e-09
5.26533e-07
6.46896e-09
5.26705e-07
6.58379e-09
5.26868e-07
6.70726e-09
5.27017e-07
6.82906e-09
5.27148e-07
6.94017e-09
5.27263e-07
7.05384e-09
5.27367e-07
7.18557e-09
5.27466e-07
7.31733e-09
5.27563e-07
7.48451e-09
5.2766e-07
7.66211e-09
5.27753e-07
7.84987e-09
5.27841e-07
8.04424e-09
5.27921e-07
8.23593e-09
5.27991e-07
8.44687e-09
5.28055e-07
8.69639e-09
5.28115e-07
8.98761e-09
5.28168e-07
9.30311e-09
5.28221e-07
9.65271e-09
1.00732e-08
5.65613e-07
2.94004e-09
-5.65412e-07
5.65836e-07
3.17035e-09
5.66081e-07
3.41211e-09
5.66346e-07
3.65555e-09
5.6663e-07
3.90328e-09
5.66928e-07
4.15254e-09
5.67237e-07
4.40025e-09
5.67551e-07
4.64691e-09
5.67868e-07
4.8847e-09
5.6818e-07
5.11651e-09
5.68485e-07
5.33405e-09
5.68776e-07
5.53897e-09
5.69045e-07
5.71697e-09
5.69294e-07
5.87864e-09
5.69522e-07
6.02347e-09
5.69729e-07
6.15612e-09
5.69923e-07
6.2751e-09
5.70109e-07
6.39723e-09
5.70288e-07
6.52841e-09
5.70453e-07
6.66422e-09
5.70604e-07
6.7895e-09
5.70738e-07
6.91917e-09
5.70859e-07
7.06523e-09
5.70972e-07
7.20382e-09
5.71081e-07
7.37562e-09
5.71189e-07
7.55434e-09
5.71293e-07
7.74547e-09
5.71392e-07
7.94585e-09
5.71483e-07
8.1451e-09
5.71563e-07
8.36648e-09
5.71637e-07
8.62214e-09
5.71706e-07
8.91827e-09
5.71769e-07
9.2404e-09
5.71832e-07
9.59012e-09
1.00126e-08
6.12502e-07
2.74314e-09
-6.12305e-07
6.1272e-07
2.95214e-09
6.12959e-07
3.17255e-09
6.13217e-07
3.39763e-09
6.13493e-07
3.62787e-09
6.13782e-07
3.86292e-09
6.14084e-07
4.09873e-09
6.14394e-07
4.33678e-09
6.14708e-07
4.57042e-09
6.15023e-07
4.80131e-09
6.15334e-07
5.02303e-09
6.15637e-07
5.23633e-09
6.15923e-07
5.43067e-09
6.16193e-07
5.60936e-09
6.16443e-07
5.77264e-09
6.16674e-07
5.92532e-09
6.16887e-07
6.0619e-09
6.1709e-07
6.19427e-09
6.17286e-07
6.33287e-09
6.17468e-07
6.48186e-09
6.17637e-07
6.62085e-09
6.17792e-07
6.7638e-09
6.17931e-07
6.92624e-09
6.18061e-07
7.07399e-09
6.18184e-07
7.25255e-09
6.18304e-07
7.43417e-09
6.1842e-07
7.62963e-09
6.18531e-07
7.8349e-09
6.18634e-07
8.04237e-09
6.18727e-07
8.27326e-09
6.18813e-07
8.5366e-09
6.18893e-07
8.83759e-09
6.18966e-07
9.16745e-09
6.1904e-07
9.51679e-09
9.93925e-09
6.63255e-07
2.54934e-09
-6.63061e-07
6.6347e-07
2.73718e-09
6.63704e-07
2.93845e-09
6.63955e-07
3.14623e-09
6.64223e-07
3.35999e-09
6.64506e-07
3.57995e-09
6.64802e-07
3.80304e-09
6.65109e-07
4.02966e-09
6.65422e-07
4.25707e-09
6.6574e-07
4.48352e-09
6.66056e-07
4.70683e-09
6.66369e-07
4.92385e-09
6.6667e-07
5.12988e-09
6.66957e-07
5.32207e-09
6.67228e-07
5.50128e-09
6.67482e-07
5.67126e-09
6.67719e-07
5.82569e-09
6.6794e-07
5.97313e-09
6.68153e-07
6.12e-09
6.68354e-07
6.28032e-09
6.6854e-07
6.43484e-09
6.68716e-07
6.58778e-09
6.68876e-07
6.7665e-09
6.69024e-07
6.92611e-09
6.69163e-07
7.11352e-09
6.69298e-07
7.29942e-09
6.69426e-07
7.50133e-09
6.6955e-07
7.71041e-09
6.69666e-07
7.92632e-09
6.69774e-07
8.16608e-09
6.69872e-07
8.43837e-09
6.69965e-07
8.74399e-09
6.70052e-07
9.08115e-09
6.70136e-07
9.4325e-09
9.85138e-09
7.18188e-07
2.35545e-09
-7.17994e-07
7.18401e-07
2.52467e-09
7.1863e-07
2.70897e-09
7.18876e-07
2.90005e-09
7.19139e-07
3.09735e-09
7.19418e-07
3.30085e-09
7.1971e-07
3.5106e-09
7.20015e-07
3.72461e-09
7.20329e-07
3.94397e-09
7.20648e-07
4.16412e-09
7.20969e-07
4.38598e-09
7.21289e-07
4.60394e-09
7.21602e-07
4.81634e-09
7.21905e-07
5.01926e-09
7.22196e-07
5.21015e-09
7.22472e-07
5.39565e-09
7.22733e-07
5.56464e-09
7.22975e-07
5.7311e-09
7.23206e-07
5.88852e-09
7.23427e-07
6.05935e-09
7.23632e-07
6.22998e-09
7.23827e-07
6.393e-09
7.24009e-07
6.58447e-09
7.24175e-07
6.75961e-09
7.24333e-07
6.95559e-09
7.24484e-07
7.1492e-09
7.24628e-07
7.35728e-09
7.24765e-07
7.57306e-09
7.24897e-07
7.79404e-09
7.25018e-07
8.04571e-09
7.25133e-07
8.3234e-09
7.25238e-07
8.63874e-09
7.25341e-07
8.97761e-09
7.25439e-07
9.33498e-09
9.75009e-09
7.77644e-07
2.15737e-09
-7.77446e-07
7.77854e-07
2.31487e-09
7.7808e-07
2.48308e-09
7.78323e-07
2.65638e-09
7.78585e-07
2.83611e-09
7.78862e-07
3.0231e-09
7.79154e-07
3.21936e-09
7.79457e-07
3.42162e-09
7.7977e-07
3.63098e-09
7.8009e-07
3.84358e-09
7.80416e-07
4.06025e-09
7.80742e-07
4.27757e-09
7.81067e-07
4.49116e-09
7.81384e-07
4.7024e-09
7.81694e-07
4.90076e-09
7.81989e-07
5.10021e-09
7.82273e-07
5.28062e-09
7.82538e-07
5.46652e-09
7.8279e-07
5.6365e-09
7.8303e-07
5.81872e-09
7.83256e-07
6.0044e-09
7.83469e-07
6.1799e-09
7.83673e-07
6.38037e-09
7.8386e-07
6.57311e-09
7.84037e-07
6.77775e-09
7.84205e-07
6.98206e-09
7.84366e-07
7.19542e-09
7.84518e-07
7.42128e-09
7.84668e-07
7.64387e-09
7.84803e-07
7.91087e-09
7.84937e-07
8.19012e-09
7.85054e-07
8.52114e-09
7.85172e-07
8.85997e-09
7.85294e-07
9.21296e-09
9.64028e-09
8.41991e-07
1.97283e-09
-8.41807e-07
8.42185e-07
2.12165e-09
8.42404e-07
2.26387e-09
8.42648e-07
2.41206e-09
8.42914e-07
2.57059e-09
8.43198e-07
2.7386e-09
8.43498e-07
2.91945e-09
8.4381e-07
3.10949e-09
8.4413e-07
3.31073e-09
8.44456e-07
3.51807e-09
8.44786e-07
3.73066e-09
8.45117e-07
3.94648e-09
8.45448e-07
4.16004e-09
8.45774e-07
4.376e-09
8.46095e-07
4.57971e-09
8.46408e-07
4.78766e-09
8.4671e-07
4.97883e-09
8.46998e-07
5.17794e-09
8.47272e-07
5.36271e-09
8.47535e-07
5.55557e-09
8.47782e-07
5.75719e-09
8.48017e-07
5.94526e-09
8.4824e-07
6.15717e-09
8.4845e-07
6.36364e-09
8.48646e-07
6.5814e-09
8.48834e-07
6.79396e-09
8.49012e-07
7.0172e-09
8.49183e-07
7.25052e-09
8.49347e-07
7.47974e-09
8.49502e-07
7.75627e-09
8.49649e-07
8.04254e-09
8.4979e-07
8.38022e-09
8.49927e-07
8.72358e-09
8.50049e-07
9.09075e-09
9.48899e-09
3.27714e-06
1.27581e-09
-3.27644e-06
3.2779e-06
1.3573e-09
3.27871e-06
1.46142e-09
3.27954e-06
1.57439e-09
3.28041e-06
1.69988e-09
3.28132e-06
1.83407e-09
3.28226e-06
1.98019e-09
3.28323e-06
2.13418e-09
3.28425e-06
2.29825e-09
3.2853e-06
2.469e-09
3.28638e-06
2.6454e-09
3.2875e-06
2.82755e-09
3.28865e-06
3.01257e-09
3.28981e-06
3.20802e-09
3.29099e-06
3.40645e-09
3.29216e-06
3.6194e-09
3.2933e-06
3.83597e-09
3.29441e-06
4.06736e-09
3.29545e-06
4.31913e-09
3.29645e-06
4.55789e-09
3.2974e-06
4.80622e-09
3.29831e-06
5.03732e-09
3.29917e-06
5.29274e-09
3.30001e-06
5.5258e-09
3.30081e-06
5.78634e-09
3.30158e-06
6.02286e-09
3.30232e-06
6.27797e-09
3.30303e-06
6.53641e-09
3.30371e-06
6.79666e-09
3.30437e-06
7.0978e-09
3.305e-06
7.42063e-09
3.3056e-06
7.77598e-09
3.30617e-06
8.15529e-09
3.30676e-06
8.50235e-09
8.8603e-09
3.54067e-06
9.32945e-11
-3.53949e-06
3.54192e-06
1.12906e-10
3.54316e-06
2.16306e-10
3.54437e-06
3.63365e-10
3.54554e-06
5.3925e-10
3.54664e-06
7.25533e-10
3.54771e-06
9.12584e-10
3.54875e-06
1.09262e-09
3.54978e-06
1.26658e-09
3.55081e-06
1.44258e-09
3.55183e-06
1.62547e-09
3.55289e-06
1.77173e-09
3.55401e-06
1.89074e-09
3.55516e-06
2.05281e-09
3.55633e-06
2.24316e-09
3.55748e-06
2.468e-09
3.5586e-06
2.71159e-09
3.55969e-06
2.97845e-09
3.56076e-06
3.25538e-09
3.56178e-06
3.53565e-09
3.56276e-06
3.82504e-09
3.5637e-06
4.09725e-09
3.56461e-06
4.38554e-09
3.56549e-06
4.64402e-09
3.56635e-06
4.927e-09
3.56718e-06
5.18699e-09
3.568e-06
5.45851e-09
3.5688e-06
5.74258e-09
3.56957e-06
6.02084e-09
3.57032e-06
6.34854e-09
3.57105e-06
6.68785e-09
3.57177e-06
7.06351e-09
3.57247e-06
7.45267e-09
3.57316e-06
7.81679e-09
8.30462e-09
3.83128e-06
-1.16511e-09
-3.83003e-06
3.83233e-06
-9.3432e-10
3.83329e-06
-7.43191e-10
3.83418e-06
-5.25414e-10
3.83502e-06
-3.04959e-10
3.83586e-06
-1.10325e-10
3.83668e-06
9.29918e-11
3.83749e-06
2.84032e-10
3.83835e-06
4.05932e-10
3.8393e-06
4.91682e-10
3.84035e-06
5.744e-10
3.84143e-06
6.8713e-10
3.84249e-06
8.34298e-10
3.84352e-06
1.02129e-09
3.84452e-06
1.24136e-09
3.84549e-06
1.49909e-09
3.84643e-06
1.77707e-09
3.84733e-06
2.07322e-09
3.84821e-06
2.37443e-09
3.84908e-06
2.67034e-09
3.84994e-06
2.96892e-09
3.85079e-06
3.24246e-09
3.85164e-06
3.53297e-09
3.85249e-06
3.79308e-09
3.85334e-06
4.08191e-09
3.85418e-06
4.34983e-09
3.855e-06
4.63605e-09
3.85581e-06
4.93328e-09
3.8566e-06
5.2302e-09
3.85738e-06
5.57105e-09
3.85814e-06
5.92535e-09
3.8589e-06
6.30451e-09
3.85966e-06
6.68993e-09
3.86045e-06
7.02263e-09
7.32887e-09
4.1512e-06
-4.21948e-10
-4.15195e-06
4.15076e-06
-4.94702e-10
4.15043e-06
-4.14532e-10
4.15017e-06
-2.64639e-10
4.14994e-06
-6.91363e-11
4.14975e-06
8.06587e-11
4.14964e-06
2.02907e-10
4.1496e-06
3.19362e-10
4.14958e-06
4.28701e-10
4.14953e-06
5.36918e-10
4.14946e-06
6.52375e-10
4.1494e-06
7.42964e-10
4.14942e-06
8.15395e-10
4.14951e-06
9.29639e-10
4.14968e-06
1.07103e-09
4.14993e-06
1.24581e-09
4.15027e-06
1.44234e-09
4.15068e-06
1.6642e-09
4.15115e-06
1.9004e-09
4.15168e-06
2.14581e-09
4.15224e-06
2.40613e-09
4.15282e-06
2.65721e-09
4.15343e-06
2.92907e-09
4.15404e-06
3.17725e-09
4.15467e-06
3.45208e-09
4.15532e-06
3.70687e-09
4.15598e-06
3.97405e-09
4.15666e-06
4.25047e-09
4.15737e-06
4.52432e-09
4.1581e-06
4.84167e-09
4.15885e-06
5.16826e-09
4.15963e-06
5.5247e-09
4.16044e-06
5.8872e-09
4.16125e-06
6.21246e-09
6.62955e-09
4.49125e-06
3.08323e-10
-4.49198e-06
4.49043e-06
3.2495e-10
4.48966e-06
3.49914e-10
4.48902e-06
3.78676e-10
4.48854e-06
4.13982e-10
4.48816e-06
4.53236e-10
4.48787e-06
4.98969e-10
4.48764e-06
5.48769e-10
4.48746e-06
6.04915e-10
4.48733e-06
6.66119e-10
4.48725e-06
7.3349e-10
4.48719e-06
8.08773e-10
4.48711e-06
8.91333e-10
4.48705e-06
9.86905e-10
4.48703e-06
1.09121e-09
4.48707e-06
1.21284e-09
4.48716e-06
1.34468e-09
4.48733e-06
1.49544e-09
4.48757e-06
1.65999e-09
4.48788e-06
1.8377e-09
4.48825e-06
2.03538e-09
4.48867e-06
2.23452e-09
4.48913e-06
2.47111e-09
4.48962e-06
2.69009e-09
4.49014e-06
2.93174e-09
4.49069e-06
3.15706e-09
4.49127e-06
3.39856e-09
4.49187e-06
3.64834e-09
4.4925e-06
3.89636e-09
4.49315e-06
4.18449e-09
4.49384e-06
4.47986e-09
4.49457e-06
4.79899e-09
4.49533e-06
5.11913e-09
4.49615e-06
5.3933e-09
5.66359e-09
4.84967e-06
3.549e-10
-4.84972e-06
4.84962e-06
3.76052e-10
4.84957e-06
3.96804e-10
4.84953e-06
4.18759e-10
4.8495e-06
4.45312e-10
4.84948e-06
4.74368e-10
4.84947e-06
5.09327e-10
4.84947e-06
5.47897e-10
4.84948e-06
5.9289e-10
4.8495e-06
6.42802e-10
4.84954e-06
6.99004e-10
4.84959e-06
7.61957e-10
4.84965e-06
8.30609e-10
4.84972e-06
9.08885e-10
4.84982e-06
9.92652e-10
4.84995e-06
1.08939e-09
4.8501e-06
1.19267e-09
4.85028e-06
1.3103e-09
4.85051e-06
1.43832e-09
4.85077e-06
1.57725e-09
4.85107e-06
1.73473e-09
4.85141e-06
1.89303e-09
4.8518e-06
2.08026e-09
4.85223e-06
2.25621e-09
4.8527e-06
2.46431e-09
4.8532e-06
2.6593e-09
4.85372e-06
2.87185e-09
4.85428e-06
3.09129e-09
4.85487e-06
3.31008e-09
4.85549e-06
3.56289e-09
4.85615e-06
3.82243e-09
4.85685e-06
4.10021e-09
4.85759e-06
4.37958e-09
4.85836e-06
4.61504e-09
4.85529e-09
5.24494e-06
3.3925e-10
-5.24492e-06
5.24496e-06
3.57943e-10
5.24497e-06
3.82073e-10
5.24498e-06
4.0728e-10
5.24499e-06
4.35679e-10
5.245e-06
4.65535e-10
5.24501e-06
4.9913e-10
5.24503e-06
5.34918e-10
5.24504e-06
5.74859e-10
5.24507e-06
6.18275e-10
5.2451e-06
6.65978e-10
5.24514e-06
7.19158e-10
5.2452e-06
7.76431e-10
5.24526e-06
8.41876e-10
5.24535e-06
9.11084e-10
5.24544e-06
9.9113e-10
5.24556e-06
1.0753e-09
5.2457e-06
1.17129e-09
5.24587e-06
1.27421e-09
5.24606e-06
1.38599e-09
5.24628e-06
1.51168e-09
5.24653e-06
1.63821e-09
5.24683e-06
1.7884e-09
5.24715e-06
1.93033e-09
5.24752e-06
2.09968e-09
5.24792e-06
2.26032e-09
5.24835e-06
2.43611e-09
5.24882e-06
2.62105e-09
5.24933e-06
2.80444e-09
5.24987e-06
3.02083e-09
5.25045e-06
3.24183e-09
5.25107e-06
3.48272e-09
5.25172e-06
3.72467e-09
5.2524e-06
3.9375e-09
4.20446e-09
5.67112e-06
3.03925e-10
-5.67108e-06
5.67115e-06
3.25789e-10
5.67118e-06
3.47653e-10
5.67122e-06
3.70137e-10
5.67126e-06
3.95217e-10
5.6713e-06
4.2124e-10
5.67135e-06
4.50351e-10
5.67141e-06
4.80987e-10
5.67147e-06
5.15068e-10
5.67153e-06
5.51704e-10
5.67161e-06
5.91913e-10
5.67169e-06
6.36313e-10
5.67178e-06
6.84091e-10
5.67189e-06
7.38235e-10
5.672e-06
7.95411e-10
5.67213e-06
8.61087e-10
5.67228e-06
9.30013e-10
5.67244e-06
1.00814e-09
5.67262e-06
1.09181e-09
5.67283e-06
1.18207e-09
5.67305e-06
1.28388e-09
5.67331e-06
1.38554e-09
5.67359e-06
1.50734e-09
5.6739e-06
1.62128e-09
5.67424e-06
1.75923e-09
5.67461e-06
1.88922e-09
5.67501e-06
2.03352e-09
5.67545e-06
2.18505e-09
5.67591e-06
2.33725e-09
5.67642e-06
2.51665e-09
5.67696e-06
2.70114e-09
5.67754e-06
2.90023e-09
5.67817e-06
3.09909e-09
5.67884e-06
3.26577e-09
3.42588e-09
6.13328e-06
2.52388e-10
-6.13323e-06
6.13334e-06
2.70341e-10
6.13339e-06
2.8907e-10
6.13346e-06
3.08395e-10
6.13352e-06
3.29853e-10
6.13359e-06
3.51976e-10
6.13366e-06
3.76202e-10
6.13374e-06
4.01672e-10
6.13383e-06
4.30269e-10
6.13392e-06
4.6106e-10
6.13402e-06
4.94798e-10
6.13412e-06
5.31976e-10
6.13423e-06
5.71878e-10
6.13435e-06
6.16966e-10
6.13449e-06
6.64433e-10
6.13463e-06
7.18789e-10
6.13478e-06
7.75637e-10
6.13495e-06
8.39903e-10
6.13513e-06
9.08484e-10
6.13533e-06
9.82293e-10
6.13555e-06
1.06531e-09
6.13579e-06
1.14797e-09
6.13605e-06
1.24694e-09
6.13633e-06
1.3392e-09
6.13664e-06
1.45103e-09
6.13697e-06
1.55611e-09
6.13733e-06
1.67292e-09
6.13772e-06
1.79567e-09
6.13814e-06
1.91919e-09
6.13859e-06
2.06553e-09
6.13908e-06
2.21702e-09
6.1396e-06
2.38204e-09
6.14014e-06
2.54969e-09
6.14071e-06
2.6958e-09
2.87947e-09
6.63353e-06
2.05153e-10
-6.63348e-06
6.63358e-06
2.18182e-10
6.63364e-06
2.33531e-10
6.6337e-06
2.49391e-10
6.63376e-06
2.67103e-10
6.63382e-06
2.85451e-10
6.63389e-06
3.05931e-10
6.63397e-06
3.27373e-10
6.63405e-06
3.51168e-10
6.63413e-06
3.76551e-10
6.63422e-06
4.04343e-10
6.63432e-06
4.34741e-10
6.63442e-06
4.67384e-10
6.63454e-06
5.03996e-10
6.63466e-06
5.42558e-10
6.63479e-06
5.86419e-10
6.63494e-06
6.32292e-10
6.63509e-06
6.83848e-10
6.63526e-06
7.38847e-10
6.63545e-06
7.97714e-10
6.63565e-06
8.63976e-10
6.63587e-06
9.29584e-10
6.6361e-06
1.00849e-09
6.63636e-06
1.08182e-09
6.63664e-06
1.17158e-09
6.63694e-06
1.25511e-09
6.63727e-06
1.34833e-09
6.63762e-06
1.44557e-09
6.63799e-06
1.54394e-09
6.6384e-06
1.66002e-09
6.63883e-06
1.78064e-09
6.6393e-06
1.91094e-09
6.63981e-06
2.04287e-09
6.64035e-06
2.15397e-09
2.26819e-09
7.17466e-06
1.59802e-10
-7.17462e-06
7.17471e-06
1.70363e-10
7.17476e-06
1.82388e-10
7.17482e-06
1.94821e-10
7.17487e-06
2.08746e-10
7.17494e-06
2.23177e-10
7.175e-06
2.39314e-10
7.17507e-06
2.56182e-10
7.17515e-06
2.74906e-10
7.17523e-06
2.94817e-10
7.17532e-06
3.16615e-10
7.17541e-06
3.40368e-10
7.17552e-06
3.65879e-10
7.17563e-06
3.94393e-10
7.17574e-06
4.24441e-10
7.17587e-06
4.58514e-10
7.17601e-06
4.94163e-10
7.17616e-06
5.34129e-10
7.17632e-06
5.76787e-10
7.1765e-06
6.2235e-10
7.17669e-06
6.73668e-10
7.17689e-06
7.24324e-10
7.17712e-06
7.85265e-10
7.17736e-06
8.41437e-10
7.17762e-06
9.10105e-10
7.1779e-06
9.73744e-10
7.1782e-06
1.04513e-09
7.17853e-06
1.11928e-09
7.17888e-06
1.19448e-09
7.17925e-06
1.28303e-09
7.17966e-06
1.37556e-09
7.1801e-06
1.47552e-09
7.18056e-06
1.57806e-09
7.18105e-06
1.66548e-09
1.77174e-09
7.76007e-06
1.17194e-10
-7.76002e-06
7.76011e-06
1.2508e-10
7.76016e-06
1.33991e-10
7.76021e-06
1.43149e-10
7.76027e-06
1.53386e-10
7.76033e-06
1.63964e-10
7.76039e-06
1.75808e-10
7.76046e-06
1.88174e-10
7.76053e-06
2.01935e-10
7.76061e-06
2.16553e-10
7.76069e-06
2.32597e-10
7.76078e-06
2.50054e-10
7.76088e-06
2.68841e-10
7.76098e-06
2.89798e-10
7.7611e-06
3.11922e-10
7.76122e-06
3.36952e-10
7.76135e-06
3.63179e-10
7.76149e-06
3.9251e-10
7.76164e-06
4.23845e-10
7.76181e-06
4.57218e-10
7.76199e-06
4.94833e-10
7.76218e-06
5.31831e-10
7.76239e-06
5.76389e-10
7.76261e-06
6.17263e-10
7.76286e-06
6.67366e-10
7.76312e-06
7.13601e-10
7.7634e-06
7.65722e-10
7.7637e-06
8.19733e-10
7.76401e-06
8.74847e-10
7.76436e-06
9.39647e-10
7.76473e-06
1.00786e-09
7.76512e-06
1.08139e-09
7.76554e-06
1.15744e-09
7.76598e-06
1.22211e-09
1.29841e-09
8.39334e-06
7.73173e-11
-8.3933e-06
8.39339e-06
8.23834e-11
8.39343e-06
8.82653e-11
8.39348e-06
9.43112e-11
8.39353e-06
1.01092e-10
8.39359e-06
1.08079e-10
8.39365e-06
1.1592e-10
8.39371e-06
1.24079e-10
8.39378e-06
1.33184e-10
8.39386e-06
1.42825e-10
8.39393e-06
1.53444e-10
8.39402e-06
1.64963e-10
8.39411e-06
1.77408e-10
8.39421e-06
1.91243e-10
8.39432e-06
2.05903e-10
8.39443e-06
2.22426e-10
8.39455e-06
2.39798e-10
8.39469e-06
2.59144e-10
8.39483e-06
2.79879e-10
8.39499e-06
3.01864e-10
8.39515e-06
3.26729e-10
8.39534e-06
3.51066e-10
8.39553e-06
3.80495e-10
8.39574e-06
4.07343e-10
8.39597e-06
4.40423e-10
8.39621e-06
4.70766e-10
8.39647e-06
5.0519e-10
8.39675e-06
5.40635e-10
8.39705e-06
5.77089e-10
8.39737e-06
6.19668e-10
8.39771e-06
6.64895e-10
8.39808e-06
7.13236e-10
8.39847e-06
7.63613e-10
8.39889e-06
8.0576e-10
8.55504e-10
9.07837e-06
3.89986e-11
-9.07833e-06
9.07841e-06
4.1459e-11
9.07846e-06
4.43871e-11
9.0785e-06
4.74098e-11
9.07855e-06
5.08188e-11
9.07861e-06
5.43405e-11
9.07867e-06
5.83027e-11
9.07873e-06
6.24259e-11
9.07879e-06
6.7031e-11
9.07886e-06
7.19001e-11
9.07894e-06
7.72628e-11
9.07902e-06
8.30648e-11
9.07911e-06
8.93337e-11
9.07921e-06
9.62856e-11
9.07931e-06
1.03657e-10
9.07942e-06
1.11948e-10
9.07954e-06
1.20677e-10
9.07967e-06
1.30383e-10
9.07981e-06
1.40805e-10
9.07996e-06
1.5184e-10
9.08012e-06
1.64345e-10
9.08029e-06
1.76566e-10
9.08048e-06
1.91371e-10
9.08068e-06
2.04849e-10
9.0809e-06
2.21486e-10
9.08114e-06
2.36699e-10
9.08139e-06
2.53997e-10
9.08166e-06
2.71744e-10
9.08194e-06
2.90053e-10
9.08225e-06
3.11365e-10
9.08258e-06
3.34095e-10
9.08294e-06
3.58299e-10
9.08332e-06
3.83666e-10
9.08372e-06
4.0484e-10
4.30551e-10
9.8194e-06
-9.81936e-06
9.81944e-06
9.81948e-06
9.81953e-06
9.81958e-06
9.81964e-06
9.81969e-06
9.81976e-06
9.81982e-06
9.81989e-06
9.81997e-06
9.82006e-06
9.82014e-06
9.82024e-06
9.82034e-06
9.82046e-06
9.82058e-06
9.82071e-06
9.82085e-06
9.821e-06
9.82116e-06
9.82134e-06
9.82153e-06
9.82174e-06
9.82196e-06
9.8222e-06
9.82245e-06
9.82272e-06
9.82301e-06
9.82332e-06
9.82366e-06
9.82401e-06
9.8244e-06
9.8248e-06
8.46985e-08
9.58094e-09
8.36761e-08
-7.03214e-09
8.43245e-08
6.4627e-09
8.35051e-08
-6.48445e-09
8.39878e-08
5.83279e-09
8.33079e-08
-1.64333e-09
8.38105e-08
4.16219e-09
8.31591e-08
-1.91474e-09
8.35801e-08
2.94494e-09
8.31242e-08
-1.59067e-09
8.33287e-08
1.88039e-09
8.30249e-08
-1.51092e-09
8.30805e-08
1.9056e-09
8.2976e-08
-4.1788e-10
8.30031e-08
2.16448e-09
8.29674e-08
2.32685e-10
8.27636e-08
1.80707e-09
8.25523e-08
5.79984e-10
8.15147e-08
2.20449e-09
1.81882e-09
9.13055e-08
9.32192e-09
9.06836e-08
-6.41034e-09
9.09216e-08
6.22478e-09
9.05162e-08
-6.07904e-09
9.05581e-08
5.79088e-09
9.03877e-08
-1.473e-09
9.0421e-08
4.1289e-09
9.02634e-08
-1.75709e-09
9.02546e-08
2.9537e-09
9.01665e-08
-1.50255e-09
9.00564e-08
1.9905e-09
8.99319e-08
-1.38648e-09
8.98067e-08
2.03087e-09
8.97085e-08
-3.19693e-10
8.96007e-08
2.2723e-09
8.94648e-08
3.68534e-10
8.91506e-08
2.12124e-09
8.87213e-08
1.00931e-09
8.82867e-08
2.63914e-09
2.32993e-09
9.84784e-08
9.41374e-09
9.82621e-08
-6.19406e-09
9.81806e-08
6.3063e-09
9.80876e-08
-5.98601e-09
9.79294e-08
5.94899e-09
9.79771e-08
-1.52063e-09
9.79174e-08
4.18862e-09
9.78583e-08
-1.69807e-09
9.78784e-08
2.93364e-09
9.77268e-08
-1.35096e-09
9.7794e-08
1.92328e-09
9.74467e-08
-1.03916e-09
9.76112e-08
1.86636e-09
9.71811e-08
1.10384e-10
9.73975e-08
2.05596e-09
9.68542e-08
9.11838e-10
9.68912e-08
2.08423e-09
9.61604e-08
1.74006e-09
9.60587e-08
2.74091e-09
2.77512e-09
1.06509e-07
9.62014e-09
1.06468e-07
-6.15233e-09
1.06377e-07
6.39697e-09
1.06275e-07
-5.8842e-09
1.06274e-07
5.94977e-09
1.06202e-07
-1.44804e-09
1.06351e-07
4.03952e-09
1.06117e-07
-1.46373e-09
1.06373e-07
2.67694e-09
1.05997e-07
-9.74431e-10
1.06303e-07
1.61728e-09
1.0575e-07
-4.86549e-10
1.0608e-07
1.53654e-09
1.05525e-07
6.64952e-10
1.05764e-07
1.81727e-09
1.05192e-07
1.48415e-09
1.05165e-07
2.1112e-09
1.04588e-07
2.31701e-09
1.0446e-07
2.86841e-09
3.09245e-09
1.15492e-07
9.66221e-09
1.15362e-07
-6.02225e-09
1.1548e-07
6.27893e-09
1.15191e-07
-5.59537e-09
1.15457e-07
5.68425e-09
1.15189e-07
-1.18033e-09
1.15553e-07
3.67571e-09
1.15141e-07
-1.05194e-09
1.15566e-07
2.25256e-09
1.15052e-07
-4.60424e-10
1.15444e-07
1.2249e-09
1.14873e-07
8.41634e-11
1.15173e-07
1.23735e-09
1.14697e-07
1.14066e-09
1.14765e-07
1.74934e-09
1.14266e-07
1.9829e-09
1.14087e-07
2.29019e-09
1.13775e-07
2.62871e-09
1.13567e-07
3.07698e-09
3.31048e-09
1.25287e-07
9.4573e-09
1.24992e-07
-5.72722e-09
1.2533e-07
5.94099e-09
1.24863e-07
-5.12917e-09
1.25339e-07
5.20819e-09
1.24925e-07
-7.65471e-10
1.2543e-07
3.17035e-09
1.24911e-07
-5.3313e-10
1.25395e-07
1.76825e-09
1.24879e-07
5.62732e-11
1.25216e-07
8.87366e-10
1.24791e-07
5.09633e-10
1.24943e-07
1.08554e-09
1.24659e-07
1.42379e-09
1.24528e-07
1.88036e-09
1.2414e-07
2.37096e-09
1.23702e-07
2.72825e-09
1.23438e-07
2.8927e-09
1.23426e-07
3.08923e-09
3.48476e-09
1.35806e-07
9.06939e-09
1.35366e-07
-5.28702e-09
1.35879e-07
5.42791e-09
1.35279e-07
-4.52962e-09
1.35911e-07
4.5767e-09
1.35396e-07
-2.50336e-10
1.35978e-07
2.58821e-09
1.3544e-07
4.26803e-12
1.35876e-07
1.33297e-09
1.35491e-07
4.41195e-10
1.35673e-07
7.05125e-10
1.35484e-07
6.98803e-10
1.35454e-07
1.11504e-09
1.35332e-07
1.54637e-09
1.35261e-07
1.95065e-09
1.35332e-07
2.30023e-09
1.35375e-07
2.68508e-09
1.34936e-07
3.3319e-09
1.34166e-07
3.85959e-09
3.79979e-09
1.47106e-07
8.57173e-09
1.46539e-07
-4.7195e-09
1.47201e-07
4.76611e-09
1.46493e-07
-3.82161e-09
1.47239e-07
3.83037e-09
1.46667e-07
3.21122e-10
1.47263e-07
1.99244e-09
1.46784e-07
4.82952e-10
1.47116e-07
1.00162e-09
1.46924e-07
6.32621e-10
1.46952e-07
6.77095e-10
1.46872e-07
7.79407e-10
1.46837e-07
1.14959e-09
1.46872e-07
1.51159e-09
1.46771e-07
2.05132e-09
1.46272e-07
2.79918e-09
1.45576e-07
3.38128e-09
1.45186e-07
3.72215e-09
1.45323e-07
3.72288e-09
3.88697e-09
1.59293e-07
8.00274e-09
1.58607e-07
-4.03337e-09
1.59399e-07
3.97416e-09
1.58609e-07
-3.03211e-09
1.59417e-07
3.02237e-09
1.58855e-07
8.83171e-10
1.59391e-07
1.45663e-09
1.59043e-07
8.30653e-10
1.59245e-07
7.99847e-10
1.59184e-07
6.93639e-10
1.59192e-07
6.68725e-10
1.59145e-07
8.2713e-10
1.5898e-07
1.3145e-09
1.58443e-07
2.04856e-09
1.57892e-07
2.60223e-09
1.57601e-07
3.09014e-09
1.57548e-07
3.43393e-09
1.57593e-07
3.67766e-09
1.5747e-07
3.84551e-09
3.91753e-09
1.72464e-07
7.37863e-09
1.71673e-07
-3.24179e-09
1.72567e-07
3.0798e-09
1.71746e-07
-2.21063e-09
1.72538e-07
2.22993e-09
1.72084e-07
1.33713e-09
1.7247e-07
1.07092e-09
1.7236e-07
9.40905e-10
1.72405e-07
7.54798e-10
1.72411e-07
6.87443e-10
1.72316e-07
7.63809e-10
1.71869e-07
1.27408e-09
1.7138e-07
1.80308e-09
1.71081e-07
2.3478e-09
1.70852e-07
2.83139e-09
1.70712e-07
3.22994e-09
1.70622e-07
3.52381e-09
1.70556e-07
3.74412e-09
1.70568e-07
3.83371e-09
3.88409e-09
1.86711e-07
6.70819e-09
1.85837e-07
-2.36728e-09
1.86787e-07
2.12921e-09
1.86008e-07
-1.43103e-09
1.86699e-07
1.53815e-09
1.86463e-07
1.57333e-09
1.86627e-07
9.07028e-10
1.86708e-07
8.59623e-10
1.86674e-07
7.89534e-10
1.86463e-07
8.98093e-10
1.86021e-07
1.20602e-09
1.8566e-07
1.63459e-09
1.85363e-07
2.10048e-09
1.8513e-07
2.58007e-09
1.84965e-07
2.99703e-09
1.84839e-07
3.35569e-09
1.84757e-07
3.60565e-09
1.84735e-07
3.76649e-09
1.84762e-07
3.8064e-09
3.81352e-09
2.02121e-07
6.00141e-09
2.01198e-07
-1.44431e-09
2.02132e-07
1.19574e-09
2.01487e-07
-7.86446e-10
2.02008e-07
1.01716e-09
2.02043e-07
1.5387e-09
2.02061e-07
8.88295e-10
2.0208e-07
8.41186e-10
2.01761e-07
1.10888e-09
2.01416e-07
1.24254e-09
2.01125e-07
1.49675e-09
2.00848e-07
1.91188e-09
2.00596e-07
2.35221e-09
2.00393e-07
2.78379e-09
2.00244e-07
3.14589e-09
2.00144e-07
3.45566e-09
2.00094e-07
3.65497e-09
2.001e-07
3.76063e-09
2.0015e-07
3.75675e-09
3.72218e-09
2.18784e-07
5.2756e-09
2.17864e-07
-5.23434e-10
2.18659e-07
4.00647e-10
2.18246e-07
-3.7398e-10
2.18539e-07
7.24051e-10
2.18747e-07
1.33085e-09
2.18678e-07
9.57031e-10
2.18404e-07
1.11592e-09
2.18133e-07
1.37953e-09
2.17861e-07
1.51457e-09
2.17605e-07
1.75308e-09
2.17351e-07
2.16517e-09
2.17121e-07
2.5826e-09
2.16936e-07
2.96906e-09
2.1681e-07
3.27175e-09
2.1674e-07
3.52542e-09
2.1672e-07
3.67486e-09
2.16751e-07
3.72934e-09
2.16824e-07
3.68445e-09
3.61748e-09
2.36799e-07
4.55506e-09
2.35939e-07
3.36861e-10
2.36358e-07
-1.91007e-11
2.36301e-07
-3.1719e-10
2.36427e-07
5.98182e-10
2.36504e-07
1.25398e-09
2.36378e-07
1.08291e-09
2.36206e-07
1.288e-09
2.35981e-07
1.60522e-09
2.35728e-07
1.7671e-09
2.35478e-07
2.00356e-09
2.35245e-07
2.39747e-09
2.35037e-07
2.79037e-09
2.34869e-07
3.13776e-09
2.34772e-07
3.36879e-09
2.34732e-07
3.56545e-09
2.3474e-07
3.66611e-09
2.34795e-07
3.67528e-09
2.34885e-07
3.59424e-09
3.50294e-09
2.5628e-07
3.86251e-09
2.55534e-07
1.08244e-09
2.55693e-07
-1.78229e-10
2.5576e-07
-3.83948e-10
2.55829e-07
5.2926e-10
2.55838e-07
1.24441e-09
2.5571e-07
1.21126e-09
2.55544e-07
1.45435e-09
2.55339e-07
1.80947e-09
2.55094e-07
2.01252e-09
2.54853e-07
2.24439e-09
2.54637e-07
2.61319e-09
2.54454e-07
2.97375e-09
2.54314e-07
3.27775e-09
2.54244e-07
3.43902e-09
2.54232e-07
3.5775e-09
2.54266e-07
3.63159e-09
2.54339e-07
3.60227e-09
2.54443e-07
3.49096e-09
3.3805e-09
2.77353e-07
3.21721e-09
2.76755e-07
1.68081e-09
2.7672e-07
-1.43294e-10
2.76778e-07
-4.42049e-10
2.76841e-07
4.66271e-10
2.76835e-07
1.25026e-09
2.76689e-07
1.35696e-09
2.76513e-07
1.63053e-09
2.76315e-07
2.00771e-09
2.7608e-07
2.2477e-09
2.75849e-07
2.47499e-09
2.75654e-07
2.80815e-09
2.75499e-07
3.12859e-09
2.75394e-07
3.38293e-09
2.75352e-07
3.48107e-09
2.75363e-07
3.56702e-09
2.75417e-07
3.57709e-09
2.75505e-07
3.51399e-09
2.75618e-07
3.37805e-09
3.25171e-09
3.00151e-07
2.63997e-09
2.99744e-07
2.08822e-09
2.99556e-07
4.50896e-11
2.99542e-07
-4.28535e-10
2.99587e-07
4.21458e-10
2.99572e-07
1.26517e-09
2.99422e-07
1.50686e-09
2.99236e-07
1.81668e-09
2.99039e-07
2.20422e-09
2.98819e-07
2.46845e-09
2.98606e-07
2.68805e-09
2.98433e-07
2.98023e-09
2.98308e-07
3.25385e-09
2.98243e-07
3.44863e-09
2.98224e-07
3.49931e-09
2.98252e-07
3.53883e-09
2.98322e-07
3.50758e-09
2.98423e-07
3.41333e-09
2.98543e-07
3.25727e-09
3.11777e-09
3.2483e-07
2.13976e-09
3.24749e-07
2.16923e-09
3.2439e-07
4.03734e-10
3.24224e-07
-2.62245e-10
3.24222e-07
4.23636e-10
3.24196e-07
1.29085e-09
3.24045e-07
1.65835e-09
3.23852e-07
2.00987e-09
3.23661e-07
2.39533e-09
3.23459e-07
2.67034e-09
3.23269e-07
2.87783e-09
3.23122e-07
3.12732e-09
3.23022e-07
3.35344e-09
3.23001e-07
3.46987e-09
3.22998e-07
3.50244e-09
3.23043e-07
3.49409e-09
3.23125e-07
3.42475e-09
3.23237e-07
3.30214e-09
3.23364e-07
3.12942e-09
2.97991e-09
3.51556e-07
1.71503e-09
3.5179e-07
1.9355e-09
3.51363e-07
8.30622e-10
3.51025e-07
7.61133e-11
3.50932e-07
5.16139e-10
3.50868e-07
1.35524e-09
3.50711e-07
1.8148e-09
3.50522e-07
2.19941e-09
3.50341e-07
2.57592e-09
3.50162e-07
2.8498e-09
3.49996e-07
3.04343e-09
3.49875e-07
3.24884e-09
3.49813e-07
3.41517e-09
3.49813e-07
3.47029e-09
3.49832e-07
3.48311e-09
3.49893e-07
3.433e-09
3.49988e-07
3.32945e-09
3.50108e-07
3.18237e-09
3.50241e-07
2.99613e-09
2.83971e-09
3.8051e-07
1.35244e-09
3.80789e-07
1.65677e-09
3.8053e-07
1.08947e-09
3.80155e-07
4.51263e-10
3.79916e-07
7.55699e-10
3.79769e-07
1.50148e-09
3.79596e-07
1.98804e-09
3.79421e-07
2.37502e-09
3.79255e-07
2.74147e-09
3.791e-07
3.00484e-09
3.7896e-07
3.18327e-09
3.78864e-07
3.34458e-09
3.78847e-07
3.43298e-09
3.78855e-07
3.46203e-09
3.78899e-07
3.43918e-09
3.78977e-07
3.35496e-09
3.79083e-07
3.22291e-09
3.79209e-07
3.0563e-09
3.79345e-07
2.86004e-09
2.69894e-09
4.11878e-07
1.03671e-09
4.1216e-07
1.37504e-09
4.12243e-07
1.00551e-09
4.11821e-07
8.7359e-10
4.11359e-07
1.21834e-09
4.11089e-07
1.77049e-09
4.10894e-07
2.18383e-09
4.10732e-07
2.53637e-09
4.10587e-07
2.88662e-09
4.10457e-07
3.13551e-09
4.10346e-07
3.2936e-09
4.10289e-07
3.40159e-09
4.10294e-07
3.42808e-09
4.10322e-07
3.43451e-09
4.10386e-07
3.3752e-09
4.10478e-07
3.26218e-09
4.10594e-07
3.10759e-09
4.10724e-07
2.926e-09
4.10861e-07
2.72308e-09
2.55901e-09
4.4583e-07
7.78805e-10
4.46145e-07
1.05977e-09
4.46306e-07
8.44378e-10
4.45932e-07
1.24837e-09
4.45373e-07
1.77739e-09
4.45024e-07
2.11868e-09
4.44814e-07
2.39454e-09
4.44663e-07
2.68723e-09
4.44539e-07
3.0107e-09
4.44433e-07
3.24131e-09
4.44353e-07
3.37318e-09
4.44343e-07
3.4119e-09
4.44356e-07
3.41494e-09
4.44406e-07
3.3846e-09
4.44487e-07
3.29403e-09
4.44593e-07
3.15695e-09
4.44715e-07
2.98533e-09
4.44849e-07
2.79229e-09
4.44986e-07
2.5856e-09
2.42028e-09
4.82575e-07
5.96235e-10
4.82808e-07
8.26784e-10
4.82648e-07
1.00522e-09
4.82395e-07
1.50049e-09
4.8209e-07
2.08315e-09
4.818e-07
2.40793e-09
4.81581e-07
2.61444e-09
4.81424e-07
2.84363e-09
4.81327e-07
3.1076e-09
4.81245e-07
3.32371e-09
4.8121e-07
3.40846e-09
4.81219e-07
3.40208e-09
4.81253e-07
3.38154e-09
4.81323e-07
3.31484e-09
4.81419e-07
3.19739e-09
4.81536e-07
3.04001e-09
4.81665e-07
2.8563e-09
4.81802e-07
2.65537e-09
4.8194e-07
2.44774e-09
2.28293e-09
5.22362e-07
4.9037e-10
5.2236e-07
8.29165e-10
5.22187e-07
1.17747e-09
5.22004e-07
1.68351e-09
5.21828e-07
2.25968e-09
5.21615e-07
2.62047e-09
5.21417e-07
2.81236e-09
5.21267e-07
2.99399e-09
5.21183e-07
3.19173e-09
5.2113e-07
3.37646e-09
5.21138e-07
3.40062e-09
5.2116e-07
3.37965e-09
5.21217e-07
3.32455e-09
5.21307e-07
3.22543e-09
5.21418e-07
3.08639e-09
5.21545e-07
2.91283e-09
5.2168e-07
2.72135e-09
5.21819e-07
2.51649e-09
5.21956e-07
2.31044e-09
2.14789e-09
5.65469e-07
4.35282e-10
5.65352e-07
9.46177e-10
5.65179e-07
1.35012e-09
5.65025e-07
1.83778e-09
5.64885e-07
2.3992e-09
5.64729e-07
2.77728e-09
5.64562e-07
2.97874e-09
5.64429e-07
3.12744e-09
5.64359e-07
3.26117e-09
5.64347e-07
3.38898e-09
5.64373e-07
3.37445e-09
5.6442e-07
3.33228e-09
5.64498e-07
3.24647e-09
5.64605e-07
3.11891e-09
5.64729e-07
2.96259e-09
5.64864e-07
2.77768e-09
5.65003e-07
2.58185e-09
5.65143e-07
2.37682e-09
5.65279e-07
2.17424e-09
2.0156e-09
6.12157e-07
4.15484e-10
6.12027e-07
1.07654e-09
6.11842e-07
1.53569e-09
6.11671e-07
2.00879e-09
6.11535e-07
2.53486e-09
6.11408e-07
2.90443e-09
6.11281e-07
3.1053e-09
6.11173e-07
3.23539e-09
6.11123e-07
3.31143e-09
6.11148e-07
3.36369e-09
6.11189e-07
3.33408e-09
6.11261e-07
3.25986e-09
6.11359e-07
3.14849e-09
6.11479e-07
2.99866e-09
6.11614e-07
2.82817e-09
6.11755e-07
2.63616e-09
6.11899e-07
2.43848e-09
6.12039e-07
2.23636e-09
6.12175e-07
2.03876e-09
1.8855e-09
6.62717e-07
4.21502e-10
6.62598e-07
1.19479e-09
6.624e-07
1.73371e-09
6.62212e-07
2.19729e-09
6.6207e-07
2.67682e-09
6.61957e-07
3.01777e-09
6.61861e-07
3.20088e-09
6.61791e-07
3.30579e-09
6.61771e-07
3.33106e-09
6.61814e-07
3.32123e-09
6.61879e-07
3.26899e-09
6.61973e-07
3.16529e-09
6.62089e-07
3.03221e-09
6.62221e-07
2.86715e-09
6.62363e-07
2.68633e-09
6.62509e-07
2.49004e-09
6.62655e-07
2.29209e-09
6.62797e-07
2.09476e-09
6.62932e-07
1.90348e-09
1.75654e-09
7.17464e-07
4.45322e-10
7.1735e-07
1.30915e-09
7.17154e-07
1.92945e-09
7.16952e-07
2.39938e-09
7.16802e-07
2.82725e-09
7.16696e-07
3.12365e-09
7.16625e-07
3.27188e-09
7.16591e-07
3.33979e-09
7.16604e-07
3.31792e-09
7.16662e-07
3.2635e-09
7.16752e-07
3.17812e-09
7.16869e-07
3.04852e-09
7.17006e-07
2.89587e-09
7.17151e-07
2.72191e-09
7.17298e-07
2.53883e-09
7.1744e-07
2.34797e-09
7.17585e-07
2.14777e-09
7.17728e-07
1.95168e-09
7.17864e-07
1.76714e-09
1.62649e-09
7.76742e-07
4.81929e-10
7.76647e-07
1.40389e-09
7.76445e-07
2.13162e-09
7.76223e-07
2.62138e-09
7.76065e-07
2.9854e-09
7.75964e-07
3.22533e-09
7.75913e-07
3.32263e-09
7.7591e-07
3.34224e-09
7.75952e-07
3.27662e-09
7.7603e-07
3.1854e-09
7.76145e-07
3.06328e-09
7.76283e-07
2.91011e-09
7.76439e-07
2.73964e-09
7.76604e-07
2.55672e-09
7.7678e-07
2.36293e-09
7.76902e-07
2.2258e-09
7.7701e-07
2.04032e-09
7.77163e-07
1.7984e-09
7.77309e-07
1.62081e-09
1.49001e-09
8.40916e-07
5.35508e-10
8.40768e-07
1.55187e-09
8.40584e-07
2.31554e-09
8.4038e-07
2.82546e-09
8.40223e-07
3.14223e-09
8.40132e-07
3.31614e-09
8.40102e-07
3.35308e-09
8.40135e-07
3.30939e-09
8.40202e-07
3.20937e-09
8.40312e-07
3.07549e-09
8.40456e-07
2.91934e-09
8.40623e-07
2.74313e-09
8.40807e-07
2.55563e-09
8.40999e-07
2.36411e-09
8.41187e-07
2.1748e-09
8.41364e-07
2.04915e-09
8.41529e-07
1.8752e-09
8.41618e-07
1.7094e-09
8.41686e-07
1.55248e-09
1.36963e-09
3.27244e-06
8.53224e-10
3.27171e-06
2.27999e-09
3.27085e-06
3.17073e-09
3.27012e-06
3.56111e-09
3.26957e-06
3.69004e-09
3.26926e-06
3.62675e-09
3.26916e-06
3.4553e-09
3.26926e-06
3.21016e-09
3.26961e-06
2.85073e-09
3.27011e-06
2.58038e-09
3.2707e-06
2.32981e-09
3.27135e-06
2.09493e-09
3.27202e-06
1.88056e-09
3.2727e-06
1.68379e-09
3.27337e-06
1.50787e-09
3.27407e-06
1.34829e-09
3.27474e-06
1.20668e-09
3.27537e-06
1.07893e-09
3.27596e-06
9.65841e-10
8.83512e-10
3.53964e-06
1.13056e-09
3.53875e-06
3.17243e-09
3.53754e-06
4.37955e-09
3.5364e-06
4.70025e-09
3.5355e-06
4.59134e-09
3.53491e-06
4.21896e-09
3.53454e-06
3.82213e-09
3.53422e-06
3.52902e-09
3.53397e-06
3.10792e-09
3.53387e-06
2.67961e-09
3.53393e-06
2.27105e-09
3.53414e-06
1.87675e-09
3.53451e-06
1.51651e-09
3.53501e-06
1.18474e-09
3.53562e-06
8.96278e-10
3.53632e-06
6.45073e-10
3.53709e-06
4.40575e-10
3.53789e-06
2.77142e-10
3.53869e-06
1.61164e-10
8.59217e-11
3.82784e-06
2.18836e-09
3.82575e-06
5.26001e-09
3.8234e-06
6.72871e-09
3.82133e-06
6.77462e-09
3.81968e-06
6.23891e-09
3.8187e-06
5.1944e-09
3.81817e-06
4.35538e-09
3.81815e-06
3.54709e-09
3.81845e-06
2.81308e-09
3.81901e-06
2.12155e-09
3.81977e-06
1.51121e-09
3.82068e-06
9.64299e-10
3.82168e-06
5.11136e-10
3.82272e-06
1.48155e-10
3.82387e-06
-2.58491e-10
3.82516e-06
-6.41648e-10
3.82649e-06
-8.87068e-10
3.82779e-06
-1.02442e-09
3.829e-06
-1.04801e-09
-9.39861e-10
4.14266e-06
9.91468e-10
4.14511e-06
2.80938e-09
4.14797e-06
3.86657e-09
4.15066e-06
4.08934e-09
4.15297e-06
3.92063e-09
4.15464e-06
3.52721e-09
4.15576e-06
3.23278e-09
4.15652e-06
2.78854e-09
4.15698e-06
2.35817e-09
4.15716e-06
1.93562e-09
4.15713e-06
1.5426e-09
4.15693e-06
1.1682e-09
4.15661e-06
8.30856e-10
4.15624e-06
5.21226e-10
4.15573e-06
2.49746e-10
4.15508e-06
5.58762e-12
4.1543e-06
-1.0522e-10
4.15345e-06
-1.79498e-10
4.15263e-06
-2.25645e-10
-2.53914e-10
4.47992e-06
6.16867e-10
4.4811e-06
1.6238e-09
4.48278e-06
2.18593e-09
4.48456e-06
2.31078e-09
4.48626e-06
2.22718e-09
4.48778e-06
2.00758e-09
4.48927e-06
1.73782e-09
4.49065e-06
1.4087e-09
4.49184e-06
1.1727e-09
4.49279e-06
9.7693e-10
4.49352e-06
8.1516e-10
4.49401e-06
6.819e-10
4.49426e-06
5.74584e-10
4.4943e-06
4.8644e-10
4.49413e-06
4.16201e-10
4.49378e-06
3.58022e-10
4.49336e-06
3.11341e-10
4.49291e-06
2.71893e-10
4.49245e-06
2.39464e-10
2.15914e-10
4.84554e-06
2.95294e-10
4.84626e-06
9.12351e-10
4.84713e-06
1.31491e-09
4.848e-06
1.43956e-09
4.84878e-06
1.44513e-09
4.84942e-06
1.36451e-09
4.84989e-06
1.26838e-09
4.85012e-06
1.18326e-09
4.85023e-06
1.0609e-09
4.85027e-06
9.4166e-10
4.85025e-06
8.30357e-10
4.8502e-06
7.28318e-10
4.85014e-06
6.38329e-10
4.85007e-06
5.57852e-10
4.85e-06
4.88851e-10
4.84993e-06
4.27849e-10
4.84986e-06
3.76063e-10
4.8498e-06
3.30417e-10
4.84975e-06
2.91574e-10
2.51092e-10
5.24087e-06
1.79779e-10
5.24118e-06
6.05949e-10
5.2416e-06
8.95441e-10
5.24205e-06
9.89384e-10
5.24248e-06
1.0117e-09
5.24287e-06
9.75198e-10
5.24322e-06
9.19733e-10
5.24355e-06
8.54511e-10
5.24382e-06
7.84148e-10
5.24405e-06
7.14203e-10
5.24424e-06
6.44188e-10
5.2444e-06
5.63514e-10
5.24453e-06
5.05752e-10
5.24464e-06
4.53214e-10
5.24472e-06
4.06546e-10
5.24479e-06
3.63574e-10
5.24484e-06
3.25451e-10
5.24488e-06
2.90448e-10
5.24491e-06
2.59403e-10
2.3626e-10
5.66864e-06
1.17438e-10
5.66883e-06
4.15559e-10
5.66909e-06
6.32356e-10
5.66938e-06
7.05989e-10
5.66965e-06
7.3465e-10
5.66991e-06
7.20849e-10
5.67013e-06
6.9429e-10
5.67033e-06
6.58612e-10
5.6705e-06
6.17068e-10
5.67064e-06
5.73158e-10
5.67075e-06
5.28292e-10
5.67083e-06
4.84093e-10
5.67089e-06
4.50961e-10
5.67093e-06
4.09645e-10
5.67097e-06
3.71175e-10
5.67099e-06
3.34511e-10
5.67102e-06
3.0129e-10
5.67104e-06
2.70263e-10
5.67106e-06
2.42468e-10
2.11997e-10
6.13136e-06
8.2238e-11
6.13146e-06
3.07111e-10
6.13162e-06
4.75828e-10
6.13179e-06
5.34307e-10
6.13197e-06
5.62765e-10
6.13212e-06
5.66398e-10
6.13226e-06
5.53094e-10
6.13239e-06
5.31274e-10
6.1325e-06
5.03441e-10
6.1326e-06
4.72208e-10
6.13269e-06
4.38689e-10
6.13277e-06
4.04019e-10
6.13285e-06
3.70098e-10
6.13293e-06
3.36604e-10
6.13299e-06
3.05418e-10
6.13305e-06
2.75613e-10
6.1331e-06
2.48554e-10
6.13315e-06
2.23242e-10
6.13319e-06
2.00534e-10
1.75675e-10
6.63186e-06
6.22007e-11
6.63193e-06
2.35344e-10
6.63204e-06
3.68182e-10
6.63216e-06
4.13864e-10
6.63229e-06
4.37683e-10
6.63242e-06
4.36184e-10
6.63254e-06
4.32569e-10
6.63265e-06
4.17492e-10
6.63276e-06
3.97474e-10
6.63286e-06
3.74135e-10
6.63295e-06
3.4875e-10
6.63303e-06
3.21957e-10
6.63311e-06
2.90453e-10
6.63318e-06
2.63966e-10
6.63325e-06
2.39458e-10
6.63331e-06
2.1589e-10
6.63336e-06
1.94454e-10
6.63341e-06
1.74325e-10
6.63345e-06
1.60985e-10
1.42547e-10
7.17324e-06
4.70748e-11
7.17329e-06
1.78436e-10
7.17338e-06
2.80514e-10
7.17348e-06
3.15171e-10
7.17358e-06
3.34006e-10
7.17369e-06
3.33106e-10
7.17379e-06
3.27725e-10
7.17389e-06
3.16767e-10
7.17399e-06
3.02027e-10
7.17408e-06
2.84428e-10
7.17416e-06
2.65186e-10
7.17424e-06
2.44776e-10
7.1743e-06
2.24712e-10
7.17436e-06
2.04668e-10
7.17442e-06
1.85952e-10
7.17446e-06
1.67872e-10
7.17451e-06
1.51375e-10
7.17455e-06
1.35799e-10
7.17459e-06
1.21764e-10
1.11048e-10
7.75881e-06
3.39654e-11
7.75886e-06
1.28645e-10
7.75894e-06
2.03212e-10
7.75902e-06
2.28268e-10
7.75911e-06
2.42293e-10
7.75921e-06
2.41641e-10
7.7593e-06
2.37922e-10
7.75938e-06
2.30081e-10
7.75947e-06
2.19671e-10
7.75954e-06
2.07155e-10
7.75961e-06
1.93461e-10
7.75968e-06
1.78797e-10
7.75974e-06
1.64325e-10
7.7598e-06
1.49738e-10
7.75985e-06
1.36079e-10
7.75989e-06
1.22847e-10
7.75993e-06
1.10791e-10
7.75996e-06
1.02781e-10
7.75999e-06
9.25919e-11
8.1387e-11
8.39218e-06
2.24143e-11
8.39223e-06
8.40447e-11
8.3923e-06
1.33271e-10
8.39238e-06
1.49633e-10
8.39246e-06
1.59171e-10
8.39254e-06
1.58833e-10
8.39263e-06
1.56605e-10
8.3927e-06
1.51478e-10
8.39278e-06
1.44716e-10
8.39285e-06
1.36469e-10
8.39292e-06
1.27488e-10
8.39298e-06
1.17816e-10
8.39303e-06
1.08304e-10
8.39308e-06
9.86925e-11
8.39313e-06
8.97154e-11
8.39317e-06
8.0999e-11
8.39321e-06
7.30646e-11
8.39324e-06
6.76506e-11
8.39328e-06
6.0996e-11
5.36832e-11
9.07727e-06
1.12224e-11
9.07731e-06
4.19836e-11
9.07737e-06
6.6901e-11
9.07745e-06
7.53014e-11
9.07753e-06
8.03216e-11
9.07761e-06
8.02511e-11
9.07768e-06
7.91845e-11
9.07776e-06
7.65868e-11
9.07783e-06
7.3167e-11
9.0779e-06
6.89887e-11
9.07796e-06
6.44511e-11
9.07802e-06
5.95609e-11
9.07807e-06
5.47553e-11
9.07812e-06
4.98955e-11
9.07817e-06
4.53567e-11
9.07821e-06
4.09457e-11
9.07824e-06
3.69289e-11
9.07828e-06
3.31256e-11
9.07831e-06
2.97049e-11
2.70955e-11
9.81827e-06
9.81832e-06
9.81838e-06
9.81846e-06
9.81854e-06
9.81862e-06
9.8187e-06
9.81877e-06
9.81885e-06
9.81892e-06
9.81898e-06
9.81904e-06
9.81909e-06
9.81914e-06
9.81919e-06
9.81923e-06
9.81927e-06
9.8193e-06
9.81933e-06
)
;

boundaryField
{
    top
    {
        type            calculated;
        value           uniform 0;
    }
    inlet
    {
        type            calculated;
        value           nonuniform List<scalar> 
45
(
-3.27275e-06
-3.53992e-06
-3.8289e-06
-4.14146e-06
-4.47954e-06
-4.84522e-06
-5.24076e-06
-5.66858e-06
-6.13132e-06
-6.63184e-06
-7.17322e-06
-7.7588e-06
-8.39217e-06
-9.07725e-06
-9.81826e-06
-8.40969e-08
-9.10464e-08
-9.85702e-08
-1.06716e-07
-1.15534e-07
-1.25082e-07
-1.35418e-07
-1.46609e-07
-1.58724e-07
-1.7184e-07
-1.86041e-07
-2.01414e-07
-2.18059e-07
-2.36078e-07
-2.55587e-07
-2.76708e-07
-2.99574e-07
-3.2433e-07
-3.51132e-07
-3.80148e-07
-4.11562e-07
-4.45572e-07
-4.82393e-07
-5.22256e-07
-5.65414e-07
-6.12138e-07
-6.62723e-07
-7.17488e-07
-7.76779e-07
-8.40969e-07
)
;
    }
    outlet
    {
        type            calculated;
        value           nonuniform List<scalar> 
45
(
3.30738e-06
3.57371e-06
3.86143e-06
4.16195e-06
4.49712e-06
4.85917e-06
5.25305e-06
5.67962e-06
6.14126e-06
6.64096e-06
7.18155e-06
7.76646e-06
8.39933e-06
9.08414e-06
9.82523e-06
6.23667e-09
2.08584e-08
3.88541e-08
5.99913e-08
8.30559e-08
1.05841e-07
1.26243e-07
1.4363e-07
1.58884e-07
1.73378e-07
1.88176e-07
2.03869e-07
2.20754e-07
2.39001e-07
2.58742e-07
2.80106e-07
3.03228e-07
3.28252e-07
3.55338e-07
3.84659e-07
4.16403e-07
4.50771e-07
4.87982e-07
5.28272e-07
5.71892e-07
6.19113e-07
6.70224e-07
7.2554e-07
7.85404e-07
8.502e-07
)
;
    }
    plate
    {
        type            calculated;
        value           uniform 0;
    }
    symmBound
    {
        type            calculated;
        value           nonuniform List<scalar> 
20
(
-1.01825e-08
8.05449e-09
-7.11106e-09
7.30387e-09
-6.31557e-09
2.32325e-09
-4.66476e-09
2.56615e-09
-3.36591e-09
2.04653e-09
-2.08491e-09
1.81473e-09
-1.96122e-09
5.22384e-10
-2.19151e-09
-1.96985e-10
-1.60331e-09
-3.687e-10
-1.16686e-09
-6.82881e-10
)
;
    }
    frontAndBack
    {
        type            empty;
        value           nonuniform 0();
    }
}


// ************************************************************************* //
