/*--------------------------------*- C++ -*----------------------------------*\
| =========                 |                                                 |
| \\      /  F ield         | OpenFOAM: The Open Source CFD Toolbox           |
|  \\    /   O peration     | Version:  1.4.1-dev                             |
|   \\  /    A nd           | Web:      http://www.openfoam.org               |
|    \\/     M anipulation  |                                                 |
\*---------------------------------------------------------------------------*/

FoamFile
{
    version 2.0;
    format ascii;

    root "/home/mjaworsk/OpenFOAM/mjaworsk-1.4.1-dev/run/FlatPlate-Blasius";
    case "icoHeatFoam-flatPlate2";
    instance "0.6";
    local "";

    class surfaceScalarField;
    object phi;
}

// * * * * * * * * * * * * * * * * * * * * * * * * * * * * * * * * * * * * * //

dimensions      [0 3 -1 0 0 0 0];

internalField   nonuniform List<scalar> 
4850
(
9.4531e-09
5.44355e-09
-1.48967e-08
5.65878e-09
3.79432e-09
3.84998e-09
1.80879e-09
2.99162e-09
8.58361e-10
2.53009e-09
4.61538e-10
2.24196e-09
2.8813e-10
2.03395e-09
2.08005e-10
1.86944e-09
1.64515e-10
1.73367e-09
1.35762e-10
1.61894e-09
1.14731e-10
1.52021e-09
9.87316e-11
1.43385e-09
8.63589e-11
1.35737e-09
7.64866e-11
1.2888e-09
6.85638e-11
1.22687e-09
6.19343e-11
1.17039e-09
5.64779e-11
1.11872e-09
5.16706e-11
1.07106e-09
4.76652e-11
1.02712e-09
4.39337e-11
9.86215e-10
4.09063e-11
9.48232e-10
3.79834e-11
9.12386e-10
3.5846e-11
8.78788e-10
3.35982e-11
8.46686e-10
3.21019e-11
8.16602e-10
3.00843e-11
7.87691e-10
2.89111e-11
7.60783e-10
2.69075e-11
7.34654e-10
2.61287e-11
7.10497e-10
2.41571e-11
6.8657e-10
2.39277e-11
6.64647e-10
2.19225e-11
6.42415e-10
2.22324e-11
6.22135e-10
2.02799e-11
6.01234e-10
2.09008e-11
2.08032e-11
1.6275e-08
6.12592e-09
-1.69574e-08
1.38654e-08
6.20391e-09
1.16081e-08
4.06614e-09
9.84254e-09
2.62389e-09
8.50463e-09
1.79945e-09
7.52974e-09
1.26302e-09
6.81128e-09
9.26462e-10
6.25207e-09
7.2373e-10
5.79486e-09
5.92975e-10
5.40948e-09
5.0011e-10
5.07808e-09
4.30123e-10
4.78843e-09
3.76013e-10
4.53197e-09
3.32942e-10
4.30225e-09
2.98289e-10
4.09479e-09
2.69394e-10
3.90582e-09
2.45449e-10
3.73298e-09
2.24512e-10
3.57376e-09
2.06886e-10
3.42693e-09
1.90764e-10
3.29033e-09
1.77502e-10
3.16328e-09
1.6503e-10
3.04356e-09
1.55572e-10
2.93125e-09
1.45906e-10
2.82429e-09
1.39059e-10
2.72396e-09
1.30412e-10
2.6278e-09
1.25077e-10
2.53809e-09
1.16613e-10
2.45111e-09
1.13114e-10
2.37061e-09
1.04656e-10
2.29092e-09
1.03614e-10
2.21833e-09
9.45128e-11
2.14419e-09
9.63745e-11
2.07809e-09
8.63765e-11
2.00797e-09
9.10189e-11
8.58487e-11
1.91721e-08
5.39064e-09
-1.84368e-08
1.86178e-08
6.75822e-09
1.73942e-08
5.28971e-09
1.60569e-08
3.96121e-09
1.46979e-08
3.15845e-09
1.34366e-08
2.52427e-09
1.23519e-08
2.01126e-09
1.14379e-08
1.63772e-09
1.06604e-08
1.37046e-09
9.98945e-09
1.17103e-09
9.40322e-09
1.01635e-09
8.88498e-09
8.94254e-10
8.42225e-09
7.9567e-10
8.00513e-09
7.15407e-10
7.62653e-09
6.47999e-10
7.28035e-09
5.91631e-10
6.96265e-09
5.4221e-10
6.66928e-09
5.00253e-10
6.39806e-09
4.61992e-10
6.14533e-09
4.30227e-10
5.9098e-09
4.00556e-10
5.68775e-09
3.77626e-10
5.47926e-09
3.54395e-10
5.28081e-09
3.37515e-10
5.09446e-09
3.16756e-10
4.91584e-09
3.03703e-10
4.74892e-09
2.83527e-10
4.587e-09
2.75037e-10
4.43703e-09
2.54627e-10
4.28859e-09
2.52058e-10
4.15365e-09
2.29448e-10
4.01559e-09
2.34431e-10
3.89359e-09
2.08382e-10
3.76316e-09
2.21448e-10
2.033e-10
2.09327e-08
4.6051e-09
-2.01472e-08
2.12805e-08
6.4104e-09
2.09512e-08
5.61905e-09
2.03742e-08
4.53822e-09
1.95979e-08
3.93471e-09
1.86667e-08
3.45547e-09
1.76936e-08
2.9844e-09
1.67505e-08
2.58074e-09
1.58626e-08
2.25838e-09
1.50374e-08
1.99623e-09
1.42768e-08
1.77701e-09
1.35778e-08
1.5932e-09
1.29358e-08
1.43774e-09
1.23443e-08
1.30684e-09
1.17984e-08
1.19395e-09
1.12924e-08
1.09763e-09
1.08228e-08
1.01174e-09
1.03853e-08
9.37812e-10
9.97766e-09
8.69621e-10
9.59547e-09
8.12417e-10
9.23752e-09
7.58504e-10
8.89878e-09
7.16369e-10
8.57982e-09
6.73357e-10
8.27547e-09
6.41859e-10
7.98903e-09
6.03193e-10
7.71375e-09
5.7899e-10
7.45585e-09
5.41425e-10
7.20502e-09
5.25868e-10
6.97227e-09
4.87373e-10
6.74161e-09
4.82716e-10
6.5319e-09
4.39165e-10
6.31735e-09
4.48975e-10
6.12804e-09
3.97695e-10
5.92596e-09
4.23531e-10
3.8316e-10
2.26135e-08
4.03389e-09
-2.20423e-08
2.32108e-08
5.81302e-09
2.33017e-08
5.52822e-09
2.3194e-08
4.64595e-09
2.29532e-08
4.17543e-09
2.25253e-08
3.88336e-09
2.19519e-08
3.55786e-09
2.12978e-08
3.23484e-09
2.05992e-08
2.95694e-09
1.98771e-08
2.71838e-09
1.91496e-08
2.50449e-09
1.8431e-08
2.31178e-09
1.77317e-08
2.13709e-09
1.70569e-08
1.98155e-09
1.64107e-08
1.84024e-09
1.57933e-08
1.71503e-09
1.52061e-08
1.59893e-09
1.46473e-08
1.49655e-09
1.41179e-08
1.39908e-09
1.36142e-08
1.31608e-09
1.31371e-08
1.23559e-09
1.26813e-08
1.17223e-09
1.22489e-08
1.10568e-09
1.18336e-08
1.05718e-09
1.14407e-08
9.96116e-10
1.10608e-08
9.58888e-10
1.07032e-08
8.99017e-10
1.03535e-08
8.75611e-10
1.00276e-08
8.13211e-10
9.7035e-09
8.06837e-10
9.408e-09
7.34656e-10
9.10554e-09
7.51435e-10
8.83796e-09
6.65283e-10
8.55337e-09
7.08116e-10
6.35371e-10
2.44563e-08
3.64016e-09
-2.40626e-08
2.50711e-08
5.1983e-09
2.5311e-08
5.28826e-09
2.5369e-08
4.58797e-09
2.53912e-08
4.15327e-09
2.53056e-08
3.96894e-09
2.50883e-08
3.77511e-09
2.4773e-08
3.55017e-09
2.43836e-08
3.34635e-09
2.39289e-08
3.17307e-09
2.34188e-08
3.01456e-09
2.28652e-08
2.8654e-09
2.22811e-08
2.72114e-09
2.16769e-08
2.5858e-09
2.10629e-08
2.45427e-09
2.04455e-08
2.33241e-09
1.98325e-08
2.21188e-09
1.9227e-08
2.10211e-09
1.8635e-08
1.99105e-09
1.80562e-08
1.89485e-09
1.7496e-08
1.79587e-09
1.69502e-08
1.71799e-09
1.64251e-08
1.63081e-09
1.59136e-08
1.56865e-09
1.54248e-08
1.48487e-09
1.4947e-08
1.43671e-09
1.44935e-08
1.3525e-09
1.40455e-08
1.32364e-09
1.36249e-08
1.23376e-09
1.32033e-08
1.22844e-09
1.28166e-08
1.12139e-09
1.24196e-08
1.14842e-09
1.20661e-08
1.0188e-09
1.16914e-08
1.08284e-09
9.67882e-10
2.64753e-08
3.36055e-09
-2.61956e-08
2.70423e-08
4.6312e-09
2.73496e-08
4.98099e-09
2.74492e-08
4.48839e-09
2.75438e-08
4.05868e-09
2.76066e-08
3.90609e-09
2.75852e-08
3.79654e-09
2.74896e-08
3.64575e-09
2.7339e-08
3.49701e-09
2.71341e-08
3.37791e-09
2.68728e-08
3.2759e-09
2.6555e-08
3.18316e-09
2.61858e-08
3.09032e-09
2.57693e-08
3.00233e-09
2.53129e-08
2.91065e-09
2.48212e-08
2.82414e-09
2.43029e-08
2.73014e-09
2.37617e-08
2.64332e-09
2.32072e-08
2.54557e-09
2.26408e-08
2.46123e-09
2.20728e-08
2.36387e-09
2.1501e-08
2.2898e-09
2.09369e-08
2.19489e-09
2.0374e-08
2.13154e-09
1.98269e-08
2.03205e-09
1.92819e-08
1.98167e-09
1.87579e-08
1.87653e-09
1.82316e-08
1.84992e-09
1.77314e-08
1.73394e-09
1.7223e-08
1.73686e-09
1.67515e-08
1.59295e-09
1.6264e-08
1.63589e-09
1.5825e-08
1.45779e-09
1.53603e-08
1.54752e-09
1.38329e-09
2.8669e-08
3.14435e-09
-2.84528e-08
2.91603e-08
4.13984e-09
2.95104e-08
4.63098e-09
2.96373e-08
4.36148e-09
2.97352e-08
3.96069e-09
2.98408e-08
3.80057e-09
2.99005e-08
3.73684e-09
2.99057e-08
3.64051e-09
2.98769e-08
3.52583e-09
2.98191e-08
3.43569e-09
2.97279e-08
3.36709e-09
2.95967e-08
3.31444e-09
2.94241e-08
3.26291e-09
2.92069e-08
3.21949e-09
2.89469e-08
3.17065e-09
2.86417e-08
3.12934e-09
2.8296e-08
3.0759e-09
2.79079e-08
3.03133e-09
2.74857e-08
2.96781e-09
2.70275e-08
2.91949e-09
2.65449e-08
2.84638e-09
2.60347e-08
2.80009e-09
2.55123e-08
2.71723e-09
2.49709e-08
2.67301e-09
2.44306e-08
2.57231e-09
2.38769e-08
2.53541e-09
2.33341e-08
2.41927e-09
2.27755e-08
2.40854e-09
2.22346e-08
2.27478e-09
2.16725e-08
2.29897e-09
2.11417e-08
2.12375e-09
2.05857e-08
2.19193e-09
2.0076e-08
1.96752e-09
1.95355e-08
2.08798e-09
1.87401e-09
3.10473e-08
2.95785e-09
-3.08608e-08
3.14536e-08
3.73352e-09
3.18203e-08
4.26427e-09
3.19847e-08
4.19706e-09
3.20773e-08
3.86814e-09
3.21864e-08
3.69143e-09
3.22775e-08
3.64582e-09
3.23244e-08
3.59356e-09
3.23435e-08
3.50675e-09
3.23476e-08
3.43163e-09
3.2338e-08
3.37665e-09
3.23079e-08
3.34453e-09
3.22558e-08
3.31507e-09
3.21757e-08
3.2995e-09
3.20679e-08
3.27845e-09
3.19253e-08
3.27202e-09
3.17493e-08
3.25186e-09
3.15321e-08
3.2485e-09
3.12786e-08
3.22138e-09
3.09802e-08
3.21784e-09
3.06469e-08
3.17972e-09
3.02695e-08
3.17742e-09
2.98644e-08
3.12236e-09
2.94208e-08
3.11661e-09
2.89624e-08
3.03075e-09
2.84727e-08
3.02507e-09
2.79807e-08
2.91128e-09
2.74568e-08
2.93245e-09
2.69368e-08
2.7948e-09
2.63784e-08
2.85733e-09
2.58366e-08
2.66555e-09
2.52567e-08
2.77184e-09
2.47104e-08
2.51384e-09
2.41281e-08
2.67029e-09
2.41705e-09
3.36276e-08
2.78556e-09
-3.34553e-08
3.39572e-08
3.40396e-09
3.43123e-08
3.90915e-09
3.45148e-08
3.99461e-09
3.46114e-08
3.77151e-09
3.47121e-08
3.59074e-09
3.48146e-08
3.54334e-09
3.48835e-08
3.52464e-09
3.49228e-08
3.46747e-09
3.49481e-08
3.4063e-09
3.49685e-08
3.3563e-09
3.49793e-08
3.33364e-09
3.49814e-08
3.31298e-09
3.49693e-08
3.31165e-09
3.49453e-08
3.30243e-09
3.49015e-08
3.31584e-09
3.48404e-08
3.31294e-09
3.47511e-08
3.33784e-09
3.46377e-08
3.33474e-09
3.44869e-08
3.36867e-09
3.43066e-08
3.36005e-09
3.40816e-08
3.40237e-09
3.38262e-08
3.37777e-09
3.35242e-08
3.41861e-09
3.31985e-08
3.35639e-09
3.28306e-08
3.39305e-09
3.24501e-08
3.29172e-09
3.20271e-08
3.35548e-09
3.15945e-08
3.22738e-09
3.11093e-08
3.34259e-09
3.06196e-08
3.15516e-09
3.00792e-08
3.31226e-09
2.95486e-08
3.04447e-09
2.89783e-08
3.24063e-09
2.97173e-09
3.6433e-08
2.62439e-09
-3.62718e-08
3.6703e-08
3.13394e-09
3.70263e-08
3.58585e-09
3.72543e-08
3.76662e-09
3.7367e-08
3.65879e-09
3.74584e-08
3.49932e-09
3.75609e-08
3.44085e-09
3.76436e-08
3.44193e-09
3.76965e-08
3.41453e-09
3.77306e-08
3.37226e-09
3.77605e-08
3.32636e-09
3.77848e-08
3.30933e-09
3.78063e-08
3.29151e-09
3.78196e-08
3.29831e-09
3.78301e-08
3.29195e-09
3.78304e-08
3.31551e-09
3.78262e-08
3.31722e-09
3.78062e-08
3.35781e-09
3.77769e-08
3.36407e-09
3.77234e-08
3.42216e-09
3.7654e-08
3.42942e-09
3.75508e-08
3.50556e-09
3.74259e-08
3.50272e-09
3.72597e-08
3.58476e-09
3.70715e-08
3.5446e-09
3.68417e-08
3.62287e-09
3.6597e-08
3.53638e-09
3.63108e-08
3.64172e-09
3.60086e-08
3.52953e-09
3.56513e-08
3.69996e-09
3.52699e-08
3.53649e-09
3.48327e-08
3.74954e-09
3.43754e-08
3.50171e-09
3.38796e-08
3.73648e-09
3.485e-09
3.94881e-08
2.47543e-09
-3.93391e-08
3.97153e-08
2.90675e-09
3.99989e-08
3.30223e-09
4.02352e-08
3.5303e-09
4.03702e-08
3.52377e-09
4.04584e-08
3.41119e-09
4.05543e-08
3.34496e-09
4.06437e-08
3.35251e-09
4.07085e-08
3.34971e-09
4.07494e-08
3.33132e-09
4.07831e-08
3.29267e-09
4.08114e-08
3.28108e-09
4.08389e-08
3.26397e-09
4.086e-08
3.27723e-09
4.08813e-08
3.27069e-09
4.08961e-08
3.30065e-09
4.09123e-08
3.30104e-09
4.09199e-08
3.35016e-09
4.09274e-08
3.3566e-09
4.09215e-08
3.42804e-09
4.09113e-08
3.43961e-09
4.08807e-08
3.53623e-09
4.08395e-08
3.54389e-09
4.077e-08
3.65429e-09
4.06857e-08
3.62888e-09
4.05699e-08
3.73866e-09
4.04426e-08
3.66365e-09
4.02855e-08
3.79882e-09
4.01143e-08
3.70074e-09
3.99007e-08
3.91356e-09
3.96519e-08
3.7853e-09
3.93557e-08
4.04575e-09
3.90135e-08
3.84396e-09
3.86411e-08
4.10879e-09
3.90678e-09
4.2815e-08
2.33924e-09
-4.26788e-08
4.30113e-08
2.71044e-09
4.32571e-08
3.05646e-09
4.34873e-08
3.3001e-09
4.36427e-08
3.36831e-09
4.37365e-08
3.31741e-09
4.38252e-08
3.25626e-09
4.39152e-08
3.26258e-09
4.39894e-08
3.27544e-09
4.40385e-08
3.28227e-09
4.40756e-08
3.25556e-09
4.41054e-08
3.25123e-09
4.41349e-08
3.23451e-09
4.41584e-08
3.25378e-09
4.41821e-08
3.24692e-09
4.42003e-08
3.28244e-09
4.4221e-08
3.28038e-09
4.42362e-08
3.33494e-09
4.42543e-08
3.33856e-09
4.42654e-08
3.41685e-09
4.42777e-08
3.42739e-09
4.42799e-08
3.53402e-09
4.42787e-08
3.54508e-09
4.42623e-08
3.67069e-09
4.42375e-08
3.65369e-09
4.4194e-08
3.78208e-09
4.41428e-08
3.71489e-09
4.4077e-08
3.86459e-09
4.4002e-08
3.77579e-09
4.39071e-08
4.00842e-09
4.37755e-08
3.91694e-09
4.36171e-08
4.20411e-09
4.3399e-08
4.0621e-09
4.31655e-08
4.34226e-09
4.20894e-09
4.64323e-08
2.2151e-09
-4.63081e-08
4.6605e-08
2.53767e-09
4.68191e-08
2.84241e-09
4.70348e-08
3.08441e-09
4.72028e-08
3.20027e-09
4.73096e-08
3.21059e-09
4.73957e-08
3.17023e-09
4.74827e-08
3.17555e-09
4.75629e-08
3.19521e-09
4.76213e-08
3.22395e-09
4.76637e-08
3.21313e-09
4.76958e-08
3.21908e-09
4.77265e-08
3.2039e-09
4.77516e-08
3.22868e-09
4.7776e-08
3.22247e-09
4.77951e-08
3.2633e-09
4.78154e-08
3.26014e-09
4.78317e-08
3.31859e-09
4.785e-08
3.32025e-09
4.78653e-08
3.40156e-09
4.78819e-08
3.41081e-09
4.78955e-08
3.52042e-09
4.79076e-08
3.53298e-09
4.79144e-08
3.66392e-09
4.79154e-08
3.65265e-09
4.79083e-08
3.78916e-09
4.78943e-08
3.72894e-09
4.78776e-08
3.88129e-09
4.78539e-08
3.79949e-09
4.78323e-08
4.03001e-09
4.77782e-08
3.97103e-09
4.77215e-08
4.26086e-09
4.76055e-08
4.17811e-09
4.74898e-08
4.45787e-09
4.39502e-09
5.03578e-08
2.10176e-09
-5.02445e-08
5.05115e-08
2.38397e-09
5.07001e-08
2.65385e-09
5.08984e-08
2.88609e-09
5.10703e-08
3.02832e-09
5.11921e-08
3.08883e-09
5.12819e-08
3.08047e-09
5.13663e-08
3.09116e-09
5.14491e-08
3.1124e-09
5.15162e-08
3.15682e-09
5.15662e-08
3.16307e-09
5.16029e-08
3.18241e-09
5.16355e-08
3.17132e-09
5.1663e-08
3.20116e-09
5.16886e-08
3.19688e-09
5.17094e-08
3.24252e-09
5.1729e-08
3.24054e-09
5.17458e-08
3.30175e-09
5.17622e-08
3.30386e-09
5.17781e-08
3.38563e-09
5.17933e-08
3.39565e-09
5.18099e-08
3.50382e-09
5.18241e-08
3.51872e-09
5.18392e-08
3.6489e-09
5.18487e-08
3.64308e-09
5.18566e-08
3.7813e-09
5.18562e-08
3.72935e-09
5.18592e-08
3.8783e-09
5.18534e-08
3.80527e-09
5.18639e-08
4.01954e-09
5.18473e-08
3.98754e-09
5.18466e-08
4.26162e-09
5.17965e-08
4.22821e-09
5.17584e-08
4.49593e-09
4.49291e-09
5.46123e-08
1.99813e-09
-5.45087e-08
5.475e-08
2.24629e-09
5.49178e-08
2.48603e-09
5.50991e-08
2.70484e-09
5.52683e-08
2.85908e-09
5.54018e-08
2.9554e-09
5.55003e-08
2.98196e-09
5.5585e-08
3.00647e-09
5.56682e-08
3.02914e-09
5.57422e-08
3.08288e-09
5.58009e-08
3.10432e-09
5.58446e-08
3.13875e-09
5.58808e-08
3.13516e-09
5.59118e-08
3.1701e-09
5.59396e-08
3.16907e-09
5.59634e-08
3.21871e-09
5.59838e-08
3.2202e-09
5.60022e-08
3.28327e-09
5.60177e-08
3.28838e-09
5.60344e-08
3.36899e-09
5.6048e-08
3.38199e-09
5.60654e-08
3.48641e-09
5.60794e-08
3.50481e-09
5.6097e-08
3.63127e-09
5.6109e-08
3.6311e-09
5.61224e-08
3.76792e-09
5.61258e-08
3.72592e-09
5.61346e-08
3.86946e-09
5.61307e-08
3.80921e-09
5.61486e-08
4.00161e-09
5.61439e-08
3.99226e-09
5.61644e-08
4.24111e-09
5.61478e-08
4.24485e-09
5.61492e-08
4.49452e-09
4.53734e-09
5.92206e-08
1.90327e-09
-5.91257e-08
5.93446e-08
2.12228e-09
5.94952e-08
2.33548e-09
5.96608e-08
2.53921e-09
5.98234e-08
2.69651e-09
5.9963e-08
2.81575e-09
6.00719e-08
2.87307e-09
6.01606e-08
2.91773e-09
6.02442e-08
2.94557e-09
6.03226e-08
3.00452e-09
6.03893e-08
3.03761e-09
6.04415e-08
3.08649e-09
6.04831e-08
3.09356e-09
6.05189e-08
3.13438e-09
6.05499e-08
3.13802e-09
6.05778e-08
3.19081e-09
6.06005e-08
3.19751e-09
6.06219e-08
3.2619e-09
6.06383e-08
3.27195e-09
6.06565e-08
3.35077e-09
6.06704e-08
3.36815e-09
6.06886e-08
3.46818e-09
6.07028e-08
3.49061e-09
6.07216e-08
3.61247e-09
6.07347e-08
3.61798e-09
6.07507e-08
3.75192e-09
6.07553e-08
3.72137e-09
6.0766e-08
3.85877e-09
6.07599e-08
3.81528e-09
6.0776e-08
3.98554e-09
6.07722e-08
3.99599e-09
6.07961e-08
4.2172e-09
6.07928e-08
4.2482e-09
6.08092e-08
4.47816e-09
4.55535e-09
6.42111e-08
1.81625e-09
-6.41241e-08
6.43235e-08
2.00992e-09
6.44594e-08
2.19954e-09
6.4611e-08
2.38759e-09
6.47651e-08
2.54248e-09
6.49061e-08
2.67473e-09
6.50235e-08
2.75567e-09
6.51191e-08
2.82214e-09
6.52044e-08
2.86022e-09
6.52856e-08
2.92338e-09
6.53584e-08
2.96474e-09
6.54194e-08
3.02547e-09
6.5468e-08
3.045e-09
6.55095e-08
3.09289e-09
6.55446e-08
3.10288e-09
6.55772e-08
3.15826e-09
6.56035e-08
3.17124e-09
6.56286e-08
3.23675e-09
6.56476e-08
3.25294e-09
6.56683e-08
3.33012e-09
6.56839e-08
3.35254e-09
6.57035e-08
3.44851e-09
6.5719e-08
3.4751e-09
6.57392e-08
3.59233e-09
6.57534e-08
3.60381e-09
6.57716e-08
3.73364e-09
6.5777e-08
3.716e-09
6.57894e-08
3.84635e-09
6.57824e-08
3.82233e-09
6.57956e-08
3.97238e-09
6.57909e-08
4.00064e-09
6.58125e-08
4.1956e-09
6.58134e-08
4.2473e-09
6.58331e-08
4.45846e-09
4.56214e-09
6.96152e-08
1.73589e-09
-6.95349e-08
6.97178e-08
1.90732e-09
6.98414e-08
2.07594e-09
6.99806e-08
2.24836e-09
7.01255e-08
2.39758e-09
7.02645e-08
2.53575e-09
7.0387e-08
2.63314e-09
7.04902e-08
2.71896e-09
7.05794e-08
2.77103e-09
7.0663e-08
2.83975e-09
7.07403e-08
2.88752e-09
7.0809e-08
2.95679e-09
7.08652e-08
2.98876e-09
7.09135e-08
3.04462e-09
7.09535e-08
3.06279e-09
7.09911e-08
3.12072e-09
7.10217e-08
3.14065e-09
7.10512e-08
3.20726e-09
7.10739e-08
3.23026e-09
7.10977e-08
3.30633e-09
7.11161e-08
3.33412e-09
7.11379e-08
3.42668e-09
7.11553e-08
3.45767e-09
7.11774e-08
3.57022e-09
7.11927e-08
3.58852e-09
7.12136e-08
3.71282e-09
7.122e-08
3.70951e-09
7.12346e-08
3.83176e-09
7.12288e-08
3.82819e-09
7.12405e-08
3.96067e-09
7.12363e-08
4.00485e-09
7.12552e-08
4.1767e-09
7.12577e-08
4.24472e-09
7.12766e-08
4.43961e-09
4.56419e-09
7.54668e-08
1.66065e-09
-7.53916e-08
7.55615e-08
1.8126e-09
7.56748e-08
1.96269e-09
7.58031e-08
2.11999e-09
7.5939e-08
2.26175e-09
7.60739e-08
2.40087e-09
7.61983e-08
2.5087e-09
7.63078e-08
2.60942e-09
7.64024e-08
2.67644e-09
7.64893e-08
2.75282e-09
7.65699e-08
2.80694e-09
7.66448e-08
2.88194e-09
7.67084e-08
2.9251e-09
7.67642e-08
2.98885e-09
7.68101e-08
3.01689e-09
7.6853e-08
3.0778e-09
7.68884e-08
3.10524e-09
7.69226e-08
3.17303e-09
7.69497e-08
3.20319e-09
7.69773e-08
3.27873e-09
7.69992e-08
3.31227e-09
7.70239e-08
3.402e-09
7.70436e-08
3.43792e-09
7.70683e-08
3.54557e-09
7.7085e-08
3.57181e-09
7.71083e-08
3.68947e-09
7.71166e-08
3.70123e-09
7.71334e-08
3.815e-09
7.71304e-08
3.83116e-09
7.71419e-08
3.9491e-09
7.71398e-08
4.00697e-09
7.71568e-08
4.15972e-09
7.7161e-08
4.24052e-09
7.71779e-08
4.42273e-09
4.56378e-09
8.18023e-08
1.58859e-09
-8.17302e-08
8.1891e-08
1.7239e-09
8.19957e-08
1.85794e-09
8.21147e-08
2.00104e-09
8.22419e-08
2.13448e-09
8.23716e-08
2.2712e-09
8.24956e-08
2.38476e-09
8.26093e-08
2.49564e-09
8.27096e-08
2.57621e-09
8.28009e-08
2.66144e-09
8.28849e-08
2.72303e-09
8.29646e-08
2.80219e-09
8.30349e-08
2.85486e-09
8.30982e-08
2.92551e-09
8.31507e-08
2.96434e-09
8.31995e-08
3.02901e-09
8.32402e-08
3.06456e-09
8.32795e-08
3.13378e-09
8.33114e-08
3.17128e-09
8.33434e-08
3.24675e-09
8.33692e-08
3.28642e-09
8.33974e-08
3.37385e-09
8.34199e-08
3.4154e-09
8.34474e-08
3.51807e-09
8.34662e-08
3.55299e-09
8.34918e-08
3.66383e-09
8.35028e-08
3.6903e-09
8.35214e-08
3.79632e-09
8.35225e-08
3.8301e-09
8.35346e-08
3.93698e-09
8.35357e-08
4.0059e-09
8.35514e-08
4.14398e-09
8.35577e-08
4.2343e-09
8.35725e-08
4.40787e-09
4.56165e-09
8.86606e-08
1.51779e-09
-8.85898e-08
8.87451e-08
1.63941e-09
8.88432e-08
1.75987e-09
8.8954e-08
1.8902e-09
8.90735e-08
2.01502e-09
8.91975e-08
2.14717e-09
8.93193e-08
2.26294e-09
8.94352e-08
2.37975e-09
8.95403e-08
2.47116e-09
8.96368e-08
2.56495e-09
8.97247e-08
2.63514e-09
8.98087e-08
2.71814e-09
8.98846e-08
2.77896e-09
8.99549e-08
2.85518e-09
9.00146e-08
2.90465e-09
9.00698e-08
2.97386e-09
9.01163e-08
3.018e-09
9.01609e-08
3.08918e-09
9.01981e-08
3.13409e-09
9.0235e-08
3.20992e-09
9.02654e-08
3.256e-09
9.02975e-08
3.34175e-09
9.03234e-08
3.38947e-09
9.03538e-08
3.48764e-09
9.03757e-08
3.53112e-09
9.04034e-08
3.63611e-09
9.04178e-08
3.6759e-09
9.04383e-08
3.77586e-09
9.04441e-08
3.82432e-09
9.04572e-08
3.92386e-09
9.0462e-08
4.0011e-09
9.04771e-08
4.12887e-09
9.04855e-08
4.22586e-09
9.04988e-08
4.3946e-09
4.55802e-09
9.6084e-08
1.4468e-09
-9.6013e-08
9.61659e-08
1.55746e-09
9.62589e-08
1.66684e-09
9.6363e-08
1.78609e-09
9.64755e-08
1.90252e-09
9.65939e-08
2.02881e-09
9.67127e-08
2.14417e-09
9.68289e-08
2.26347e-09
9.69375e-08
2.36265e-09
9.70388e-08
2.46356e-09
9.71314e-08
2.54257e-09
9.72197e-08
2.62985e-09
9.73007e-08
2.69797e-09
9.73772e-08
2.7787e-09
9.7444e-08
2.83784e-09
9.75058e-08
2.91199e-09
9.75588e-08
2.965e-09
9.76092e-08
3.03883e-09
9.76521e-08
3.09119e-09
9.76941e-08
3.16795e-09
9.77297e-08
3.22035e-09
9.77661e-08
3.30533e-09
9.77964e-08
3.35925e-09
9.78298e-08
3.45423e-09
9.78555e-08
3.50536e-09
9.78855e-08
3.60616e-09
9.7904e-08
3.65738e-09
9.79263e-08
3.75355e-09
9.79372e-08
3.81345e-09
9.79518e-08
3.90925e-09
9.79604e-08
3.99246e-09
9.79756e-08
4.11368e-09
9.79862e-08
4.21523e-09
9.79985e-08
4.3823e-09
4.5529e-09
1.04118e-07
1.37483e-09
-1.04046e-07
1.04199e-07
1.47682e-09
1.04288e-07
1.57742e-09
1.04387e-07
1.68737e-09
1.04493e-07
1.79603e-09
1.04606e-07
1.91587e-09
1.04722e-07
2.02892e-09
1.04837e-07
2.14809e-09
1.04947e-07
2.25205e-09
1.05053e-07
2.35813e-09
1.0515e-07
2.4451e-09
1.05243e-07
2.5371e-09
1.05329e-07
2.61211e-09
1.05411e-07
2.69682e-09
1.05484e-07
2.76435e-09
1.05553e-07
2.8434e-09
1.05613e-07
2.90507e-09
1.05669e-07
2.98234e-09
1.05719e-07
3.04201e-09
1.05766e-07
3.12065e-09
1.05807e-07
3.17888e-09
1.05848e-07
3.2642e-09
1.05884e-07
3.32395e-09
1.05921e-07
3.41749e-09
1.05951e-07
3.4752e-09
1.05983e-07
3.5735e-09
1.06007e-07
3.63414e-09
1.06031e-07
3.72902e-09
1.06047e-07
3.79744e-09
1.06064e-07
3.89246e-09
1.06076e-07
3.98011e-09
1.06092e-07
4.0976e-09
1.06105e-07
4.20253e-09
1.06117e-07
4.37024e-09
4.54609e-09
1.12813e-07
1.30165e-09
-1.1274e-07
1.12893e-07
1.39694e-09
1.1298e-07
1.49054e-09
1.13074e-07
1.59279e-09
1.13176e-07
1.69455e-09
1.13284e-07
1.8078e-09
1.13396e-07
1.9173e-09
1.13509e-07
2.03448e-09
1.13621e-07
2.14062e-09
1.13729e-07
2.24981e-09
1.13831e-07
2.34315e-09
1.13928e-07
2.43976e-09
1.14019e-07
2.52135e-09
1.14106e-07
2.60999e-09
1.14185e-07
2.68473e-09
1.1426e-07
2.76847e-09
1.14327e-07
2.83799e-09
1.1439e-07
2.91944e-09
1.14446e-07
2.98593e-09
1.14499e-07
3.06771e-09
1.14547e-07
3.13125e-09
1.14593e-07
3.2179e-09
1.14634e-07
3.28299e-09
1.14675e-07
3.37673e-09
1.1471e-07
3.44031e-09
1.14746e-07
3.53761e-09
1.14774e-07
3.60563e-09
1.14802e-07
3.70154e-09
1.14823e-07
3.77657e-09
1.14842e-07
3.87265e-09
1.14858e-07
3.96409e-09
1.14876e-07
4.07985e-09
1.14891e-07
4.18778e-09
1.14904e-07
4.35767e-09
4.53719e-09
1.22224e-07
1.22772e-09
-1.2215e-07
1.22303e-07
1.31768e-09
1.22388e-07
1.40553e-09
1.22479e-07
1.50134e-09
1.22577e-07
1.59707e-09
1.22681e-07
1.70401e-09
1.22789e-07
1.80925e-09
1.229e-07
1.92316e-09
1.23011e-07
2.02939e-09
1.23121e-07
2.13978e-09
1.23227e-07
2.23755e-09
1.23328e-07
2.33815e-09
1.23424e-07
2.4257e-09
1.23516e-07
2.51848e-09
1.23601e-07
2.59942e-09
1.23682e-07
2.68775e-09
1.23756e-07
2.76388e-09
1.23825e-07
2.85001e-09
1.23888e-07
2.92262e-09
1.23948e-07
3.00857e-09
1.24002e-07
3.07733e-09
1.24053e-07
3.16601e-09
1.241e-07
3.23592e-09
1.24146e-07
3.33122e-09
1.24186e-07
3.40025e-09
1.24226e-07
3.49805e-09
1.2426e-07
3.57165e-09
1.24291e-07
3.66992e-09
1.24317e-07
3.75113e-09
1.2434e-07
3.84924e-09
1.2436e-07
3.94424e-09
1.2438e-07
4.05968e-09
1.24397e-07
4.17084e-09
1.24411e-07
4.34388e-09
4.52563e-09
1.32409e-07
1.15408e-09
-1.32335e-07
1.32487e-07
1.23906e-09
1.32571e-07
1.32194e-09
1.3266e-07
1.41219e-09
1.32755e-07
1.50263e-09
1.32855e-07
1.60387e-09
1.32959e-07
1.70458e-09
1.33068e-07
1.81449e-09
1.33178e-07
1.91915e-09
1.33289e-07
2.02916e-09
1.33397e-07
2.12935e-09
1.33502e-07
2.23301e-09
1.33603e-07
2.32547e-09
1.33698e-07
2.42254e-09
1.33789e-07
2.50883e-09
1.33875e-07
2.60169e-09
1.33956e-07
2.68326e-09
1.34032e-07
2.77402e-09
1.34102e-07
2.85213e-09
1.34168e-07
2.94272e-09
1.34229e-07
3.01686e-09
1.34286e-07
3.10837e-09
1.3434e-07
3.18231e-09
1.34391e-07
3.28037e-09
1.34436e-07
3.3545e-09
1.3448e-07
3.45405e-09
1.3452e-07
3.53232e-09
1.34557e-07
3.63307e-09
1.34587e-07
3.72087e-09
1.34614e-07
3.82197e-09
1.34638e-07
3.92023e-09
1.34661e-07
4.03642e-09
1.34681e-07
4.15128e-09
1.34697e-07
4.32808e-09
4.51085e-09
1.43431e-07
1.08209e-09
-1.43359e-07
1.43509e-07
1.16104e-09
1.43592e-07
1.23896e-09
1.4368e-07
1.32442e-09
1.43772e-07
1.41042e-09
1.43869e-07
1.50671e-09
1.43971e-07
1.60289e-09
1.44077e-07
1.70847e-09
1.44186e-07
1.81037e-09
1.44296e-07
1.91882e-09
1.44406e-07
2.0197e-09
1.44514e-07
2.12529e-09
1.44618e-07
2.22141e-09
1.44718e-07
2.32252e-09
1.44813e-07
2.41343e-09
1.44904e-07
2.51062e-09
1.44991e-07
2.59668e-09
1.45073e-07
2.69176e-09
1.45151e-07
2.77461e-09
1.45223e-07
2.87009e-09
1.45291e-07
2.94935e-09
1.45354e-07
3.04491e-09
1.45414e-07
3.12209e-09
1.45471e-07
3.22357e-09
1.45523e-07
3.30282e-09
1.45572e-07
3.40473e-09
1.45617e-07
3.48772e-09
1.45659e-07
3.59054e-09
1.45695e-07
3.68502e-09
1.45727e-07
3.7904e-09
1.45755e-07
3.89179e-09
1.45782e-07
4.00948e-09
1.45805e-07
4.12841e-09
1.45824e-07
4.30923e-09
4.49238e-09
1.55359e-07
1.01182e-09
-1.55289e-07
1.55437e-07
1.08315e-09
1.5552e-07
1.15614e-09
1.55606e-07
1.23762e-09
1.55697e-07
1.31983e-09
1.55792e-07
1.41167e-09
1.55891e-07
1.50342e-09
1.55995e-07
1.60458e-09
1.56103e-07
1.70313e-09
1.56212e-07
1.80926e-09
1.56322e-07
1.90957e-09
1.56432e-07
2.01603e-09
1.56538e-07
2.11454e-09
1.56642e-07
2.21901e-09
1.56742e-07
2.31374e-09
1.56837e-07
2.41494e-09
1.56929e-07
2.50469e-09
1.57017e-07
2.60375e-09
1.57101e-07
2.69049e-09
1.57181e-07
2.79087e-09
1.57255e-07
2.87473e-09
1.57325e-07
2.97504e-09
1.57392e-07
3.05545e-09
1.57455e-07
3.16016e-09
1.57513e-07
3.24491e-09
1.57568e-07
3.34927e-09
1.57619e-07
3.43749e-09
1.57667e-07
3.54226e-09
1.57709e-07
3.64326e-09
1.57746e-07
3.75339e-09
1.57779e-07
3.85879e-09
1.5781e-07
3.97831e-09
1.57837e-07
4.10139e-09
1.5786e-07
4.28668e-09
4.46889e-09
1.6827e-07
9.39004e-10
-1.68197e-07
1.68346e-07
1.00677e-09
1.68427e-07
1.07575e-09
1.68512e-07
1.15257e-09
1.68601e-07
1.23031e-09
1.68695e-07
1.31747e-09
1.68794e-07
1.40482e-09
1.68897e-07
1.50183e-09
1.69003e-07
1.5972e-09
1.69111e-07
1.70081e-09
1.69221e-07
1.79983e-09
1.69331e-07
1.90623e-09
1.69439e-07
2.0059e-09
1.69546e-07
2.11269e-09
1.69649e-07
2.21024e-09
1.69749e-07
2.31486e-09
1.69846e-07
2.4077e-09
1.69939e-07
2.51038e-09
1.70029e-07
2.60048e-09
1.70115e-07
2.70532e-09
1.70196e-07
2.7935e-09
1.70273e-07
2.89836e-09
1.70346e-07
2.98262e-09
1.70416e-07
3.09015e-09
1.7048e-07
3.18051e-09
1.70542e-07
3.28724e-09
1.70598e-07
3.38123e-09
1.70653e-07
3.48774e-09
1.70701e-07
3.59564e-09
1.70744e-07
3.7097e-09
1.70783e-07
3.82051e-09
1.70818e-07
3.94252e-09
1.70851e-07
4.06909e-09
1.70877e-07
4.26034e-09
4.43813e-09
6.55438e-07
6.87505e-10
-6.55187e-07
6.55683e-07
7.6196e-10
6.55927e-07
8.31456e-10
6.56177e-07
9.0285e-10
6.56437e-07
9.70505e-10
6.56712e-07
1.04234e-09
6.57005e-07
1.11166e-09
6.57317e-07
1.18975e-09
6.57645e-07
1.26911e-09
6.57985e-07
1.36057e-09
6.58334e-07
1.45082e-09
6.58689e-07
1.55173e-09
6.59047e-07
1.64824e-09
6.59404e-07
1.75526e-09
6.5976e-07
1.85465e-09
6.6011e-07
1.9645e-09
6.60455e-07
2.06274e-09
6.60792e-07
2.17296e-09
6.61123e-07
2.26951e-09
6.61446e-07
2.38278e-09
6.61759e-07
2.48051e-09
6.62061e-07
2.59658e-09
6.62348e-07
2.69493e-09
6.62627e-07
2.81175e-09
6.62889e-07
2.91817e-09
6.63142e-07
3.03391e-09
6.63374e-07
3.14936e-09
6.63601e-07
3.26107e-09
6.63804e-07
3.39258e-09
6.64001e-07
3.51263e-09
6.64175e-07
3.64612e-09
6.64333e-07
3.78519e-09
6.64487e-07
3.91496e-09
6.6463e-07
4.1172e-09
4.27787e-09
7.09405e-07
5.32524e-10
-7.0925e-07
7.0958e-07
5.87493e-10
7.09769e-07
6.42068e-10
7.0997e-07
7.02028e-10
7.1018e-07
7.60515e-10
7.10398e-07
8.23879e-10
7.10625e-07
8.85541e-10
7.10859e-07
9.54994e-10
7.11104e-07
1.02391e-09
7.11362e-07
1.1033e-09
7.11631e-07
1.18142e-09
7.11912e-07
1.27125e-09
7.12202e-07
1.35765e-09
7.12501e-07
1.45675e-09
7.12806e-07
1.54952e-09
7.13114e-07
1.65599e-09
7.13425e-07
1.75225e-09
7.13734e-07
1.86341e-09
7.14043e-07
1.9609e-09
7.1435e-07
2.07618e-09
7.14654e-07
2.17648e-09
7.14954e-07
2.29627e-09
7.15247e-07
2.40174e-09
7.15536e-07
2.52323e-09
7.15815e-07
2.63901e-09
7.16089e-07
2.75994e-09
7.16347e-07
2.89079e-09
7.16601e-07
3.00747e-09
7.16841e-07
3.15237e-09
7.17078e-07
3.2762e-09
7.17302e-07
3.42158e-09
7.17511e-07
3.57657e-09
7.17718e-07
3.70735e-09
7.17926e-07
3.90955e-09
4.0721e-09
7.67702e-07
4.4656e-10
-7.67616e-07
7.67809e-07
4.80414e-10
7.67931e-07
5.20037e-10
7.68066e-07
5.67091e-10
7.68211e-07
6.15462e-10
7.68365e-07
6.70167e-10
7.68526e-07
7.2454e-10
7.68695e-07
7.86025e-10
7.68873e-07
8.46052e-10
7.69061e-07
9.14408e-10
7.69262e-07
9.807e-10
7.69475e-07
1.05818e-09
7.697e-07
1.13277e-09
7.69936e-07
1.22072e-09
7.70182e-07
1.3033e-09
7.70437e-07
1.40088e-09
7.707e-07
1.48961e-09
7.70969e-07
1.59496e-09
7.71242e-07
1.68792e-09
7.71518e-07
1.79925e-09
7.71798e-07
1.89678e-09
7.72081e-07
2.01356e-09
7.72364e-07
2.11899e-09
7.72648e-07
2.23899e-09
7.7293e-07
2.35732e-09
7.73211e-07
2.47815e-09
7.73487e-07
2.61529e-09
7.73759e-07
2.73482e-09
7.74027e-07
2.88507e-09
7.74292e-07
3.01061e-09
7.74555e-07
3.15908e-09
7.74813e-07
3.31817e-09
7.75069e-07
3.45193e-09
7.75326e-07
3.65239e-09
3.8063e-09
8.30477e-07
3.90103e-10
-8.30421e-07
8.30541e-07
4.16882e-10
8.30612e-07
4.48425e-10
8.30694e-07
4.85725e-10
8.30785e-07
5.24236e-10
8.30886e-07
5.6862e-10
8.30998e-07
6.13141e-10
8.31119e-07
6.64268e-10
8.31251e-07
7.14369e-10
8.31393e-07
7.72346e-10
8.31546e-07
8.28407e-10
8.31709e-07
8.9465e-10
8.31884e-07
9.58069e-10
8.3207e-07
1.03429e-09
8.32268e-07
1.10583e-09
8.32477e-07
1.19196e-09
8.32696e-07
1.27034e-09
8.32926e-07
1.36531e-09
8.33164e-07
1.44976e-09
8.33411e-07
1.55235e-09
8.33664e-07
1.6433e-09
8.33925e-07
1.75247e-09
8.34191e-07
1.85295e-09
8.34463e-07
1.9668e-09
8.34739e-07
2.08182e-09
8.35019e-07
2.19812e-09
8.35301e-07
2.3332e-09
8.35585e-07
2.4509e-09
8.3587e-07
2.60046e-09
8.36156e-07
2.72428e-09
8.36443e-07
2.87148e-09
8.36736e-07
3.02555e-09
8.37029e-07
3.15904e-09
8.37327e-07
3.35406e-09
3.49229e-09
8.98038e-07
3.43225e-10
-8.97991e-07
8.98088e-07
3.66599e-10
8.98143e-07
3.92806e-10
8.98206e-07
4.23296e-10
8.98276e-07
4.54479e-10
8.98354e-07
4.90453e-10
8.98441e-07
5.26461e-10
8.98536e-07
5.68292e-10
8.98641e-07
6.09589e-10
8.98755e-07
6.58281e-10
8.98878e-07
7.05664e-10
8.9901e-07
7.62259e-10
8.99152e-07
8.16296e-10
8.99305e-07
8.81613e-10
8.99468e-07
9.42564e-10
8.99643e-07
1.01679e-09
8.99829e-07
1.08439e-09
9.00027e-07
1.16744e-09
9.00235e-07
1.24179e-09
9.00454e-07
1.33321e-09
9.00682e-07
1.41516e-09
9.00921e-07
1.51409e-09
9.01167e-07
1.60642e-09
9.01423e-07
1.71125e-09
9.01686e-07
1.81865e-09
9.01957e-07
1.92716e-09
9.02236e-07
2.05438e-09
9.02521e-07
2.16578e-09
9.02812e-07
2.30891e-09
9.0311e-07
2.42717e-09
9.03413e-07
2.5685e-09
9.03725e-07
2.71289e-09
9.04045e-07
2.83975e-09
9.04374e-07
3.02435e-09
3.15141e-09
9.70969e-07
2.97503e-10
-9.70923e-07
9.71016e-07
3.18676e-10
9.71068e-07
3.41039e-10
9.71125e-07
3.66416e-10
9.71188e-07
3.92021e-10
9.71256e-07
4.21548e-10
9.71332e-07
4.51173e-10
9.71414e-07
4.85939e-10
9.71503e-07
5.2043e-10
9.716e-07
5.61418e-10
9.71704e-07
6.01335e-10
9.71818e-07
6.49246e-10
9.71939e-07
6.94859e-10
9.7207e-07
7.5021e-10
9.72211e-07
8.01668e-10
9.72363e-07
8.64825e-10
9.72525e-07
9.2234e-10
9.72699e-07
9.93715e-10
9.72883e-07
1.05792e-09
9.73078e-07
1.13763e-09
9.73284e-07
1.20969e-09
9.73501e-07
1.29715e-09
9.73728e-07
1.37953e-09
9.73966e-07
1.47337e-09
9.74214e-07
1.57048e-09
9.74472e-07
1.66885e-09
9.74741e-07
1.78497e-09
9.7502e-07
1.88691e-09
9.7531e-07
2.01891e-09
9.75609e-07
2.12822e-09
9.75918e-07
2.25968e-09
9.76239e-07
2.39221e-09
9.7657e-07
2.50875e-09
9.76916e-07
2.6782e-09
2.79331e-09
1.04983e-06
2.53006e-10
-1.04978e-06
1.04987e-06
2.71027e-10
1.04993e-06
2.89775e-10
1.04998e-06
3.11059e-10
1.05004e-06
3.3258e-10
1.0501e-06
3.57391e-10
1.05017e-06
3.82284e-10
1.05025e-06
4.11462e-10
1.05033e-06
4.40365e-10
1.05041e-06
4.747e-10
1.05051e-06
5.08081e-10
1.05061e-06
5.48213e-10
1.05072e-06
5.86373e-10
1.05083e-06
6.32848e-10
1.05096e-06
6.76077e-10
1.0511e-06
7.29458e-10
1.05124e-06
7.78172e-10
1.05139e-06
8.38937e-10
1.05156e-06
8.93747e-10
1.05173e-06
9.62077e-10
1.05192e-06
1.02411e-09
1.05212e-06
1.09973e-09
1.05233e-06
1.17148e-09
1.05254e-06
1.25357e-09
1.05278e-06
1.33916e-09
1.05302e-06
1.42608e-09
1.05327e-06
1.52904e-09
1.05354e-06
1.61964e-09
1.05382e-06
1.7375e-09
1.05412e-06
1.83556e-09
1.05442e-06
1.9538e-09
1.05474e-06
2.0724e-09
1.05507e-06
2.17666e-09
1.05542e-06
2.32733e-09
2.42914e-09
1.13516e-06
2.11114e-10
-1.13512e-06
1.13521e-06
2.25968e-10
1.13526e-06
2.4148e-10
1.13531e-06
2.59173e-10
1.13536e-06
2.77166e-10
1.13542e-06
2.97914e-10
1.13549e-06
3.18747e-10
1.13555e-06
3.43085e-10
1.13563e-06
3.67158e-10
1.13571e-06
3.95689e-10
1.13579e-06
4.23407e-10
1.13588e-06
4.56744e-10
1.13598e-06
4.8847e-10
1.13609e-06
5.2719e-10
1.1362e-06
5.63253e-10
1.13632e-06
6.07876e-10
1.13645e-06
6.48645e-10
1.13659e-06
6.99589e-10
1.13674e-06
7.45608e-10
1.1369e-06
8.03125e-10
1.13706e-06
8.55574e-10
1.13724e-06
9.19718e-10
1.13744e-06
9.80921e-10
1.13764e-06
1.05109e-09
1.13785e-06
1.12453e-09
1.13808e-06
1.19931e-09
1.13832e-06
1.28817e-09
1.13857e-06
1.36674e-09
1.13884e-06
1.46896e-09
1.13912e-06
1.55431e-09
1.13942e-06
1.65731e-09
1.13973e-06
1.76065e-09
1.14006e-06
1.85157e-09
1.1404e-06
1.98186e-09
2.07026e-09
1.22751e-06
1.72522e-10
-1.22747e-06
1.22755e-06
1.84641e-10
1.2276e-06
1.97291e-10
1.22764e-06
2.11727e-10
1.22769e-06
2.26456e-10
1.22775e-06
2.43454e-10
1.22781e-06
2.60562e-10
1.22787e-06
2.80531e-10
1.22794e-06
3.00297e-10
1.22801e-06
3.23688e-10
1.22809e-06
3.46418e-10
1.22817e-06
3.73735e-10
1.22826e-06
3.99746e-10
1.22835e-06
4.31489e-10
1.22846e-06
4.61074e-10
1.22857e-06
4.97691e-10
1.22868e-06
5.3118e-10
1.22881e-06
5.7308e-10
1.22894e-06
6.1104e-10
1.22909e-06
6.58572e-10
1.22924e-06
7.02054e-10
1.22941e-06
7.55269e-10
1.22958e-06
8.06199e-10
1.22977e-06
8.64684e-10
1.22997e-06
9.26112e-10
1.23018e-06
9.8888e-10
1.2304e-06
1.06354e-09
1.23064e-06
1.12979e-09
1.23089e-06
1.21584e-09
1.23116e-06
1.28797e-09
1.23144e-06
1.37513e-09
1.23174e-06
1.46255e-09
1.23205e-06
1.53967e-09
1.23238e-06
1.64941e-09
1.72414e-09
1.32745e-06
1.37331e-10
-1.32741e-06
1.32748e-06
1.47014e-10
1.32752e-06
1.57117e-10
1.32757e-06
1.68629e-10
1.32761e-06
1.80387e-10
1.32766e-06
1.93961e-10
1.32771e-06
2.07649e-10
1.32777e-06
2.23628e-10
1.32783e-06
2.39465e-10
1.3279e-06
2.58194e-10
1.32797e-06
2.76408e-10
1.32804e-06
2.98281e-10
1.32812e-06
3.19122e-10
1.32821e-06
3.44552e-10
1.3283e-06
3.6828e-10
1.3284e-06
3.97656e-10
1.32851e-06
4.24561e-10
1.32863e-06
4.58227e-10
1.32875e-06
4.8876e-10
1.32888e-06
5.26993e-10
1.32902e-06
5.62031e-10
1.32917e-06
6.04975e-10
1.32933e-06
6.46188e-10
1.3295e-06
6.93605e-10
1.32968e-06
7.43486e-10
1.32988e-06
7.94576e-10
1.33009e-06
8.55337e-10
1.33031e-06
9.09456e-10
1.33054e-06
9.79685e-10
1.33079e-06
1.03879e-09
1.33106e-06
1.11015e-09
1.33134e-06
1.18169e-09
1.33163e-06
1.24498e-09
1.33195e-06
1.33458e-09
1.39592e-09
1.43558e-06
1.05487e-10
-1.43555e-06
1.43562e-06
1.12945e-10
1.43565e-06
1.20746e-10
1.43569e-06
1.29621e-10
1.43574e-06
1.38689e-10
1.43578e-06
1.49155e-10
1.43583e-06
1.59722e-10
1.43588e-06
1.72059e-10
1.43593e-06
1.84303e-10
1.43599e-06
1.98782e-10
1.43606e-06
2.12877e-10
1.43613e-06
2.29799e-10
1.4362e-06
2.45939e-10
1.43628e-06
2.65627e-10
1.43636e-06
2.84016e-10
1.43645e-06
3.06776e-10
1.43655e-06
3.27643e-10
1.43665e-06
3.53747e-10
1.43677e-06
3.77448e-10
1.43689e-06
4.07128e-10
1.43701e-06
4.34362e-10
1.43715e-06
4.67755e-10
1.4373e-06
4.99835e-10
1.43745e-06
5.36789e-10
1.43762e-06
5.75692e-10
1.4378e-06
6.15642e-10
1.43799e-06
6.63144e-10
1.4382e-06
7.05612e-10
1.43842e-06
7.6063e-10
1.43865e-06
8.07064e-10
1.43889e-06
8.63081e-10
1.43916e-06
9.19278e-10
1.43943e-06
9.69123e-10
1.43973e-06
1.03949e-09
1.08797e-09
1.55259e-06
7.66628e-11
-1.55256e-06
1.55262e-06
8.20849e-11
1.55266e-06
8.77778e-11
1.55269e-06
9.42504e-11
1.55273e-06
1.00866e-10
1.55277e-06
1.085e-10
1.55281e-06
1.16214e-10
1.55286e-06
1.2522e-10
1.55291e-06
1.34168e-10
1.55297e-06
1.44747e-10
1.55302e-06
1.55056e-10
1.55309e-06
1.67429e-10
1.55315e-06
1.7924e-10
1.55322e-06
1.93642e-10
1.5533e-06
2.07105e-10
1.55338e-06
2.23764e-10
1.55347e-06
2.3905e-10
1.55357e-06
2.5817e-10
1.55367e-06
2.75547e-10
1.55378e-06
2.97306e-10
1.5539e-06
3.17291e-10
1.55402e-06
3.41799e-10
1.55416e-06
3.65362e-10
1.5543e-06
3.92529e-10
1.55446e-06
4.21141e-10
1.55462e-06
4.50575e-10
1.5548e-06
4.85555e-10
1.55499e-06
5.16902e-10
1.55519e-06
5.57472e-10
1.55541e-06
5.91797e-10
1.55564e-06
6.33201e-10
1.55588e-06
6.74761e-10
1.55614e-06
7.1169e-10
1.55641e-06
7.63724e-10
7.99759e-10
1.67919e-06
5.01986e-11
-1.67917e-06
1.67922e-06
5.37426e-11
1.67925e-06
5.74805e-11
1.67929e-06
6.17284e-11
1.67932e-06
6.6071e-11
1.67936e-06
7.1081e-11
1.6794e-06
7.6146e-11
1.67944e-06
8.20599e-11
1.67949e-06
8.79387e-11
1.67954e-06
9.48901e-11
1.67959e-06
1.01668e-10
1.67965e-06
1.09802e-10
1.67971e-06
1.1757e-10
1.67978e-06
1.27043e-10
1.67985e-06
1.35903e-10
1.67992e-06
1.46867e-10
1.68001e-06
1.56933e-10
1.68009e-06
1.69524e-10
1.68019e-06
1.80976e-10
1.68029e-06
1.95316e-10
1.6804e-06
2.08496e-10
1.68052e-06
2.24662e-10
1.68064e-06
2.40211e-10
1.68078e-06
2.58147e-10
1.68092e-06
2.77036e-10
1.68108e-06
2.96485e-10
1.68124e-06
3.19586e-10
1.68142e-06
3.40319e-10
1.68161e-06
3.67135e-10
1.68181e-06
3.8986e-10
1.68203e-06
4.17271e-10
1.68226e-06
4.44804e-10
1.6825e-06
4.69309e-10
1.68276e-06
5.03822e-10
5.27777e-10
1.81617e-06
2.51134e-11
-1.81614e-06
1.8162e-06
2.68667e-11
1.81622e-06
2.87341e-11
1.81625e-06
3.08599e-11
1.81629e-06
3.30357e-11
1.81632e-06
3.55462e-11
1.81636e-06
3.80844e-11
1.8164e-06
4.10467e-11
1.81645e-06
4.39913e-11
1.81649e-06
4.74724e-11
1.81654e-06
5.08671e-11
1.8166e-06
5.49417e-11
1.81666e-06
5.88346e-11
1.81672e-06
6.35821e-11
1.81679e-06
6.80239e-11
1.81686e-06
7.35203e-11
1.81694e-06
7.85685e-11
1.81703e-06
8.48828e-11
1.81712e-06
9.06267e-11
1.81721e-06
9.782e-11
1.81732e-06
1.04432e-10
1.81743e-06
1.12543e-10
1.81755e-06
1.20344e-10
1.81768e-06
1.29346e-10
1.81782e-06
1.38825e-10
1.81796e-06
1.48591e-10
1.81812e-06
1.60189e-10
1.81829e-06
1.70605e-10
1.81848e-06
1.84076e-10
1.81867e-06
1.95499e-10
1.81888e-06
2.09279e-10
1.8191e-06
2.2313e-10
1.81933e-06
2.35465e-10
1.81959e-06
2.52861e-10
2.65145e-10
1.96437e-06
-1.96434e-06
1.96439e-06
1.96442e-06
1.96445e-06
1.96449e-06
1.96452e-06
1.96456e-06
1.9646e-06
1.96465e-06
1.96469e-06
1.96474e-06
1.9648e-06
1.96486e-06
1.96492e-06
1.96499e-06
1.96506e-06
1.96514e-06
1.96523e-06
1.96532e-06
1.96542e-06
1.96552e-06
1.96563e-06
1.96575e-06
1.96588e-06
1.96602e-06
1.96617e-06
1.96633e-06
1.9665e-06
1.96668e-06
1.96688e-06
1.96709e-06
1.96731e-06
1.96755e-06
1.9678e-06
1.69017e-08
-6.25776e-09
1.67911e-08
4.50307e-09
1.68909e-08
-3.20475e-09
1.68122e-08
2.42835e-09
1.69064e-08
-2.11793e-09
1.68179e-08
1.10068e-09
1.68912e-08
-1.23035e-09
1.67975e-08
5.2563e-10
1.68471e-08
-6.1964e-10
1.67522e-08
2.60503e-10
1.67743e-08
-2.30568e-10
1.66824e-08
1.52482e-10
1.66688e-08
3.97789e-11
1.6583e-08
1.34017e-10
1.65244e-08
2.4438e-10
1.64387e-08
1.62918e-10
1.63105e-08
4.0228e-10
1.6183e-08
2.584e-10
1.57223e-08
7.62015e-10
1.03433e-09
1.83163e-08
-6.36474e-09
1.81876e-08
4.6317e-09
1.83134e-08
-3.33048e-09
1.82224e-08
2.5193e-09
1.83309e-08
-2.22639e-09
1.8229e-08
1.20252e-09
1.83106e-08
-1.3119e-09
1.82076e-08
6.28624e-10
1.82575e-08
-6.69589e-10
1.81597e-08
3.58314e-10
1.8172e-08
-2.42836e-10
1.80872e-08
2.37249e-10
1.80462e-08
8.08301e-11
1.7987e-08
1.93184e-10
1.78649e-08
3.6649e-10
1.78439e-08
1.83929e-10
1.75769e-08
6.69285e-10
1.75584e-08
2.76868e-10
1.69616e-08
1.35888e-09
1.03851e-09
1.98116e-08
-6.46228e-09
1.97529e-08
4.69043e-09
1.98334e-08
-3.41106e-09
1.98038e-08
2.54895e-09
1.985e-08
-2.27257e-09
1.98159e-08
1.23656e-09
1.98188e-08
-1.3148e-09
1.97967e-08
6.50734e-10
1.97495e-08
-6.22373e-10
1.97497e-08
3.58101e-10
1.96441e-08
-1.37194e-10
1.96742e-08
2.07137e-10
1.94994e-08
2.55659e-10
1.95576e-08
1.34944e-10
1.9312e-08
6.12121e-10
1.93627e-08
1.33209e-10
1.90446e-08
9.87339e-10
1.89625e-08
3.59021e-10
1.86192e-08
1.70212e-09
1.22094e-09
2.14088e-08
-6.52798e-09
2.14525e-08
4.64676e-09
2.1463e-08
-3.42155e-09
2.15197e-08
2.49227e-09
2.14782e-08
-2.23104e-09
2.15312e-08
1.18356e-09
2.14369e-08
-1.22057e-09
2.15027e-08
5.84977e-10
2.13568e-08
-4.76509e-10
2.14375e-08
2.77429e-10
2.12463e-08
5.39598e-11
2.133e-08
1.23435e-10
2.11114e-08
4.74277e-10
2.11634e-08
8.29304e-11
2.09534e-08
8.22136e-10
2.09042e-08
1.82448e-10
2.07241e-08
1.16744e-09
2.04847e-08
5.98379e-10
2.04268e-08
1.76002e-09
1.50062e-09
2.31146e-08
-6.53573e-09
2.32704e-08
4.49098e-09
2.31986e-08
-3.34974e-09
2.33432e-08
2.34766e-09
2.32133e-08
-2.10118e-09
2.33411e-08
1.05575e-09
2.31689e-08
-1.04836e-09
2.32894e-08
4.64498e-10
2.30909e-08
-2.77996e-10
2.31932e-08
1.75151e-10
2.29917e-08
2.55416e-10
2.30489e-08
6.62524e-11
2.28776e-08
6.45626e-10
2.28472e-08
1.13258e-10
2.27362e-08
9.33182e-10
2.25699e-08
3.48688e-10
2.25091e-08
1.22832e-09
2.22159e-08
8.91524e-10
2.22575e-08
1.71846e-09
1.71583e-09
2.49461e-08
-6.46552e-09
2.51945e-08
4.2426e-09
2.5048e-08
-3.20321e-09
2.5256e-08
2.13967e-09
2.50642e-08
-1.9094e-09
2.52309e-08
8.89036e-10
2.5025e-08
-8.42467e-10
2.51541e-08
3.35405e-10
2.4958e-08
-8.1872e-11
2.50339e-08
9.92559e-11
2.48734e-08
4.15848e-10
2.48694e-08
7.03464e-11
2.47702e-08
7.4477e-10
2.46584e-08
2.25062e-10
2.46215e-08
9.70113e-10
2.43965e-08
5.73624e-10
2.43847e-08
1.24016e-09
2.41251e-08
1.1511e-09
2.41696e-08
1.67396e-09
1.82284e-09
2.69304e-08
-6.31233e-09
2.72303e-08
3.94275e-09
2.70327e-08
-3.00563e-09
2.72669e-08
1.90543e-09
2.70497e-08
-1.69216e-09
2.72197e-08
7.19055e-10
2.7018e-08
-6.408e-10
2.71273e-08
2.26087e-10
2.69619e-08
8.35334e-11
2.69959e-08
6.52804e-11
2.68869e-08
5.2486e-10
2.68246e-08
1.32631e-10
2.67823e-08
7.87134e-10
2.66199e-08
3.87381e-10
2.66149e-08
9.75108e-10
2.63876e-08
8.00961e-10
2.63769e-08
1.25083e-09
2.61889e-08
1.33911e-09
2.62135e-08
1.64937e-09
1.84071e-09
2.90974e-08
-6.08798e-09
2.9406e-08
3.63413e-09
2.91823e-08
-2.78195e-09
2.94137e-08
1.67406e-09
2.91949e-08
-1.47335e-09
2.93506e-08
5.6336e-10
2.91666e-08
-4.56885e-10
2.92495e-08
1.43185e-10
2.91179e-08
2.1513e-10
2.91112e-08
7.20134e-11
2.90463e-08
5.8977e-10
2.89398e-08
2.39134e-10
2.89295e-08
7.9743e-10
2.875e-08
5.66839e-10
2.8742e-08
9.83124e-10
2.85493e-08
9.93727e-10
2.85182e-08
1.28192e-09
2.84066e-08
1.45072e-09
2.84167e-08
1.63924e-09
1.80462e-09
3.14702e-08
-5.81343e-09
3.17636e-08
3.34077e-09
3.15257e-08
-2.54404e-09
3.17448e-08
1.45492e-09
3.15281e-08
-1.25661e-09
3.16681e-08
4.23296e-10
3.14993e-08
-2.88022e-10
3.15558e-08
8.66125e-11
3.14542e-08
3.16743e-10
3.14093e-08
1.16949e-10
3.13769e-08
6.22152e-10
3.12435e-08
3.72551e-10
3.12395e-08
8.01418e-10
3.10704e-08
7.35948e-10
3.10379e-08
1.01562e-09
3.08949e-08
1.13678e-09
3.08449e-08
1.33184e-09
3.07922e-08
1.50345e-09
3.08012e-08
1.63028e-09
1.74499e-09
3.40615e-08
-5.50683e-09
3.43415e-08
3.0607e-09
3.40861e-08
-2.28862e-09
3.42991e-08
1.24194e-09
3.40782e-08
-1.03569e-09
3.42049e-08
2.9661e-10
3.40482e-08
-1.31382e-10
3.4075e-08
5.9811e-11
3.40013e-08
3.90476e-10
3.39217e-08
1.96571e-10
3.39068e-08
6.37032e-10
3.37653e-08
5.14081e-10
3.37461e-08
8.20614e-10
3.36032e-08
8.78846e-10
3.3543e-08
1.07574e-09
3.34443e-08
1.23551e-09
3.33903e-08
1.38584e-09
3.33721e-08
1.52162e-09
3.33897e-08
1.61272e-09
1.67934e-09
3.68779e-08
-5.17657e-09
3.71635e-08
2.77507e-09
3.68813e-08
-2.00647e-09
3.7097e-08
1.02625e-09
3.68693e-08
-8.07981e-10
3.69801e-08
1.85822e-10
3.68396e-08
9.14261e-12
3.68313e-08
6.81283e-11
3.67822e-08
4.39576e-10
3.66773e-08
3.0147e-10
3.66627e-08
6.5157e-10
3.65288e-08
6.47988e-10
3.64837e-08
8.65698e-10
3.63697e-08
9.92935e-10
3.62932e-08
1.15224e-09
3.62236e-08
1.3051e-09
3.61799e-08
1.42948e-09
3.6178e-08
1.52354e-09
3.62066e-08
1.58413e-09
1.61415e-09
3.9929e-08
-4.8227e-09
4.02404e-08
2.46372e-09
3.99264e-08
-1.69253e-09
4.0147e-08
8.05702e-10
3.99188e-08
-5.79768e-10
4.00059e-08
9.86811e-11
3.98896e-08
1.25476e-10
3.98445e-08
1.13143e-10
3.98128e-08
4.71337e-10
3.96965e-08
4.17743e-10
3.96683e-08
6.79787e-10
3.95507e-08
7.65539e-10
3.94819e-08
9.34494e-10
3.93895e-08
1.08536e-09
3.9312e-08
1.22981e-09
3.92596e-08
1.35746e-09
3.92321e-08
1.45701e-09
3.92387e-08
1.5169e-09
3.92756e-08
1.54723e-09
1.55063e-09
4.32319e-08
-4.44285e-09
4.35799e-08
2.11566e-09
4.32375e-08
-1.35014e-09
4.34556e-08
5.87601e-10
4.324e-08
-3.64171e-10
4.32939e-08
4.48316e-11
4.32077e-08
2.11689e-10
4.31323e-08
1.88546e-10
4.31065e-08
4.97161e-10
4.29923e-08
5.31905e-10
4.29439e-08
7.28165e-10
4.28437e-08
8.65763e-10
4.27617e-08
1.0165e-09
4.26821e-08
1.16492e-09
4.26144e-08
1.29755e-09
4.25746e-08
1.39725e-09
4.25616e-08
1.47002e-09
4.25755e-08
1.50301e-09
4.26171e-08
1.50562e-09
1.48889e-09
4.68096e-08
-4.03682e-09
4.71942e-08
1.7311e-09
4.6835e-08
-9.90921e-10
4.70354e-08
3.87165e-10
4.68477e-08
-1.76484e-10
4.68607e-08
3.18226e-11
4.68038e-08
2.68655e-10
4.67108e-08
2.81539e-10
4.66791e-08
5.28792e-10
4.65759e-08
6.35137e-10
4.65091e-08
7.95015e-10
4.64215e-08
9.53339e-10
4.63382e-08
1.09978e-09
4.6267e-08
1.23609e-09
4.62136e-08
1.35098e-09
4.61855e-08
1.42535e-09
4.61836e-08
1.47193e-09
4.62044e-08
1.48218e-09
4.62484e-08
1.4616e-09
1.4292e-09
5.06889e-08
-3.60829e-09
5.11005e-08
1.31949e-09
5.07435e-08
-6.33904e-10
5.09061e-08
2.2449e-10
5.0759e-08
-2.93507e-11
5.07302e-08
6.06292e-11
5.06935e-08
3.05324e-10
5.05973e-08
3.77777e-10
5.05524e-08
5.73684e-10
5.04623e-08
7.25196e-10
5.0384e-08
8.73315e-10
5.03038e-08
1.03358e-09
5.02274e-08
1.17622e-09
5.01647e-08
1.29871e-09
5.0126e-08
1.38968e-09
5.01089e-08
1.44252e-09
5.01156e-08
1.46524e-09
5.01421e-08
1.45565e-09
5.01872e-08
1.41649e-09
1.37191e-09
5.48981e-08
-3.16482e-09
5.53201e-08
8.97548e-10
5.49908e-08
-3.04687e-10
5.5095e-08
1.20329e-10
5.49929e-08
7.27491e-11
5.49311e-08
1.22378e-10
5.49004e-08
3.36096e-10
5.48118e-08
4.66328e-10
5.47527e-08
6.32784e-10
5.46724e-08
8.05558e-10
5.45914e-08
9.54257e-10
5.4516e-08
1.10899e-09
5.44497e-08
1.24257e-09
5.4398e-08
1.35034e-09
5.43726e-08
1.41513e-09
5.43649e-08
1.45018e-09
5.43784e-08
1.45173e-09
5.4409e-08
1.42512e-09
5.44541e-08
1.37132e-09
1.31735e-09
5.94674e-08
-2.71736e-09
5.98771e-08
4.87791e-10
5.96064e-08
-3.39764e-11
5.96361e-08
9.06007e-11
5.95708e-08
1.3807e-10
5.94913e-08
2.01904e-10
5.94537e-08
3.73691e-10
5.93776e-08
5.42443e-10
5.93083e-08
7.02057e-10
5.92331e-08
8.80802e-10
5.91561e-08
1.03121e-09
5.90863e-08
1.17879e-09
5.90306e-08
1.29833e-09
5.8993e-08
1.38792e-09
5.89775e-08
1.43064e-09
5.89783e-08
1.44939e-09
5.8997e-08
1.43302e-09
5.90298e-08
1.39224e-09
5.90742e-08
1.32698e-09
1.26578e-09
6.4428e-08
-2.27937e-09
6.47994e-08
1.16374e-10
6.46124e-08
1.53063e-10
6.45687e-08
1.34282e-10
6.45196e-08
1.87166e-10
6.44368e-08
2.84688e-10
6.43869e-08
4.23564e-10
6.43203e-08
6.09047e-10
6.42482e-08
7.74181e-10
6.41755e-08
9.53475e-10
6.41055e-08
1.10127e-09
6.40438e-08
1.24046e-09
6.3999e-08
1.34316e-09
6.39764e-08
1.41053e-09
6.39684e-08
1.43861e-09
6.39761e-08
1.44169e-09
6.39987e-08
1.41043e-09
6.40327e-08
1.35824e-09
6.40756e-08
1.2841e-09
1.21728e-09
6.98124e-08
-1.86543e-09
7.01186e-08
-1.89904e-10
7.00216e-08
2.50123e-10
6.99301e-08
2.25757e-10
6.98744e-08
2.42852e-10
6.9796e-08
3.6315e-10
6.97342e-08
4.85284e-10
6.96703e-08
6.72954e-10
6.96015e-08
8.4304e-10
6.95319e-08
1.02302e-09
6.94693e-08
1.16386e-09
6.94174e-08
1.29235e-09
6.93868e-08
1.37382e-09
6.93741e-08
1.42318e-09
6.93742e-08
1.43852e-09
6.93876e-08
1.42827e-09
6.94131e-08
1.38492e-09
6.94477e-08
1.32368e-09
6.94891e-08
1.24269e-09
1.17152e-09
7.56528e-08
-1.48868e-09
7.58732e-08
-4.10264e-10
7.5858e-08
2.65343e-10
7.57547e-08
3.29055e-10
7.56764e-08
3.21096e-10
7.55999e-08
4.3963e-10
7.55294e-08
5.55848e-10
7.54627e-08
7.39674e-10
7.5398e-08
9.07734e-10
7.53342e-08
1.08676e-09
7.52797e-08
1.21835e-09
7.52383e-08
1.33383e-09
7.5222e-08
1.39012e-09
7.52161e-08
1.429e-09
7.5224e-08
1.43069e-09
7.5243e-08
1.40922e-09
7.52716e-08
1.35636e-09
7.53071e-08
1.28818e-09
7.53477e-08
1.20207e-09
1.12765e-09
8.19826e-08
-1.15885e-09
8.21055e-08
-5.33159e-10
8.21525e-08
2.18319e-10
8.20682e-08
4.1337e-10
8.19732e-08
4.16094e-10
8.18844e-08
5.28438e-10
8.18078e-08
6.32451e-10
8.17354e-08
8.12029e-10
8.16725e-08
9.707e-10
8.16158e-08
1.14337e-09
8.15708e-08
1.26342e-09
8.15411e-08
1.36348e-09
8.15324e-08
1.39881e-09
8.15354e-08
1.42606e-09
8.15506e-08
1.41546e-09
8.15756e-08
1.38425e-09
8.16081e-08
1.32385e-09
8.16458e-08
1.25047e-09
8.16869e-08
1.16094e-09
1.08436e-09
8.88368e-08
-8.81183e-10
8.88592e-08
-5.55633e-10
8.89441e-08
1.33482e-10
8.88985e-08
4.58985e-10
8.88019e-08
5.1268e-10
8.86966e-08
6.33697e-10
8.8606e-08
7.23029e-10
8.85296e-08
8.88436e-10
8.84657e-08
1.03464e-09
8.84154e-08
1.19367e-09
8.838e-08
1.29886e-09
8.83605e-08
1.38295e-09
8.83583e-08
1.40102e-09
8.83695e-08
1.41486e-09
8.83923e-08
1.39266e-09
8.84238e-08
1.3527e-09
8.84614e-08
1.28624e-09
8.85028e-08
1.20915e-09
8.85458e-08
1.1179e-09
1.04034e-09
9.62522e-08
-6.54839e-10
9.62012e-08
-5.04608e-10
9.62794e-08
5.52864e-11
9.62798e-08
4.58554e-10
9.61926e-08
5.9989e-10
9.6082e-08
7.44312e-10
9.59723e-08
8.32681e-10
9.58883e-08
9.72496e-10
9.58238e-08
1.09915e-09
9.5778e-08
1.23939e-09
9.57501e-08
1.32684e-09
9.57402e-08
1.39278e-09
9.57454e-08
1.39585e-09
9.57641e-08
1.39619e-09
9.57941e-08
1.36266e-09
9.58323e-08
1.31444e-09
9.58756e-08
1.24299e-09
9.59214e-08
1.16337e-09
9.59674e-08
1.07187e-09
9.94776e-10
1.0427e-07
-4.73438e-10
1.04177e-07
-4.12046e-10
1.04214e-07
1.86045e-11
1.04239e-07
4.33377e-10
1.04188e-07
6.50741e-10
1.04076e-07
8.56646e-10
1.0396e-07
9.48174e-10
1.03861e-07
1.07244e-09
1.03795e-07
1.16445e-09
1.03754e-07
1.28019e-09
1.03732e-07
1.34911e-09
1.03733e-07
1.39239e-09
1.03744e-07
1.38458e-09
1.0377e-07
1.37033e-09
1.03806e-07
1.32587e-09
1.03851e-07
1.27e-09
1.03899e-07
1.19449e-09
1.03949e-07
1.1133e-09
1.03999e-07
1.02265e-09
9.47397e-10
1.12938e-07
-3.29012e-10
1.12826e-07
-3.00156e-10
1.12813e-07
3.15794e-11
1.12831e-07
4.16287e-10
1.12807e-07
6.73805e-10
1.12727e-07
9.37118e-10
1.12608e-07
1.06692e-09
1.12509e-07
1.17199e-09
1.12436e-07
1.23692e-09
1.12397e-07
1.31959e-09
1.12385e-07
1.3608e-09
1.12391e-07
1.38624e-09
1.12409e-07
1.36728e-09
1.12441e-07
1.3381e-09
1.12483e-07
1.2832e-09
1.12533e-07
1.2204e-09
1.12586e-07
1.14175e-09
1.12639e-07
1.05992e-09
1.12691e-07
9.71086e-10
8.98315e-10
1.22313e-07
-2.14183e-10
1.22193e-07
-1.80805e-10
1.22143e-07
8.21007e-11
1.22127e-07
4.31945e-10
1.22103e-07
6.9768e-10
1.22056e-07
9.84638e-10
1.21972e-07
1.1503e-09
1.21876e-07
1.26797e-09
1.2181e-07
1.30301e-09
1.21773e-07
1.35728e-09
1.21763e-07
1.37003e-09
1.21775e-07
1.37493e-09
1.21799e-07
1.34342e-09
1.21836e-07
1.30093e-09
1.21883e-07
1.23612e-09
1.21936e-07
1.16693e-09
1.21992e-07
1.0861e-09
1.22047e-07
1.00476e-09
1.221e-07
9.18629e-10
8.48204e-10
1.32453e-07
-1.22512e-10
1.32335e-07
-6.26285e-11
1.32259e-07
1.57506e-10
1.32215e-07
4.76326e-10
1.32175e-07
7.37808e-10
1.32138e-07
1.021e-09
1.32092e-07
1.19686e-09
1.32023e-07
1.33724e-09
1.31969e-07
1.35617e-09
1.31941e-07
1.38563e-09
1.31935e-07
1.37572e-09
1.3195e-07
1.36065e-09
1.31978e-07
1.31514e-09
1.32016e-07
1.26261e-09
1.32063e-07
1.18985e-09
1.32116e-07
1.11389e-09
1.32172e-07
1.02937e-09
1.3223e-07
9.47331e-10
1.32285e-07
8.63614e-10
7.97795e-10
1.43423e-07
-4.78038e-11
1.43313e-07
4.691e-11
1.43224e-07
2.46685e-10
1.43156e-07
5.44195e-10
1.43106e-07
7.88189e-10
1.43069e-07
1.05776e-09
1.43039e-07
1.22663e-09
1.43011e-07
1.36536e-09
1.42969e-07
1.39818e-09
1.42957e-07
1.39796e-09
1.42962e-07
1.37078e-09
1.42984e-07
1.33867e-09
1.43019e-07
1.28005e-09
1.43063e-07
1.21898e-09
1.43109e-07
1.14367e-09
1.43156e-07
1.06686e-09
1.43205e-07
9.79732e-10
1.43258e-07
8.94706e-10
1.4331e-07
8.11377e-10
7.48708e-10
1.55293e-07
1.53339e-11
1.552e-07
1.39743e-10
1.55104e-07
3.4278e-10
1.55021e-07
6.26566e-10
1.54963e-07
8.46719e-10
1.54928e-07
1.09228e-09
1.5491e-07
1.24448e-09
1.54904e-07
1.37227e-09
1.54889e-07
1.4129e-09
1.5488e-07
1.40659e-09
1.54892e-07
1.3594e-09
1.5492e-07
1.30975e-09
1.54964e-07
1.23616e-09
1.55021e-07
1.16224e-09
1.55086e-07
1.07873e-09
1.55152e-07
1.00057e-09
1.55209e-07
9.23036e-10
1.55227e-07
8.76845e-10
1.55243e-07
7.95716e-10
7.02759e-10
1.68134e-07
7.56323e-11
1.68021e-07
2.51968e-10
1.67913e-07
4.51146e-10
1.67823e-07
7.16806e-10
1.67761e-07
9.08308e-10
1.67736e-07
1.11747e-09
1.67717e-07
1.26356e-09
1.67715e-07
1.37431e-09
1.67726e-07
1.40164e-09
1.67725e-07
1.40721e-09
1.67736e-07
1.34847e-09
1.67762e-07
1.28447e-09
1.6779e-07
1.20769e-09
1.67823e-07
1.12962e-09
1.67861e-07
1.0404e-09
1.67908e-07
9.53879e-10
1.67965e-07
8.65589e-10
1.68058e-07
7.8453e-10
1.68146e-07
7.07718e-10
6.51384e-10
6.54372e-07
2.54919e-10
6.53962e-07
6.61231e-10
6.53488e-07
9.25674e-10
6.53061e-07
1.14384e-09
6.52748e-07
1.2213e-09
6.52566e-07
1.29881e-09
6.5251e-07
1.32009e-09
6.52553e-07
1.33092e-09
6.52668e-07
1.28635e-09
6.52846e-07
1.23016e-09
6.5305e-07
1.14426e-09
6.53277e-07
1.05676e-09
6.53526e-07
9.58718e-10
6.5379e-07
8.66523e-10
6.54055e-07
7.74939e-10
6.54316e-07
6.93349e-10
6.54563e-07
6.18052e-10
6.54794e-07
5.53983e-10
6.55003e-07
4.98023e-10
4.68064e-10
7.07922e-07
3.16969e-10
7.07786e-07
7.9751e-10
7.07636e-07
1.07583e-09
7.07558e-07
1.22131e-09
7.07508e-07
1.2716e-09
7.07506e-07
1.30021e-09
7.07561e-07
1.26502e-09
7.07667e-07
1.22493e-09
7.07802e-07
1.15198e-09
7.07953e-07
1.07864e-09
7.08108e-07
9.89622e-10
7.08261e-07
9.03481e-10
7.08408e-07
8.11806e-10
7.08549e-07
7.25735e-10
7.08683e-07
6.40571e-10
7.08812e-07
5.65041e-10
7.08932e-07
4.97624e-10
7.09044e-07
4.4179e-10
7.09148e-07
3.94653e-10
3.65348e-10
7.65794e-07
3.01694e-10
7.65838e-07
7.53551e-10
7.65901e-07
1.01288e-09
7.65951e-07
1.17118e-09
7.66015e-07
1.20781e-09
7.66105e-07
1.21045e-09
7.66219e-07
1.15089e-09
7.66359e-07
1.08544e-09
7.66515e-07
9.95817e-10
7.66682e-07
9.11525e-10
7.6685e-07
8.21473e-10
7.67012e-07
7.41057e-10
7.67161e-07
6.63419e-10
7.67289e-07
5.97389e-10
7.67374e-07
5.55718e-10
7.67437e-07
5.02384e-10
7.67485e-07
4.49268e-10
7.67525e-07
4.02014e-10
7.67561e-07
3.58153e-10
3.10774e-10
8.28333e-07
2.61096e-10
8.28446e-07
6.4026e-10
8.28595e-07
8.64554e-10
8.28762e-07
1.00387e-09
8.28932e-07
1.03764e-09
8.29102e-07
1.04044e-09
8.29264e-07
9.89348e-10
8.29417e-07
9.32106e-10
8.29558e-07
8.54489e-10
8.29688e-07
7.81824e-10
8.29804e-07
7.05298e-10
8.29907e-07
6.37895e-10
8.29997e-07
5.74119e-10
8.30071e-07
5.22958e-10
8.30148e-07
4.78217e-10
8.30218e-07
4.32889e-10
8.30278e-07
3.88732e-10
8.30332e-07
3.48849e-10
8.30382e-07
3.08211e-10
2.71803e-10
8.9596e-07
2.09464e-10
8.96089e-07
5.11742e-10
8.96256e-07
6.97692e-10
8.96442e-07
8.17678e-10
8.96626e-07
8.53036e-10
8.96804e-07
8.63206e-10
8.96965e-07
8.2816e-10
8.9711e-07
7.86904e-10
8.97237e-07
7.27558e-10
8.97348e-07
6.7115e-10
8.97442e-07
6.10508e-10
8.97524e-07
5.56266e-10
8.97595e-07
5.03108e-10
8.97662e-07
4.55643e-10
8.97731e-07
4.09704e-10
8.97796e-07
3.68002e-10
8.97856e-07
3.28437e-10
8.97911e-07
2.93568e-10
8.97958e-07
2.61733e-10
2.38972e-10
9.69089e-07
1.65132e-10
9.69197e-07
4.04148e-10
9.69339e-07
5.55744e-10
9.695e-07
6.56163e-10
9.69663e-07
6.89719e-10
9.69823e-07
7.04067e-10
9.69969e-07
6.82117e-10
9.701e-07
6.54991e-10
9.70216e-07
6.11867e-10
9.70319e-07
5.68657e-10
9.7041e-07
5.19218e-10
9.70493e-07
4.72853e-10
9.7057e-07
4.26428e-10
9.70641e-07
3.84909e-10
9.70705e-07
3.45631e-10
9.70762e-07
3.11045e-10
9.70811e-07
2.79004e-10
9.70854e-07
2.50856e-10
9.70891e-07
2.25007e-10
2.0681e-10
1.04819e-06
1.30856e-10
1.04827e-06
3.19018e-10
1.04838e-06
4.41515e-10
1.04852e-06
5.24247e-10
1.04865e-06
5.54123e-10
1.04879e-06
5.68774e-10
1.04892e-06
5.53826e-10
1.04904e-06
5.3422e-10
1.04915e-06
5.01326e-10
1.04925e-06
4.68376e-10
1.04934e-06
4.30503e-10
1.04941e-06
3.94819e-10
1.04948e-06
3.58463e-10
1.04954e-06
3.25344e-10
1.04959e-06
2.93404e-10
1.04964e-06
2.64789e-10
1.04968e-06
2.37927e-10
1.04972e-06
2.14065e-10
1.04975e-06
1.92013e-10
1.76023e-10
1.13374e-06
1.03593e-10
1.13381e-06
2.51525e-10
1.1339e-06
3.49751e-10
1.13401e-06
4.16917e-10
1.13412e-06
4.42344e-10
1.13423e-06
4.55746e-10
1.13434e-06
4.45333e-10
1.13445e-06
4.31119e-10
1.13454e-06
4.0621e-10
1.13463e-06
3.81251e-10
1.13471e-06
3.52279e-10
1.13478e-06
3.24813e-10
1.13484e-06
2.9642e-10
1.13489e-06
2.70178e-10
1.13494e-06
2.44478e-10
1.13499e-06
2.21138e-10
1.13502e-06
1.98987e-10
1.13506e-06
1.79121e-10
1.13509e-06
1.60642e-10
1.46958e-10
1.22629e-06
8.16245e-11
1.22634e-06
1.97529e-10
1.22641e-06
2.75684e-10
1.2265e-06
3.29586e-10
1.22659e-06
3.50675e-10
1.22669e-06
3.6231e-10
1.22678e-06
3.54941e-10
1.22686e-06
3.44464e-10
1.22694e-06
3.25344e-10
1.22702e-06
3.06056e-10
1.22709e-06
2.83471e-10
1.22715e-06
2.61992e-10
1.22721e-06
2.39694e-10
1.22726e-06
2.1901e-10
1.22731e-06
1.98647e-10
1.22735e-06
1.80049e-10
1.22738e-06
1.62287e-10
1.22742e-06
1.4626e-10
1.22745e-06
1.31269e-10
1.20077e-10
1.32639e-06
6.3601e-11
1.32643e-06
1.53447e-10
1.32649e-06
2.14707e-10
1.32656e-06
2.57139e-10
1.32664e-06
2.7408e-10
1.32672e-06
2.83637e-10
1.3268e-06
2.78276e-10
1.32687e-06
2.70424e-10
1.32694e-06
2.55742e-10
1.327e-06
2.40867e-10
1.32706e-06
2.23368e-10
1.32712e-06
2.06688e-10
1.32717e-06
1.89335e-10
1.32722e-06
1.73206e-10
1.32726e-06
1.57295e-10
1.32729e-06
1.42729e-10
1.32733e-06
1.28787e-10
1.32736e-06
1.16175e-10
1.32739e-06
1.04353e-10
9.55449e-11
1.43466e-06
4.83136e-11
1.4347e-06
1.16298e-10
1.43475e-06
1.62995e-10
1.43481e-06
1.95392e-10
1.43488e-06
2.0848e-10
1.43494e-06
2.15941e-10
1.43501e-06
2.1203e-10
1.43507e-06
2.06192e-10
1.43513e-06
1.9513e-10
1.43519e-06
1.83887e-10
1.43524e-06
1.70628e-10
1.43529e-06
1.57966e-10
1.43534e-06
1.44779e-10
1.43538e-06
1.32509e-10
1.43542e-06
1.20397e-10
1.43545e-06
1.09301e-10
1.43548e-06
9.86755e-11
1.43551e-06
8.90569e-11
1.43553e-06
8.00366e-11
7.33616e-11
1.55177e-06
3.4921e-11
1.5518e-06
8.39438e-11
1.55185e-06
1.17777e-10
1.5519e-06
1.41256e-10
1.55196e-06
1.50805e-10
1.55202e-06
1.5627e-10
1.55208e-06
1.53499e-10
1.55214e-06
1.49317e-10
1.55219e-06
1.41346e-10
1.55224e-06
1.33229e-10
1.55229e-06
1.23649e-10
1.55233e-06
1.14493e-10
1.55237e-06
1.04955e-10
1.55241e-06
9.6076e-11
1.55244e-06
8.7313e-11
1.55247e-06
7.92824e-11
1.5525e-06
7.15928e-11
1.55252e-06
6.46304e-11
1.55254e-06
5.81005e-11
5.33013e-11
1.67845e-06
2.27873e-11
1.67848e-06
5.47537e-11
1.67852e-06
7.68848e-11
1.67857e-06
9.22427e-11
1.67862e-06
9.85147e-11
1.67867e-06
1.02111e-10
1.67873e-06
1.00322e-10
1.67878e-06
9.76017e-11
1.67883e-06
9.24021e-11
1.67887e-06
8.71005e-11
1.67892e-06
8.08411e-11
1.67895e-06
7.48549e-11
1.67899e-06
6.86204e-11
1.67902e-06
6.28155e-11
1.67905e-06
5.70884e-11
1.67908e-06
5.18405e-11
1.67911e-06
4.68172e-11
1.67913e-06
4.22696e-11
1.67915e-06
3.80052e-11
3.48948e-11
1.81546e-06
1.134e-11
1.81549e-06
2.72779e-11
1.81553e-06
3.83345e-11
1.81557e-06
4.60093e-11
1.81562e-06
4.91504e-11
1.81568e-06
5.09548e-11
1.81573e-06
5.007e-11
1.81577e-06
4.87208e-11
1.81582e-06
4.61346e-11
1.81586e-06
4.34981e-11
1.8159e-06
4.03844e-11
1.81594e-06
3.74062e-11
1.81598e-06
3.43031e-11
1.81601e-06
3.14118e-11
1.81604e-06
2.85564e-11
1.81606e-06
2.59365e-11
1.81609e-06
2.34253e-11
1.81611e-06
2.11485e-11
1.81613e-06
1.9011e-11
1.74596e-11
1.96366e-06
1.96369e-06
1.96373e-06
1.96378e-06
1.96382e-06
1.96388e-06
1.96393e-06
1.96397e-06
1.96402e-06
1.96406e-06
1.9641e-06
1.96414e-06
1.96418e-06
1.96421e-06
1.96424e-06
1.96426e-06
1.96429e-06
1.96431e-06
1.96433e-06
)
;

boundaryField
{
    top
    {
        type            calculated;
        value           uniform 0;
    }
    inlet
    {
        type            calculated;
        value           nonuniform List<scalar> 
45
(
-6.54551e-07
-7.07984e-07
-7.65779e-07
-8.28292e-07
-8.95909e-07
-9.69045e-07
-1.04815e-06
-1.13372e-06
-1.22626e-06
-1.32637e-06
-1.43464e-06
-1.55176e-06
-1.67843e-06
-1.81545e-06
-1.96365e-06
-1.68194e-08
-1.82093e-08
-1.9714e-08
-2.13431e-08
-2.31069e-08
-2.50163e-08
-2.70836e-08
-2.93217e-08
-3.17448e-08
-3.43681e-08
-3.72081e-08
-4.02829e-08
-4.36117e-08
-4.72157e-08
-5.11174e-08
-5.53416e-08
-5.99148e-08
-6.4866e-08
-7.02263e-08
-7.60296e-08
-8.23124e-08
-8.91144e-08
-9.64786e-08
-1.04451e-07
-1.13083e-07
-1.22428e-07
-1.32545e-07
-1.43498e-07
-1.55356e-07
-1.68194e-07
)
;
    }
    outlet
    {
        type            calculated;
        value           nonuniform List<scalar> 
45
(
6.6479e-07
7.18132e-07
7.75592e-07
8.37641e-07
9.04715e-07
9.77274e-07
1.05579e-06
1.14076e-06
1.23273e-06
1.33227e-06
1.44004e-06
1.5567e-06
1.68303e-06
1.81985e-06
1.96807e-06
5.80431e-10
1.94293e-09
3.64571e-09
5.7461e-09
8.30116e-09
1.13589e-08
1.49449e-08
1.90448e-08
2.3585e-08
2.84236e-08
3.33663e-08
3.82194e-08
4.28633e-08
4.73038e-08
5.16605e-08
5.61047e-08
6.07911e-08
6.58263e-08
7.12745e-08
7.71783e-08
8.35747e-08
9.05024e-08
9.80037e-08
1.06124e-07
1.14912e-07
1.24422e-07
1.34712e-07
1.45842e-07
1.57883e-07
1.70908e-07
)
;
    }
    plate
    {
        type            calculated;
        value           uniform 0;
    }
    symmBound
    {
        type            calculated;
        value           nonuniform List<scalar> 
20
(
6.1754e-09
-4.39239e-09
3.10495e-09
-2.34964e-09
2.02372e-09
-1.01219e-09
1.15706e-09
-4.3193e-10
5.70007e-10
-1.65624e-10
2.08456e-10
-6.05708e-11
-2.61647e-11
-4.8203e-11
-1.85786e-10
-7.72637e-11
-2.7403e-10
-1.30862e-10
-3.01344e-10
-2.08695e-10
)
;
    }
    frontAndBack
    {
        type            empty;
    }
}


// ************************************************************************* //
