/*--------------------------------*- C++ -*----------------------------------*\
| =========                 |                                                 |
| \\      /  F ield         | OpenFOAM: The Open Source CFD Toolbox           |
|  \\    /   O peration     | Version:  1.4.1-dev                             |
|   \\  /    A nd           | Web:      http://www.openfoam.org               |
|    \\/     M anipulation  |                                                 |
\*---------------------------------------------------------------------------*/

FoamFile
{
    version 2.0;
    format ascii;

    root "/home/mjaworsk/OpenFOAM/mjaworsk-1.4.1-dev/run/FlatPlate-Blasius";
    case "icoHeatFoam-flatPlate2";
    instance "0.6";
    local "";

    class volScalarField;
    object T;
}

// * * * * * * * * * * * * * * * * * * * * * * * * * * * * * * * * * * * * * //

dimensions      [0 0 0 1 0 0 0];

internalField   nonuniform List<scalar> 
2475
(
344.472
336.707
326.376
315.709
306.983
300.825
296.766
294.091
292.232
290.836
289.708
288.749
287.911
287.168
286.504
285.907
285.367
284.874
284.422
284.006
283.622
283.266
282.936
282.628
282.341
282.072
281.822
281.588
281.373
281.179
281.01
280.868
280.761
280.688
280.652
348.571
346.113
343.301
340.364
337.276
334.027
330.686
327.376
324.204
321.233
318.49
315.982
313.701
311.632
309.755
308.047
306.487
305.053
303.728
302.499
301.356
300.291
299.298
298.37
297.503
296.688
295.927
295.212
294.552
293.946
293.412
292.951
292.593
292.329
292.178
349.625
348.726
347.675
346.584
345.439
344.23
342.929
341.506
339.954
338.287
336.525
334.692
332.814
330.917
329.025
327.16
325.336
323.562
321.844
320.182
318.581
317.043
315.575
314.174
312.846
311.58
310.382
309.24
308.171
307.166
306.26
305.444
304.776
304.237
303.879
349.916
349.613
349.206
348.756
348.264
347.739
347.183
346.583
345.924
345.196
344.391
343.503
342.53
341.474
340.341
339.138
337.875
336.56
335.201
333.803
332.376
330.924
329.468
328.016
326.586
325.178
323.808
322.464
321.175
319.922
318.757
317.655
316.702
315.863
315.232
349.984
349.899
349.757
349.583
349.377
349.142
348.887
348.612
348.311
347.982
347.618
347.213
346.763
346.263
345.708
345.095
344.425
343.695
342.905
342.052
341.135
340.151
339.109
338.012
336.878
335.709
334.525
333.316
332.114
330.898
329.722
328.552
327.484
326.468
325.623
349.998
349.978
349.936
349.877
349.801
349.707
349.597
349.473
349.334
349.181
349.01
348.821
348.61
348.375
348.112
347.819
347.493
347.132
346.733
346.29
345.801
345.257
344.659
344
343.29
342.523
341.716
340.855
339.968
339.03
338.089
337.103
336.159
335.194
334.328
350
349.996
349.985
349.969
349.945
349.913
349.872
349.822
349.764
349.697
349.62
349.533
349.434
349.324
349.199
349.06
348.903
348.729
348.535
348.318
348.076
347.803
347.497
347.151
346.767
346.338
345.871
345.357
344.809
344.21
343.589
342.909
342.232
341.498
340.798
350
349.999
349.997
349.993
349.987
349.978
349.965
349.948
349.927
349.901
349.87
349.834
349.791
349.742
349.686
349.621
349.548
349.465
349.373
349.269
349.152
349.019
348.87
348.699
348.507
348.288
348.044
347.768
347.468
347.13
346.773
346.37
345.957
345.489
345.022
350
350
350
349.999
349.997
349.995
349.992
349.987
349.98
349.972
349.961
349.948
349.932
349.913
349.89
349.862
349.831
349.794
349.752
349.704
349.649
349.587
349.516
349.435
349.343
349.236
349.116
348.977
348.824
348.648
348.459
348.242
348.016
347.753
347.482
350
350
350
350
350
349.999
349.998
349.997
349.995
349.993
349.99
349.986
349.981
349.974
349.966
349.956
349.944
349.929
349.912
349.891
349.868
349.84
349.809
349.772
349.73
349.68
349.624
349.557
349.483
349.396
349.302
349.192
349.076
348.939
348.797
350
350
350
350
350
350
350
349.999
349.999
349.999
349.998
349.997
349.995
349.993
349.991
349.988
349.984
349.979
349.972
349.965
349.956
349.945
349.932
349.917
349.899
349.877
349.853
349.823
349.789
349.748
349.703
349.65
349.594
349.527
349.456
350
350
350
350
350
350
350
350
350
350
350
349.999
349.999
349.999
349.998
349.997
349.996
349.994
349.993
349.99
349.987
349.983
349.979
349.973
349.966
349.958
349.948
349.936
349.921
349.904
349.884
349.86
349.834
349.803
349.77
350
350
350
350
350
350
350
350
350
350
350
350
350
350
350
349.999
349.999
349.999
349.998
349.998
349.997
349.996
349.994
349.992
349.99
349.987
349.984
349.979
349.974
349.967
349.959
349.949
349.938
349.925
349.911
350
350
350
350
350
350
350
350
350
350
350
350
350
350
350
350
350
350
350
349.999
349.999
349.999
349.999
349.998
349.997
349.997
349.996
349.994
349.992
349.99
349.987
349.984
349.979
349.974
349.969
350
350
350
350
350
350
350
350
350
350
350
350
350
350
350
350
350
350
350
350
350
350
350
350
349.999
349.999
349.999
349.999
349.998
349.997
349.996
349.995
349.994
349.992
349.99
350
350
350
350
350
350
350
350
350
350
350
350
350
350
350
350
350
350
350
350
350
350
350
350
350
350
350
350
350
349.999
349.999
349.999
349.998
349.998
349.997
350
350
350
350
350
350
350
350
350
350
350
350
350
350
350
350
350
350
350
350
350
350
350
350
350
350
350
350
350
350
350
350
350
350
349.999
350
350
350
350
350
350
350
350
350
350
350
350
350
350
350
350
350
350
350
350
350
350
350
350
350
350
350
350
350
350
350
350
350
350
350
350
350
350
350
350
350
350
350
350
350
350
350
350
350
350
350
350
350
350
350
350
350
350
350
350
350
350
350
350
350
350
350
350
350
350
350
350
350
350
350
350
350
350
350
350
350
350
350
350
350
350
350
350
350
350
350
350
350
350
350
350
350
350
350
350
350
350
350
350
350
350
350
350
350
350
350
350
350
350
350
350
350
350
350
350
350
350
350
350
350
350
350
350
350
350
350
350
350
350
350
350
350
350
350
350
350
350
350
350
350
350
350
350
350
350
350
350
350
350
350
350
350
350
350
350
350
350
350
350
350
350
350
350
350
350
350
350
350
350
350
350
350
350
350
350
350
350
350
350
350
350
350
350
350
350
350
350
350
350
350
350
350
350
350
350
350
350
350
350
350
350
350
350
350
350
350
350
350
350
350
350
350
350
350
350
350
350
350
350
350
350
350
350
350
350
350
350
350
350
350
350
350
350
350
350
350
350
350
350
350
350
350
350
350
350
350
350
350
350
350
350
350
350
350
350
350
350
350
350
350
350
350
350
350
350
350
350
350
350
350
350
350
350
350
350
350
350
350
350
350
350
350
350
350
350
350
350
350
350
350
350
350
350
350
350
350
350
350
350
350
350
350
350
350
350
350
350
350
350
350
350
350
350
350
350
350
350
350
350
350
350
350
350
350
350
350
350
350
350
350
350
350
350
350
350
350
350
350
350
350
350
350
350
350
350
350
350
350
350
350
350
350
350
350
350
350
350
350
350
350
350
350
350
350
350
350
350
350
350
350
350
350
350
350
350
350
350
350
350
350
350
350
350
350
350
350
350
350
350
350
350
350
350
350
350
350
350
350
350
350
350
350
350
350
350
350
350
350
350
350
350
350
350
350
350
350
350
350
350
350
350
350
350
350
350
350
350
350
350
350
350
350
350
350
350
350
350
350
350
350
350
350
350
350
350
350
350
350
350
350
350
350
350
350
350
350
350
350
350
350
350
350
350
350
350
350
350
350
350
350
350
350
350
350
350
350
350
350
350
350
350
350
350
350
350
350
350
350
350
350
350
350
350
350
350
350
350
350
350
350
350
350
350
350
350
350
350
350
350
350
350
350
350
350
350
350
350
350
350
350
350
350
350
350
350
350
350
350
350
350
350
350
350
350
350
350
350
350
350
350
350
350
350
350
350
350
350
350
350
350
350
350
350
350
350
350
350
350
350
350
350
350
350
350
350
350
350
350
350
350
350
350
350
350
350
350
350
350
350
350
350
350
350
350
350
350
350
350
350
350
350
350
350
350
350
350
350
350
350
350
350
350
350
350
350
350
350
350
350
350
350
350
350
350
350
350
350
350
350
350
350
350
350
350
350
350
350
350
350
350
350
350
350
350
350
350
350
350
350
350
350
350
350
350
350
350
350
350
350
350
350
350
350
350
350
350
350
350
350
350
350
350
350
350
350
350
350
350
350
350
350
350
350
350
350
350
350
350
350
350
350
350
350
350
350
350
350
350
350
350
350
350
350
350
350
350
350
350
350
350
350
350
350
350
350
350
350
350
350
350
350
350
350
350
350
350
350
350
350
350
350
350
350
350
350
350
350
350
350
350
350
350
350
350
350
350
350
350
350
350
350
350
350
350
350
350
350
350
350
350
350
350
350
350
350
350
350
350
350
350
350
350
350
350
350
350
350
350
350
350
350
350
350
350
350
350
350
350
350
350
350
350
350
350
350
350
350
350
350
350
350
350
350
350
350
350
350
350
350
350
350
350
350
350
350
350
350
350
350
350
350
350
350
350
350
350
350
350
350
350
350
350
350
350
350
350
350
350
350
350
350
350
350
350
350
350
350
350
350
350
350
350
350
350
350
350
350
350
350
350
350
350
350
350
350
350
350
350
350
350
350
350
350
350
350
350
350
350
350
350
350
350
350
350
350
350
350
350
350
350
350
350
350
350
350
350
350
350
350
350
350
350
350
350
350
350
350
350
350
350
350
350
350
350
350
350
350
350
350
350
350
350
350
350
350
350
350
350
350
350
350
350
350
350
350
350
350
350
350
350
350
350
350
350
350
350
350
350
350
350
350
350
350
350
350
350
350
350
350
350
350
350
350
350
350
350
350
350
350
350
350
350
350
350
350
350
350
350
350
350
350
350
350
350
350
350
350
350
350
350
350
350
350
350
350
350
350
350
350
350
350
350
350
350
349.986
350
350
350
350
350
350
350
350
350
350
350
350
350
350
350
350
350
350
350
349.996
350
350
350
350
350
350
350
350
350
350
350
350
350
350
350
350
350
350
350
349.999
350
350
350
350
350
350
350
350
350
350
350
350
350
350
350
350
350
350
350
350
350
350
350
350
350
350
350
350
350
350
350
350
350
350
350
350
350
350
350
350
350
350
350
350
350
350
350
350
350
350
350
350
350
350
350
350
350
350
350
350
350
350
350
350
350
350
350
350
350
350
350
350
350
350
350
350
350
350
350
350
350
350
350
350
350
350
350
350
350
350
350
350
350
350
350
350
350
350
350
350
350
350
350
350
350
350
350
350
350
350
350
350
350
350
350
350
350
350
350
350
350
350
350
350
350
350
350
350
350
350
350
350
350
350
350
350
350
350
350
350
350
350
350
350
350
350
350
350
350
350
350
350
350
350
350
350
350
350
350
350
350
350
350
350
350
350
350
350
350
350
350
350
350
350
350
350
350
350
350
350
350
350
350
350
350
350
350
350
350
350
350
350
350
350
350
350
350
350
350
350
350
350
350
350
350
350
350
350
350
350
350
350
350
350
350
350
350
350
350
350
350
350
350
350
350
350
350
350
350
350
350
350
350
350
350
350
350
350
350
350
350
350
350
350
350
350
350
350
350
350
350
350
350
350
350
350
350
350
350
350
350
350
350
350
350
350
350
350
350
350
350
350
350
350
350
350
350
350
350
350
350
350
350
350
350
350
350
350
350
350
350
350
350
350
350
350
350
350
350
350
350
350
350
350
350
350
350
350
350
350
350
350
350
350
350
350
350
350
350
350
350
350
350
350
350
350
350
350
350
350
350
350
350
350
350
350
350
350
350
350
350
350
350
350
350
350
350
350
350
350
350
350
350
350
350
350
350
350
350
350
350
350
350
350
350
350
350
350
350
350
350
350
350
350
350
350
350
350
350
350
350
350
350
350
350
350
350
350
350
350
350
350
350
350
350
350
350
350
350
350
350
350
350
350
350
350
350
350
350
350
350
350
350
350
350
350
350
350
350
350
350
350
350
350
350
350
350
350
350
350
350
350
350
350
350
350
350
350
350
350
350
350
350
350
350
350
350
350
350
350
350
350
350
350
350
350
350
350
350
350
350
350
350
350
350
350
350
350
350
350
350
350
350
350
350
350
350
350
350
350
350
350
350
350
350
350
350
350
350
350
350
350
350
350
350
350
350
350
350
350
350
350
350
350
350
350
350
350
350
350
350
350
350
350
350
350
350
350
350
350
350
350
350
350
350
350
350
350
350
350
350
350
350
350
350
350
350
350
350
350
350
350
350
350
350
350
350
350
350
350
350
350
350
350
350
350
350
350
350
350
350
350
350
350
350
350
350
350
350
350
350
350
350
350
350
350
350
350
350
350
350
350
350
350
350
350
350
350
350
350
350
350
350
350
350
350
350
350
350
350
350
350
350
350
350
350
350
350
350
350
350
350
350
350
350
350
350
350
350
350
350
350
350
350
350
350
350
350
350
350
350
350
350
350
350
350
350
350
350
350
350
350
350
350
350
350
350
350
350
350
350
350
350
350
350
350
350
350
350
350
350
350
350
350
350
350
350
350
350
350
350
350
350
350
350
350
350
350
350
350
350
350
350
350
350
350
350
350
350
350
350
350
350
350
350
350
350
350
350
350
350
350
350
350
350
350
350
350
350
350
350
350
350
350
350
350
350
350
350
350
350
350
350
350
350
350
350
350
350
350
350
350
350
350
350
350
350
350
350
350
350
350
350
350
350
350
350
350
350
350
350
350
350
350
350
350
350
350
350
350
350
350
350
350
350
350
350
350
350
350
350
350
350
350
350
350
350
350
350
350
350
350
350
350
350
350
350
350
350
350
350
350
350
350
350
350
350
350
350
350
350
350
350
350
350
350
350
350
350
350
350
350
350
350
350
350
350
350
350
350
350
350
350
350
350
350
350
350
350
350
350
350
350
350
350
350
350
350
350
350
)
;

boundaryField
{
    top
    {
        type            fixedValue;
        value           uniform 350;
    }
    inlet
    {
        type            fixedValue;
        value           uniform 350;
    }
    outlet
    {
        type            zeroGradient;
    }
    plate
    {
        type            fixedValue;
        value           uniform 275;
    }
    symmBound
    {
        type            zeroGradient;
    }
    frontAndBack
    {
        type            empty;
    }
}


// ************************************************************************* //
