/*--------------------------------*- C++ -*----------------------------------*\
| =========                 |                                                 |
| \\      /  F ield         | OpenFOAM: The Open Source CFD Toolbox           |
|  \\    /   O peration     | Version:  1.4.1-dev                             |
|   \\  /    A nd           | Web:      http://www.openfoam.org               |
|    \\/     M anipulation  |                                                 |
\*---------------------------------------------------------------------------*/

FoamFile
{
    version 2.0;
    format ascii;

    root "/home/mjaworsk/OpenFOAM/mjaworsk-1.4.1-dev/run/FlatPlate-Blasius";
    case "icoHeatFoam-flatPlate2";
    instance "0.6";
    local "";

    class volVectorField;
    object U;
}

// * * * * * * * * * * * * * * * * * * * * * * * * * * * * * * * * * * * * * //

dimensions      [0 1 -1 0 0 0 0];

internalField   nonuniform List<vector> 
2475
(
(0.132474 0.00807134 0)
(0.0797884 0.00529611 0)
(0.0537305 0.00187669 0)
(0.0398715 0.000634722 0)
(0.0322508 0.000268978 0)
(0.0279879 0.000143524 0)
(0.0252052 0.000104516 0)
(0.0230751 8.63509e-05 0)
(0.0213283 7.08353e-05 0)
(0.0198608 5.77716e-05 0)
(0.0186068 4.75991e-05 0)
(0.0175172 3.97667e-05 0)
(0.016557 3.35618e-05 0)
(0.0157006 2.86493e-05 0)
(0.0149292 2.46131e-05 0)
(0.014229 2.13607e-05 0)
(0.0135884 1.85721e-05 0)
(0.0130009 1.62996e-05 0)
(0.0124571 1.42554e-05 0)
(0.0119563 1.26131e-05 0)
(0.0114865 1.10934e-05 0)
(0.0110523 9.95497e-06 0)
(0.0106357 8.8477e-06 0)
(0.0102524 8.05641e-06 0)
(0.00987418 7.15719e-06 0)
(0.00953645 6.54857e-06 0)
(0.00918816 5.76716e-06 0)
(0.00889664 5.32438e-06 0)
(0.00856663 4.6653e-06 0)
(0.00832418 4.38981e-06 0)
(0.00799363 3.84192e-06 0)
(0.00781108 3.66775e-06 0)
(0.00745113 3.26068e-06 0)
(0.00735173 3.0854e-06 0)
(0.00691652 3.14986e-06 0)
(0.183052 0.0168093 0)
(0.161885 0.0150119 0)
(0.139813 0.00826329 0)
(0.117899 0.0041469 0)
(0.0997976 0.00226555 0)
(0.0870155 0.00134663 0)
(0.0780762 0.000892686 0)
(0.0713189 0.000661253 0)
(0.0658646 0.000519412 0)
(0.0613072 0.000418069 0)
(0.0574179 0.000342123 0)
(0.054041 0.000284408 0)
(0.0510666 0.000239348 0)
(0.0484154 0.00020376 0)
(0.046028 0.000174767 0)
(0.043863 0.000151248 0)
(0.0418831 0.000131337 0)
(0.0400695 0.000114941 0)
(0.0383911 0.000100564 0)
(0.036846 8.8839e-05 0)
(0.0353953 7.83315e-05 0)
(0.0340555 7.01251e-05 0)
(0.0327689 6.23931e-05 0)
(0.0315882 5.65097e-05 0)
(0.0304229 5.0263e-05 0)
(0.029385 4.5788e-05 0)
(0.0283126 4.04583e-05 0)
(0.0274168 3.72565e-05 0)
(0.0264 3.26899e-05 0)
(0.0256553 3.07235e-05 0)
(0.0246395 2.66569e-05 0)
(0.0240805 2.57295e-05 0)
(0.0229806 2.20948e-05 0)
(0.0226777 2.18664e-05 0)
(0.0213644 2.01589e-05 0)
(0.190351 0.0169513 0)
(0.189957 0.0186405 0)
(0.183821 0.0130815 0)
(0.171395 0.00860467 0)
(0.156244 0.00598039 0)
(0.142096 0.00419237 0)
(0.130147 0.00295835 0)
(0.120157 0.00218051 0)
(0.11169 0.00168811 0)
(0.10442 0.00134957 0)
(0.0981008 0.00110121 0)
(0.0925442 0.000913685 0)
(0.0876025 0.000768124 0)
(0.0831679 0.000653366 0)
(0.079151 0.000560215 0)
(0.0754942 0.000484466 0)
(0.0721363 0.000420627 0)
(0.069054 0.000367822 0)
(0.066192 0.000321942 0)
(0.0635549 0.00028428 0)
(0.0610708 0.00025092 0)
(0.0587779 0.000224416 0)
(0.05657 0.000199743 0)
(0.0545492 0.000180526 0)
(0.0525475 0.000160658 0)
(0.0507711 0.000146134 0)
(0.0489248 0.000129322 0)
(0.04739 0.000118992 0)
(0.045635 0.000104468 0)
(0.0443595 9.81222e-05 0)
(0.042607 8.48234e-05 0)
(0.0416518 8.21774e-05 0)
(0.0397623 6.95692e-05 0)
(0.0392457 6.99639e-05 0)
(0.0370135 6.17381e-05 0)
(0.190889 0.0143311 0)
(0.195734 0.017962 0)
(0.19851 0.0144896 0)
(0.195649 0.0108258 0)
(0.188395 0.0085904 0)
(0.1794 0.00687677 0)
(0.170153 0.00539758 0)
(0.161143 0.00424804 0)
(0.152558 0.00340763 0)
(0.144527 0.00278195 0)
(0.137103 0.00230067 0)
(0.130284 0.00192545 0)
(0.124019 0.00162836 0)
(0.118263 0.00139114 0)
(0.112947 0.00119705 0)
(0.10804 0.00103801 0)
(0.103474 0.000903437 0)
(0.0992477 0.000791432 0)
(0.0952836 0.000694025 0)
(0.0916138 0.00061358 0)
(0.0881287 0.000542376 0)
(0.0849088 0.000485277 0)
(0.0817856 0.000432229 0)
(0.0789342 0.00039053 0)
(0.076086 0.000347824 0)
(0.0735713 0.000316426 0)
(0.0709273 0.000280392 0)
(0.0687471 0.0002581 0)
(0.0662188 0.000226746 0)
(0.0644039 0.000212957 0)
(0.0618727 0.000183816 0)
(0.0605153 0.000178267 0)
(0.0577936 0.000149997 0)
(0.0570589 0.000151577 0)
(0.0538759 0.000130963 0)
(0.192024 0.0121798 0)
(0.196068 0.0161098 0)
(0.201065 0.0142315 0)
(0.202782 0.0112771 0)
(0.201001 0.00950076 0)
(0.197273 0.00824087 0)
(0.192571 0.0070187 0)
(0.187204 0.00591405 0)
(0.18132 0.00500717 0)
(0.175126 0.00426868 0)
(0.168806 0.00365278 0)
(0.162527 0.00313738 0)
(0.156369 0.00270524 0)
(0.150424 0.00234534 0)
(0.144696 0.0020413 0)
(0.139242 0.00178624 0)
(0.134016 0.00156623 0)
(0.129083 0.00138042 0)
(0.124352 0.00121674 0)
(0.119923 0.00108014 0)
(0.115641 0.000958049 0)
(0.111668 0.000859299 0)
(0.107754 0.000766904 0)
(0.104189 0.000693969 0)
(0.100568 0.000619129 0)
(0.0973944 0.000564194 0)
(0.0939899 0.000500907 0)
(0.0912174 0.00046188 0)
(0.0879235 0.000406322 0)
(0.0856027 0.000381931 0)
(0.0822811 0.000329634 0)
(0.0805421 0.000319784 0)
(0.0769707 0.000268475 0)
(0.0760252 0.000271428 0)
(0.0718845 0.000231781 0)
(0.19327 0.0108285 0)
(0.196058 0.0143764 0)
(0.200593 0.0135995 0)
(0.203558 0.011158 0)
(0.204085 0.00955162 0)
(0.203182 0.00859445 0)
(0.201579 0.00769004 0)
(0.19941 0.00678906 0)
(0.196602 0.00599526 0)
(0.193216 0.0053203 0)
(0.189312 0.00472771 0)
(0.185038 0.00420063 0)
(0.180448 0.00372913 0)
(0.175692 0.00331398 0)
(0.170783 0.00294456 0)
(0.165872 0.00262189 0)
(0.160912 0.00233258 0)
(0.156072 0.00208143 0)
(0.151233 0.00185357 0)
(0.146609 0.00165986 0)
(0.141983 0.00148247 0)
(0.137653 0.00133735 0)
(0.133258 0.00119882 0)
(0.129262 0.00108918 0)
(0.125081 0.00097492 0)
(0.121457 0.000891667 0)
(0.117435 0.000794121 0)
(0.114224 0.000734808 0)
(0.110253 0.000648107 0)
(0.107533 0.000610603 0)
(0.10347 0.000527747 0)
(0.101417 0.000512266 0)
(0.0970302 0.000430316 0)
(0.0959043 0.000434453 0)
(0.090849 0.000368707 0)
(0.194092 0.00992809 0)
(0.196172 0.0128641 0)
(0.199803 0.0128568 0)
(0.202808 0.0109366 0)
(0.204059 0.00937618 0)
(0.204192 0.00851598 0)
(0.203907 0.00781651 0)
(0.203402 0.00709033 0)
(0.20252 0.00641614 0)
(0.201241 0.0058401 0)
(0.199488 0.00533376 0)
(0.197355 0.00487545 0)
(0.194775 0.00444886 0)
(0.191891 0.00405874 0)
(0.188614 0.00369441 0)
(0.185143 0.0033641 0)
(0.181345 0.00305321 0)
(0.177484 0.00277471 0)
(0.173348 0.00251021 0)
(0.169293 0.00228006 0)
(0.164981 0.00206011 0)
(0.160905 0.00187772 0)
(0.156532 0.00169656 0)
(0.152579 0.00155298 0)
(0.148214 0.00139791 0)
(0.14451 0.00128653 0)
(0.140154 0.00115134 0)
(0.136792 0.00107156 0)
(0.132355 0.000949307 0)
(0.129446 0.000898351 0)
(0.124793 0.00077906 0)
(0.122564 0.000757453 0)
(0.117482 0.00063824 0)
(0.116244 0.000643242 0)
(0.110401 0.000544819 0)
(0.194548 0.009249 0)
(0.196224 0.0115389 0)
(0.199072 0.0119953 0)
(0.201814 0.0106365 0)
(0.203294 0.00916979 0)
(0.203788 0.00831133 0)
(0.2039 0.00771907 0)
(0.203985 0.00711766 0)
(0.203903 0.00652467 0)
(0.203674 0.006012 0)
(0.203133 0.00557097 0)
(0.202411 0.00518212 0)
(0.201321 0.00481835 0)
(0.200045 0.00448489 0)
(0.198347 0.00416487 0)
(0.196491 0.0038717 0)
(0.194173 0.00358405 0)
(0.191769 0.00332271 0)
(0.188871 0.00306117 0)
(0.186006 0.00283082 0)
(0.182611 0.00259709 0)
(0.179423 0.00240233 0)
(0.175639 0.00219581 0)
(0.172302 0.00203323 0)
(0.16824 0.00184566 0)
(0.164946 0.00171447 0)
(0.160667 0.00154486 0)
(0.157569 0.00145018 0)
(0.153009 0.00129326 0)
(0.150239 0.00123277 0)
(0.145274 0.00107528 0)
(0.143092 0.00104918 0)
(0.137559 0.000889128 0)
(0.136323 0.000895022 0)
(0.129944 0.000759593 0)
(0.194805 0.00867242 0)
(0.196203 0.0104159 0)
(0.198428 0.011073 0)
(0.200824 0.010235 0)
(0.202365 0.00895654 0)
(0.203062 0.00808831 0)
(0.203292 0.00754214 0)
(0.203541 0.00703544 0)
(0.203685 0.00650673 0)
(0.203848 0.00602975 0)
(0.203782 0.00561888 0)
(0.203723 0.00527003 0)
(0.203379 0.00494768 0)
(0.203057 0.00465991 0)
(0.20236 0.00438115 0)
(0.201696 0.00413221 0)
(0.200551 0.00388129 0)
(0.199477 0.00365869 0)
(0.197803 0.00342453 0)
(0.196281 0.00322308 0)
(0.194029 0.00300322 0)
(0.192082 0.00282501 0)
(0.189258 0.00261719 0)
(0.186984 0.00245902 0)
(0.183648 0.00225589 0)
(0.181225 0.0021211 0)
(0.177449 0.00192756 0)
(0.175057 0.00182974 0)
(0.170799 0.00164596 0)
(0.16856 0.00158541 0)
(0.163683 0.00139478 0)
(0.161838 0.00136931 0)
(0.15623 0.00117058 0)
(0.155153 0.00117833 0)
(0.148634 0.00100634 0)
(0.195002 0.00814629 0)
(0.196182 0.00948755 0)
(0.197921 0.0101717 0)
(0.199953 0.00974528 0)
(0.201441 0.00872409 0)
(0.202286 0.00787917 0)
(0.202585 0.0073423 0)
(0.202891 0.00690492 0)
(0.203065 0.00643913 0)
(0.203359 0.00599449 0)
(0.203418 0.00559657 0)
(0.203613 0.00526597 0)
(0.203523 0.00496216 0)
(0.203629 0.00470028 0)
(0.203368 0.00444369 0)
(0.203353 0.00422501 0)
(0.202846 0.00399964 0)
(0.202646 0.00381197 0)
(0.201793 0.00360504 0)
(0.201333 0.0034401 0)
(0.20002 0.00324435 0)
(0.199241 0.00309909 0)
(0.19738 0.00290652 0)
(0.19628 0.00277271 0)
(0.193837 0.00257123 0)
(0.192513 0.00245038 0)
(0.189517 0.00224658 0)
(0.188122 0.00215954 0)
(0.184537 0.00196151 0)
(0.183149 0.00191398 0)
(0.178797 0.00170271 0)
(0.177562 0.00168643 0)
(0.17235 0.00145906 0)
(0.171591 0.0014708 0)
(0.165449 0.00126987 0)
(0.195231 0.00765728 0)
(0.196232 0.00871723 0)
(0.197596 0.00934537 0)
(0.199288 0.00920011 0)
(0.20064 0.00845403 0)
(0.201576 0.00768331 0)
(0.201931 0.00714414 0)
(0.202283 0.0067493 0)
(0.202431 0.00634271 0)
(0.202778 0.00593846 0)
(0.202845 0.00555259 0)
(0.20314 0.00523258 0)
(0.203091 0.00493522 0)
(0.203364 0.00468775 0)
(0.203215 0.00443904 0)
(0.203483 0.00423708 0)
(0.203205 0.0040217 0)
(0.203447 0.00385621 0)
(0.202975 0.00366376 0)
(0.203144 0.00352741 0)
(0.20238 0.00334966 0)
(0.202412 0.00323697 0)
(0.201245 0.00306192 0)
(0.201088 0.00295947 0)
(0.199426 0.00276852 0)
(0.199093 0.00267176 0)
(0.196913 0.00246787 0)
(0.196507 0.00240046 0)
(0.193773 0.0021998 0)
(0.193325 0.00217566 0)
(0.189833 0.00196019 0)
(0.189338 0.00196188 0)
(0.184972 0.00172313 0)
(0.184623 0.00174133 0)
(0.17939 0.00152664 0)
(0.195533 0.00720681 0)
(0.196384 0.00806555 0)
(0.197457 0.00861425 0)
(0.198861 0.0086374 0)
(0.200032 0.00813833 0)
(0.201001 0.00748658 0)
(0.2014 0.00695715 0)
(0.201801 0.00658368 0)
(0.201916 0.00622456 0)
(0.202288 0.00586733 0)
(0.202332 0.0054999 0)
(0.202676 0.00519137 0)
(0.202608 0.00489619 0)
(0.202947 0.00465921 0)
(0.202792 0.00441233 0)
(0.203165 0.00422091 0)
(0.202923 0.0040063 0)
(0.203341 0.00385356 0)
(0.202981 0.00366418 0)
(0.203432 0.00354558 0)
(0.202901 0.00337504 0)
(0.20335 0.00328561 0)
(0.202568 0.00312152 0)
(0.202966 0.00304557 0)
(0.201844 0.00286505 0)
(0.202162 0.00279206 0)
(0.20065 0.0025919 0)
(0.200946 0.00254369 0)
(0.199027 0.00234627 0)
(0.199314 0.0023467 0)
(0.196809 0.00214121 0)
(0.196953 0.00216422 0)
(0.193714 0.00193379 0)
(0.193739 0.00195913 0)
(0.189792 0.00174995 0)
(0.195901 0.00679661 0)
(0.196627 0.00750309 0)
(0.197475 0.00797558 0)
(0.198645 0.00808848 0)
(0.199631 0.00778355 0)
(0.200581 0.00727359 0)
(0.201008 0.00677906 0)
(0.201458 0.00641891 0)
(0.201555 0.0060918 0)
(0.201935 0.00578146 0)
(0.201957 0.00543966 0)
(0.202324 0.00514741 0)
(0.202239 0.00485434 0)
(0.2026 0.00462688 0)
(0.202426 0.00438038 0)
(0.202825 0.00419792 0)
(0.202574 0.00398129 0)
(0.203031 0.00383697 0)
(0.202695 0.00364547 0)
(0.203215 0.00353701 0)
(0.202774 0.00336679 0)
(0.203349 0.00329072 0)
(0.202767 0.00313101 0)
(0.203364 0.00307192 0)
(0.202584 0.0028984 0)
(0.203171 0.0028422 0)
(0.202143 0.00264593 0)
(0.202747 0.00260964 0)
(0.201481 0.0024162 0)
(0.202125 0.00243246 0)
(0.200522 0.00224464 0)
(0.201019 0.00228376 0)
(0.198932 0.00207695 0)
(0.199182 0.00210671 0)
(0.196601 0.00191956 0)
(0.196303 0.0064244 0)
(0.196924 0.00701039 0)
(0.1976 0.00741589 0)
(0.198579 0.00757172 0)
(0.199401 0.00740468 0)
(0.200294 0.00703473 0)
(0.200736 0.0066002 0)
(0.201224 0.00625862 0)
(0.201329 0.00595137 0)
(0.201704 0.00568155 0)
(0.201721 0.00536969 0)
(0.202088 0.00509951 0)
(0.202009 0.00481144 0)
(0.202363 0.00459345 0)
(0.202196 0.00434787 0)
(0.202574 0.00417392 0)
(0.202338 0.00395613 0)
(0.202761 0.00381829 0)
(0.202457 0.00362447 0)
(0.202934 0.00352159 0)
(0.202565 0.00335007 0)
(0.203094 0.00327993 0)
(0.202656 0.00312197 0)
(0.203221 0.00307082 0)
(0.202685 0.00290221 0)
(0.203261 0.00285481 0)
(0.202587 0.00266268 0)
(0.203184 0.00263005 0)
(0.202394 0.00244016 0)
(0.203044 0.00245924 0)
(0.202133 0.00229061 0)
(0.202677 0.00233468 0)
(0.201533 0.00215807 0)
(0.201834 0.00218702 0)
(0.200402 0.00203007 0)
(0.196708 0.00608578 0)
(0.197235 0.0065741 0)
(0.197784 0.00692085 0)
(0.198602 0.00709351 0)
(0.199293 0.00701789 0)
(0.200102 0.00676914 0)
(0.200551 0.00641016 0)
(0.201056 0.00609945 0)
(0.201193 0.00580772 0)
(0.201553 0.00556946 0)
(0.201588 0.0052878 0)
(0.201932 0.00504398 0)
(0.201886 0.00476585 0)
(0.202211 0.00455794 0)
(0.202084 0.004315 0)
(0.202413 0.00414884 0)
(0.202226 0.00393237 0)
(0.202577 0.00379964 0)
(0.202341 0.00360586 0)
(0.20272 0.00350541 0)
(0.202448 0.00333424 0)
(0.202855 0.00326493 0)
(0.202558 0.00310916 0)
(0.202986 0.00305968 0)
(0.202651 0.00289585 0)
(0.203087 0.00285147 0)
(0.202681 0.00266485 0)
(0.203121 0.00263068 0)
(0.202659 0.00244544 0)
(0.203131 0.00245674 0)
(0.202672 0.0023055 0)
(0.203083 0.00234344 0)
(0.202565 0.00219545 0)
(0.202809 0.00221854 0)
(0.202149 0.0020912 0)
(0.197097 0.00577685 0)
(0.197537 0.00618456 0)
(0.197993 0.00647933 0)
(0.198674 0.0066536 0)
(0.199263 0.00663603 0)
(0.199977 0.0064827 0)
(0.200423 0.0062026 0)
(0.200921 0.00593492 0)
(0.201105 0.00566179 0)
(0.201444 0.00544774 0)
(0.201514 0.00519343 0)
(0.201822 0.00497728 0)
(0.201826 0.00471448 0)
(0.202108 0.00451798 0)
(0.202043 0.00428033 0)
(0.202311 0.00412095 0)
(0.202196 0.00390867 0)
(0.202464 0.00377981 0)
(0.202316 0.00358917 0)
(0.202586 0.00348897 0)
(0.202422 0.00332067 0)
(0.202697 0.00324913 0)
(0.202532 0.0030968 0)
(0.202813 0.00304545 0)
(0.202639 0.00288684 0)
(0.202922 0.00284244 0)
(0.202708 0.00266289 0)
(0.20298 0.00262526 0)
(0.20273 0.00244728 0)
(0.203002 0.00244544 0)
(0.202797 0.00230907 0)
(0.203041 0.00233395 0)
(0.202858 0.00220884 0)
(0.203022 0.00222307 0)
(0.202778 0.00211999 0)
(0.197462 0.0054947 0)
(0.197823 0.00583475 0)
(0.198207 0.00608319 0)
(0.198772 0.00624955 0)
(0.199282 0.00626726 0)
(0.1999 0.00618423 0)
(0.200335 0.00597679 0)
(0.200808 0.00575946 0)
(0.201038 0.00551176 0)
(0.201356 0.00531855 0)
(0.201466 0.00508785 0)
(0.201736 0.00489773 0)
(0.201791 0.00465441 0)
(0.202031 0.0044711 0)
(0.20203 0.00424195 0)
(0.202243 0.00408863 0)
(0.202201 0.00388306 0)
(0.202397 0.00375717 0)
(0.202332 0.00357235 0)
(0.202513 0.00347129 0)
(0.202442 0.00330778 0)
(0.202615 0.00323285 0)
(0.20255 0.00308476 0)
(0.202723 0.00303016 0)
(0.202657 0.0028769 0)
(0.202832 0.00283122 0)
(0.202737 0.00265994 0)
(0.202894 0.00261842 0)
(0.202767 0.00245062 0)
(0.202901 0.00243447 0)
(0.202816 0.00231089 0)
(0.202943 0.00232025 0)
(0.202901 0.00221203 0)
(0.203005 0.00221646 0)
(0.202941 0.00213189 0)
(0.197799 0.00523687 0)
(0.19809 0.00551936 0)
(0.198417 0.00572616 0)
(0.198888 0.00587867 0)
(0.199333 0.00591597 0)
(0.199865 0.0058824 0)
(0.200279 0.00573627 0)
(0.200718 0.00557046 0)
(0.20098 0.00535481 0)
(0.201282 0.00518276 0)
(0.201427 0.00497307 0)
(0.201668 0.00480569 0)
(0.201763 0.00458393 0)
(0.201971 0.00441532 0)
(0.202022 0.00419805 0)
(0.202196 0.00405074 0)
(0.202212 0.00385387 0)
(0.202359 0.00373058 0)
(0.202356 0.00355337 0)
(0.20248 0.00345143 0)
(0.202472 0.00329372 0)
(0.202585 0.00321552 0)
(0.202579 0.00307203 0)
(0.202695 0.00301401 0)
(0.202684 0.00286609 0)
(0.202803 0.00281838 0)
(0.20277 0.00265652 0)
(0.202868 0.00261062 0)
(0.202807 0.00245528 0)
(0.202869 0.00242575 0)
(0.202833 0.00231345 0)
(0.202902 0.00230758 0)
(0.202902 0.00221187 0)
(0.202976 0.00220684 0)
(0.202973 0.00213648 0)
(0.198109 0.00500068 0)
(0.19834 0.00523379 0)
(0.198618 0.00540302 0)
(0.199014 0.00553828 0)
(0.199405 0.00558432 0)
(0.199866 0.00558402 0)
(0.20025 0.00548656 0)
(0.200654 0.00536833 0)
(0.20093 0.00518879 0)
(0.20122 0.00503993 0)
(0.201391 0.00485076 0)
(0.201614 0.00470267 0)
(0.201735 0.0045027 0)
(0.201923 0.00434944 0)
(0.20201 0.00414703 0)
(0.202163 0.00400641 0)
(0.202218 0.00381989 0)
(0.202339 0.0036993 0)
(0.202374 0.00353079 0)
(0.202472 0.00342859 0)
(0.202498 0.00327722 0)
(0.202586 0.00319638 0)
(0.202607 0.00305779 0)
(0.202699 0.00299659 0)
(0.202712 0.00285442 0)
(0.202809 0.00280365 0)
(0.202803 0.00265252 0)
(0.202877 0.00260148 0)
(0.202849 0.00245977 0)
(0.202884 0.00241846 0)
(0.202866 0.00231623 0)
(0.202913 0.0022967 0)
(0.202922 0.00221065 0)
(0.20298 0.00219723 0)
(0.202995 0.00213815 0)
(0.198393 0.00478246 0)
(0.198572 0.00497315 0)
(0.198806 0.00510894 0)
(0.199145 0.00522544 0)
(0.199491 0.0052731 0)
(0.199895 0.00529375 0)
(0.200246 0.00523336 0)
(0.200616 0.00515568 0)
(0.200891 0.00501296 0)
(0.201172 0.00488914 0)
(0.201357 0.00472159 0)
(0.201571 0.00459036 0)
(0.201708 0.00441141 0)
(0.201886 0.00427312 0)
(0.201994 0.00408778 0)
(0.202139 0.00395485 0)
(0.202218 0.00378026 0)
(0.20233 0.00366283 0)
(0.202387 0.00350375 0)
(0.202476 0.00340206 0)
(0.202518 0.00325755 0)
(0.2026 0.00317477 0)
(0.202633 0.00304147 0)
(0.202719 0.0029773 0)
(0.202741 0.00284191 0)
(0.202829 0.00278682 0)
(0.202837 0.00264745 0)
(0.202901 0.00259092 0)
(0.202892 0.00246277 0)
(0.202919 0.00241158 0)
(0.202911 0.00231814 0)
(0.202951 0.00228714 0)
(0.202962 0.0022087 0)
(0.20301 0.00218847 0)
(0.203029 0.00213844 0)
(0.198653 0.00457653 0)
(0.198784 0.00473143 0)
(0.19898 0.00483845 0)
(0.199276 0.00493645 0)
(0.199585 0.00498163 0)
(0.199946 0.00501427 0)
(0.200265 0.00498122 0)
(0.200602 0.00493603 0)
(0.200866 0.00482799 0)
(0.201136 0.00472972 0)
(0.201328 0.00458541 0)
(0.201536 0.00446999 0)
(0.201682 0.00431123 0)
(0.201856 0.00418685 0)
(0.201977 0.0040198 0)
(0.20212 0.00389549 0)
(0.202214 0.00373432 0)
(0.202326 0.00362085 0)
(0.202395 0.00347177 0)
(0.202484 0.00337137 0)
(0.202536 0.00323429 0)
(0.202619 0.00315026 0)
(0.202657 0.00302278 0)
(0.202742 0.00295557 0)
(0.202769 0.00282825 0)
(0.202854 0.00276823 0)
(0.202871 0.00264058 0)
(0.202931 0.00257902 0)
(0.202934 0.00246347 0)
(0.202962 0.00240451 0)
(0.202962 0.00231837 0)
(0.202999 0.00227843 0)
(0.203012 0.00220584 0)
(0.203052 0.0021807 0)
(0.203073 0.00213785 0)
(0.198888 0.0043756 0)
(0.198974 0.00450149 0)
(0.199137 0.00458516 0)
(0.199401 0.00466652 0)
(0.199683 0.00470753 0)
(0.200009 0.00474613 0)
(0.200301 0.00473276 0)
(0.200608 0.00471235 0)
(0.200856 0.00463505 0)
(0.20111 0.00456121 0)
(0.201302 0.00444128 0)
(0.201506 0.00434158 0)
(0.201658 0.00420266 0)
(0.201829 0.00409115 0)
(0.201958 0.00394263 0)
(0.202103 0.00382775 0)
(0.202207 0.00368106 0)
(0.202322 0.0035728 0)
(0.202399 0.00343427 0)
(0.202492 0.00333598 0)
(0.20255 0.00320693 0)
(0.202636 0.00312244 0)
(0.20268 0.0030015 0)
(0.202765 0.00293118 0)
(0.202797 0.00281256 0)
(0.202878 0.00274841 0)
(0.202905 0.00263136 0)
(0.202961 0.00256577 0)
(0.202976 0.00246132 0)
(0.203004 0.00239695 0)
(0.203013 0.00231643 0)
(0.203047 0.00227016 0)
(0.203065 0.00220191 0)
(0.203098 0.00217377 0)
(0.20312 0.00213657 0)
(0.1991 0.00417463 0)
(0.199142 0.00427806 0)
(0.199278 0.00434407 0)
(0.199516 0.00441171 0)
(0.199779 0.00444844 0)
(0.20008 0.0044893 0)
(0.200349 0.00448974 0)
(0.200628 0.0044874 0)
(0.200858 0.00443594 0)
(0.201095 0.00438414 0)
(0.201282 0.00428847 0)
(0.201479 0.00420487 0)
(0.201633 0.00408559 0)
(0.201803 0.00398659 0)
(0.201937 0.00385601 0)
(0.202084 0.00375121 0)
(0.202196 0.00361945 0)
(0.202314 0.00351776 0)
(0.202398 0.0033905 0)
(0.202495 0.0032951 0)
(0.20256 0.00317463 0)
(0.202649 0.00309066 0)
(0.202698 0.00297691 0)
(0.202783 0.00290423 0)
(0.202822 0.00279361 0)
(0.2029 0.00272733 0)
(0.202934 0.00261971 0)
(0.202989 0.00255116 0)
(0.203013 0.00245595 0)
(0.203043 0.00238882 0)
(0.20306 0.0023123 0)
(0.203092 0.0022619 0)
(0.203115 0.00219687 0)
(0.203142 0.00216734 0)
(0.203166 0.00213457 0)
(0.199291 0.00397229 0)
(0.199291 0.00405912 0)
(0.199401 0.00411281 0)
(0.19962 0.00417016 0)
(0.19987 0.00420345 0)
(0.200151 0.00424456 0)
(0.200403 0.00425441 0)
(0.200657 0.00426475 0)
(0.200869 0.00423391 0)
(0.201086 0.00420102 0)
(0.201265 0.00412795 0)
(0.201452 0.00406066 0)
(0.201607 0.00396065 0)
(0.201774 0.00387434 0)
(0.201913 0.00376083 0)
(0.202061 0.00366639 0)
(0.202179 0.00354947 0)
(0.2023 0.0034553 0)
(0.20239 0.00333995 0)
(0.202491 0.00324857 0)
(0.202562 0.00313665 0)
(0.202653 0.00305464 0)
(0.202709 0.00294813 0)
(0.202793 0.00287492 0)
(0.20284 0.00277087 0)
(0.202915 0.00270406 0)
(0.202957 0.00260538 0)
(0.203011 0.00253528 0)
(0.203043 0.00244696 0)
(0.203074 0.00237965 0)
(0.203101 0.00230629 0)
(0.203129 0.00225333 0)
(0.203159 0.00219085 0)
(0.20318 0.00216124 0)
(0.203206 0.0021318 0)
(0.199462 0.00376639 0)
(0.199421 0.00384177 0)
(0.19951 0.00388782 0)
(0.199713 0.0039385 0)
(0.199954 0.00396965 0)
(0.20022 0.00401048 0)
(0.200458 0.00402675 0)
(0.20069 0.0040459 0)
(0.200885 0.00403094 0)
(0.201082 0.00401373 0)
(0.20125 0.00396072 0)
(0.201426 0.00390936 0)
(0.201578 0.00382812 0)
(0.201741 0.00375496 0)
(0.201883 0.00365794 0)
(0.202032 0.00357405 0)
(0.202155 0.00347138 0)
(0.202278 0.00338553 0)
(0.202374 0.00328202 0)
(0.202476 0.0031965 0)
(0.202555 0.0030925 0)
(0.202647 0.00301397 0)
(0.20271 0.00291447 0)
(0.202792 0.00284272 0)
(0.202847 0.00274464 0)
(0.202921 0.00267774 0)
(0.20297 0.00258739 0)
(0.203023 0.00251828 0)
(0.203064 0.00243452 0)
(0.203095 0.00236847 0)
(0.203131 0.00229841 0)
(0.203156 0.00224415 0)
(0.203193 0.00218379 0)
(0.203209 0.00215526 0)
(0.203239 0.00212826 0)
(0.199617 0.00355555 0)
(0.199537 0.00362335 0)
(0.199606 0.00366539 0)
(0.199795 0.00371246 0)
(0.200029 0.003743 0)
(0.200284 0.00378377 0)
(0.200512 0.00380479 0)
(0.200725 0.00383022 0)
(0.200904 0.00382746 0)
(0.201081 0.00382293 0)
(0.201237 0.00378724 0)
(0.2014 0.00375081 0)
(0.201547 0.00368746 0)
(0.201704 0.003628 0)
(0.201847 0.00354699 0)
(0.201995 0.00347434 0)
(0.202122 0.00338485 0)
(0.202247 0.00330827 0)
(0.202348 0.00321576 0)
(0.202451 0.00313811 0)
(0.202536 0.00304193 0)
(0.202629 0.00296766 0)
(0.2027 0.00287531 0)
(0.20278 0.00280644 0)
(0.202843 0.00271464 0)
(0.202915 0.00264833 0)
(0.202972 0.00256426 0)
(0.203024 0.00249895 0)
(0.203073 0.00241941 0)
(0.203105 0.00235444 0)
(0.203149 0.002288 0)
(0.203171 0.00223383 0)
(0.203215 0.00217548 0)
(0.203227 0.00214866 0)
(0.203261 0.00212365 0)
(0.199757 0.00334431 0)
(0.199642 0.00340637 0)
(0.199692 0.00344629 0)
(0.199868 0.00349147 0)
(0.200097 0.00352234 0)
(0.200343 0.00356331 0)
(0.200562 0.00358797 0)
(0.200759 0.00361798 0)
(0.200924 0.00362454 0)
(0.201081 0.00363026 0)
(0.201224 0.00360899 0)
(0.201373 0.0035863 0)
(0.201514 0.00353927 0)
(0.201663 0.00349402 0)
(0.201805 0.0034283 0)
(0.20195 0.00336802 0)
(0.202082 0.00329077 0)
(0.202207 0.00322407 0)
(0.202312 0.00314188 0)
(0.202414 0.00307299 0)
(0.202504 0.00298572 0)
(0.202599 0.00291611 0)
(0.202676 0.00283073 0)
(0.202755 0.00276618 0)
(0.202824 0.00268067 0)
(0.202896 0.00261654 0)
(0.202961 0.0025365 0)
(0.203012 0.00247517 0)
(0.203069 0.00240191 0)
(0.203101 0.00233788 0)
(0.203153 0.0022742 0)
(0.203172 0.00222141 0)
(0.203224 0.00216573 0)
(0.203232 0.00214056 0)
(0.203272 0.0021172 0)
(0.199881 0.00314054 0)
(0.199736 0.00319719 0)
(0.199769 0.00323503 0)
(0.199934 0.00327868 0)
(0.200158 0.00330969 0)
(0.200396 0.00335069 0)
(0.200607 0.00337766 0)
(0.20079 0.00341089 0)
(0.200942 0.00342409 0)
(0.201081 0.00343802 0)
(0.201211 0.00342828 0)
(0.201345 0.00341794 0)
(0.20148 0.00338533 0)
(0.20162 0.0033542 0)
(0.201759 0.00330316 0)
(0.2019 0.00325591 0)
(0.202033 0.00319081 0)
(0.202157 0.00313408 0)
(0.202265 0.00306194 0)
(0.202367 0.00300192 0)
(0.202461 0.00292423 0)
(0.202556 0.00286092 0)
(0.20264 0.00278132 0)
(0.202718 0.00272272 0)
(0.202792 0.0026437 0)
(0.202863 0.00258337 0)
(0.202935 0.00250743 0)
(0.202986 0.00244817 0)
(0.20305 0.00238222 0)
(0.203082 0.00232148 0)
(0.203142 0.00225892 0)
(0.203159 0.0022075 0)
(0.203218 0.00215531 0)
(0.203224 0.00213232 0)
(0.20327 0.00210919 0)
(0.199988 0.00294343 0)
(0.199818 0.00299537 0)
(0.199836 0.00303113 0)
(0.19999 0.00307348 0)
(0.200211 0.00310429 0)
(0.200441 0.00314497 0)
(0.200646 0.00317287 0)
(0.200816 0.00320781 0)
(0.200956 0.00322516 0)
(0.201079 0.00324503 0)
(0.201198 0.00324402 0)
(0.201317 0.00324402 0)
(0.201445 0.00322368 0)
(0.201574 0.00320559 0)
(0.20171 0.00316818 0)
(0.201843 0.00313411 0)
(0.201976 0.00308109 0)
(0.202098 0.00303511 0)
(0.202209 0.0029725 0)
(0.20231 0.00292228 0)
(0.202407 0.00285363 0)
(0.2025 0.00279927 0)
(0.20259 0.00272518 0)
(0.202667 0.00267278 0)
(0.202747 0.00260134 0)
(0.202816 0.00254549 0)
(0.202895 0.00247525 0)
(0.202947 0.00241787 0)
(0.203018 0.00235756 0)
(0.203048 0.00230339 0)
(0.203116 0.00224308 0)
(0.203131 0.00219236 0)
(0.203199 0.00214343 0)
(0.203201 0.00212437 0)
(0.203255 0.00210023 0)
(0.200081 0.00274531 0)
(0.199888 0.00279522 0)
(0.199893 0.00283162 0)
(0.200038 0.0028749 0)
(0.200255 0.00290709 0)
(0.200478 0.00294818 0)
(0.200678 0.00297685 0)
(0.200836 0.00301255 0)
(0.200966 0.00303234 0)
(0.201074 0.00305609 0)
(0.201182 0.0030613 0)
(0.201288 0.00306933 0)
(0.201408 0.0030587 0)
(0.201528 0.00305168 0)
(0.201658 0.00302586 0)
(0.201784 0.00300399 0)
(0.201914 0.0029622 0)
(0.202031 0.0029272 0)
(0.202145 0.00287387 0)
(0.202243 0.00283335 0)
(0.202343 0.00277359 0)
(0.202433 0.00272841 0)
(0.202529 0.00266201 0)
(0.202605 0.00261499 0)
(0.20269 0.00255189 0)
(0.202756 0.00250126 0)
(0.202841 0.00243772 0)
(0.202893 0.00238356 0)
(0.202972 0.00232782 0)
(0.203001 0.00227848 0)
(0.203074 0.00222436 0)
(0.203088 0.00217447 0)
(0.203166 0.00212782 0)
(0.203166 0.00211283 0)
(0.203227 0.00208875 0)
(0.200276 0.00223585 0)
(0.200045 0.002288 0)
(0.200025 0.00233585 0)
(0.200147 0.00239196 0)
(0.200347 0.00243678 0)
(0.20055 0.00248635 0)
(0.200731 0.00252159 0)
(0.200862 0.00256156 0)
(0.200969 0.00258673 0)
(0.201046 0.00261761 0)
(0.201131 0.00263337 0)
(0.20121 0.00265539 0)
(0.201313 0.00266149 0)
(0.20141 0.002674 0)
(0.201527 0.00266883 0)
(0.201631 0.00266973 0)
(0.201753 0.00265046 0)
(0.201857 0.00263874 0)
(0.201973 0.00260667 0)
(0.202064 0.00258685 0)
(0.202168 0.0025468 0)
(0.20225 0.00252084 0)
(0.202354 0.00247441 0)
(0.202427 0.00244263 0)
(0.202523 0.00239757 0)
(0.202581 0.00236065 0)
(0.202679 0.00231718 0)
(0.202729 0.00227292 0)
(0.202826 0.00223452 0)
(0.202853 0.00219084 0)
(0.202936 0.00215248 0)
(0.202948 0.00211431 0)
(0.203051 0.00207175 0)
(0.203046 0.00206311 0)
(0.203126 0.00204234 0)
(0.200385 0.00163025 0)
(0.200263 0.00168392 0)
(0.200273 0.00174083 0)
(0.200361 0.00180707 0)
(0.200496 0.00186189 0)
(0.200622 0.00191839 0)
(0.200738 0.00195915 0)
(0.200816 0.00200357 0)
(0.200888 0.00203433 0)
(0.200938 0.00207335 0)
(0.201005 0.00210007 0)
(0.201063 0.00213704 0)
(0.201149 0.0021599 0)
(0.201221 0.00219269 0)
(0.201318 0.00220818 0)
(0.201394 0.00223324 0)
(0.201496 0.00223792 0)
(0.201573 0.00225276 0)
(0.201678 0.00224543 0)
(0.201751 0.00225056 0)
(0.201854 0.00223423 0)
(0.201921 0.00223157 0)
(0.202026 0.00220979 0)
(0.202087 0.00219817 0)
(0.202192 0.00217575 0)
(0.202239 0.00215558 0)
(0.202345 0.00213714 0)
(0.202389 0.0021068 0)
(0.2025 0.00208965 0)
(0.202528 0.00205615 0)
(0.202629 0.00203395 0)
(0.202637 0.00201467 0)
(0.202759 0.00197985 0)
(0.202763 0.00197947 0)
(0.202866 0.00196069 0)
(0.200464 0.00133668 0)
(0.200452 0.00138313 0)
(0.200489 0.00143056 0)
(0.20054 0.0014854 0)
(0.200608 0.00153069 0)
(0.200659 0.00157885 0)
(0.200714 0.00161475 0)
(0.200747 0.00165605 0)
(0.200795 0.0016865 0)
(0.200827 0.00172627 0)
(0.200884 0.00175527 0)
(0.200927 0.00179523 0)
(0.200998 0.0018218 0)
(0.201047 0.00185943 0)
(0.201125 0.00188037 0)
(0.201175 0.00191296 0)
(0.201258 0.00192607 0)
(0.201309 0.0019518 0)
(0.2014 0.00195591 0)
(0.201452 0.00197363 0)
(0.201548 0.00197017 0)
(0.201597 0.00198018 0)
(0.201699 0.00197283 0)
(0.201745 0.00197366 0)
(0.201851 0.00196644 0)
(0.201889 0.00195748 0)
(0.201997 0.00195517 0)
(0.202031 0.00193668 0)
(0.202149 0.00193389 0)
(0.202173 0.00191123 0)
(0.202291 0.00189875 0)
(0.202298 0.00189037 0)
(0.202429 0.0018643 0)
(0.202437 0.00186995 0)
(0.202563 0.00185125 0)
(0.200495 0.0011686 0)
(0.200525 0.00120204 0)
(0.200563 0.00123306 0)
(0.200585 0.00126975 0)
(0.200613 0.00129961 0)
(0.200625 0.00133459 0)
(0.20065 0.00136157 0)
(0.200662 0.00139585 0)
(0.200697 0.00142186 0)
(0.200718 0.00145735 0)
(0.200765 0.00148301 0)
(0.200794 0.00151926 0)
(0.200852 0.0015429 0)
(0.200883 0.00157793 0)
(0.200946 0.00159758 0)
(0.200977 0.00162991 0)
(0.201046 0.00164456 0)
(0.201079 0.00167307 0)
(0.201157 0.00168219 0)
(0.201192 0.00170548 0)
(0.201279 0.00170978 0)
(0.201314 0.00172677 0)
(0.201409 0.00172901 0)
(0.201441 0.00173801 0)
(0.201543 0.0017418 0)
(0.201572 0.00174161 0)
(0.20168 0.00175029 0)
(0.201705 0.00174165 0)
(0.201823 0.00175006 0)
(0.201842 0.0017373 0)
(0.201968 0.00173445 0)
(0.201976 0.00173243 0)
(0.202109 0.00171534 0)
(0.202117 0.00172696 0)
(0.202258 0.00171037 0)
(0.200458 0.00103325 0)
(0.200491 0.00105608 0)
(0.20052 0.00107562 0)
(0.200528 0.00109995 0)
(0.200543 0.0011196 0)
(0.200543 0.00114511 0)
(0.20056 0.00116522 0)
(0.200567 0.00119276 0)
(0.200596 0.00121371 0)
(0.200611 0.00124335 0)
(0.200651 0.00126438 0)
(0.200669 0.00129511 0)
(0.200715 0.00131479 0)
(0.200734 0.00134534 0)
(0.200786 0.00136255 0)
(0.200805 0.00139206 0)
(0.200865 0.00140627 0)
(0.200885 0.00143395 0)
(0.200953 0.00144497 0)
(0.200975 0.00146958 0)
(0.201053 0.00147789 0)
(0.201076 0.00149792 0)
(0.201163 0.00150557 0)
(0.201185 0.00151935 0)
(0.20128 0.00152959 0)
(0.2013 0.00153558 0)
(0.201404 0.00155057 0)
(0.201421 0.00154886 0)
(0.201535 0.0015643 0)
(0.20155 0.00155873 0)
(0.201674 0.00156323 0)
(0.201683 0.00156545 0)
(0.201814 0.00155413 0)
(0.201821 0.00157012 0)
(0.201967 0.00155577 0)
(0.200389 0.000901457 0)
(0.200416 0.000918203 0)
(0.200438 0.000932089 0)
(0.200441 0.000950216 0)
(0.200452 0.000964815 0)
(0.20045 0.000984773 0)
(0.200467 0.00100041 0)
(0.200472 0.0010226 0)
(0.200498 0.00103916 0)
(0.200508 0.00106334 0)
(0.200542 0.00108011 0)
(0.200553 0.00110561 0)
(0.200592 0.00112171 0)
(0.200604 0.00114781 0)
(0.200648 0.00116251 0)
(0.20066 0.00118855 0)
(0.200711 0.00120145 0)
(0.200724 0.00122673 0)
(0.200784 0.00123771 0)
(0.200798 0.00126122 0)
(0.200867 0.00127081 0)
(0.200881 0.00129119 0)
(0.200959 0.00130121 0)
(0.200973 0.00131695 0)
(0.20106 0.00133023 0)
(0.201073 0.00133957 0)
(0.20117 0.00135758 0)
(0.201182 0.00136006 0)
(0.201288 0.00137903 0)
(0.201299 0.00137817 0)
(0.201416 0.0013872 0)
(0.201424 0.00139246 0)
(0.201551 0.00138505 0)
(0.201556 0.00140297 0)
(0.201699 0.0013909 0)
(0.200316 0.000770995 0)
(0.200339 0.00078429 0)
(0.200359 0.00079536 0)
(0.200359 0.000810069 0)
(0.200368 0.000821928 0)
(0.200366 0.00083829 0)
(0.200381 0.000850996 0)
(0.200384 0.000869183 0)
(0.200408 0.00088258 0)
(0.200416 0.000902484 0)
(0.200445 0.000916154 0)
(0.200453 0.000937438 0)
(0.200487 0.000950835 0)
(0.200494 0.000973039 0)
(0.200532 0.000985636 0)
(0.20054 0.00100822 0)
(0.200585 0.00101963 0)
(0.200593 0.00104196 0)
(0.200645 0.00105213 0)
(0.200654 0.0010734 0)
(0.200714 0.00108295 0)
(0.200723 0.00110217 0)
(0.200792 0.00111278 0)
(0.2008 0.00112857 0)
(0.200878 0.00114262 0)
(0.200886 0.00115321 0)
(0.200973 0.0011719 0)
(0.200981 0.00117666 0)
(0.201078 0.00119653 0)
(0.201086 0.00119839 0)
(0.201194 0.00120937 0)
(0.2012 0.00121649 0)
(0.20132 0.001212 0)
(0.201323 0.00122968 0)
(0.201458 0.00121992 0)
(0.200253 0.000648446 0)
(0.200275 0.000659361 0)
(0.200292 0.000668476 0)
(0.200291 0.000680615 0)
(0.200298 0.00069047 0)
(0.200295 0.000704072 0)
(0.200308 0.000714662 0)
(0.20031 0.00072979 0)
(0.200331 0.00074092 0)
(0.200337 0.00075748 0)
(0.200363 0.000768841 0)
(0.200369 0.000786637 0)
(0.200398 0.000797859 0)
(0.200403 0.000816586 0)
(0.200436 0.000827282 0)
(0.200441 0.000846514 0)
(0.200479 0.000856379 0)
(0.200485 0.000875601 0)
(0.20053 0.000884645 0)
(0.200535 0.000903275 0)
(0.200588 0.000912131 0)
(0.200593 0.000929391 0)
(0.200653 0.000939525 0)
(0.200658 0.000954214 0)
(0.200727 0.000967671 0)
(0.200732 0.000978284 0)
(0.200809 0.000996116 0)
(0.200814 0.00100192 0)
(0.200901 0.00102091 0)
(0.200907 0.00102421 0)
(0.201004 0.00103562 0)
(0.201008 0.00104353 0)
(0.201117 0.00104108 0)
(0.20112 0.00105745 0)
(0.201243 0.00104964 0)
(0.200201 0.000535247 0)
(0.20022 0.000544191 0)
(0.200235 0.000551663 0)
(0.200234 0.000561599 0)
(0.20024 0.000569742 0)
(0.200236 0.000580975 0)
(0.200248 0.000589799 0)
(0.200249 0.000602339 0)
(0.200268 0.000611621 0)
(0.200272 0.000625348 0)
(0.200295 0.000634814 0)
(0.200299 0.00064958 0)
(0.200324 0.000658959 0)
(0.200327 0.00067456 0)
(0.200356 0.000683578 0)
(0.200359 0.000699708 0)
(0.200393 0.00070815 0)
(0.200396 0.000724414 0)
(0.200435 0.000732316 0)
(0.200438 0.000748249 0)
(0.200484 0.000756153 0)
(0.200487 0.000771131 0)
(0.200539 0.000780296 0)
(0.200542 0.000793364 0)
(0.200602 0.000805549 0)
(0.200605 0.000815434 0)
(0.200673 0.000831465 0)
(0.200676 0.000837416 0)
(0.200752 0.000854524 0)
(0.200756 0.000858415 0)
(0.200842 0.000869197 0)
(0.200845 0.000876868 0)
(0.200942 0.000875691 0)
(0.200944 0.000890191 0)
(0.201054 0.000883885 0)
(0.200161 0.00043157 0)
(0.200176 0.000438834 0)
(0.200189 0.000444919 0)
(0.200188 0.000452977 0)
(0.200193 0.000459635 0)
(0.20019 0.000468791 0)
(0.2002 0.000476048 0)
(0.200201 0.000486302 0)
(0.200217 0.000493951 0)
(0.20022 0.000505181 0)
(0.200239 0.000512987 0)
(0.200243 0.000525076 0)
(0.200264 0.000532829 0)
(0.200266 0.000545631 0)
(0.200291 0.000553132 0)
(0.200293 0.000566419 0)
(0.200322 0.000573509 0)
(0.200324 0.000586973 0)
(0.200357 0.000593688 0)
(0.200359 0.000606963 0)
(0.200399 0.000613764 0)
(0.2004 0.000626371 0)
(0.200445 0.000634306 0)
(0.200447 0.000645479 0)
(0.200499 0.000655975 0)
(0.2005 0.000664646 0)
(0.200559 0.000678371 0)
(0.200561 0.000683896 0)
(0.200628 0.000698583 0)
(0.20063 0.000702417 0)
(0.200705 0.000711914 0)
(0.200708 0.000718758 0)
(0.200792 0.000718352 0)
(0.200794 0.000730651 0)
(0.200891 0.000725619 0)
(0.20013 0.000337605 0)
(0.200142 0.000343375 0)
(0.200153 0.000348235 0)
(0.200152 0.000354633 0)
(0.200157 0.000359956 0)
(0.200154 0.000367233 0)
(0.200163 0.000373045 0)
(0.200163 0.000381203 0)
(0.200177 0.000387339 0)
(0.200179 0.000396279 0)
(0.200196 0.000402549 0)
(0.200198 0.00041218 0)
(0.200216 0.000418423 0)
(0.200218 0.000428636 0)
(0.200239 0.000434697 0)
(0.20024 0.00044532 0)
(0.200265 0.000451083 0)
(0.200266 0.000461882 0)
(0.200295 0.000467387 0)
(0.200296 0.000478088 0)
(0.20033 0.000483707 0)
(0.200331 0.000493942 0)
(0.200369 0.000500503 0)
(0.20037 0.000509668 0)
(0.200414 0.000518297 0)
(0.200415 0.000525544 0)
(0.200466 0.000536771 0)
(0.200467 0.000541557 0)
(0.200524 0.000553569 0)
(0.200526 0.000556987 0)
(0.200591 0.000564887 0)
(0.200593 0.000570649 0)
(0.200666 0.000570628 0)
(0.200668 0.000580629 0)
(0.200752 0.000576693 0)
(0.200106 0.000252832 0)
(0.200116 0.00025722 0)
(0.200125 0.000260938 0)
(0.200125 0.000265806 0)
(0.200129 0.000269878 0)
(0.200127 0.000275412 0)
(0.200134 0.000279856 0)
(0.200135 0.000286058 0)
(0.200146 0.000290754 0)
(0.200148 0.000297555 0)
(0.200162 0.000302362 0)
(0.200164 0.000309695 0)
(0.200179 0.000314492 0)
(0.20018 0.000322276 0)
(0.200198 0.000326949 0)
(0.200199 0.000335058 0)
(0.20022 0.000339521 0)
(0.200221 0.000347782 0)
(0.200246 0.000352069 0)
(0.200247 0.000360282 0)
(0.200275 0.000364675 0)
(0.200276 0.000372567 0)
(0.200309 0.000377694 0)
(0.200309 0.000384813 0)
(0.200347 0.000391525 0)
(0.200348 0.000397225 0)
(0.200391 0.000405919 0)
(0.200392 0.000409768 0)
(0.200441 0.000419065 0)
(0.200443 0.000421865 0)
(0.200498 0.000428046 0)
(0.2005 0.000432583 0)
(0.200563 0.000432712 0)
(0.200565 0.000440412 0)
(0.200637 0.000437433 0)
(0.20009 0.000175782 0)
(0.200098 0.000178869 0)
(0.200105 0.000181496 0)
(0.200105 0.000184924 0)
(0.200109 0.0001878 0)
(0.200107 0.000191693 0)
(0.200113 0.00019483 0)
(0.200114 0.000199192 0)
(0.200123 0.000202509 0)
(0.200125 0.000207294 0)
(0.200137 0.000210695 0)
(0.200138 0.000215859 0)
(0.200152 0.00021926 0)
(0.200153 0.000224746 0)
(0.200168 0.000228066 0)
(0.200169 0.000233787 0)
(0.200187 0.000236966 0)
(0.200187 0.000242803 0)
(0.200209 0.000245866 0)
(0.200209 0.00025168 0)
(0.200234 0.000254826 0)
(0.200234 0.000260428 0)
(0.200263 0.000264096 0)
(0.200263 0.000269172 0)
(0.200296 0.000273957 0)
(0.200296 0.000278053 0)
(0.200334 0.000284234 0)
(0.200334 0.00028704 0)
(0.200377 0.000293652 0)
(0.200378 0.000295716 0)
(0.200427 0.000300145 0)
(0.200428 0.000303407 0)
(0.200483 0.000303572 0)
(0.200484 0.000309032 0)
(0.200547 0.000306952 0)
(0.200078 0.000104134 0)
(0.200085 0.000105974 0)
(0.200092 0.000107543 0)
(0.200091 0.000109586 0)
(0.200095 0.000111305 0)
(0.200093 0.000113625 0)
(0.200099 0.000115499 0)
(0.200099 0.000118099 0)
(0.200108 0.000120082 0)
(0.200109 0.000122937 0)
(0.20012 0.000124972 0)
(0.200121 0.000128053 0)
(0.200133 0.00013009 0)
(0.200134 0.000133366 0)
(0.200147 0.000135357 0)
(0.200148 0.000138774 0)
(0.200164 0.000140684 0)
(0.200164 0.000144173 0)
(0.200183 0.000146016 0)
(0.200183 0.000149495 0)
(0.200205 0.00015139 0)
(0.200206 0.000154748 0)
(0.200231 0.000156957 0)
(0.200231 0.000160008 0)
(0.20026 0.000162884 0)
(0.20026 0.000165358 0)
(0.200294 0.000169067 0)
(0.200294 0.000170775 0)
(0.200333 0.000174743 0)
(0.200333 0.000176007 0)
(0.200377 0.000178673 0)
(0.200378 0.000180644 0)
(0.200427 0.000180761 0)
(0.200428 0.000184036 0)
(0.200484 0.000182791 0)
(0.200072 3.46589e-05 0)
(0.200078 3.52716e-05 0)
(0.200084 3.57943e-05 0)
(0.200084 3.64745e-05 0)
(0.200087 3.70472e-05 0)
(0.200086 3.78203e-05 0)
(0.200091 3.84457e-05 0)
(0.200092 3.93127e-05 0)
(0.2001 3.99748e-05 0)
(0.200101 4.09267e-05 0)
(0.200111 4.16065e-05 0)
(0.200112 4.26344e-05 0)
(0.200123 4.33149e-05 0)
(0.200123 4.44077e-05 0)
(0.200136 4.50732e-05 0)
(0.200136 4.62136e-05 0)
(0.200151 4.68524e-05 0)
(0.200152 4.80172e-05 0)
(0.200169 4.86342e-05 0)
(0.20017 4.97965e-05 0)
(0.20019 5.0431e-05 0)
(0.20019 5.15538e-05 0)
(0.200214 5.22931e-05 0)
(0.200214 5.33142e-05 0)
(0.200241 5.42762e-05 0)
(0.200241 5.51051e-05 0)
(0.200272 5.63447e-05 0)
(0.200273 5.69181e-05 0)
(0.200308 5.82434e-05 0)
(0.200309 5.86675e-05 0)
(0.200349 5.95578e-05 0)
(0.20035 6.02169e-05 0)
(0.200396 6.02548e-05 0)
(0.200397 6.13487e-05 0)
(0.200449 6.09294e-05 0)
(0.171856 -0.00247688 0)
(0.227779 0.00200355 0)
(0.173698 -0.00160147 0)
(0.225696 0.00137104 0)
(0.176209 -0.00133765 0)
(0.223937 0.000770191 0)
(0.177776 -0.000981618 0)
(0.222299 0.000439334 0)
(0.178638 -0.000623123 0)
(0.220702 0.000237375 0)
(0.178782 -0.000296156 0)
(0.219232 0.00013366 0)
(0.178067 4.20884e-05 0)
(0.217962 0.000151882 0)
(0.176188 0.000400813 0)
(0.216951 0.000307793 0)
(0.172434 0.000807559 0)
(0.215983 0.000703204 0)
(0.16498 0.00156633 0)
(0.214577 0.00235365 0)
(0.172999 -0.00251688 0)
(0.226725 0.00205315 0)
(0.175294 -0.00165911 0)
(0.224477 0.00141766 0)
(0.17811 -0.00140587 0)
(0.222416 0.000838924 0)
(0.180009 -0.00105131 0)
(0.220354 0.00053508 0)
(0.181332 -0.00068703 0)
(0.218155 0.000368 0)
(0.182168 -0.000339293 0)
(0.215773 0.000303109 0)
(0.182568 6.4094e-05 0)
(0.213005 0.000330696 0)
(0.18262 0.000618762 0)
(0.209357 0.000414142 0)
(0.182402 0.00151591 0)
(0.203598 0.000635072 0)
(0.181806 0.00370635 0)
(0.193545 0.00287537 0)
(0.175319 -0.00256485 0)
(0.224409 0.00210759 0)
(0.178445 -0.00172129 0)
(0.221879 0.00146389 0)
(0.181789 -0.00146983 0)
(0.219307 0.000904833 0)
(0.184236 -0.00110221 0)
(0.216578 0.000615347 0)
(0.186235 -0.000704556 0)
(0.213536 0.000452933 0)
(0.187933 -0.00028601 0)
(0.210101 0.000367441 0)
(0.189394 0.000263209 0)
(0.206101 0.000320318 0)
(0.190578 0.00110347 0)
(0.201315 0.000310588 0)
(0.191113 0.00244449 0)
(0.195415 0.000730452 0)
(0.190288 0.00540994 0)
(0.188947 0.00429162 0)
(0.178712 -0.00260078 0)
(0.220796 0.00211866 0)
(0.182731 -0.00174887 0)
(0.217989 0.00146249 0)
(0.186563 -0.00147546 0)
(0.214935 0.000904023 0)
(0.189411 -0.001066 0)
(0.211704 0.000597335 0)
(0.19174 -0.000596598 0)
(0.208248 0.000395249 0)
(0.1936 -6.33036e-05 0)
(0.204652 0.000246033 0)
(0.194875 0.000651466 0)
(0.201006 0.000157391 0)
(0.195296 0.00164799 0)
(0.197379 0.000288395 0)
(0.194446 0.00306 0)
(0.193683 0.00137595 0)
(0.192227 0.00600686 0)
(0.190755 0.00581037 0)
(0.182889 -0.00261593 0)
(0.216171 0.00207338 0)
(0.187444 -0.00173185 0)
(0.213273 0.00140255 0)
(0.191396 -0.00141482 0)
(0.210082 0.000831291 0)
(0.194143 -0.000945158 0)
(0.20692 0.000495654 0)
(0.196104 -0.000396053 0)
(0.203875 0.000260177 0)
(0.197262 0.000228604 0)
(0.201109 0.000106953 0)
(0.197515 0.00101217 0)
(0.198667 0.000127776 0)
(0.196779 0.00196998 0)
(0.196389 0.000615693 0)
(0.195043 0.00328018 0)
(0.194024 0.00235203 0)
(0.192808 0.00604074 0)
(0.192335 0.0067997 0)
(0.187366 -0.00260226 0)
(0.211141 0.00197749 0)
(0.191783 -0.00167266 0)
(0.208498 0.00129459 0)
(0.195295 -0.0013034 0)
(0.205687 0.000713047 0)
(0.197384 -0.000778285 0)
(0.203201 0.000365093 0)
(0.198491 -0.000175781 0)
(0.20109 0.000140492 0)
(0.198697 0.000482744 0)
(0.199353 6.63659e-05 0)
(0.198096 0.00123094 0)
(0.197802 0.000302208 0)
(0.196825 0.00206936 0)
(0.196147 0.00116082 0)
(0.195049 0.00331995 0)
(0.194311 0.00327093 0)
(0.193374 0.00595421 0)
(0.193176 0.00729214 0)
(0.191566 -0.00255509 0)
(0.206473 0.00184738 0)
(0.195126 -0.00158171 0)
(0.204444 0.00116044 0)
(0.19774 -0.00116611 0)
(0.202397 0.000582461 0)
(0.198912 -0.000604908 0)
(0.20081 0.000248409 0)
(0.199178 1.77586e-05 0)
(0.199556 7.54251e-05 0)
(0.198746 0.000660301 0)
(0.198462 0.000133897 0)
(0.197802 0.00131837 0)
(0.197284 0.00060841 0)
(0.196491 0.00206611 0)
(0.19586 0.00174015 0)
(0.194973 0.00335099 0)
(0.194381 0.00396027 0)
(0.193808 0.00589882 0)
(0.193704 0.00744328 0)
(0.194997 -0.0024768 0)
(0.202815 0.00170466 0)
(0.197249 -0.00147287 0)
(0.201573 0.00102239 0)
(0.198831 -0.00102333 0)
(0.200324 0.00046061 0)
(0.199203 -0.000444329 0)
(0.199438 0.000158362 0)
(0.198946 0.000174624 0)
(0.198669 6.43753e-05 0)
(0.198261 0.000762972 0)
(0.197834 0.000283385 0)
(0.197282 0.00133095 0)
(0.196782 0.000960529 0)
(0.196089 0.00206554 0)
(0.195516 0.00223898 0)
(0.194842 0.00344778 0)
(0.194376 0.00440027 0)
(0.194062 0.00588836 0)
(0.194062 0.00736516 0)
(0.19741 -0.00237531 0)
(0.200438 0.00156675 0)
(0.19833 -0.00135547 0)
(0.199893 0.000892169 0)
(0.199068 -0.000881943 0)
(0.199201 0.00035197 0)
(0.198934 -0.000297818 0)
(0.198672 9.36374e-05 0)
(0.198445 0.000295702 0)
(0.198083 0.000103448 0)
(0.197713 0.000809241 0)
(0.197319 0.000482582 0)
(0.196791 0.00132653 0)
(0.196329 0.00129274 0)
(0.195728 0.0021253 0)
(0.195224 0.0026173 0)
(0.194717 0.00360664 0)
(0.194383 0.0046465 0)
(0.194226 0.00588334 0)
(0.194318 0.00715877 0)
(0.198848 -0.002259 0)
(0.199195 0.0014389 0)
(0.198753 -0.00123015 0)
(0.1991 0.000768763 0)
(0.198968 -0.000738767 0)
(0.198675 0.000253769 0)
(0.198584 -0.000162639 0)
(0.198258 5.57423e-05 0)
(0.198014 0.000380702 0)
(0.197695 0.000188132 0)
(0.197295 0.000824999 0)
(0.196941 0.000697855 0)
(0.196436 0.00135044 0)
(0.196008 0.00157021 0)
(0.195488 0.00225049 0)
(0.195064 0.00289162 0)
(0.194679 0.0037819 0)
(0.194465 0.00477085 0)
(0.194401 0.00584523 0)
(0.194553 0.00690086 0)
(0.199558 -0.0021326 0)
(0.198708 0.0013144 0)
(0.19887 -0.00109213 0)
(0.198822 0.00064546 0)
(0.198837 -0.000590503 0)
(0.198483 0.000165999 0)
(0.19835 -4.0856e-05 0)
(0.198068 5.05167e-05 0)
(0.197757 0.000434594 0)
(0.197484 0.000307333 0)
(0.197062 0.000838627 0)
(0.196732 0.000899394 0)
(0.196255 0.00142047 0)
(0.195866 0.00179393 0)
(0.195413 0.00241472 0)
(0.195076 0.00309713 0)
(0.194779 0.00393171 0)
(0.194663 0.00482419 0)
(0.194651 0.00576141 0)
(0.194837 0.00663115 0)
(0.19984 -0.00199678 0)
(0.198604 0.00118181 0)
(0.198889 -0.000937412 0)
(0.198781 0.000518215 0)
(0.198767 -0.000439491 0)
(0.198461 9.30069e-05 0)
(0.19825 6.32475e-05 0)
(0.198024 8.18638e-05 0)
(0.197661 0.00046758 0)
(0.197416 0.000443759 0)
(0.196993 0.000872847 0)
(0.196683 0.0010746 0)
(0.196238 0.00153 0)
(0.195897 0.00198159 0)
(0.195502 0.00258578 0)
(0.195249 0.00325996 0)
(0.195019 0.00403929 0)
(0.194979 0.00483284 0)
(0.194996 0.00564089 0)
(0.195196 0.00636458 0)
(0.199925 -0.0018504 0)
(0.198643 0.00103255 0)
(0.198888 -0.000766324 0)
(0.198825 0.000389393 0)
(0.198748 -0.000293653 0)
(0.198511 4.20987e-05 0)
(0.198239 0.000143138 0)
(0.198058 0.000145599 0)
(0.197673 0.000493344 0)
(0.197446 0.000577145 0)
(0.197036 0.000934361 0)
(0.196754 0.00122631 0)
(0.196342 0.00166187 0)
(0.196059 0.00214753 0)
(0.195718 0.00274197 0)
(0.195542 0.00339035 0)
(0.195367 0.00410523 0)
(0.195382 0.00480848 0)
(0.195415 0.00549829 0)
(0.195617 0.0061058 0)
(0.199942 -0.00169274 0)
(0.198723 0.000863941 0)
(0.198889 -0.00058369 0)
(0.198889 0.000267043 0)
(0.198755 -0.000163532 0)
(0.198581 2.0393e-05 0)
(0.198276 0.00019539 0)
(0.198124 0.000229978 0)
(0.197742 0.000526586 0)
(0.19753 0.000696884 0)
(0.197145 0.00101836 0)
(0.196897 0.00136234 0)
(0.196525 0.00179921 0)
(0.196301 0.00229771 0)
(0.196014 0.00287501 0)
(0.195904 0.00349005 0)
(0.195776 0.00413592 0)
(0.195828 0.00475743 0)
(0.19587 0.00534397 0)
(0.196066 0.00585644 0)
(0.199944 -0.00152454 0)
(0.198812 0.000679144 0)
(0.198897 -0.000398241 0)
(0.198951 0.000162415 0)
(0.19878 -5.78292e-05 0)
(0.198649 3.00191e-05 0)
(0.198339 0.000227644 0)
(0.198201 0.000318294 0)
(0.197839 0.000574602 0)
(0.197642 0.000803512 0)
(0.197291 0.00111639 0)
(0.197079 0.00148854 0)
(0.196755 0.00193092 0)
(0.196583 0.00243145 0)
(0.196354 0.00298346 0)
(0.196294 0.00355963 0)
(0.196207 0.00413758 0)
(0.19628 0.00468503 0)
(0.196328 0.00518369 0)
(0.196508 0.00561732 0)
(0.199949 -0.00134827 0)
(0.198906 0.000485841 0)
(0.198917 -0.000221706 0)
(0.199006 8.68241e-05 0)
(0.19882 1.9519e-05 0)
(0.19871 6.93038e-05 0)
(0.19842 0.000254563 0)
(0.198283 0.000398425 0)
(0.197955 0.000635665 0)
(0.197769 0.000901091 0)
(0.197462 0.00121957 0)
(0.197283 0.00160715 0)
(0.197015 0.00205119 0)
(0.196887 0.00254585 0)
(0.196714 0.00306755 0)
(0.19669 0.00360131 0)
(0.196639 0.00411565 0)
(0.196719 0.00459668 0)
(0.19677 0.00502139 0)
(0.196927 0.00538934 0)
(0.199958 -0.00116798 0)
(0.199006 0.000294875 0)
(0.198951 -6.95256e-05 0)
(0.199054 5.09476e-05 0)
(0.198877 6.73635e-05 0)
(0.198768 0.000124779 0)
(0.198514 0.000286463 0)
(0.198373 0.000468413 0)
(0.198086 0.000704469 0)
(0.197911 0.000993126 0)
(0.197653 0.00132128 0)
(0.197506 0.00171744 0)
(0.197297 0.00215689 0)
(0.197204 0.00263905 0)
(0.197084 0.00312781 0)
(0.197082 0.00361828 0)
(0.197061 0.004075 0)
(0.197138 0.00449745 0)
(0.197189 0.00486037 0)
(0.197318 0.00517351 0)
(0.199969 -0.000989342 0)
(0.199113 0.000118981 0)
(0.199002 4.40514e-05 0)
(0.199097 6.13994e-05 0)
(0.198948 9.79752e-05 0)
(0.19883 0.000179343 0)
(0.198616 0.000323535 0)
(0.198477 0.000529646 0)
(0.198232 0.000774071 0)
(0.19807 0.00108046 0)
(0.197863 0.00141694 0)
(0.197747 0.00181677 0)
(0.197595 0.00224563 0)
(0.197533 0.00271006 0)
(0.197458 0.00316495 0)
(0.197471 0.00361376 0)
(0.197471 0.00401966 0)
(0.197538 0.00439154 0)
(0.197585 0.00470312 0)
(0.197683 0.00497056 0)
(0.199979 -0.000817852 0)
(0.199228 -3.22726e-05 0)
(0.19907 0.000110517 0)
(0.199141 0.000108447 0)
(0.199023 0.000135047 0)
(0.198902 0.000233567 0)
(0.198726 0.000368598 0)
(0.198595 0.000587022 0)
(0.198391 0.000841489 0)
(0.198248 0.00116258 0)
(0.19809 0.0015043 0)
(0.198006 0.00190277 0)
(0.197906 0.00231625 0)
(0.197872 0.00275863 0)
(0.197834 0.00318006 0)
(0.197857 0.00359059 0)
(0.197869 0.00395267 0)
(0.197924 0.00428178 0)
(0.197959 0.00455089 0)
(0.198025 0.00478029 0)
(0.199987 -0.000657801 0)
(0.199348 -0.000151024 0)
(0.199156 0.000130683 0)
(0.199192 0.000170817 0)
(0.199099 0.000187073 0)
(0.198982 0.000293219 0)
(0.19884 0.000423351 0)
(0.198728 0.000645598 0)
(0.198564 0.000906347 0)
(0.198447 0.00123783 0)
(0.19833 0.0015812 0)
(0.198281 0.00197333 0)
(0.198225 0.00236797 0)
(0.19822 0.00278531 0)
(0.198209 0.00317445 0)
(0.19824 0.0035506 0)
(0.198257 0.00387542 0)
(0.198298 0.00416876 0)
(0.198314 0.00440284 0)
(0.198346 0.00460056 0)
(0.199991 -0.000516267 0)
(0.199467 -0.000225156 0)
(0.199257 0.00011742 0)
(0.199254 0.000225413 0)
(0.199175 0.000250984 0)
(0.199069 0.000361322 0)
(0.198956 0.000489002 0)
(0.198872 0.000709999 0)
(0.198748 0.000970132 0)
(0.198661 0.00130525 0)
(0.198583 0.00164542 0)
(0.198568 0.0020267 0)
(0.198551 0.0023997 0)
(0.198573 0.00279044 0)
(0.198583 0.00314876 0)
(0.19862 0.00349382 0)
(0.198635 0.00378682 0)
(0.19866 0.00404998 0)
(0.198652 0.0042551 0)
(0.198647 0.00442641 0)
(0.199993 -0.000397621 0)
(0.199578 -0.000249651 0)
(0.199367 8.2564e-05 0)
(0.199329 0.000253581 0)
(0.199251 0.000315414 0)
(0.19916 0.000439434 0)
(0.199074 0.000567663 0)
(0.199021 0.000784757 0)
(0.198938 0.00103685 0)
(0.198887 0.00136658 0)
(0.198845 0.00169709 0)
(0.198861 0.00206283 0)
(0.198878 0.00241188 0)
(0.198925 0.00277481 0)
(0.198953 0.00310328 0)
(0.198994 0.00341921 0)
(0.199004 0.00368403 0)
(0.19901 0.00392089 0)
(0.198974 0.0041017 0)
(0.198928 0.00425098 0)
(0.199993 -0.000301095 0)
(0.199676 -0.000234599 0)
(0.199478 3.88902e-05 0)
(0.199417 0.000256199 0)
(0.199335 0.000365927 0)
(0.199254 0.00052079 0)
(0.199191 0.00065871 0)
(0.199171 0.000873241 0)
(0.19913 0.00111294 0)
(0.199116 0.00142838 0)
(0.199109 0.00174219 0)
(0.199155 0.00208724 0)
(0.199201 0.00241014 0)
(0.199271 0.00274364 0)
(0.199315 0.00304202 0)
(0.199359 0.00332896 0)
(0.199362 0.0035672 0)
(0.199346 0.00377975 0)
(0.199278 0.00393939 0)
(0.199189 0.00406996 0)
(0.199993 -0.000222388 0)
(0.199756 -0.000198607 0)
(0.199582 1.11224e-05 0)
(0.199514 0.000243498 0)
(0.199427 0.000398358 0)
(0.199356 0.000592845 0)
(0.199309 0.000754059 0)
(0.199319 0.000972026 0)
(0.199317 0.00119896 0)
(0.199341 0.00149526 0)
(0.199368 0.00178682 0)
(0.199442 0.00210694 0)
(0.199516 0.00240148 0)
(0.199605 0.00270354 0)
(0.199664 0.0029707 0)
(0.199709 0.00322763 0)
(0.199703 0.00343943 0)
(0.199664 0.00362839 0)
(0.199564 0.00376877 0)
(0.199429 0.0038831 0)
(0.199992 -0.000158337 0)
(0.19982 -0.000153162 0)
(0.199674 9.38441e-06 0)
(0.199613 0.000231223 0)
(0.19953 0.000413941 0)
(0.199468 0.000646882 0)
(0.199434 0.000838669 0)
(0.199466 0.00106787 0)
(0.199499 0.00128598 0)
(0.199558 0.00156172 0)
(0.199619 0.00182846 0)
(0.199718 0.00212069 0)
(0.199815 0.00238512 0)
(0.199921 0.0026543 0)
(0.199992 0.00288935 0)
(0.200037 0.00311541 0)
(0.200022 0.00330065 0)
(0.19996 0.00346646 0)
(0.199828 0.00358896 0)
(0.199648 0.00368906 0)
(0.199991 -0.000107493 0)
(0.199871 -0.000102338 0)
(0.199754 2.84293e-05 0)
(0.199708 0.000235889 0)
(0.199639 0.000427886 0)
(0.199591 0.000684658 0)
(0.199567 0.000904993 0)
(0.199614 0.00114877 0)
(0.199674 0.00136389 0)
(0.199764 0.00162039 0)
(0.199855 0.00186154 0)
(0.199977 0.00212369 0)
(0.200094 0.00235708 0)
(0.200212 0.00259323 0)
(0.200293 0.00279645 0)
(0.200337 0.00299187 0)
(0.200314 0.00315092 0)
(0.200231 0.00329422 0)
(0.200069 0.00339997 0)
(0.199848 0.00348744 0)
(0.199991 -6.65558e-05 0)
(0.199911 -5.07004e-05 0)
(0.199822 6.3431e-05 0)
(0.199797 0.000259255 0)
(0.199749 0.000452335 0)
(0.199721 0.000714954 0)
(0.19971 0.000951115 0)
(0.199767 0.00120721 0)
(0.199846 0.00142268 0)
(0.199958 0.00166413 0)
(0.200074 0.00188141 0)
(0.200214 0.00211407 0)
(0.200348 0.00231737 0)
(0.200476 0.00252214 0)
(0.200563 0.0026957 0)
(0.200606 0.00286242 0)
(0.200575 0.00299682 0)
(0.200473 0.00311866 0)
(0.200286 0.00320852 0)
(0.200027 0.00328419 0)
(0.19999 -3.39277e-05 0)
(0.199942 -7.952e-07 0)
(0.199881 0.00010679 0)
(0.199878 0.000296861 0)
(0.199855 0.000485712 0)
(0.199852 0.000745191 0)
(0.199857 0.000981905 0)
(0.199923 0.00124281 0)
(0.200015 0.00145719 0)
(0.200142 0.0016866 0)
(0.200276 0.00188416 0)
(0.200429 0.00209087 0)
(0.200575 0.00226694 0)
(0.20071 0.0024431 0)
(0.200802 0.00259004 0)
(0.200841 0.0027315 0)
(0.200802 0.0028444 0)
(0.200683 0.00294746 0)
(0.200474 0.00302302 0)
(0.200185 0.00308798 0)
(0.199991 -5.57231e-06 0)
(0.199966 4.37636e-05 0)
(0.199933 0.000152907 0)
(0.199953 0.000339456 0)
(0.199956 0.000524421 0)
(0.199978 0.000773282 0)
(0.200004 0.00100224 0)
(0.20008 0.00125609 0)
(0.20018 0.00146554 0)
(0.200316 0.0016827 0)
(0.200462 0.00186401 0)
(0.200622 0.00204895 0)
(0.200776 0.0022016 0)
(0.200914 0.00235215 0)
(0.201008 0.00247468 0)
(0.201044 0.00259307 0)
(0.200998 0.0026871 0)
(0.200864 0.00277494 0)
(0.200635 0.00283998 0)
(0.200321 0.0028971 0)
(0.199991 1.915e-05 0)
(0.199985 9.20387e-05 0)
(0.199978 0.00020641 0)
(0.200021 0.000389734 0)
(0.20005 0.000569565 0)
(0.200097 0.000804669 0)
(0.200143 0.00101922 0)
(0.20023 0.00125753 0)
(0.200339 0.00145499 0)
(0.20048 0.00165709 0)
(0.200632 0.00182152 0)
(0.200795 0.00198603 0)
(0.20095 0.00211787 0)
(0.201086 0.00224621 0)
(0.20118 0.00234787 0)
(0.201213 0.00244621 0)
(0.201164 0.00252355 0)
(0.201021 0.00259751 0)
(0.200778 0.00265291 0)
(0.20044 0.00270324 0)
(0.199993 6.6207e-05 0)
(0.200017 0.000215972 0)
(0.200065 0.000368151 0)
(0.200158 0.000558012 0)
(0.200246 0.000726034 0)
(0.200344 0.000929026 0)
(0.200438 0.00110422 0)
(0.200551 0.00129629 0)
(0.200679 0.00145058 0)
(0.200825 0.00160496 0)
(0.200982 0.00172242 0)
(0.201141 0.00183363 0)
(0.201293 0.00191349 0)
(0.20142 0.00198647 0)
(0.201507 0.00203607 0)
(0.201529 0.00208256 0)
(0.20147 0.00211435 0)
(0.20131 0.00214755 0)
(0.201044 0.00217277 0)
(0.200673 0.00220266 0)
(0.199996 0.000113406 0)
(0.200035 0.000335768 0)
(0.200107 0.000527714 0)
(0.200213 0.000717879 0)
(0.200328 0.000864801 0)
(0.200451 0.00101812 0)
(0.200574 0.00113642 0)
(0.200695 0.00125949 0)
(0.200816 0.00135128 0)
(0.200929 0.00143954 0)
(0.201036 0.00149874 0)
(0.201125 0.00155007 0)
(0.201198 0.00157671 0)
(0.201241 0.00159614 0)
(0.201257 0.00159814 0)
(0.201227 0.00159839 0)
(0.201153 0.0015911 0)
(0.201022 0.00159005 0)
(0.200843 0.00159093 0)
(0.200614 0.00160423 0)
(0.2 0.000121439 0)
(0.200034 0.00034797 0)
(0.2001 0.000535307 0)
(0.200184 0.000709144 0)
(0.200286 0.000834937 0)
(0.200392 0.000955207 0)
(0.200508 0.00103655 0)
(0.200613 0.00111533 0)
(0.200718 0.00116593 0)
(0.200803 0.00121385 0)
(0.200875 0.00124104 0)
(0.200917 0.00126581 0)
(0.200938 0.0012757 0)
(0.200924 0.00128467 0)
(0.20089 0.00128426 0)
(0.200829 0.0012861 0)
(0.200758 0.00128449 0)
(0.200674 0.0012893 0)
(0.200596 0.00129586 0)
(0.200518 0.00131155 0)
(0.200003 0.000111144 0)
(0.200026 0.000312743 0)
(0.200083 0.000479222 0)
(0.200143 0.000631948 0)
(0.200225 0.000741328 0)
(0.2003 0.000842497 0)
(0.200386 0.000906941 0)
(0.200456 0.000965906 0)
(0.200528 0.000999506 0)
(0.200577 0.00103059 0)
(0.20062 0.00104576 0)
(0.200635 0.00106141 0)
(0.200638 0.00106814 0)
(0.200616 0.00107799 0)
(0.200587 0.00108363 0)
(0.200544 0.00109403 0)
(0.200508 0.00110283 0)
(0.200476 0.00111676 0)
(0.200466 0.00112996 0)
(0.200469 0.00114751 0)
(0.200004 9.43078e-05 0)
(0.200019 0.000262079 0)
(0.200064 0.000401729 0)
(0.200102 0.000529327 0)
(0.200159 0.000620863 0)
(0.200203 0.000705595 0)
(0.200259 0.000760157 0)
(0.200298 0.000810659 0)
(0.200343 0.000840928 0)
(0.200367 0.000869983 0)
(0.200393 0.000886917 0)
(0.200397 0.000905231 0)
(0.200401 0.000917011 0)
(0.200388 0.000932004 0)
(0.200379 0.000943677 0)
(0.200363 0.0009591 0)
(0.20036 0.0009723 0)
(0.200362 0.000988506 0)
(0.200383 0.0010022 0)
(0.200412 0.00101757 0)
(0.200005 7.60968e-05 0)
(0.200011 0.000209742 0)
(0.200045 0.000322353 0)
(0.200065 0.000426229 0)
(0.200105 0.000502308 0)
(0.200129 0.000574566 0)
(0.200165 0.000623583 0)
(0.200184 0.000670493 0)
(0.200211 0.000701714 0)
(0.200221 0.000732399 0)
(0.200237 0.000753338 0)
(0.200239 0.00077517 0)
(0.200246 0.000791123 0)
(0.200244 0.000808898 0)
(0.20025 0.000822905 0)
(0.200252 0.000838881 0)
(0.200267 0.000851838 0)
(0.200283 0.000866267 0)
(0.200314 0.000877676 0)
(0.200346 0.000889864 0)
(0.200006 6.02599e-05 0)
(0.200006 0.000165301 0)
(0.200032 0.000255763 0)
(0.200042 0.00034039 0)
(0.200071 0.000403929 0)
(0.200083 0.000465529 0)
(0.200108 0.000509211 0)
(0.200116 0.000551929 0)
(0.200133 0.000582417 0)
(0.200136 0.000612631 0)
(0.200146 0.000634842 0)
(0.200145 0.000657319 0)
(0.200151 0.000674357 0)
(0.20015 0.000692008 0)
(0.20016 0.000705684 0)
(0.200167 0.000720101 0)
(0.200187 0.000731319 0)
(0.200208 0.00074322 0)
(0.200241 0.000752311 0)
(0.200274 0.000761949 0)
(0.200006 4.77038e-05 0)
(0.200003 0.000130439 0)
(0.200023 0.000203046 0)
(0.200028 0.000271643 0)
(0.20005 0.00032407 0)
(0.200056 0.000375528 0)
(0.200074 0.000413006 0)
(0.200077 0.000450067 0)
(0.200089 0.00047751 0)
(0.200087 0.000504802 0)
(0.200093 0.000525612 0)
(0.200089 0.000546448 0)
(0.200093 0.000562645 0)
(0.200091 0.000578994 0)
(0.200101 0.000591768 0)
(0.200108 0.000604762 0)
(0.200128 0.000614811 0)
(0.200149 0.000625114 0)
(0.200181 0.00063289 0)
(0.200213 0.000640952 0)
(0.200005 3.76755e-05 0)
(0.200001 0.000102723 0)
(0.200018 0.000160614 0)
(0.20002 0.000215671 0)
(0.200037 0.000258224 0)
(0.20004 0.000300324 0)
(0.200054 0.000331448 0)
(0.200054 0.00036244 0)
(0.200063 0.000385863 0)
(0.200059 0.000409259 0)
(0.200064 0.000427515 0)
(0.200059 0.000445777 0)
(0.200062 0.000460266 0)
(0.20006 0.000474756 0)
(0.200067 0.000486226 0)
(0.200074 0.000497689 0)
(0.200091 0.00050659 0)
(0.20011 0.000515505 0)
(0.200138 0.000522208 0)
(0.200166 0.000528997 0)
(0.200005 2.95313e-05 0)
(0.2 8.03151e-05 0)
(0.200014 0.000126 0)
(0.200014 0.000169614 0)
(0.200029 0.000203588 0)
(0.20003 0.000237352 0)
(0.200041 0.000262544 0)
(0.200041 0.000287718 0)
(0.200048 0.000306965 0)
(0.200044 0.000326222 0)
(0.200048 0.000341434 0)
(0.200043 0.000356637 0)
(0.200046 0.000368831 0)
(0.200044 0.000380976 0)
(0.20005 0.000390671 0)
(0.200055 0.000400286 0)
(0.20007 0.000407793 0)
(0.200084 0.00041523 0)
(0.200108 0.00042083 0)
(0.200132 0.000426428 0)
(0.200004 2.27505e-05 0)
(0.2 6.17473e-05 0)
(0.200012 9.70902e-05 0)
(0.200011 0.000130886 0)
(0.200023 0.000157346 0)
(0.200024 0.000183693 0)
(0.200034 0.000203451 0)
(0.200033 0.000223217 0)
(0.200039 0.000238416 0)
(0.200036 0.000253623 0)
(0.200039 0.000265706 0)
(0.200035 0.000277767 0)
(0.200037 0.000287497 0)
(0.200035 0.000297166 0)
(0.200041 0.000304925 0)
(0.200044 0.000312595 0)
(0.200056 0.000318613 0)
(0.200068 0.000324546 0)
(0.200087 0.000329034 0)
(0.200106 0.000333493 0)
(0.200004 1.69198e-05 0)
(0.199999 4.58486e-05 0)
(0.20001 7.21896e-05 0)
(0.200009 9.73884e-05 0)
(0.20002 0.000117174 0)
(0.20002 0.000136888 0)
(0.200028 0.000151709 0)
(0.200027 0.000166536 0)
(0.200033 0.000177967 0)
(0.20003 0.000189397 0)
(0.200033 0.000198502 0)
(0.20003 0.000207582 0)
(0.200032 0.000214924 0)
(0.200031 0.000222212 0)
(0.200035 0.000228076 0)
(0.200038 0.000233865 0)
(0.200048 0.00023842 0)
(0.200057 0.000242907 0)
(0.200073 0.000246315 0)
(0.200087 0.000249695 0)
(0.200003 1.17345e-05 0)
(0.199999 3.1759e-05 0)
(0.200008 5.00447e-05 0)
(0.200008 6.75341e-05 0)
(0.200017 8.12897e-05 0)
(0.200017 9.49947e-05 0)
(0.200024 0.00010531 0)
(0.200024 0.000115627 0)
(0.200029 0.000123588 0)
(0.200027 0.000131543 0)
(0.200029 0.000137885 0)
(0.200027 0.000144204 0)
(0.200029 0.000149318 0)
(0.200027 0.00015439 0)
(0.200031 0.000158476 0)
(0.200034 0.000162509 0)
(0.200042 0.000165688 0)
(0.200049 0.00016882 0)
(0.200062 0.000171206 0)
(0.200074 0.000173574 0)
(0.200003 6.9443e-06 0)
(0.199999 1.87795e-05 0)
(0.200008 2.96038e-05 0)
(0.200007 3.99545e-05 0)
(0.200015 4.81015e-05 0)
(0.200015 5.62181e-05 0)
(0.200022 6.23294e-05 0)
(0.200021 6.84403e-05 0)
(0.200026 7.3158e-05 0)
(0.200024 7.78705e-05 0)
(0.200027 8.163e-05 0)
(0.200024 8.53744e-05 0)
(0.200026 8.84078e-05 0)
(0.200025 9.14155e-05 0)
(0.200029 9.38416e-05 0)
(0.200031 9.62351e-05 0)
(0.200038 9.81257e-05 0)
(0.200044 9.9987e-05 0)
(0.200055 0.000101408 0)
(0.200065 0.000102817 0)
(0.200003 2.30911e-06 0)
(0.199999 6.24254e-06 0)
(0.200007 9.84176e-06 0)
(0.200006 1.32836e-05 0)
(0.200014 1.59926e-05 0)
(0.200014 1.86918e-05 0)
(0.20002 2.07239e-05 0)
(0.20002 2.27561e-05 0)
(0.200024 2.43253e-05 0)
(0.200023 2.58932e-05 0)
(0.200025 2.7145e-05 0)
(0.200023 2.83923e-05 0)
(0.200025 2.94041e-05 0)
(0.200024 3.04077e-05 0)
(0.200028 3.12185e-05 0)
(0.200029 3.20184e-05 0)
(0.200036 3.2651e-05 0)
(0.200041 3.32733e-05 0)
(0.200051 3.37487e-05 0)
(0.20006 3.42193e-05 0)
)
;

boundaryField
{
    top
    {
        type            fixedValue;
        value           uniform (0.2 0 0);
    }
    inlet
    {
        type            fixedValue;
        value           uniform (0.2 0 0);
    }
    outlet
    {
        type            zeroGradient;
    }
    plate
    {
        type            fixedValue;
        value           uniform (0 0 0);
    }
    symmBound
    {
        type            zeroGradient;
    }
    frontAndBack
    {
        type            empty;
    }
}


// ************************************************************************* //
