/*--------------------------------*- C++ -*----------------------------------*\
| =========                 |                                                 |
| \\      /  F ield         | OpenFOAM: The Open Source CFD Toolbox           |
|  \\    /   O peration     | Version:  5.x                                   |
|   \\  /    A nd           | Web:      www.OpenFOAM.org                      |
|    \\/     M anipulation  |                                                 |
\*---------------------------------------------------------------------------*/
FoamFile
{
    version     2.0;
    format      ascii;
    class       surfaceScalarField;
    location    "0.9";
    object      phi;
}
// * * * * * * * * * * * * * * * * * * * * * * * * * * * * * * * * * * * * * //

dimensions      [0 3 -1 0 0 0 0];

internalField   nonuniform List<scalar> 
4850
(
7.34457e-08
6.94017e-09
-8.03859e-08
6.46407e-08
8.80502e-09
5.57161e-08
8.92457e-09
4.68389e-08
8.87725e-09
3.81936e-08
8.64525e-09
3.03997e-08
7.7939e-09
2.43232e-08
6.07648e-09
2.03704e-08
3.95288e-09
1.80892e-08
2.28119e-09
1.67017e-08
1.38742e-09
1.57366e-08
9.65154e-10
1.4965e-08
7.71578e-10
1.42712e-08
6.93792e-10
1.36116e-08
6.59636e-10
1.29833e-08
6.28257e-10
1.23918e-08
5.91545e-10
1.18447e-08
5.47067e-10
1.13406e-08
5.04139e-10
1.08791e-08
4.61508e-10
1.04511e-08
4.27951e-10
1.00546e-08
3.96509e-10
9.68218e-09
3.72426e-10
9.3351e-09
3.47083e-10
9.00329e-09
3.31805e-10
8.69285e-09
3.10442e-10
8.39456e-09
2.98294e-10
8.11563e-09
2.78921e-10
7.84445e-09
2.71189e-10
7.59282e-09
2.51626e-10
7.34405e-09
2.48767e-10
7.11432e-09
2.29736e-10
6.88177e-09
2.32546e-10
6.66957e-09
2.12197e-10
6.44927e-09
2.20308e-10
2.12953e-10
8.82392e-08
6.47984e-09
-8.77789e-08
8.71884e-08
9.85589e-09
8.50501e-08
1.10628e-08
8.22093e-08
1.17181e-08
7.86278e-08
1.22268e-08
7.43267e-08
1.2095e-08
6.95802e-08
1.0823e-08
6.49483e-08
8.58477e-09
6.08489e-08
6.38064e-09
5.72237e-08
5.01258e-09
5.39183e-08
4.27055e-09
5.08895e-08
3.8004e-09
4.81299e-08
3.45345e-09
4.56326e-08
3.15686e-09
4.33853e-08
2.87559e-09
4.13536e-08
2.62321e-09
3.9514e-08
2.38672e-09
3.78332e-08
2.18488e-09
3.62945e-08
2.0002e-09
3.48657e-08
1.85676e-09
3.35404e-08
1.72181e-09
3.2294e-08
1.61885e-09
3.11298e-08
1.51133e-09
3.00217e-08
1.4399e-09
2.89854e-08
1.3467e-09
2.79914e-08
1.29227e-09
2.70624e-08
1.20791e-09
2.61607e-08
1.1729e-09
2.53228e-08
1.08952e-09
2.44954e-08
1.07623e-09
2.37337e-08
9.91369e-10
2.2962e-08
1.00429e-09
2.22647e-08
9.09476e-10
2.1533e-08
9.52021e-10
8.85638e-10
9.6e-08
6.08872e-09
-9.56089e-08
9.64201e-08
9.43578e-09
9.63395e-08
1.11433e-08
9.60716e-08
1.1986e-08
9.56251e-08
1.26733e-08
9.47462e-08
1.2974e-08
9.3245e-08
1.23241e-08
9.12362e-08
1.05936e-08
8.90607e-08
8.5562e-09
8.68646e-08
7.20862e-09
8.45871e-08
6.54803e-09
8.21932e-08
6.1943e-09
7.97207e-08
5.92595e-09
7.7207e-08
5.67056e-09
7.46964e-08
5.38622e-09
7.22067e-08
5.11288e-09
6.97707e-08
4.82272e-09
6.73985e-08
4.55708e-09
6.51166e-08
4.28209e-09
6.29121e-08
4.06134e-09
6.08042e-08
3.82971e-09
5.87716e-08
3.65141e-09
5.68357e-08
3.4472e-09
5.49655e-08
3.31012e-09
5.31958e-08
3.11641e-09
5.14818e-08
3.00623e-09
4.98674e-08
2.82231e-09
4.82886e-08
2.7517e-09
4.6811e-08
2.56711e-09
4.53437e-08
2.54362e-09
4.39874e-08
2.3476e-09
4.26087e-08
2.38305e-09
4.136e-08
2.15812e-09
4.00466e-08
2.26542e-09
2.07277e-09
1.04249e-07
5.96674e-09
-1.04127e-07
1.04801e-07
8.88447e-09
1.05108e-07
1.08365e-08
1.05344e-07
1.175e-08
1.05685e-07
1.23316e-08
1.05978e-07
1.26809e-08
1.05957e-07
1.23453e-08
1.05498e-07
1.1053e-08
1.04765e-07
9.28868e-09
1.03952e-07
8.02198e-09
1.03048e-07
7.45139e-09
1.0199e-07
7.25316e-09
1.0078e-07
7.13558e-09
9.94251e-08
7.02528e-09
9.79484e-08
6.86301e-09
9.63446e-08
6.71662e-09
9.46376e-08
6.52976e-09
9.28291e-08
6.3655e-09
9.09591e-08
6.15212e-09
8.90211e-08
5.99932e-09
8.7054e-08
5.79685e-09
8.50387e-08
5.66669e-09
8.30137e-08
5.47225e-09
8.09475e-08
5.37627e-09
7.89048e-08
5.15913e-09
7.68455e-08
5.06553e-09
7.48495e-08
4.81829e-09
7.28426e-08
4.75867e-09
7.09219e-08
4.48781e-09
6.89719e-08
4.49356e-09
6.71375e-08
4.18199e-09
6.52481e-08
4.27245e-09
6.35098e-08
3.89647e-09
6.16716e-08
4.10355e-09
3.7456e-09
1.13316e-07
5.97078e-09
-1.1332e-07
1.13807e-07
8.39391e-09
1.14252e-07
1.03913e-08
1.14579e-07
1.14236e-08
1.14997e-07
1.19131e-08
1.15487e-07
1.21906e-08
1.15852e-07
1.19801e-08
1.15908e-07
1.09974e-08
1.15718e-07
9.47895e-09
1.15477e-07
8.26306e-09
1.15232e-07
7.69643e-09
1.14916e-07
7.56893e-09
1.14515e-07
7.53689e-09
1.14016e-07
7.52419e-09
1.13434e-07
7.4448e-09
1.12746e-07
7.40452e-09
1.1196e-07
7.31553e-09
1.11054e-07
7.27212e-09
1.10054e-07
7.1519e-09
1.0894e-07
7.11338e-09
1.07747e-07
6.98987e-09
1.06443e-07
6.9701e-09
1.05062e-07
6.85329e-09
1.03549e-07
6.88914e-09
1.01961e-07
6.7478e-09
1.00247e-07
6.77966e-09
9.85044e-08
6.56055e-09
9.66652e-08
6.59784e-09
9.4838e-08
6.31508e-09
9.28983e-08
6.43322e-09
9.10016e-08
6.07871e-09
8.89868e-08
6.28726e-09
8.70663e-08
5.81693e-09
8.50071e-08
6.1628e-09
5.68968e-09
1.2316e-07
6.02501e-09
-1.23214e-07
1.23556e-07
7.99781e-09
1.24076e-07
9.87136e-09
1.24479e-07
1.10203e-08
1.24888e-07
1.15042e-08
1.25365e-07
1.17136e-08
1.25797e-07
1.15487e-08
1.25995e-07
1.07992e-08
1.25955e-07
9.5195e-09
1.25857e-07
8.36082e-09
1.25799e-07
7.75419e-09
1.25733e-07
7.63456e-09
1.25635e-07
7.63535e-09
1.25486e-07
7.6732e-09
1.25308e-07
7.62298e-09
1.2508e-07
7.63191e-09
1.24813e-07
7.58331e-09
1.24474e-07
7.61034e-09
1.24086e-07
7.54067e-09
1.23618e-07
7.58054e-09
1.23102e-07
7.50617e-09
1.22503e-07
7.56947e-09
1.21847e-07
7.50934e-09
1.21072e-07
7.66416e-09
1.20206e-07
7.61311e-09
1.19188e-07
7.79767e-09
1.1809e-07
7.65879e-09
1.16862e-07
7.82559e-09
1.15595e-07
7.58197e-09
1.14182e-07
7.84713e-09
1.12714e-07
7.54583e-09
1.1109e-07
7.91146e-09
1.09447e-07
7.46017e-09
1.0766e-07
7.94965e-09
7.50532e-09
1.33754e-07
6.10198e-09
-1.33831e-07
1.34075e-07
7.67653e-09
1.34618e-07
9.32822e-09
1.35101e-07
1.0538e-08
1.35522e-07
1.10831e-08
1.35968e-07
1.12673e-08
1.364e-07
1.11166e-08
1.36657e-07
1.05428e-08
1.3668e-07
9.49617e-09
1.36611e-07
8.42937e-09
1.36584e-07
7.78154e-09
1.36581e-07
7.63799e-09
1.36567e-07
7.64909e-09
1.3652e-07
7.72058e-09
1.36462e-07
7.68055e-09
1.36387e-07
7.70679e-09
1.36307e-07
7.66347e-09
1.36199e-07
7.71784e-09
1.36078e-07
7.66202e-09
1.35921e-07
7.73709e-09
1.3575e-07
7.67759e-09
1.35543e-07
7.77689e-09
1.35317e-07
7.73495e-09
1.35032e-07
7.94926e-09
1.3469e-07
7.95475e-09
1.34245e-07
8.24264e-09
1.33722e-07
8.18216e-09
1.33103e-07
8.44476e-09
1.32439e-07
8.24526e-09
1.31684e-07
8.60223e-09
1.30826e-07
8.40374e-09
1.29843e-07
8.89458e-09
1.28752e-07
8.55128e-09
1.27575e-07
9.12721e-09
8.84052e-09
1.4513e-07
6.15775e-09
-1.45185e-07
1.45405e-07
7.40111e-09
1.45938e-07
8.79566e-09
1.46473e-07
1.00027e-08
1.46928e-07
1.06281e-08
1.47359e-07
1.08363e-08
1.47775e-07
1.07005e-08
1.48064e-07
1.02536e-08
1.48143e-07
9.41693e-09
1.48095e-07
8.47746e-09
1.48067e-07
7.81015e-09
1.48079e-07
7.62584e-09
1.48092e-07
7.63565e-09
1.48079e-07
7.73399e-09
1.48052e-07
7.70727e-09
1.4802e-07
7.73923e-09
1.47992e-07
7.6915e-09
1.47959e-07
7.74995e-09
1.47926e-07
7.69535e-09
1.47883e-07
7.78037e-09
1.47835e-07
7.72561e-09
1.47781e-07
7.83111e-09
1.47722e-07
7.79349e-09
1.47652e-07
8.01965e-09
1.47551e-07
8.05501e-09
1.47409e-07
8.38495e-09
1.4721e-07
8.38107e-09
1.46967e-07
8.68789e-09
1.46688e-07
8.52474e-09
1.46399e-07
8.89105e-09
1.46011e-07
8.7917e-09
1.45563e-07
9.34241e-09
1.44985e-07
9.12941e-09
1.44397e-07
9.715e-09
9.61589e-09
1.57406e-07
6.17134e-09
-1.57419e-07
1.57627e-07
7.17998e-09
1.58104e-07
8.31812e-09
1.58663e-07
9.44377e-09
1.59156e-07
1.01351e-08
1.5959e-07
1.04022e-08
1.59988e-07
1.03032e-08
1.60294e-07
9.94762e-09
1.60424e-07
9.28678e-09
1.60406e-07
8.49539e-09
1.60376e-07
7.83954e-09
1.60392e-07
7.60993e-09
1.60421e-07
7.60683e-09
1.60432e-07
7.72342e-09
1.60421e-07
7.71825e-09
1.60406e-07
7.75376e-09
1.60395e-07
7.70247e-09
1.60392e-07
7.75361e-09
1.60388e-07
7.6988e-09
1.60386e-07
7.78209e-09
1.60377e-07
7.73547e-09
1.60372e-07
7.83555e-09
1.6036e-07
7.80568e-09
1.60357e-07
8.02218e-09
1.60336e-07
8.07609e-09
1.6031e-07
8.41165e-09
1.60247e-07
8.44331e-09
1.60175e-07
8.75979e-09
1.6007e-07
8.63005e-09
1.60003e-07
8.95831e-09
1.59864e-07
8.93042e-09
1.59714e-07
9.49271e-09
1.59456e-07
9.38682e-09
1.59238e-07
9.93385e-09
9.98041e-09
1.70644e-07
6.08493e-09
-1.70558e-07
1.70851e-07
6.97307e-09
1.71257e-07
7.91232e-09
1.71799e-07
8.90103e-09
1.7232e-07
9.61421e-09
1.7277e-07
9.95221e-09
1.73155e-07
9.91833e-09
1.73465e-07
9.63831e-09
1.73634e-07
9.11756e-09
1.73652e-07
8.47686e-09
1.73629e-07
7.86275e-09
1.73643e-07
7.59567e-09
1.73682e-07
7.5681e-09
1.73713e-07
7.69205e-09
1.73719e-07
7.71313e-09
1.73717e-07
7.75559e-09
1.73715e-07
7.70403e-09
1.73725e-07
7.74394e-09
1.73736e-07
7.68799e-09
1.73753e-07
7.76487e-09
1.73758e-07
7.72983e-09
1.73771e-07
7.82339e-09
1.73771e-07
7.80567e-09
1.73784e-07
8.009e-09
1.73785e-07
8.0748e-09
1.73794e-07
8.40302e-09
1.73782e-07
8.45455e-09
1.73777e-07
8.76577e-09
1.73738e-07
8.66892e-09
1.73744e-07
8.95237e-09
1.73703e-07
8.97056e-09
1.73675e-07
9.52147e-09
1.73569e-07
9.49211e-09
1.73516e-07
9.98704e-09
1.01285e-08
1.84929e-07
5.93011e-09
-1.84774e-07
1.8515e-07
6.7522e-09
1.85506e-07
7.55607e-09
1.86009e-07
8.39846e-09
1.86534e-07
9.08919e-09
1.87003e-07
9.48257e-09
1.87389e-07
9.5326e-09
1.87696e-07
9.33149e-09
1.87891e-07
8.9225e-09
1.8795e-07
8.41767e-09
1.87941e-07
7.87234e-09
1.87953e-07
7.58369e-09
1.87997e-07
7.52379e-09
1.88044e-07
7.64473e-09
1.88067e-07
7.68989e-09
1.88077e-07
7.74593e-09
1.88083e-07
7.69835e-09
1.88098e-07
7.72849e-09
1.88117e-07
7.66936e-09
1.88144e-07
7.73806e-09
1.88159e-07
7.71447e-09
1.88178e-07
7.80447e-09
1.88184e-07
7.79965e-09
1.882e-07
7.99311e-09
1.88209e-07
8.0658e-09
1.88228e-07
8.38338e-09
1.88237e-07
8.44592e-09
1.88257e-07
8.74629e-09
1.88244e-07
8.68121e-09
1.88267e-07
8.92998e-09
1.88256e-07
8.98086e-09
1.88269e-07
9.50898e-09
1.88224e-07
9.53657e-09
1.88228e-07
9.98359e-09
1.01886e-08
2.00368e-07
5.73933e-09
-2.00178e-07
2.00612e-07
6.50872e-09
2.00946e-07
7.22234e-09
2.01403e-07
7.94133e-09
2.01912e-07
8.57997e-09
2.02391e-07
9.00347e-09
2.02789e-07
9.13492e-09
2.03097e-07
9.02334e-09
2.03309e-07
8.71023e-09
2.03407e-07
8.32025e-09
2.03418e-07
7.8605e-09
2.03432e-07
7.57056e-09
2.03478e-07
7.47756e-09
2.03537e-07
7.58559e-09
2.03578e-07
7.64838e-09
2.03602e-07
7.72282e-09
2.03615e-07
7.68533e-09
2.03633e-07
7.71017e-09
2.03655e-07
7.64717e-09
2.03687e-07
7.70621e-09
2.03709e-07
7.69214e-09
2.03733e-07
7.78113e-09
2.03744e-07
7.78875e-09
2.03761e-07
7.97533e-09
2.03774e-07
8.05334e-09
2.03799e-07
8.35811e-09
2.03816e-07
8.42936e-09
2.03846e-07
8.71558e-09
2.03846e-07
8.68106e-09
2.03871e-07
8.90493e-09
2.03868e-07
8.98462e-09
2.03895e-07
9.48206e-09
2.03874e-07
9.5574e-09
2.03892e-07
9.96493e-09
1.02181e-08
2.17072e-07
5.53129e-09
-2.16864e-07
2.17336e-07
6.24457e-09
2.17663e-07
6.89511e-09
2.18082e-07
7.52265e-09
2.18566e-07
8.09648e-09
2.1904e-07
8.52934e-09
2.19451e-07
8.7239e-09
2.19769e-07
8.70523e-09
2.19995e-07
8.48401e-09
2.20125e-07
8.19046e-09
2.20164e-07
7.82156e-09
2.20184e-07
7.55031e-09
2.20231e-07
7.43108e-09
2.20298e-07
7.5178e-09
2.20356e-07
7.59053e-09
2.20396e-07
7.68299e-09
2.20418e-07
7.66286e-09
2.20441e-07
7.68805e-09
2.20464e-07
7.6237e-09
2.20499e-07
7.67119e-09
2.20527e-07
7.66457e-09
2.20555e-07
7.75312e-09
2.2057e-07
7.77343e-09
2.20591e-07
7.95395e-09
2.20606e-07
8.03887e-09
2.20636e-07
8.32804e-09
2.20656e-07
8.40957e-09
2.20692e-07
8.679e-09
2.20699e-07
8.67435e-09
2.20725e-07
8.87866e-09
2.20723e-07
8.98707e-09
2.20756e-07
9.44914e-09
2.20746e-07
9.56751e-09
2.20767e-07
9.9437e-09
1.02363e-08
2.35153e-07
5.31377e-09
-2.34935e-07
2.3543e-07
5.96706e-09
2.35757e-07
6.56847e-09
2.36148e-07
7.13085e-09
2.36602e-07
7.64297e-09
2.37061e-07
8.07017e-09
2.37478e-07
8.30699e-09
2.37812e-07
8.37137e-09
2.38053e-07
8.24264e-09
2.3821e-07
8.03363e-09
2.38279e-07
7.75259e-09
2.38313e-07
7.51653e-09
2.38361e-07
7.38272e-09
2.38435e-07
7.44365e-09
2.38507e-07
7.51923e-09
2.38565e-07
7.62462e-09
2.386e-07
7.62761e-09
2.38629e-07
7.65904e-09
2.38654e-07
7.59886e-09
2.38692e-07
7.63375e-09
2.38723e-07
7.63285e-09
2.38757e-07
7.71988e-09
2.38776e-07
7.75368e-09
2.38803e-07
7.92757e-09
2.38819e-07
8.02208e-09
2.38854e-07
8.29327e-09
2.38876e-07
8.38749e-09
2.38917e-07
8.63851e-09
2.38928e-07
8.66335e-09
2.38956e-07
8.85089e-09
2.38955e-07
8.9877e-09
2.38991e-07
9.41359e-09
2.38987e-07
9.57081e-09
2.39008e-07
9.92312e-09
1.02486e-08
2.54725e-07
5.09027e-09
-2.54502e-07
2.55008e-07
5.68423e-09
2.55335e-07
6.24209e-09
2.55709e-07
6.75614e-09
2.56133e-07
7.21927e-09
2.56573e-07
7.63007e-09
2.56987e-07
7.89349e-09
2.57336e-07
8.02229e-09
2.57595e-07
7.98285e-09
2.57776e-07
7.8528e-09
2.57876e-07
7.65252e-09
2.57929e-07
7.46365e-09
2.57983e-07
7.32926e-09
2.58062e-07
7.36456e-09
2.58144e-07
7.43724e-09
2.58219e-07
7.54906e-09
2.58271e-07
7.57578e-09
2.58311e-07
7.61952e-09
2.58339e-07
7.57037e-09
2.58379e-07
7.59389e-09
2.58414e-07
7.5976e-09
2.58453e-07
7.68121e-09
2.58478e-07
7.72893e-09
2.5851e-07
7.89548e-09
2.5853e-07
8.00176e-09
2.58569e-07
8.25394e-09
2.58595e-07
8.36234e-09
2.58638e-07
8.59484e-09
2.58653e-07
8.64833e-09
2.58682e-07
8.82175e-09
2.58685e-07
8.98485e-09
2.58722e-07
9.377e-09
2.58725e-07
9.56796e-09
2.58744e-07
9.90366e-09
1.0256e-08
2.75913e-07
4.86388e-09
-2.75687e-07
2.76196e-07
5.40188e-09
2.76519e-07
5.91818e-09
2.76882e-07
6.39386e-09
2.7728e-07
6.82066e-09
2.777e-07
7.2101e-09
2.78104e-07
7.48945e-09
2.78463e-07
7.66365e-09
2.78743e-07
7.70298e-09
2.78947e-07
7.64901e-09
2.79078e-07
7.52157e-09
2.79154e-07
7.38697e-09
2.79217e-07
7.26664e-09
2.79301e-07
7.28065e-09
2.79392e-07
7.34651e-09
2.79481e-07
7.45921e-09
2.79552e-07
7.50521e-09
2.79606e-07
7.56578e-09
2.79641e-07
7.53503e-09
2.79684e-07
7.55083e-09
2.79723e-07
7.55898e-09
2.79766e-07
7.63739e-09
2.79797e-07
7.69833e-09
2.79835e-07
7.85731e-09
2.79861e-07
7.97638e-09
2.79904e-07
8.21023e-09
2.79934e-07
8.3329e-09
2.7998e-07
8.54834e-09
2.8e-07
8.62861e-09
2.8003e-07
8.79156e-09
2.80038e-07
8.97709e-09
2.80075e-07
9.33997e-09
2.80084e-07
9.55883e-09
2.80103e-07
9.8848e-09
1.02585e-08
2.98848e-07
4.63658e-09
-2.9862e-07
2.99126e-07
5.12344e-09
2.99445e-07
5.59891e-09
2.99797e-07
6.04186e-09
3.00176e-07
6.44161e-09
3.00577e-07
6.80954e-09
3.00969e-07
7.09746e-09
3.0133e-07
7.30296e-09
3.01628e-07
7.40508e-09
3.01854e-07
7.42218e-09
3.02015e-07
7.36115e-09
3.02119e-07
7.28281e-09
3.02196e-07
7.18961e-09
3.02286e-07
7.19035e-09
3.02385e-07
7.24814e-09
3.02487e-07
7.35733e-09
3.02575e-07
7.41711e-09
3.02646e-07
7.4948e-09
3.02691e-07
7.4896e-09
3.02739e-07
7.50275e-09
3.02782e-07
7.51641e-09
3.0283e-07
7.58898e-09
3.02868e-07
7.66087e-09
3.02912e-07
7.81258e-09
3.02944e-07
7.9442e-09
3.02993e-07
8.16213e-09
3.03027e-07
8.29815e-09
3.03076e-07
8.49948e-09
3.03101e-07
8.60342e-09
3.03133e-07
8.76019e-09
3.03147e-07
8.96333e-09
3.03184e-07
9.3025e-09
3.03199e-07
9.54339e-09
3.03218e-07
9.86582e-09
1.02559e-08
3.23674e-07
4.40937e-09
-3.23447e-07
3.23948e-07
4.84926e-09
3.24261e-07
5.28609e-09
3.24603e-07
5.70006e-09
3.24967e-07
6.07781e-09
3.25349e-07
6.42732e-09
3.25728e-07
6.71854e-09
3.26085e-07
6.94578e-09
3.26396e-07
7.09421e-09
3.26645e-07
7.17299e-09
3.26832e-07
7.17404e-09
3.26967e-07
7.14825e-09
3.27063e-07
7.09329e-09
3.27162e-07
7.09174e-09
3.27268e-07
7.14175e-09
3.2738e-07
7.24528e-09
3.27483e-07
7.31451e-09
3.27573e-07
7.40464e-09
3.27633e-07
7.42991e-09
3.27689e-07
7.44681e-09
3.27737e-07
7.46794e-09
3.2779e-07
7.53634e-09
3.27834e-07
7.61622e-09
3.27886e-07
7.76139e-09
3.27926e-07
7.90402e-09
3.27979e-07
8.10937e-09
3.2802e-07
8.25692e-09
3.28071e-07
8.44804e-09
3.28103e-07
8.57189e-09
3.28136e-07
8.72727e-09
3.28156e-07
8.94306e-09
3.28194e-07
9.26424e-09
3.28216e-07
9.52171e-09
3.28236e-07
9.84555e-09
1.02481e-08
3.50554e-07
4.18262e-09
-3.50328e-07
3.50822e-07
4.58185e-09
3.51125e-07
4.9828e-09
3.51455e-07
5.36982e-09
3.51805e-07
5.72783e-09
3.52171e-07
6.06164e-09
3.52537e-07
6.35227e-09
3.52889e-07
6.59391e-09
3.53208e-07
6.77573e-09
3.53477e-07
6.90322e-09
3.53689e-07
6.96201e-09
3.53855e-07
6.98262e-09
3.53976e-07
6.97224e-09
3.54087e-07
6.98123e-09
3.54203e-07
7.02591e-09
3.54324e-07
7.12398e-09
3.54438e-07
7.20006e-09
3.54546e-07
7.29701e-09
3.54624e-07
7.3522e-09
3.54689e-07
7.38116e-09
3.54746e-07
7.4114e-09
3.54803e-07
7.4789e-09
3.54856e-07
7.56387e-09
3.54914e-07
7.70316e-09
3.54963e-07
7.85436e-09
3.55022e-07
8.05122e-09
3.5507e-07
8.2086e-09
3.55124e-07
8.39402e-09
3.55162e-07
8.53385e-09
3.55198e-07
8.69169e-09
3.55225e-07
8.91574e-09
3.55265e-07
9.22441e-09
3.55292e-07
9.49453e-09
3.55315e-07
9.8224e-09
1.02351e-08
3.79659e-07
3.95617e-09
-3.79432e-07
3.79917e-07
4.32409e-09
3.80209e-07
4.69015e-09
3.80529e-07
5.05015e-09
3.80866e-07
5.39064e-09
3.81219e-07
5.70908e-09
3.81574e-07
5.99746e-09
3.8192e-07
6.24787e-09
3.82241e-07
6.45433e-09
3.82527e-07
6.61755e-09
3.82762e-07
6.72679e-09
3.82955e-07
6.78998e-09
3.83102e-07
6.82461e-09
3.83229e-07
6.8542e-09
3.83356e-07
6.89879e-09
3.83487e-07
6.9936e-09
3.83612e-07
7.07515e-09
3.83736e-07
7.17299e-09
3.83834e-07
7.25429e-09
3.83912e-07
7.30219e-09
3.83981e-07
7.34335e-09
3.84045e-07
7.41431e-09
3.84105e-07
7.50428e-09
3.84169e-07
7.63842e-09
3.84228e-07
7.79547e-09
3.84293e-07
7.9869e-09
3.84349e-07
8.15234e-09
3.84407e-07
8.33558e-09
3.84452e-07
8.48874e-09
3.84492e-07
8.65221e-09
3.84526e-07
8.88215e-09
3.84568e-07
9.18188e-09
3.84601e-07
9.46167e-09
3.84627e-07
9.79586e-09
1.02157e-08
4.11168e-07
3.73639e-09
-4.10948e-07
4.11419e-07
4.07343e-09
4.11699e-07
4.40939e-09
4.12007e-07
4.74217e-09
4.12333e-07
5.0649e-09
4.12673e-07
5.36912e-09
4.13017e-07
5.65396e-09
4.13356e-07
5.90865e-09
4.13678e-07
6.13222e-09
4.13975e-07
6.32092e-09
4.14231e-07
6.47007e-09
4.14448e-07
6.5737e-09
4.14626e-07
6.64586e-09
4.14775e-07
6.70573e-09
4.14916e-07
6.75769e-09
4.15058e-07
6.85177e-09
4.15193e-07
6.93976e-09
4.1533e-07
7.03655e-09
4.15446e-07
7.13758e-09
4.15541e-07
7.20764e-09
4.15622e-07
7.26231e-09
4.15696e-07
7.34004e-09
4.15764e-07
7.43613e-09
4.15837e-07
7.56599e-09
4.15906e-07
7.72594e-09
4.15978e-07
7.91491e-09
4.16043e-07
8.08763e-09
4.16106e-07
8.2724e-09
4.16158e-07
8.43688e-09
4.16203e-07
8.60742e-09
4.16244e-07
8.84114e-09
4.1629e-07
9.13554e-09
4.16328e-07
9.42338e-09
4.1636e-07
9.76455e-09
1.01897e-08
4.45285e-07
3.52424e-09
-4.45073e-07
4.45532e-07
3.82665e-09
4.45803e-07
4.13858e-09
4.461e-07
4.44535e-09
4.46415e-07
4.74968e-09
4.46743e-07
5.04098e-09
4.47077e-07
5.3201e-09
4.47409e-07
5.57652e-09
4.47731e-07
5.81023e-09
4.48034e-07
6.01801e-09
4.48308e-07
6.19564e-09
4.48546e-07
6.3363e-09
4.48751e-07
6.44017e-09
4.48926e-07
6.53092e-09
4.49082e-07
6.60206e-09
4.49236e-07
6.69784e-09
4.49383e-07
6.79282e-09
4.4953e-07
6.88928e-09
4.49665e-07
7.00293e-09
4.49777e-07
7.09475e-09
4.49876e-07
7.16425e-09
4.49962e-07
7.25316e-09
4.50041e-07
7.35761e-09
4.50121e-07
7.48573e-09
4.502e-07
7.64677e-09
4.5028e-07
7.83555e-09
4.50353e-07
8.01389e-09
4.50423e-07
8.20255e-09
4.50484e-07
8.37661e-09
4.50535e-07
8.55591e-09
4.50583e-07
8.79277e-09
4.50634e-07
9.08513e-09
4.50678e-07
9.37954e-09
4.50716e-07
9.72601e-09
1.01577e-08
4.82252e-07
3.31384e-09
-4.82042e-07
4.82489e-07
3.58951e-09
4.82751e-07
3.877e-09
4.83035e-07
4.16083e-09
4.83338e-07
4.44675e-09
4.83654e-07
4.72495e-09
4.83979e-07
4.99557e-09
4.84303e-07
5.25176e-09
4.84624e-07
5.4898e-09
4.84931e-07
5.71095e-09
4.85219e-07
5.90746e-09
4.85477e-07
6.07799e-09
4.85707e-07
6.21059e-09
4.85909e-07
6.32938e-09
4.86084e-07
6.42636e-09
4.86255e-07
6.5274e-09
4.86415e-07
6.63198e-09
4.86573e-07
6.73162e-09
4.86724e-07
6.85181e-09
4.86855e-07
6.9637e-09
4.86969e-07
7.05019e-09
4.87071e-07
7.15148e-09
4.87162e-07
7.2668e-09
4.87252e-07
7.39562e-09
4.87341e-07
7.55731e-09
4.8743e-07
7.74676e-09
4.87514e-07
7.93057e-09
4.87591e-07
8.12467e-09
4.87659e-07
8.30872e-09
4.87719e-07
8.49648e-09
4.87775e-07
8.73661e-09
4.87831e-07
9.02855e-09
4.87882e-07
9.32922e-09
4.87926e-07
9.68163e-09
1.01169e-08
5.22268e-07
3.10668e-09
-5.2206e-07
5.22495e-07
3.3617e-09
5.22748e-07
3.62435e-09
5.23021e-07
3.88771e-09
5.23314e-07
4.15413e-09
5.2362e-07
4.41881e-09
5.23937e-07
4.67856e-09
5.24257e-07
4.93187e-09
5.24576e-07
5.17057e-09
5.24887e-07
5.39985e-09
5.25185e-07
5.60959e-09
5.25461e-07
5.80183e-09
5.25711e-07
5.96129e-09
5.25937e-07
6.10253e-09
5.26136e-07
6.22728e-09
5.26324e-07
6.33968e-09
5.26501e-07
6.45502e-09
5.26671e-07
6.5622e-09
5.26837e-07
6.68524e-09
5.26987e-07
6.81376e-09
5.2712e-07
6.91708e-09
5.2724e-07
7.03143e-09
5.27347e-07
7.16033e-09
5.27448e-07
7.29404e-09
5.27548e-07
7.45803e-09
5.27646e-07
7.64863e-09
5.27739e-07
7.83707e-09
5.27828e-07
8.03634e-09
5.27906e-07
8.22998e-09
5.27976e-07
8.42714e-09
5.2804e-07
8.67264e-09
5.28103e-07
8.96499e-09
5.28162e-07
9.2708e-09
5.28214e-07
9.62912e-09
1.00664e-08
5.6558e-07
2.90788e-09
-5.65381e-07
5.65803e-07
3.13883e-09
5.66047e-07
3.37984e-09
5.66311e-07
3.62352e-09
5.66595e-07
3.87079e-09
5.66892e-07
4.12136e-09
5.67202e-07
4.36905e-09
5.67517e-07
4.61673e-09
5.67833e-07
4.85399e-09
5.68146e-07
5.08685e-09
5.6845e-07
5.30538e-09
5.68741e-07
5.51145e-09
5.69009e-07
5.69311e-09
5.69258e-07
5.85359e-09
5.69484e-07
6.00168e-09
5.69692e-07
6.13135e-09
5.69887e-07
6.25989e-09
5.70071e-07
6.37805e-09
5.70253e-07
6.50354e-09
5.7042e-07
6.64631e-09
5.70572e-07
6.76562e-09
5.70711e-07
6.89265e-09
5.70835e-07
7.03617e-09
5.7095e-07
7.17904e-09
5.71062e-07
7.3458e-09
5.71172e-07
7.53891e-09
5.71277e-07
7.73154e-09
5.71376e-07
7.93739e-09
5.71466e-07
8.1404e-09
5.71545e-07
8.34759e-09
5.7162e-07
8.59762e-09
5.71693e-07
8.89268e-09
5.71759e-07
9.20435e-09
5.71823e-07
9.56511e-09
1.00069e-08
6.12469e-07
2.7136e-09
-6.12275e-07
6.12686e-07
2.92151e-09
6.12925e-07
3.14137e-09
6.13182e-07
3.36663e-09
6.13457e-07
3.59585e-09
6.13746e-07
3.83211e-09
6.14047e-07
4.06773e-09
6.14357e-07
4.30694e-09
6.1467e-07
4.54057e-09
6.14985e-07
4.7722e-09
6.15295e-07
4.99517e-09
6.15598e-07
5.20885e-09
6.15884e-07
5.4073e-09
6.16153e-07
5.58483e-09
6.16402e-07
5.75207e-09
6.16632e-07
5.90112e-09
6.16847e-07
6.04492e-09
6.17049e-07
6.17668e-09
6.17245e-07
6.30712e-09
6.17431e-07
6.46053e-09
6.17601e-07
6.59582e-09
6.17759e-07
6.73412e-09
6.17903e-07
6.89227e-09
6.18035e-07
7.04689e-09
6.18162e-07
7.21955e-09
6.18283e-07
7.41711e-09
6.184e-07
7.61508e-09
6.18511e-07
7.82636e-09
6.18613e-07
8.03805e-09
6.18706e-07
8.25445e-09
6.18792e-07
8.51182e-09
6.18875e-07
8.80994e-09
6.18951e-07
9.12776e-09
6.19025e-07
9.49121e-09
9.93408e-09
6.63226e-07
2.52119e-09
-6.63033e-07
6.63439e-07
2.70874e-09
6.63671e-07
2.90865e-09
6.63922e-07
3.11627e-09
6.64188e-07
3.32917e-09
6.64471e-07
3.54989e-09
6.64765e-07
3.77301e-09
6.65072e-07
4.00056e-09
6.65384e-07
4.22815e-09
6.65702e-07
4.45468e-09
6.66017e-07
4.67949e-09
6.6633e-07
4.89658e-09
6.6663e-07
5.107e-09
6.66916e-07
5.29843e-09
6.67187e-07
5.48167e-09
6.67439e-07
5.64872e-09
6.67677e-07
5.80723e-09
6.67898e-07
5.95544e-09
6.6811e-07
6.09483e-09
6.68316e-07
6.25508e-09
6.68504e-07
6.40755e-09
6.68682e-07
6.55592e-09
6.68846e-07
6.72818e-09
6.68997e-07
6.89645e-09
6.69138e-07
7.07803e-09
6.69275e-07
7.28023e-09
6.69405e-07
7.48556e-09
6.6953e-07
7.70114e-09
6.69645e-07
7.92314e-09
6.69752e-07
8.14751e-09
6.6985e-07
8.41376e-09
6.69946e-07
8.71363e-09
6.70035e-07
9.03856e-09
6.70118e-07
9.40815e-09
9.84542e-09
7.18161e-07
2.32876e-09
-7.17969e-07
7.18372e-07
2.49793e-09
7.186e-07
2.68069e-09
7.18845e-07
2.8715e-09
7.19106e-07
3.06778e-09
7.19384e-07
3.27182e-09
7.19676e-07
3.48139e-09
7.19981e-07
3.69594e-09
7.20293e-07
3.91582e-09
7.20612e-07
4.13604e-09
7.20931e-07
4.35993e-09
7.2125e-07
4.57794e-09
7.21562e-07
4.79434e-09
7.21864e-07
4.99681e-09
7.22155e-07
5.19101e-09
7.22429e-07
5.37458e-09
7.22691e-07
5.54502e-09
7.22934e-07
5.71217e-09
7.23165e-07
5.86444e-09
7.23389e-07
6.03126e-09
7.23597e-07
6.19956e-09
7.23793e-07
6.35966e-09
7.23979e-07
6.54227e-09
7.24148e-07
6.7268e-09
7.24309e-07
6.91723e-09
7.24461e-07
7.12796e-09
7.24607e-07
7.33989e-09
7.24744e-07
7.56382e-09
7.24876e-07
7.79208e-09
7.24996e-07
8.02668e-09
7.25111e-07
8.29876e-09
7.25218e-07
8.60685e-09
7.25324e-07
8.93294e-09
7.25421e-07
9.31117e-09
9.74397e-09
7.7762e-07
2.1324e-09
-7.77424e-07
7.77829e-07
2.28975e-09
7.78053e-07
2.45649e-09
7.78295e-07
2.62956e-09
7.78554e-07
2.80814e-09
7.78831e-07
2.99526e-09
7.79121e-07
3.19131e-09
7.79423e-07
3.39395e-09
7.79735e-07
3.6042e-09
7.80054e-07
3.81681e-09
7.80378e-07
4.03543e-09
7.80704e-07
4.25255e-09
7.81029e-07
4.46953e-09
7.81345e-07
4.68082e-09
7.81653e-07
4.88205e-09
7.81948e-07
5.08042e-09
7.82232e-07
5.26113e-09
7.82497e-07
5.44654e-09
7.82749e-07
5.6131e-09
7.82991e-07
5.78881e-09
7.8322e-07
5.97054e-09
7.83435e-07
6.14496e-09
7.83642e-07
6.33448e-09
7.83832e-07
6.53686e-09
7.84013e-07
6.73616e-09
7.84182e-07
6.95939e-09
7.84345e-07
7.17651e-09
7.84498e-07
7.41142e-09
7.84647e-07
7.64256e-09
7.84782e-07
7.89184e-09
7.84915e-07
8.16581e-09
7.85034e-07
8.48833e-09
7.85153e-07
8.81326e-09
7.85275e-07
9.18959e-09
9.63377e-09
8.4197e-07
1.94945e-09
-8.41787e-07
8.42162e-07
2.09793e-09
8.42379e-07
2.23884e-09
8.42622e-07
2.38688e-09
8.42886e-07
2.54433e-09
8.43169e-07
2.71236e-09
8.43467e-07
2.89303e-09
8.43778e-07
3.08329e-09
8.44097e-07
3.28531e-09
8.44421e-07
3.49236e-09
8.4475e-07
3.70658e-09
8.4508e-07
3.92216e-09
8.45411e-07
4.13888e-09
8.45736e-07
4.35551e-09
8.46056e-07
4.56257e-09
8.46366e-07
4.76991e-09
8.46667e-07
4.9605e-09
8.46957e-07
5.15679e-09
8.47232e-07
5.33813e-09
8.47497e-07
5.52352e-09
8.47748e-07
5.71979e-09
8.47984e-07
5.90871e-09
8.4821e-07
6.10891e-09
8.48422e-07
6.32487e-09
8.48621e-07
6.53695e-09
8.48811e-07
6.76912e-09
8.48992e-07
6.99581e-09
8.49163e-07
7.23981e-09
8.49326e-07
7.48001e-09
8.49481e-07
7.73646e-09
8.49629e-07
8.01788e-09
8.49771e-07
8.3466e-09
8.49909e-07
8.67569e-09
8.50029e-07
9.06873e-09
9.48095e-09
3.27708e-06
1.25717e-09
-3.27639e-06
3.27784e-06
1.33842e-09
3.27864e-06
1.44117e-09
3.27947e-06
1.55377e-09
3.28034e-06
1.67807e-09
3.28124e-06
1.81207e-09
3.28217e-06
1.95772e-09
3.28314e-06
2.11181e-09
3.28415e-06
2.27646e-09
3.2852e-06
2.44747e-09
3.28628e-06
2.62588e-09
3.28739e-06
2.8082e-09
3.28854e-06
2.99618e-09
3.2897e-06
3.19084e-09
3.29087e-06
3.39179e-09
3.29204e-06
3.60197e-09
3.29318e-06
3.81886e-09
3.29429e-06
4.04596e-09
3.29534e-06
4.29358e-09
3.29633e-06
4.52657e-09
3.29729e-06
4.76321e-09
3.2982e-06
4.99408e-09
3.29908e-06
5.23429e-09
3.29993e-06
5.47869e-09
3.30073e-06
5.73177e-09
3.30151e-06
5.9908e-09
3.30225e-06
6.25517e-09
3.30297e-06
6.52187e-09
3.30365e-06
6.79704e-09
3.30431e-06
7.07656e-09
3.30493e-06
7.39822e-09
3.30554e-06
7.741e-09
3.30611e-06
8.10078e-09
3.3067e-06
8.47725e-09
8.84552e-09
3.54064e-06
7.48608e-11
-3.53945e-06
3.54188e-06
9.84194e-11
3.54312e-06
2.00629e-10
3.54432e-06
3.47241e-10
3.54548e-06
5.21802e-10
3.54658e-06
7.07861e-10
3.54765e-06
8.94131e-10
3.54868e-06
1.07418e-09
3.54971e-06
1.24855e-09
3.55073e-06
1.42533e-09
3.55175e-06
1.60966e-09
3.5528e-06
1.75581e-09
3.55392e-06
1.87786e-09
3.55507e-06
2.03876e-09
3.55623e-06
2.23176e-09
3.55738e-06
2.45346e-09
3.5585e-06
2.69677e-09
3.55959e-06
2.9583e-09
3.56066e-06
3.22893e-09
3.56168e-06
3.50342e-09
3.56266e-06
3.77871e-09
3.56361e-06
4.05084e-09
3.56452e-06
4.32245e-09
3.56541e-06
4.59281e-09
3.56627e-06
4.86821e-09
3.56711e-06
5.15054e-09
3.56793e-06
5.43301e-09
3.56873e-06
5.72633e-09
3.5695e-06
6.02268e-09
3.57025e-06
6.32731e-09
3.57098e-06
6.66546e-09
3.5717e-06
7.02805e-09
3.5724e-06
7.39414e-09
3.57309e-06
7.78565e-09
8.27685e-09
3.83128e-06
-1.18113e-09
-3.83002e-06
3.83232e-06
-9.48535e-10
3.83328e-06
-7.58062e-10
3.83417e-06
-5.39766e-10
3.83501e-06
-3.19707e-10
3.83584e-06
-1.23724e-10
3.83667e-06
6.73749e-11
3.83748e-06
2.64293e-10
3.83834e-06
3.87625e-10
3.83929e-06
4.74515e-10
3.84034e-06
5.5901e-10
3.84142e-06
6.7203e-10
3.84248e-06
8.21378e-10
3.84351e-06
1.00711e-09
3.84452e-06
1.22893e-09
3.84549e-06
1.48358e-09
3.84642e-06
1.7608e-09
3.84733e-06
2.05172e-09
3.84821e-06
2.34558e-09
3.84908e-06
2.63561e-09
3.84994e-06
2.91946e-09
3.8508e-06
3.19255e-09
3.85165e-06
3.46565e-09
3.85251e-06
3.73757e-09
3.85336e-06
4.01802e-09
3.8542e-06
4.30793e-09
3.85503e-06
4.6043e-09
3.85585e-06
4.9112e-09
3.85664e-06
5.22421e-09
3.85743e-06
5.54297e-09
3.8582e-06
5.89388e-09
3.85897e-06
6.25782e-09
3.85975e-06
6.61656e-09
3.86056e-06
6.97299e-09
7.27882e-09
4.15107e-06
-4.34167e-10
-4.15182e-06
4.15063e-06
-5.08501e-10
4.1503e-06
-4.30219e-10
4.15005e-06
-2.80864e-10
4.14982e-06
-8.9451e-11
4.14962e-06
6.92713e-11
4.1495e-06
1.89856e-10
4.14946e-06
3.06201e-10
4.14943e-06
4.15641e-10
4.14938e-06
5.24498e-10
4.1493e-06
6.40944e-10
4.14924e-06
7.31659e-10
4.14925e-06
8.06896e-10
4.14934e-06
9.20446e-10
4.1495e-06
1.064e-09
4.14975e-06
1.23599e-09
4.15008e-06
1.4317e-09
4.15048e-06
1.64863e-09
4.15095e-06
1.8787e-09
4.15147e-06
2.11854e-09
4.15202e-06
2.36523e-09
4.1526e-06
2.61468e-09
4.1532e-06
2.8705e-09
4.1538e-06
3.12852e-09
4.15443e-06
3.39577e-09
4.15506e-06
3.67038e-09
4.15572e-06
3.94735e-09
4.1564e-06
4.23452e-09
4.1571e-06
4.52515e-09
4.15782e-06
4.82232e-09
4.15856e-06
5.1501e-09
4.15933e-06
5.49344e-09
4.16011e-06
5.8341e-09
4.1609e-06
6.18434e-09
6.60009e-09
4.4912e-06
2.97608e-10
-4.49193e-06
4.49038e-06
3.14309e-10
4.48961e-06
3.38237e-10
4.48896e-06
3.67128e-10
4.48847e-06
4.01547e-10
4.4881e-06
4.41114e-10
4.4878e-06
4.86342e-10
4.48757e-06
5.36555e-10
4.48739e-06
5.9291e-10
4.48726e-06
6.54639e-10
4.48718e-06
7.23402e-10
4.48711e-06
7.98906e-10
4.48704e-06
8.83486e-10
4.48698e-06
9.78123e-10
4.48696e-06
1.08436e-09
4.48699e-06
1.20354e-09
4.48709e-06
1.33505e-09
4.48726e-06
1.48101e-09
4.4875e-06
1.6397e-09
4.4878e-06
1.81205e-09
4.48817e-06
1.9976e-09
4.48859e-06
2.19526e-09
4.48905e-06
2.41326e-09
4.48953e-06
2.64501e-09
4.49005e-06
2.87971e-09
4.49059e-06
3.12376e-09
4.49117e-06
3.37257e-09
4.49177e-06
3.63125e-09
4.4924e-06
3.89407e-09
4.49306e-06
4.16254e-09
4.49375e-06
4.45914e-09
4.49448e-06
4.767e-09
4.49524e-06
5.06918e-09
4.49606e-06
5.36958e-09
5.64099e-09
4.8496e-06
3.45044e-10
-4.84965e-06
4.84955e-06
3.66186e-10
4.8495e-06
3.86017e-10
4.84946e-06
4.0825e-10
4.84943e-06
4.34085e-10
4.84941e-06
4.63648e-10
4.8494e-06
4.98308e-10
4.8494e-06
5.3755e-10
4.84941e-06
5.82907e-10
4.84943e-06
6.33412e-10
4.84946e-06
6.90786e-10
4.8495e-06
7.53944e-10
4.84956e-06
8.2453e-10
4.84964e-06
9.01984e-10
4.84974e-06
9.87458e-10
4.84986e-06
1.08155e-09
4.85001e-06
1.18437e-09
4.85019e-06
1.29742e-09
4.85041e-06
1.42032e-09
4.85067e-06
1.5541e-09
4.85097e-06
1.70054e-09
4.8513e-06
1.85762e-09
4.85169e-06
2.03149e-09
4.85212e-06
2.2159e-09
4.85258e-06
2.41709e-09
4.85307e-06
2.62912e-09
4.8536e-06
2.84823e-09
4.85415e-06
3.07556e-09
4.85474e-06
3.30734e-09
4.85536e-06
3.54258e-09
4.85602e-06
3.80338e-09
4.85671e-06
4.07134e-09
4.85744e-06
4.33544e-09
4.85822e-06
4.5951e-09
4.83459e-09
5.2449e-06
3.30719e-10
-5.24488e-06
5.24492e-06
3.49475e-10
5.24493e-06
3.72825e-10
5.24494e-06
3.98193e-10
5.24495e-06
4.25952e-10
5.24495e-06
4.56138e-10
5.24496e-06
4.89417e-10
5.24498e-06
5.25655e-10
5.24499e-06
5.65842e-10
5.24502e-06
6.09694e-10
5.24505e-06
6.58383e-10
5.24509e-06
7.11677e-10
5.24515e-06
7.70548e-10
5.24521e-06
8.35237e-10
5.24529e-06
9.05882e-10
5.24539e-06
9.8367e-10
5.24551e-06
1.06745e-09
5.24565e-06
1.15944e-09
5.24581e-06
1.25792e-09
5.246e-06
1.36514e-09
5.24622e-06
1.48131e-09
5.24647e-06
1.60658e-09
5.24675e-06
1.74513e-09
5.24708e-06
1.89415e-09
5.24744e-06
2.05734e-09
5.24783e-06
2.23257e-09
5.24827e-06
2.41388e-09
5.24874e-06
2.60531e-09
5.24924e-06
2.7998e-09
5.24979e-06
3.00046e-09
5.25037e-06
3.22217e-09
5.25099e-06
3.45399e-09
5.25164e-06
3.6823e-09
5.25232e-06
3.91606e-09
4.18344e-09
5.67106e-06
2.96606e-10
-5.67102e-06
5.67109e-06
3.18489e-10
5.67112e-06
3.39661e-10
5.67116e-06
3.62306e-10
5.6712e-06
3.86809e-10
5.67124e-06
4.13147e-10
5.67129e-06
4.41957e-10
5.67134e-06
4.73029e-10
5.6714e-06
5.07281e-10
5.67146e-06
5.44344e-10
5.67154e-06
5.8533e-10
5.67162e-06
6.29862e-10
5.67171e-06
6.78915e-10
5.67181e-06
7.3243e-10
5.67193e-06
7.90722e-10
5.67206e-06
8.54456e-10
5.6722e-06
9.22913e-10
5.67236e-06
9.97582e-10
5.67254e-06
1.07733e-09
5.67275e-06
1.1637e-09
5.67297e-06
1.25727e-09
5.67322e-06
1.3579e-09
5.67349e-06
1.46966e-09
5.6738e-06
1.58976e-09
5.67413e-06
1.72227e-09
5.6745e-06
1.86476e-09
5.6749e-06
2.01329e-09
5.67534e-06
2.17054e-09
5.6758e-06
2.33148e-09
5.67631e-06
2.49757e-09
5.67685e-06
2.68194e-09
5.67743e-06
2.87302e-09
5.67805e-06
3.05925e-09
5.67872e-06
3.24295e-09
3.40175e-09
6.13324e-06
2.46132e-10
-6.13319e-06
6.13329e-06
2.64067e-10
6.13335e-06
2.82211e-10
6.13341e-06
3.01629e-10
6.13347e-06
3.2253e-10
6.13354e-06
3.44704e-10
6.13362e-06
3.68484e-10
6.13369e-06
3.94518e-10
6.13378e-06
4.23289e-10
6.13387e-06
4.54436e-10
6.13396e-06
4.88799e-10
6.13407e-06
5.26075e-10
6.13418e-06
5.67004e-10
6.1343e-06
6.11558e-10
6.13443e-06
6.59918e-10
6.13457e-06
7.12656e-10
6.13473e-06
7.69088e-10
6.13489e-06
8.30477e-10
6.13508e-06
8.95781e-10
6.13527e-06
9.66328e-10
6.13549e-06
1.04247e-09
6.13572e-06
1.12419e-09
6.13598e-06
1.21471e-09
6.13625e-06
1.3119e-09
6.13656e-06
1.41899e-09
6.13689e-06
1.5342e-09
6.13725e-06
1.6542e-09
6.13764e-06
1.78152e-09
6.13806e-06
1.91193e-09
6.13851e-06
2.04717e-09
6.13899e-06
2.19821e-09
6.13951e-06
2.35643e-09
6.14005e-06
2.51319e-09
6.14062e-06
2.67328e-09
2.85533e-09
6.63348e-06
1.99918e-10
-6.63344e-06
6.63354e-06
2.12923e-10
6.63359e-06
2.27746e-10
6.63365e-06
2.43705e-10
6.63371e-06
2.60981e-10
6.63377e-06
2.79549e-10
6.63384e-06
2.99768e-10
6.63392e-06
3.21517e-10
6.63399e-06
3.45345e-10
6.63408e-06
3.71032e-10
6.63417e-06
3.99238e-10
6.63426e-06
4.29745e-10
6.63437e-06
4.63106e-10
6.63448e-06
4.99318e-10
6.6346e-06
5.38465e-10
6.63473e-06
5.81039e-10
6.63488e-06
6.2641e-10
6.63503e-06
6.75645e-10
6.6352e-06
7.27804e-10
6.63538e-06
7.8405e-10
6.63558e-06
8.44585e-10
6.63579e-06
9.09631e-10
6.63603e-06
9.82308e-10
6.63628e-06
1.06004e-09
6.63655e-06
1.14518e-09
6.63685e-06
1.23668e-09
6.63717e-06
1.33178e-09
6.63752e-06
1.43277e-09
6.6379e-06
1.536e-09
6.6383e-06
1.64313e-09
6.63874e-06
1.76254e-09
6.6392e-06
1.88718e-09
6.63971e-06
2.00908e-09
6.64025e-06
2.13097e-09
2.24176e-09
7.17462e-06
1.55516e-10
-7.17457e-06
7.17466e-06
1.66141e-10
7.17471e-06
1.7778e-10
7.17477e-06
1.90294e-10
7.17483e-06
2.03851e-10
7.17489e-06
2.1843e-10
7.17495e-06
2.3432e-10
7.17502e-06
2.51401e-10
7.1751e-06
2.70106e-10
7.17518e-06
2.90234e-10
7.17526e-06
3.12311e-10
7.17536e-06
3.36134e-10
7.17546e-06
3.62161e-10
7.17557e-06
3.90351e-10
7.17569e-06
4.20812e-10
7.17581e-06
4.53878e-10
7.17595e-06
4.89107e-10
7.1761e-06
5.27271e-10
7.17626e-06
5.67701e-10
7.17643e-06
6.11227e-10
7.17662e-06
6.58045e-10
7.17682e-06
7.08146e-10
7.17704e-06
7.6353e-10
7.17728e-06
8.2281e-10
7.17753e-06
8.87982e-10
7.17781e-06
9.57865e-10
7.17811e-06
1.03044e-09
7.17844e-06
1.10732e-09
7.17879e-06
1.18593e-09
7.17916e-06
1.26745e-09
7.17957e-06
1.35875e-09
7.18e-06
1.45435e-09
7.18046e-06
1.54878e-09
7.18095e-06
1.64464e-09
1.74837e-09
7.76002e-06
1.13858e-10
-7.75998e-06
7.76007e-06
1.2178e-10
7.76012e-06
1.3037e-10
7.76017e-06
1.39584e-10
7.76022e-06
1.49531e-10
7.76028e-06
1.60225e-10
7.76034e-06
1.71865e-10
7.76041e-06
1.84395e-10
7.76048e-06
1.98108e-10
7.76056e-06
2.12889e-10
7.76064e-06
2.29092e-10
7.76073e-06
2.46604e-10
7.76083e-06
2.65712e-10
7.76093e-06
2.86433e-10
7.76104e-06
3.08786e-10
7.76116e-06
3.33071e-10
7.76129e-06
3.5889e-10
7.76143e-06
3.86875e-10
7.76159e-06
4.16436e-10
7.76175e-06
4.48267e-10
7.76192e-06
4.82383e-10
7.76211e-06
5.18893e-10
7.76232e-06
5.59124e-10
7.76254e-06
6.02243e-10
7.76278e-06
6.49594e-10
7.76303e-06
7.0053e-10
7.76331e-06
7.53381e-10
7.76361e-06
8.09564e-10
7.76393e-06
8.66921e-10
7.76427e-06
9.26621e-10
7.76463e-06
9.93391e-10
7.76502e-06
1.06358e-09
7.76544e-06
1.13279e-09
7.76588e-06
1.20342e-09
1.27638e-09
8.3933e-06
7.49892e-11
-8.39326e-06
8.39334e-06
8.00594e-11
8.39339e-06
8.5717e-11
8.39344e-06
9.17961e-11
8.39349e-06
9.83694e-11
8.39354e-06
1.0543e-10
8.3936e-06
1.13117e-10
8.39366e-06
1.21381e-10
8.39373e-06
1.30431e-10
8.3938e-06
1.40177e-10
8.39388e-06
1.50871e-10
8.39397e-06
1.62423e-10
8.39406e-06
1.75042e-10
8.39415e-06
1.88716e-10
8.39426e-06
2.0348e-10
8.39437e-06
2.195e-10
8.3945e-06
2.36544e-10
8.39463e-06
2.54988e-10
8.39477e-06
2.74481e-10
8.39492e-06
2.95433e-10
8.39509e-06
3.17905e-10
8.39526e-06
3.41912e-10
8.39545e-06
3.68391e-10
8.39566e-06
3.96722e-10
8.39588e-06
4.27874e-10
8.39612e-06
4.61327e-10
8.39638e-06
4.96084e-10
8.39665e-06
5.32963e-10
8.39695e-06
5.70665e-10
8.39727e-06
6.09818e-10
8.39761e-06
6.53687e-10
8.39797e-06
6.99673e-10
8.39836e-06
7.45035e-10
8.39877e-06
7.91044e-10
8.37722e-10
9.07833e-06
3.77735e-11
-9.07829e-06
9.07837e-06
4.02334e-11
9.07841e-06
4.30438e-11
9.07846e-06
4.60807e-11
9.0785e-06
4.93797e-11
9.07856e-06
5.2936e-11
9.07861e-06
5.68138e-11
9.07867e-06
6.09873e-11
9.07874e-06
6.55562e-11
9.07881e-06
7.04756e-11
9.07888e-06
7.5866e-11
9.07896e-06
8.16816e-11
9.07905e-06
8.80244e-11
9.07915e-06
9.48911e-11
9.07925e-06
1.02298e-10
9.07936e-06
1.10333e-10
9.07947e-06
1.18876e-10
9.0796e-06
1.28124e-10
9.07974e-06
1.37897e-10
9.07988e-06
1.48407e-10
9.08004e-06
1.59677e-10
9.08021e-06
1.71722e-10
9.0804e-06
1.85003e-10
9.08059e-06
1.99216e-10
9.08081e-06
2.14832e-10
9.08104e-06
2.316e-10
9.08128e-06
2.49004e-10
9.08155e-06
2.67469e-10
9.08183e-06
2.8632e-10
9.08214e-06
3.05895e-10
9.08246e-06
3.27812e-10
9.08281e-06
3.5079e-10
9.08318e-06
3.73433e-10
9.08358e-06
3.96433e-10
4.20448e-10
9.81935e-06
-9.81931e-06
9.81939e-06
9.81943e-06
9.81948e-06
9.81953e-06
9.81958e-06
9.81964e-06
9.8197e-06
9.81976e-06
9.81983e-06
9.81991e-06
9.81999e-06
9.82008e-06
9.82017e-06
9.82028e-06
9.82039e-06
9.8205e-06
9.82063e-06
9.82077e-06
9.82092e-06
9.82108e-06
9.82125e-06
9.82144e-06
9.82163e-06
9.82185e-06
9.82208e-06
9.82233e-06
9.8226e-06
9.82288e-06
9.82319e-06
9.82352e-06
9.82387e-06
9.82424e-06
9.82464e-06
8.46982e-08
9.54504e-09
8.37088e-08
-6.98754e-09
8.43378e-08
6.14573e-09
8.3502e-08
-6.52232e-09
8.39654e-08
6.18026e-09
8.32646e-08
-9.97955e-10
8.37956e-08
4.37605e-09
8.31513e-08
-1.93705e-09
8.35746e-08
2.59347e-09
8.31546e-08
-1.79157e-09
8.33839e-08
2.00307e-09
8.30805e-08
-1.8177e-09
8.31285e-08
1.4912e-09
8.29861e-08
-9.08642e-10
8.29888e-08
1.69523e-09
8.29728e-08
2.71507e-11
8.27673e-08
1.62194e-09
8.25582e-08
4.82251e-10
8.15218e-08
2.13468e-09
1.78163e-09
9.13057e-08
9.28579e-09
9.07158e-08
-6.39762e-09
9.09389e-08
5.92258e-09
9.05129e-08
-6.09633e-09
9.05337e-08
6.15944e-09
9.03512e-08
-8.15396e-10
9.04081e-08
4.3191e-09
9.02602e-08
-1.78909e-09
9.02523e-08
2.60133e-09
9.01958e-08
-1.73501e-09
9.0115e-08
2.0838e-09
8.99916e-08
-1.69427e-09
8.98596e-08
1.62321e-09
8.97219e-08
-7.70985e-10
8.95958e-08
1.82135e-09
8.94657e-08
1.57304e-10
8.91477e-08
1.93995e-09
8.87233e-08
9.06571e-10
8.82872e-08
2.57082e-09
2.28991e-09
9.84787e-08
9.37734e-09
9.8291e-08
-6.21001e-09
9.81972e-08
6.01639e-09
9.8081e-08
-5.98007e-09
9.79025e-08
6.33787e-09
9.79506e-08
-8.6349e-10
9.79086e-08
4.36118e-09
9.78644e-08
-1.74494e-09
9.78795e-08
2.58624e-09
9.7751e-08
-1.60654e-09
9.78584e-08
1.97641e-09
9.75101e-08
-1.34596e-09
9.76697e-08
1.46359e-09
9.72008e-08
-3.02016e-10
9.73965e-08
1.6256e-09
9.68572e-08
6.96621e-10
9.68809e-08
1.91622e-09
9.61581e-08
1.62941e-09
9.60543e-08
2.67464e-09
2.73532e-09
1.0651e-07
9.58351e-09
1.0649e-07
-6.19064e-09
1.06388e-07
6.11902e-09
1.06262e-07
-5.85501e-09
1.06247e-07
6.35331e-09
1.06188e-07
-8.04467e-10
1.06351e-07
4.19827e-09
1.06132e-07
-1.52569e-09
1.06379e-07
2.33863e-09
1.06018e-07
-1.24502e-09
1.06367e-07
1.62724e-09
1.05814e-07
-7.92732e-10
1.0613e-07
1.14699e-09
1.05545e-07
2.83397e-10
1.05765e-07
1.40569e-09
1.05198e-07
1.2632e-09
1.05146e-07
1.96804e-09
1.04574e-07
2.20202e-09
1.04448e-07
2.8002e-09
3.05619e-09
1.15492e-07
9.62547e-09
1.15377e-07
-6.07514e-09
1.15481e-07
6.01475e-09
1.15173e-07
-5.54718e-09
1.15433e-07
6.09328e-09
1.15191e-07
-5.62399e-10
1.15567e-07
3.82237e-09
1.15167e-07
-1.12513e-09
1.15578e-07
1.9268e-09
1.15073e-07
-7.39773e-10
1.15504e-07
1.19624e-09
1.14934e-07
-2.22097e-10
1.15207e-07
8.73348e-10
1.14698e-07
7.92691e-10
1.14745e-07
1.3583e-09
1.14328e-07
1.68098e-09
1.14124e-07
2.17197e-09
1.13752e-07
2.57321e-09
1.1354e-07
3.01294e-09
3.27547e-09
1.25287e-07
9.42052e-09
1.24999e-07
-5.78753e-09
1.25321e-07
5.69325e-09
1.24842e-07
-5.06858e-09
1.25323e-07
5.61227e-09
1.24943e-07
-1.82129e-10
1.2546e-07
3.30466e-09
1.24945e-07
-6.09979e-10
1.25421e-07
1.4515e-09
1.24895e-07
-2.13994e-10
1.2528e-07
8.10903e-10
1.24831e-07
2.27024e-10
1.24976e-07
7.288e-10
1.24627e-07
1.14155e-09
1.24375e-07
1.60986e-09
1.23947e-07
2.10876e-09
1.23762e-07
2.35702e-09
1.23588e-07
2.74718e-09
1.23364e-07
3.23699e-09
3.42546e-09
1.35806e-07
9.03265e-09
1.35368e-07
-5.34972e-09
1.35862e-07
5.19919e-09
1.35257e-07
-4.46295e-09
1.35902e-07
4.96733e-09
1.35427e-07
2.92291e-10
1.36022e-07
2.70983e-09
1.35481e-07
-6.94638e-11
1.35913e-07
1.02003e-09
1.35501e-07
1.9838e-10
1.35741e-07
5.69955e-10
1.35507e-07
4.61977e-10
1.35491e-07
7.4424e-10
1.35347e-07
1.2859e-09
1.35179e-07
1.77758e-09
1.3486e-07
2.42765e-09
1.34251e-07
2.96604e-09
1.33905e-07
3.09341e-09
1.33958e-07
3.18423e-09
3.55217e-09
1.47106e-07
8.53523e-09
1.46539e-07
-4.7823e-09
1.47179e-07
4.55908e-09
1.4647e-07
-3.75454e-09
1.47232e-07
4.20592e-09
1.46713e-07
8.11124e-10
1.47306e-07
2.11624e-09
1.46848e-07
3.89098e-10
1.47141e-07
7.26877e-10
1.46966e-07
3.73718e-10
1.47001e-07
5.35087e-10
1.4693e-07
5.32641e-10
1.46808e-07
8.66244e-10
1.46808e-07
1.2862e-09
1.46841e-07
1.74439e-09
1.46976e-07
2.2921e-09
1.46998e-07
2.94415e-09
1.46458e-07
3.63356e-09
1.45561e-07
4.08103e-09
3.92816e-09
1.59293e-07
7.96645e-09
1.58605e-07
-4.095e-09
1.59375e-07
3.78976e-09
1.58587e-07
-2.96647e-09
1.59413e-07
3.3797e-09
1.58905e-07
1.31921e-09
1.59436e-07
1.58479e-09
1.5912e-07
7.05595e-10
1.59271e-07
5.75817e-10
1.59226e-07
4.18448e-10
1.59227e-07
5.34453e-10
1.59223e-07
5.3649e-10
1.59169e-07
9.20167e-10
1.58817e-07
1.63781e-09
1.58215e-07
2.34683e-09
1.57613e-07
2.8943e-09
1.5717e-07
3.38641e-09
1.5706e-07
3.74367e-09
1.5741e-07
3.7316e-09
3.91859e-09
1.72464e-07
7.34266e-09
1.71671e-07
-3.30163e-09
1.72543e-07
2.91759e-09
1.71721e-07
-2.14506e-09
1.72538e-07
2.56329e-09
1.72127e-07
1.73006e-09
1.72528e-07
1.18364e-09
1.72414e-07
8.1976e-10
1.72458e-07
5.31861e-10
1.72458e-07
4.18764e-10
1.72427e-07
5.64675e-10
1.71986e-07
9.77742e-10
1.71436e-07
1.47077e-09
1.71004e-07
2.06983e-09
1.70783e-07
2.5672e-09
1.70578e-07
3.09953e-09
1.70494e-07
3.46989e-09
1.70561e-07
3.67702e-09
1.70502e-07
3.79042e-09
3.86336e-09
1.86711e-07
6.67255e-09
1.85834e-07
-2.42526e-09
1.86762e-07
1.99036e-09
1.85985e-07
-1.36839e-09
1.86696e-07
1.85225e-09
1.86505e-07
1.92142e-09
1.86689e-07
9.98747e-10
1.86776e-07
7.33263e-10
1.86743e-07
5.64768e-10
1.86522e-07
6.40306e-10
1.86078e-07
1.00787e-09
1.85677e-07
1.37914e-09
1.85356e-07
1.79131e-09
1.85085e-07
2.34085e-09
1.84869e-07
2.78353e-09
1.8475e-07
3.21894e-09
1.84709e-07
3.51048e-09
1.84681e-07
3.70525e-09
1.847e-07
3.77137e-09
3.78907e-09
2.02121e-07
5.96613e-09
2.01195e-07
-1.49965e-09
2.02108e-07
1.07769e-09
2.01463e-07
-7.23542e-10
2.02004e-07
1.31115e-09
2.02094e-07
1.83188e-09
2.02139e-07
9.53273e-10
2.02146e-07
7.26393e-10
2.01814e-07
8.9723e-10
2.01449e-07
1.00491e-09
2.01165e-07
1.29191e-09
2.00868e-07
1.67642e-09
2.00576e-07
2.0825e-09
2.00353e-07
2.56421e-09
2.00173e-07
2.96353e-09
2.00077e-07
3.3146e-09
2.00032e-07
3.55632e-09
2.0004e-07
3.69683e-09
2.00088e-07
3.72353e-09
3.69922e-09
2.18784e-07
5.241e-09
2.1786e-07
-5.76353e-10
2.18636e-07
3.01631e-10
2.18222e-07
-3.09343e-10
2.18567e-07
9.66768e-10
2.18815e-07
1.58306e-09
2.18751e-07
1.01755e-09
2.18468e-07
1.00994e-09
2.18183e-07
1.18211e-09
2.179e-07
1.28768e-09
2.1764e-07
1.55218e-09
2.17365e-07
1.95079e-09
2.17102e-07
2.3462e-09
2.169e-07
2.76616e-09
2.16756e-07
3.10687e-09
2.16679e-07
3.39221e-09
2.16654e-07
3.58151e-09
2.16685e-07
3.66549e-09
2.16759e-07
3.64917e-09
3.59451e-09
2.36798e-07
4.52112e-09
2.35935e-07
2.8682e-10
2.36336e-07
-9.9625e-11
2.36265e-07
-2.38499e-10
2.3639e-07
8.42331e-10
2.36479e-07
1.49345e-09
2.36386e-07
1.11084e-09
2.36245e-07
1.15059e-09
2.36033e-07
1.39474e-09
2.35766e-07
1.55478e-09
2.35507e-07
1.81058e-09
2.35257e-07
2.20117e-09
2.35022e-07
2.58148e-09
2.34836e-07
2.95165e-09
2.34725e-07
3.21798e-09
2.34673e-07
3.44408e-09
2.34675e-07
3.57993e-09
2.34726e-07
3.61437e-09
2.34819e-07
3.55644e-09
3.4782e-09
2.56278e-07
3.82979e-09
2.55532e-07
1.03314e-09
2.55667e-07
-2.34689e-10
2.55724e-07
-2.95089e-10
2.55804e-07
7.62058e-10
2.55864e-07
1.4339e-09
2.55758e-07
1.21653e-09
2.55601e-07
1.30741e-09
2.55388e-07
1.60779e-09
2.5513e-07
1.81311e-09
2.54879e-07
2.06158e-09
2.54647e-07
2.43241e-09
2.54442e-07
2.7871e-09
2.54283e-07
3.1104e-09
2.54199e-07
3.30187e-09
2.54174e-07
3.46886e-09
2.54202e-07
3.55203e-09
2.54272e-07
3.54482e-09
2.54377e-07
3.45112e-09
3.35345e-09
2.77352e-07
3.18607e-09
2.76756e-07
1.62902e-09
2.76693e-07
-1.72379e-10
2.76744e-07
-3.45556e-10
2.76824e-07
6.82283e-10
2.76856e-07
1.40167e-09
2.76743e-07
1.32933e-09
2.76577e-07
1.47387e-09
2.76364e-07
1.82087e-09
2.76114e-07
2.06297e-09
2.75873e-07
2.3025e-09
2.75663e-07
2.64204e-09
2.75487e-07
2.96286e-09
2.75364e-07
3.23399e-09
2.75308e-07
3.35809e-09
2.75307e-07
3.46961e-09
2.75356e-07
3.50274e-09
2.75442e-07
3.45913e-09
2.75556e-07
3.33694e-09
3.22261e-09
3.0015e-07
2.60997e-09
2.9975e-07
2.02921e-09
2.9953e-07
4.77071e-11
2.99504e-07
-3.19577e-10
2.99568e-07
6.1867e-10
2.99592e-07
1.37699e-09
2.99477e-07
1.44466e-09
2.99301e-07
1.64956e-09
2.99091e-07
2.03138e-09
2.98853e-07
2.3012e-09
2.98626e-07
2.52876e-09
2.98439e-07
2.82897e-09
2.98295e-07
3.10732e-09
2.98213e-07
3.31574e-09
2.98182e-07
3.38946e-09
2.98201e-07
3.45035e-09
2.98266e-07
3.4376e-09
2.98365e-07
3.36042e-09
2.98485e-07
3.21652e-09
3.08755e-09
3.24829e-07
2.11131e-09
3.24681e-07
2.17631e-09
3.24345e-07
3.84358e-10
3.24175e-07
-1.49698e-10
3.24192e-07
6.01589e-10
3.24219e-07
1.34964e-09
3.24105e-07
1.55917e-09
3.23919e-07
1.83499e-09
3.23714e-07
2.23635e-09
3.23491e-07
2.52487e-09
3.23286e-07
2.73349e-09
3.23125e-07
2.99031e-09
3.23007e-07
3.22515e-09
3.22973e-07
3.34939e-09
3.22958e-07
3.40461e-09
3.22995e-07
3.41306e-09
3.23074e-07
3.35944e-09
3.23183e-07
3.25145e-09
3.23309e-07
3.08996e-09
2.94956e-09
3.51557e-07
1.68579e-09
3.51894e-07
1.83906e-09
3.51339e-07
9.39523e-10
3.50931e-07
2.57945e-10
3.50888e-07
6.44736e-10
3.50897e-07
1.34144e-09
3.50779e-07
1.6771e-09
3.5059e-07
2.02373e-09
3.50388e-07
2.4379e-09
3.5019e-07
2.72309e-09
3.50013e-07
2.911e-09
3.4988e-07
3.12265e-09
3.49801e-07
3.30449e-09
3.49784e-07
3.36605e-09
3.49795e-07
3.39352e-09
3.49849e-07
3.35889e-09
3.49939e-07
3.26945e-09
3.50056e-07
3.13467e-09
3.50188e-07
2.95832e-09
2.80977e-09
3.80496e-07
1.33761e-09
3.80457e-07
1.87783e-09
3.80233e-07
1.16381e-09
3.79947e-07
5.43875e-10
3.79842e-07
7.50238e-10
3.79817e-07
1.36586e-09
3.79691e-07
1.80334e-09
3.79484e-07
2.23085e-09
3.79293e-07
2.62905e-09
3.79122e-07
2.89412e-09
3.78973e-07
3.06008e-09
3.78874e-07
3.22148e-09
3.78824e-07
3.35445e-09
3.78824e-07
3.36582e-09
3.7886e-07
3.35765e-09
3.78932e-07
3.2869e-09
3.79034e-07
3.16724e-09
3.79157e-07
3.01142e-09
3.79292e-07
2.82391e-09
2.66901e-09
4.11896e-07
1.00392e-09
4.12457e-07
1.31609e-09
4.12577e-07
1.04461e-09
4.12025e-07
1.09591e-09
4.11432e-07
1.34241e-09
4.11181e-07
1.61763e-09
4.1099e-07
1.99358e-09
4.10771e-07
2.45013e-09
4.10608e-07
2.7926e-09
4.10472e-07
3.02943e-09
4.10357e-07
3.17547e-09
4.10289e-07
3.28936e-09
4.10275e-07
3.36857e-09
4.10293e-07
3.34748e-09
4.10349e-07
3.30206e-09
4.10436e-07
3.20018e-09
4.10547e-07
3.05586e-09
4.10674e-07
2.88405e-09
4.10809e-07
2.68873e-09
2.53027e-09
4.45858e-07
7.1775e-10
4.46625e-07
5.496e-10
4.47179e-07
4.90397e-10
4.47182e-07
1.09308e-09
4.46507e-07
2.01738e-09
4.45495e-07
2.63004e-09
4.44901e-07
2.58719e-09
4.44672e-07
2.6786e-09
4.44548e-07
2.91739e-09
4.44447e-07
3.1299e-09
4.44364e-07
3.25905e-09
4.44325e-07
3.32748e-09
4.44347e-07
3.34711e-09
4.4438e-07
3.31478e-09
4.44452e-07
3.22959e-09
4.44551e-07
3.1011e-09
4.4467e-07
2.93746e-09
4.44801e-07
2.75314e-09
4.44937e-07
2.55273e-09
2.39376e-09
4.82542e-07
5.68504e-10
4.82375e-07
7.16384e-10
4.82061e-07
8.05056e-10
4.81857e-07
1.29662e-09
4.81905e-07
1.96938e-09
4.81936e-07
2.5989e-09
4.81707e-07
2.81688e-09
4.81488e-07
2.89711e-09
4.81352e-07
3.05317e-09
4.81269e-07
3.21346e-09
4.81219e-07
3.30915e-09
4.81214e-07
3.3317e-09
4.81248e-07
3.31317e-09
4.81311e-07
3.25243e-09
4.814e-07
3.14043e-09
4.81511e-07
2.99024e-09
4.81636e-07
2.81258e-09
4.8177e-07
2.61908e-09
4.81905e-07
2.41693e-09
2.25766e-09
5.22361e-07
4.64146e-10
5.2222e-07
8.57005e-10
5.21968e-07
1.05678e-09
5.21785e-07
1.48032e-09
5.21665e-07
2.08838e-09
5.21632e-07
2.63208e-09
5.21509e-07
2.94001e-09
5.21349e-07
3.05774e-09
5.21227e-07
3.17466e-09
5.21159e-07
3.28188e-09
5.21131e-07
3.33676e-09
5.21157e-07
3.30529e-09
5.21211e-07
3.25922e-09
5.21296e-07
3.16791e-09
5.21402e-07
3.03466e-09
5.21524e-07
2.86804e-09
5.21655e-07
2.68164e-09
5.21791e-07
2.48309e-09
5.21926e-07
2.28182e-09
2.12315e-09
5.65473e-07
4.05067e-10
5.65439e-07
8.90797e-10
5.65195e-07
1.30096e-09
5.6495e-07
1.72532e-09
5.64782e-07
2.25609e-09
5.64682e-07
2.7318e-09
5.64605e-07
3.0172e-09
5.64497e-07
3.16575e-09
5.64407e-07
3.2652e-09
5.64358e-07
3.33024e-09
5.64368e-07
3.32667e-09
5.64414e-07
3.25958e-09
5.64489e-07
3.18413e-09
5.64591e-07
3.06572e-09
5.64711e-07
2.91488e-09
5.64842e-07
2.73696e-09
5.64978e-07
2.54552e-09
5.65116e-07
2.34594e-09
5.6525e-07
2.14721e-09
1.99246e-09
6.12157e-07
3.85987e-10
6.12076e-07
9.72011e-10
6.11899e-07
1.47711e-09
6.11663e-07
1.96195e-09
6.11478e-07
2.44082e-09
6.11369e-07
2.84039e-09
6.11292e-07
3.09505e-09
6.11219e-07
3.23848e-09
6.11166e-07
3.31761e-09
6.11148e-07
3.34898e-09
6.11196e-07
3.27869e-09
6.11256e-07
3.19896e-09
6.11349e-07
3.09108e-09
6.11465e-07
2.94989e-09
6.11596e-07
2.7842e-09
6.11734e-07
2.59879e-09
6.11875e-07
2.40497e-09
6.12013e-07
2.20771e-09
6.12146e-07
2.01353e-09
1.86416e-09
6.62715e-07
3.93835e-10
6.62621e-07
1.0661e-09
6.62431e-07
1.66702e-09
6.62223e-07
2.16956e-09
6.62048e-07
2.61594e-09
6.61934e-07
2.95469e-09
6.6186e-07
3.16916e-09
6.61814e-07
3.28435e-09
6.61799e-07
3.33267e-09
6.61823e-07
3.32448e-09
6.61886e-07
3.21593e-09
6.61973e-07
3.11238e-09
6.62083e-07
2.98119e-09
6.62209e-07
2.82324e-09
6.62347e-07
2.64648e-09
6.6249e-07
2.4559e-09
6.62633e-07
2.26147e-09
6.62773e-07
2.06847e-09
6.62906e-07
1.88031e-09
1.73657e-09
7.17459e-07
4.22732e-10
7.17297e-07
1.22794e-09
7.17147e-07
1.8171e-09
7.16964e-07
2.35281e-09
7.16798e-07
2.78163e-09
7.16684e-07
3.06897e-09
7.16621e-07
3.23239e-09
7.166e-07
3.3055e-09
7.16618e-07
3.31411e-09
7.16675e-07
3.26713e-09
7.16761e-07
3.13071e-09
7.1687e-07
3.00282e-09
7.17e-07
2.85124e-09
7.17141e-07
2.68287e-09
7.17284e-07
2.50297e-09
7.17423e-07
2.31722e-09
7.17564e-07
2.11979e-09
7.17705e-07
1.92747e-09
7.1784e-07
1.74562e-09
1.60776e-09
7.76743e-07
4.5828e-10
7.76671e-07
1.29997e-09
7.76452e-07
2.03671e-09
7.76232e-07
2.57261e-09
7.76068e-07
2.94522e-09
7.75958e-07
3.17909e-09
7.75906e-07
3.28434e-09
7.75907e-07
3.30434e-09
7.75955e-07
3.26606e-09
7.76043e-07
3.17923e-09
7.76153e-07
3.02107e-09
7.76284e-07
2.87152e-09
7.76435e-07
2.70086e-09
7.76595e-07
2.5223e-09
7.76768e-07
2.33064e-09
7.76887e-07
2.1976e-09
7.76993e-07
2.01444e-09
7.77144e-07
1.77608e-09
7.77289e-07
1.60069e-09
1.47255e-09
8.40911e-07
5.1612e-10
8.40743e-07
1.46811e-09
8.40569e-07
2.21067e-09
8.40382e-07
2.76032e-09
8.40228e-07
3.09902e-09
8.40132e-07
3.27502e-09
8.40096e-07
3.32027e-09
8.4012e-07
3.28048e-09
8.40199e-07
3.18686e-09
8.40328e-07
3.05004e-09
8.40463e-07
2.88678e-09
8.40623e-07
2.71065e-09
8.40802e-07
2.52198e-09
8.40991e-07
2.33375e-09
8.41176e-07
2.14552e-09
8.4135e-07
2.02326e-09
8.41513e-07
1.85133e-09
8.41601e-07
1.68865e-09
8.41668e-07
1.53359e-09
1.35341e-09
3.27244e-06
8.34983e-10
3.27171e-06
2.19506e-09
3.27086e-06
3.06264e-09
3.27012e-06
3.50087e-09
3.26957e-06
3.64436e-09
3.26925e-06
3.59079e-09
3.26915e-06
3.42597e-09
3.26925e-06
3.17823e-09
3.26962e-06
2.82163e-09
3.27011e-06
2.55295e-09
3.2707e-06
2.30197e-09
3.27134e-06
2.0688e-09
3.27201e-06
1.85458e-09
3.27268e-06
1.66047e-09
3.27334e-06
1.48554e-09
3.27404e-06
1.32863e-09
3.2747e-06
1.18838e-09
3.27532e-06
1.063e-09
3.27591e-06
9.51353e-10
8.70665e-10
3.53964e-06
1.11551e-09
3.53874e-06
3.09794e-09
3.53752e-06
4.27616e-09
3.53638e-06
4.64397e-09
3.53548e-06
4.54602e-09
3.53488e-06
4.18638e-09
3.53451e-06
3.79961e-09
3.53419e-06
3.502e-09
3.53392e-06
3.08223e-09
3.53382e-06
2.6531e-09
3.53388e-06
2.24445e-09
3.5341e-06
1.85131e-09
3.53446e-06
1.49113e-09
3.53496e-06
1.16165e-09
3.53557e-06
8.73763e-10
3.53628e-06
6.24906e-10
3.53704e-06
4.21176e-10
3.53785e-06
2.597e-10
3.53865e-06
1.44537e-10
7.17145e-11
3.82784e-06
2.17615e-09
3.82574e-06
5.19735e-09
3.82338e-06
6.63082e-09
3.82131e-06
6.71865e-09
3.81967e-06
6.18296e-09
3.81871e-06
5.14674e-09
3.81819e-06
4.32158e-09
3.81817e-06
3.51535e-09
3.81847e-06
2.78548e-09
3.81903e-06
2.09587e-09
3.81978e-06
1.48741e-09
3.82069e-06
9.43553e-10
3.82169e-06
4.92206e-10
3.82272e-06
1.33827e-10
3.82388e-06
-2.85222e-10
3.82516e-06
-6.61799e-10
3.82649e-06
-9.05193e-10
3.82779e-06
-1.03967e-09
3.829e-06
-1.06179e-09
-9.51131e-10
4.14266e-06
9.77275e-10
4.14511e-06
2.74682e-09
4.14797e-06
3.77488e-09
4.15064e-06
4.04103e-09
4.15294e-06
3.88245e-09
4.15459e-06
3.50404e-09
4.15569e-06
3.2143e-09
4.15644e-06
2.76728e-09
4.15689e-06
2.33806e-09
4.15707e-06
1.91468e-09
4.15704e-06
1.52141e-09
4.15683e-06
1.14799e-09
4.15652e-06
8.10187e-10
4.15615e-06
5.02074e-10
4.15563e-06
2.29388e-10
4.15498e-06
-7.90065e-12
4.15419e-06
-1.14818e-10
4.15334e-06
-1.88351e-10
4.15251e-06
-2.34175e-10
-2.61725e-10
4.47992e-06
6.02478e-10
4.48111e-06
1.55962e-09
4.48279e-06
2.09439e-09
4.48456e-06
2.26346e-09
4.48626e-06
2.18918e-09
4.48778e-06
1.98362e-09
4.48927e-06
1.71914e-09
4.49065e-06
1.3905e-09
4.49183e-06
1.15698e-09
4.49278e-06
9.61162e-10
4.49351e-06
7.99491e-10
4.49399e-06
6.67384e-10
4.49424e-06
5.60071e-10
4.49426e-06
4.73648e-10
4.49409e-06
4.03722e-10
4.49373e-06
3.47237e-10
4.49332e-06
3.01084e-10
4.49287e-06
2.63077e-10
4.4924e-06
2.31261e-10
2.08703e-10
4.84554e-06
2.83796e-10
4.84624e-06
8.605e-10
4.8471e-06
1.23854e-09
4.84796e-06
1.39962e-09
4.84874e-06
1.41152e-09
4.84938e-06
1.34334e-09
4.84984e-06
1.25828e-09
4.85006e-06
1.16828e-09
4.85017e-06
1.04703e-09
4.85021e-06
9.27175e-10
4.85019e-06
8.15652e-10
4.85014e-06
7.14438e-10
4.85008e-06
6.24307e-10
4.85001e-06
5.45395e-10
4.84993e-06
4.7664e-10
4.84986e-06
4.17294e-10
4.8498e-06
3.66023e-10
4.84974e-06
3.21829e-10
4.84969e-06
2.8359e-10
2.44421e-10
5.24087e-06
1.70503e-10
5.24117e-06
5.60736e-10
5.24158e-06
8.28258e-10
5.24202e-06
9.54888e-10
5.24245e-06
9.81601e-10
5.24284e-06
9.55946e-10
5.24319e-06
9.04666e-10
5.24352e-06
8.39619e-10
5.2438e-06
7.706e-10
5.24403e-06
7.00334e-10
5.24421e-06
6.29879e-10
5.24438e-06
5.50761e-10
5.24451e-06
4.93435e-10
5.24461e-06
4.42446e-10
5.24469e-06
3.962e-10
5.24475e-06
3.54679e-10
5.2448e-06
3.17076e-10
5.24484e-06
2.8329e-10
5.24487e-06
2.52789e-10
2.30485e-10
5.66864e-06
1.08499e-10
5.66882e-06
3.76721e-10
5.66908e-06
5.75383e-10
5.66935e-06
6.7706e-10
5.66963e-06
7.09268e-10
5.66988e-06
7.04627e-10
5.6701e-06
6.81376e-10
5.67029e-06
6.4602e-10
5.67046e-06
6.0566e-10
5.6706e-06
5.61792e-10
5.67071e-06
5.17286e-10
5.67079e-06
4.74908e-10
5.67084e-06
4.41018e-10
5.67088e-06
4.00642e-10
5.67091e-06
3.62367e-10
5.67094e-06
3.26864e-10
5.67096e-06
2.94013e-10
5.67098e-06
2.64003e-10
5.671e-06
2.36638e-10
2.07057e-10
6.13136e-06
7.47038e-11
6.13146e-06
2.74589e-10
6.1316e-06
4.28089e-10
6.13177e-06
5.10046e-10
6.13194e-06
5.4127e-10
6.13209e-06
5.52701e-10
6.13223e-06
5.42026e-10
6.13236e-06
5.20483e-10
6.13247e-06
4.93536e-10
6.13257e-06
4.62242e-10
6.13266e-06
4.28877e-10
6.13274e-06
3.9488e-10
6.13282e-06
3.61062e-10
6.13289e-06
3.2859e-10
6.13295e-06
2.97663e-10
6.13301e-06
2.68891e-10
6.13306e-06
2.42208e-10
6.13311e-06
2.17797e-10
6.13315e-06
1.95502e-10
1.71423e-10
6.63186e-06
5.54229e-11
6.63193e-06
2.09298e-10
6.63203e-06
3.29122e-10
6.63214e-06
3.943e-10
6.63226e-06
4.19774e-10
6.63239e-06
4.24838e-10
6.63251e-06
4.23016e-10
6.63262e-06
4.08458e-10
6.63273e-06
3.89114e-10
6.63282e-06
3.65967e-10
6.63291e-06
3.40768e-10
6.63299e-06
3.14767e-10
6.63307e-06
2.83023e-10
6.63314e-06
2.57655e-10
6.6332e-06
2.33328e-10
6.63326e-06
2.10599e-10
6.63331e-06
1.89426e-10
6.63336e-06
1.70001e-10
6.63341e-06
1.52211e-10
1.39033e-10
7.17324e-06
4.13568e-11
7.17329e-06
1.58163e-10
7.17337e-06
2.49858e-10
7.17346e-06
2.99878e-10
7.17356e-06
3.19738e-10
7.17366e-06
3.23966e-10
7.17376e-06
3.19832e-10
7.17386e-06
3.09194e-10
7.17396e-06
2.94871e-10
7.17405e-06
2.77416e-10
7.17413e-06
2.58276e-10
7.17421e-06
2.38433e-10
7.17427e-06
2.18466e-10
7.17433e-06
1.99163e-10
7.17438e-06
1.80641e-10
7.17443e-06
1.63284e-10
7.17447e-06
1.47061e-10
7.17451e-06
1.32113e-10
7.17454e-06
1.18374e-10
1.08134e-10
7.75881e-06
2.94663e-11
7.75885e-06
1.14043e-10
7.75892e-06
1.8045e-10
7.759e-06
2.16804e-10
7.75909e-06
2.3116e-10
7.75918e-06
2.34329e-10
7.75927e-06
2.3142e-10
7.75936e-06
2.23994e-10
7.75944e-06
2.13946e-10
7.75951e-06
2.01678e-10
7.75958e-06
1.88097e-10
7.75965e-06
1.73938e-10
7.75971e-06
1.59562e-10
7.75976e-06
1.45574e-10
7.75981e-06
1.32071e-10
7.75985e-06
1.19397e-10
7.75989e-06
1.07537e-10
7.75992e-06
9.99731e-11
7.75995e-06
8.99678e-11
7.91361e-11
8.39218e-06
1.92219e-11
8.39222e-06
7.45403e-11
8.39229e-06
1.18159e-10
8.39236e-06
1.42012e-10
8.39244e-06
1.51533e-10
8.39252e-06
1.53688e-10
8.3926e-06
1.51904e-10
8.39268e-06
1.47102e-10
8.39275e-06
1.40584e-10
8.39282e-06
1.32562e-10
8.39288e-06
1.23672e-10
8.39294e-06
1.14375e-10
8.393e-06
1.0494e-10
8.39305e-06
9.57533e-11
8.39309e-06
8.68918e-11
8.39313e-06
7.85667e-11
8.39317e-06
7.07761e-11
8.3932e-06
6.56671e-11
8.39324e-06
5.91488e-11
5.21079e-11
9.07726e-06
9.53786e-12
9.0773e-06
3.72611e-11
9.07736e-06
5.92564e-11
9.07743e-06
7.14084e-11
9.07751e-06
7.6323e-11
9.07758e-06
7.74904e-11
9.07766e-06
7.66194e-11
9.07773e-06
7.42109e-11
9.0778e-06
7.09249e-11
9.07787e-06
6.68843e-11
9.07793e-06
6.24043e-11
9.07798e-06
5.77215e-11
9.07804e-06
5.29655e-11
9.07808e-06
4.83341e-11
9.07813e-06
4.38626e-11
9.07817e-06
3.96597e-11
9.0782e-06
3.57223e-11
9.07823e-06
3.20915e-11
9.07826e-06
2.87507e-11
2.62658e-11
9.81827e-06
9.81831e-06
9.81837e-06
9.81844e-06
9.81852e-06
9.81859e-06
9.81867e-06
9.81874e-06
9.81881e-06
9.81888e-06
9.81894e-06
9.819e-06
9.81905e-06
9.8191e-06
9.81915e-06
9.81919e-06
9.81922e-06
9.81925e-06
9.81928e-06
)
;

boundaryField
{
    top
    {
        type            calculated;
        value           uniform 0;
    }
    inlet
    {
        type            calculated;
        value           nonuniform List<scalar> 
45
(
-3.27275e-06
-3.53992e-06
-3.8289e-06
-4.14146e-06
-4.47954e-06
-4.84522e-06
-5.24076e-06
-5.66858e-06
-6.13132e-06
-6.63184e-06
-7.17322e-06
-7.7588e-06
-8.39217e-06
-9.07725e-06
-9.81826e-06
-8.40969e-08
-9.10464e-08
-9.85702e-08
-1.06716e-07
-1.15534e-07
-1.25082e-07
-1.35418e-07
-1.46609e-07
-1.58724e-07
-1.7184e-07
-1.86041e-07
-2.01414e-07
-2.18059e-07
-2.36078e-07
-2.55587e-07
-2.76708e-07
-2.99574e-07
-3.2433e-07
-3.51132e-07
-3.80148e-07
-4.11562e-07
-4.45572e-07
-4.82393e-07
-5.22256e-07
-5.65414e-07
-6.12138e-07
-6.62723e-07
-7.17488e-07
-7.76779e-07
-8.40969e-07
)
;
    }
    outlet
    {
        type            calculated;
        value           nonuniform List<scalar> 
45
(
3.30734e-06
3.57366e-06
3.86156e-06
4.16158e-06
4.49702e-06
4.85903e-06
5.25297e-06
5.67951e-06
6.14117e-06
6.64086e-06
7.18144e-06
7.76635e-06
8.39921e-06
9.08399e-06
9.82506e-06
6.23631e-09
2.08603e-08
3.88595e-08
5.99988e-08
8.3063e-08
1.05845e-07
1.26239e-07
1.43622e-07
1.58873e-07
1.73368e-07
1.88168e-07
2.03863e-07
2.20749e-07
2.38996e-07
2.58737e-07
2.801e-07
3.03221e-07
3.28244e-07
3.55328e-07
3.84647e-07
4.16386e-07
4.50748e-07
4.87967e-07
5.28265e-07
5.71882e-07
6.19098e-07
6.70207e-07
7.25522e-07
7.85385e-07
8.50182e-07
)
;
    }
    plate
    {
        type            calculated;
        value           uniform 0;
    }
    symmBound
    {
        type            calculated;
        value           nonuniform List<scalar> 
20
(
-1.01463e-08
7.97694e-09
-6.77474e-09
7.35808e-09
-6.64369e-09
1.69879e-09
-4.90709e-09
2.58135e-09
-3.01676e-09
2.21165e-09
-2.23246e-09
2.12115e-09
-1.53923e-09
1.05109e-09
-1.69801e-09
-1.11285e-11
-1.41644e-09
-2.7316e-10
-1.09822e-09
-6.45732e-10
)
;
    }
    frontAndBack
    {
        type            empty;
        value           nonuniform 0();
    }
}


// ************************************************************************* //
