# ccx y+
0.000485708 10.9912
0.00145827 8.735
0.00243313 6.85924
0.00341029 5.73736
0.00438975 5.29016
0.00537153 5.1542
0.00635563 5.09336
0.00734204 5.0476
0.00833079 5.05087
0.00932187 5.18993
0.0103153 5.54364
0.011311 5.8455
0.0123092 6.07955
0.0133096 6.24701
0.0143125 6.35811
0.0153177 6.42647
0.0163252 6.45885
0.0173352 6.46758
0.0183475 6.45909
0.0193622 6.43819
0.0203793 6.41149
0.0213988 6.3827
0.0224208 6.35328
0.0234451 6.32392
0.0244718 6.29498
0.025501 6.26665
0.0265326 6.23912
0.0275667 6.2125
0.0286031 6.18673
0.0296421 6.1619
0.0306834 6.13805
0.0317273 6.11491
0.0327736 6.09233
0.0338223 6.07028
0.0348736 6.04895
0.0359273 6.02838
0.0369835 6.00863
0.0380422 5.98964
0.0391034 5.97139
0.0401671 5.95381
0.0412333 5.9368
0.0423021 5.9203
0.0433733 5.90425
0.0444471 5.88863
0.0455234 5.87348
0.0466023 5.85878
0.0476837 5.84452
0.0487676 5.83067
0.0498542 5.81725
0.0509432 5.80421
0.0520349 5.79148
0.0531291 5.77903
0.0542259 5.76687
0.0553253 5.75498
0.0564273 5.74337
0.0575319 5.73203
0.0586391 5.72097
0.0597489 5.71018
0.0608614 5.69959
0.0619764 5.68918
0.0630941 5.67896
0.0642144 5.66893
0.0653374 5.6591
0.066463 5.64946
0.0675913 5.64002
0.0687222 5.63079
0.0698559 5.62174
0.0709921 5.61286
0.0721311 5.60414
0.0732728 5.59556
0.0744171 5.58712
0.0755642 5.57881
0.0767139 5.57065
0.0778664 5.56264
0.0790216 5.55477
0.0801795 5.54704
0.0813402 5.53942
0.0825035 5.53192
0.0836697 5.52453
0.0848386 5.51725
0.0860102 5.51006
0.0871846 5.50299
0.0883618 5.49603
0.0895418 5.48918
0.0907245 5.48242
0.0919101 5.47576
0.0930984 5.46919
0.0942895 5.4627
0.0954835 5.45629
0.0966803 5.44996
0.0978799 5.44372
0.0990823 5.43757
0.100288 5.4315
0.101496 5.42551
0.102707 5.41958
0.10392 5.41373
0.105137 5.40795
0.106357 5.40223
0.107579 5.39657
0.108804 5.39099
0.110033 5.38548
0.111264 5.38003
0.112498 5.37464
0.113735 5.36931
0.114975 5.36404
0.116217 5.35882
0.117463 5.35365
0.118712 5.34854
0.119963 5.34349
0.121218 5.33849
0.122475 5.33355
0.123736 5.32866
0.124999 5.32381
0.126266 5.31901
0.127535 5.31425
0.128807 5.30954
0.130083 5.30488
0.131361 5.30026
0.132643 5.29569
0.133927 5.29117
0.135215 5.28668
0.136505 5.28224
0.137799 5.27783
0.139096 5.27346
0.140395 5.26913
0.141698 5.26484
0.143004 5.26059
0.144313 5.25637
0.145625 5.2522
0.14694 5.24806
0.148258 5.24395
0.149579 5.23988
0.150904 5.23583
0.152231 5.23182
0.153562 5.22785
0.154896 5.22391
0.156233 5.22
0.157573 5.21612
0.158916 5.21228
0.160263 5.20846
0.161613 5.20467
0.162965 5.2009
0.164321 5.19717
0.165681 5.19346
0.167043 5.18979
0.168409 5.18614
0.169778 5.18252
0.17115 5.17892
0.172525 5.17535
0.173904 5.1718
0.175286 5.16828
0.176671 5.16479
0.178059 5.16132
0.179451 5.15787
0.180846 5.15445
0.182244 5.15105
0.183646 5.14767
0.18505 5.14432
0.186459 5.14099
0.18787 5.13768
0.189285 5.13439
0.190703 5.13113
0.192124 5.12789
0.193549 5.12466
0.194978 5.12146
0.196409 5.11828
0.197844 5.11512
0.199282 5.11198
0.200724 5.10885
0.202169 5.10575
0.203618 5.10267
0.20507 5.0996
0.206525 5.09656
0.207903 5.0937
0.209207 5.09101
0.210526 5.08831
0.211859 5.0856
0.213207 5.08289
0.214569 5.08017
0.215947 5.07743
0.217339 5.07469
0.218746 5.07194
0.220168 5.06918
0.221606 5.06642
0.22306 5.06364
0.224529 5.06085
0.226015 5.05806
0.227516 5.05526
0.229034 5.05245
0.230569 5.04963
0.23212 5.04681
0.233687 5.04397
0.235272 5.04113
0.236875 5.03828
0.238494 5.03543
0.240131 5.03256
0.241786 5.02969
0.243459 5.02681
0.24515 5.02392
0.24686 5.02102
0.248588 5.01812
0.250335 5.01521
0.252101 5.01229
0.253886 5.00936
0.25569 5.00643
0.257514 5.00349
0.259358 5.00054
0.261222 4.99759
0.263106 4.99463
0.265011 4.99166
0.266937 4.98868
0.268883 4.9857
0.27085 4.98271
0.272839 4.97972
0.27485 4.97671
0.276882 4.97371
0.278936 4.97069
0.281013 4.96765
0.283113 4.96461
0.285235 4.96156
0.28738 4.9585
0.289548 4.95544
0.291741 4.95237
0.293956 4.9493
0.296196 4.94622
0.298461 4.94313
0.30075 4.94004
0.303064 4.93694
0.305403 4.93384
0.307767 4.93073
0.310157 4.92762
0.312573 4.9245
0.315016 4.92137
0.317485 4.91824
0.31998 4.91511
0.322503 4.91197
0.325053 4.90882
0.327632 4.90567
0.330238 4.90252
0.332872 4.89936
0.335535 4.8962
0.338227 4.89303
0.340948 4.88985
0.343699 4.88668
0.346479 4.88349
0.34929 4.88031
0.352132 4.87712
0.355004 4.87392
0.357908 4.87072
0.360843 4.86752
0.36381 4.86431
0.366809 4.8611
0.369841 4.85788
0.372906 4.85466
0.376004 4.85144
0.379136 4.84821
0.382302 4.84498
0.385502 4.84175
0.388737 4.83851
0.392007 4.83526
0.395313 4.83201
0.398654 4.82875
0.402032 4.8255
0.405447 4.82224
0.408899 4.81897
0.412388 4.81571
0.415916 4.81244
0.419481 4.80917
0.423086 4.80589
0.426729 4.80261
0.430412 4.79933
0.434136 4.79605
0.437899 4.79277
0.441704 4.78948
0.44555 4.78619
0.449437 4.7829
0.453367 4.7796
0.45734 4.77631
0.461356 4.77301
0.465415 4.76971
0.469519 4.7664
0.473667 4.7631
0.477861 4.75979
0.4821 4.75648
0.486385 4.75317
0.490716 4.74986
0.495095 4.74655
0.499521 4.74324
0.503995 4.73992
0.508518 4.7366
0.51309 4.73328
0.517712 4.72996
0.522384 4.72664
0.527107 4.72332
0.531881 4.72
0.536707 4.71667
0.541586 4.71335
0.546518 4.71002
0.551503 4.70669
0.556542 4.70336
0.561636 4.70004
0.566786 4.69671
0.571991 4.69338
0.577253 4.69004
0.582572 4.68671
0.587949 4.68338
0.593385 4.68005
0.59888 4.67672
0.604434 4.67338
0.610048 4.67005
0.615724 4.66672
0.621462 4.66339
0.627261 4.66005
0.633124 4.65672
0.639051 4.65339
0.645042 4.65005
0.651098 4.64672
0.657219 4.64339
0.663408 4.64005
0.669664 4.63672
0.675987 4.63339
0.68238 4.63006
0.688841 4.62673
0.695374 4.6234
0.701977 4.62007
0.708652 4.61674
0.715399 4.61341
0.72222 4.61008
0.729115 4.60675
0.736085 4.60342
0.74313 4.6001
0.750252 4.59677
0.757452 4.59345
0.76473 4.59013
0.772087 4.58681
0.779524 4.58348
0.787042 4.58016
0.794641 4.57685
0.802323 4.57353
0.810089 4.57021
0.817939 4.5669
0.825874 4.56358
0.833896 4.56027
0.842004 4.55696
0.850201 4.55365
0.858487 4.55034
0.866863 4.54704
0.87533 4.54373
0.883889 4.54043
0.892542 4.53713
0.901288 4.53383
0.910129 4.53053
0.919066 4.52724
0.928101 4.52394
0.93826 4.52028
0.949496 4.51629
0.960731 4.51235
0.971966 4.50847
0.983202 4.50463
0.994437 4.50085
1.00567 4.49711
1.01691 4.49343
1.02814 4.48979
1.03938 4.48619
1.05061 4.48265
1.06185 4.47914
1.07308 4.47568
1.08432 4.47226
1.09555 4.46888
1.10679 4.46554
1.11803 4.46224
1.12926 4.45898
1.1405 4.45576
1.15173 4.45257
1.16297 4.44942
1.1742 4.44631
1.18544 4.44323
1.19667 4.44018
1.20791 4.43717
1.21914 4.43418
1.23038 4.43124
1.24161 4.42832
1.25285 4.42543
1.26409 4.42257
1.27532 4.41975
1.28656 4.41695
1.29779 4.41418
1.30903 4.41143
1.32026 4.40872
1.3315 4.40603
1.34273 4.40337
1.35397 4.40073
1.3652 4.39812
1.37644 4.39553
1.38767 4.39297
1.39891 4.39043
1.41014 4.38792
1.42138 4.38543
1.43262 4.38296
1.44385 4.38052
1.45509 4.3781
1.46632 4.37569
1.47756 4.37331
1.48879 4.37095
1.50003 4.36862
1.51126 4.36629
1.5225 4.364
1.53373 4.36172
1.54497 4.35946
1.5562 4.35722
1.56744 4.355
1.57867 4.35279
1.58991 4.35061
1.60115 4.34844
1.61238 4.34629
1.62362 4.34415
1.63485 4.34204
1.64609 4.33994
1.65732 4.33786
1.66856 4.33579
1.67979 4.33374
1.69103 4.3317
1.70226 4.32969
1.7135 4.32768
1.72473 4.3257
1.73597 4.32372
1.7472 4.32177
1.75844 4.31981
1.76968 4.31789
1.78091 4.31596
1.79215 4.31407
1.80338 4.31216
1.81462 4.3103
1.82585 4.30841
1.83709 4.30658
1.84832 4.30472
1.85956 4.30292
1.87079 4.30107
1.88203 4.29929
1.89326 4.29747
1.9045 4.29569
1.91573 4.29394
1.92697 4.29191
1.93821 4.29029
1.94944 4.28782
1.96068 4.28706
1.97191 4.28315
1.98315 4.28466
1.99438 4.27908
