/*--------------------------------*- C++ -*----------------------------------*\
| =========                 |                                                 |
| \\      /  F ield         | OpenFOAM: The Open Source CFD Toolbox           |
|  \\    /   O peration     | Version:  5.x                                   |
|   \\  /    A nd           | Web:      www.OpenFOAM.org                      |
|    \\/     M anipulation  |                                                 |
\*---------------------------------------------------------------------------*/
FoamFile
{
    version     2.0;
    format      ascii;
    class       surfaceScalarField;
    location    "0.2";
    object      phi;
}
// * * * * * * * * * * * * * * * * * * * * * * * * * * * * * * * * * * * * * //

dimensions      [0 3 -1 0 0 0 0];

internalField   nonuniform List<scalar> 
4850
(
7.34176e-08
6.85859e-09
-8.02762e-08
6.46383e-08
8.77931e-09
5.57485e-08
8.88976e-09
4.68841e-08
8.86443e-09
3.82195e-08
8.66459e-09
3.04032e-08
7.81633e-09
2.43172e-08
6.08598e-09
2.0359e-08
3.95816e-09
1.80738e-08
2.28518e-09
1.66879e-08
1.38599e-09
1.57289e-08
9.59003e-10
1.49622e-08
7.66676e-10
1.42702e-08
6.9196e-10
1.36111e-08
6.59098e-10
1.29825e-08
6.28594e-10
1.23895e-08
5.93037e-10
1.18401e-08
5.49356e-10
1.13338e-08
5.06311e-10
1.08707e-08
4.63143e-10
1.04427e-08
4.27992e-10
1.00472e-08
3.9549e-10
9.67434e-09
3.72858e-10
9.32633e-09
3.48012e-10
8.99454e-09
3.3179e-10
8.68377e-09
3.10775e-10
8.38501e-09
2.98757e-10
8.10578e-09
2.79225e-10
7.83336e-09
2.72419e-10
7.58057e-09
2.52797e-10
7.33042e-09
2.50152e-10
7.09968e-09
2.30735e-10
6.86682e-09
2.32856e-10
6.65469e-09
2.12131e-10
6.43493e-09
2.19759e-10
2.12862e-10
8.82079e-08
6.33892e-09
-8.76882e-08
8.71745e-08
9.81267e-09
8.50606e-08
1.10037e-08
8.22495e-08
1.16755e-08
7.86742e-08
1.22399e-08
7.43527e-08
1.21379e-08
6.95823e-08
1.08563e-08
6.49259e-08
8.61464e-09
6.07972e-08
6.41383e-09
5.7152e-08
5.03125e-09
5.38479e-08
4.26303e-09
5.08383e-08
3.77634e-09
4.81018e-08
3.42843e-09
4.56191e-08
3.14177e-09
4.33754e-08
2.87237e-09
4.13407e-08
2.62765e-09
3.94947e-08
2.39535e-09
3.7806e-08
2.1951e-09
3.62609e-08
2.00822e-09
3.48301e-08
1.85877e-09
3.35055e-08
1.72006e-09
3.22593e-08
1.61909e-09
3.10957e-08
1.51162e-09
2.99885e-08
1.43899e-09
2.89519e-08
1.34736e-09
2.79565e-08
1.29416e-09
2.70258e-08
1.20993e-09
2.61207e-08
1.17755e-09
2.52795e-08
1.09395e-09
2.44476e-08
1.08201e-09
2.3683e-08
9.95423e-10
2.29091e-08
1.00676e-09
2.22112e-08
9.09985e-10
2.14808e-08
9.50148e-10
8.85718e-10
9.59799e-08
5.91079e-09
-9.55518e-08
9.64139e-08
9.37862e-09
9.63445e-08
1.10732e-08
9.60989e-08
1.19211e-08
9.56694e-08
1.26694e-08
9.47834e-08
1.30238e-08
9.32637e-08
1.2376e-08
9.12335e-08
1.06449e-08
8.9027e-08
8.62033e-09
8.67974e-08
7.26083e-09
8.44977e-08
6.56273e-09
8.20995e-08
6.17449e-09
7.96396e-08
5.88841e-09
7.71473e-08
5.63401e-09
7.46592e-08
5.36047e-09
7.21881e-08
5.09878e-09
6.97611e-08
4.82232e-09
6.73833e-08
4.57293e-09
6.5086e-08
4.30551e-09
6.28663e-08
4.07845e-09
6.0748e-08
3.83832e-09
5.87101e-08
3.65703e-09
5.67753e-08
3.44639e-09
5.49087e-08
3.30566e-09
5.31413e-08
3.11474e-09
5.14263e-08
3.00916e-09
4.98091e-08
2.82716e-09
4.8225e-08
2.76163e-09
4.67423e-08
2.57658e-09
4.52676e-08
2.55674e-09
4.39055e-08
2.35752e-09
4.25215e-08
2.39077e-09
4.12698e-08
2.16167e-09
3.9957e-08
2.26302e-09
2.07401e-09
1.04234e-07
5.77629e-09
-1.041e-07
1.04804e-07
8.80894e-09
1.05116e-07
1.07606e-08
1.05363e-07
1.16744e-08
1.05718e-07
1.23138e-08
1.06009e-07
1.27335e-08
1.05973e-07
1.24116e-08
1.05499e-07
1.11195e-08
1.04744e-07
9.37495e-09
1.039e-07
8.10508e-09
1.02966e-07
7.49637e-09
1.01886e-07
7.25449e-09
1.0067e-07
7.10438e-09
9.93243e-08
6.97985e-09
9.78698e-08
6.81499e-09
9.62972e-08
6.67142e-09
9.46222e-08
6.49725e-09
9.28332e-08
6.36195e-09
9.09629e-08
6.17582e-09
8.90078e-08
6.03357e-09
8.70137e-08
5.83239e-09
8.49711e-08
5.69963e-09
8.29324e-08
5.48515e-09
8.08663e-08
5.37174e-09
7.88312e-08
5.14985e-09
7.67766e-08
5.0637e-09
7.47794e-08
4.82434e-09
7.27657e-08
4.7754e-09
7.08386e-08
4.50367e-09
6.88802e-08
4.51513e-09
6.70378e-08
4.19991e-09
6.51398e-08
4.28879e-09
6.33943e-08
3.9072e-09
6.15533e-08
4.10393e-09
3.75045e-09
1.13294e-07
5.79005e-09
-1.13308e-07
1.13809e-07
8.29454e-09
1.14259e-07
1.03103e-08
1.14588e-07
1.13459e-08
1.15015e-07
1.1887e-08
1.15503e-07
1.22454e-08
1.15854e-07
1.20602e-08
1.15897e-07
1.10765e-08
1.15693e-07
9.57908e-09
1.15429e-07
8.36904e-09
1.15157e-07
7.76831e-09
1.14817e-07
7.59412e-09
1.14402e-07
7.51967e-09
1.13902e-07
7.47991e-09
1.13334e-07
7.38245e-09
1.12675e-07
7.33045e-09
1.11929e-07
7.24377e-09
1.11059e-07
7.23201e-09
1.10081e-07
7.15382e-09
1.08966e-07
7.14859e-09
1.07749e-07
7.04969e-09
1.06403e-07
7.04491e-09
1.04985e-07
6.90361e-09
1.03453e-07
6.90353e-09
1.01868e-07
6.73441e-09
1.00168e-07
6.76369e-09
9.84345e-08
6.55834e-09
9.65895e-08
6.62033e-09
9.47524e-08
6.34077e-09
9.28045e-08
6.46307e-09
9.09012e-08
6.10315e-09
8.88767e-08
6.31334e-09
8.69452e-08
5.83866e-09
8.48787e-08
6.17048e-09
5.70198e-09
1.23122e-07
5.86404e-09
-1.23196e-07
1.23547e-07
7.86956e-09
1.24072e-07
9.78498e-09
1.24473e-07
1.09457e-08
1.24886e-07
1.14737e-08
1.25365e-07
1.17667e-08
1.25784e-07
1.16408e-08
1.25971e-07
1.08896e-08
1.25924e-07
9.62626e-09
1.25812e-07
8.4811e-09
1.25734e-07
7.84566e-09
1.2565e-07
7.67892e-09
1.25539e-07
7.6307e-09
1.25386e-07
7.63287e-09
1.25216e-07
7.55235e-09
1.2501e-07
7.53641e-09
1.24776e-07
7.47752e-09
1.24474e-07
7.53359e-09
1.24116e-07
7.51278e-09
1.2366e-07
7.60379e-09
1.23132e-07
7.57777e-09
1.22494e-07
7.68271e-09
1.2179e-07
7.60765e-09
1.20978e-07
7.71583e-09
1.20104e-07
7.60882e-09
1.19102e-07
7.76545e-09
1.18026e-07
7.63442e-09
1.16802e-07
7.84438e-09
1.1552e-07
7.62248e-09
1.14094e-07
7.88967e-09
1.12624e-07
7.57246e-09
1.10994e-07
7.94309e-09
1.09339e-07
7.49419e-09
1.07542e-07
7.96739e-09
7.52807e-09
1.33708e-07
5.92985e-09
-1.33774e-07
1.34051e-07
7.52697e-09
1.34599e-07
9.23642e-09
1.35074e-07
1.04709e-08
1.35498e-07
1.10498e-08
1.35952e-07
1.13125e-08
1.36379e-07
1.12141e-08
1.36627e-07
1.06415e-08
1.36651e-07
9.60233e-09
1.36577e-07
8.55474e-09
1.36538e-07
7.88451e-09
1.36522e-07
7.69509e-09
1.365e-07
7.65255e-09
1.36449e-07
7.68377e-09
1.36396e-07
7.60574e-09
1.36334e-07
7.59836e-09
1.36277e-07
7.53413e-09
1.36196e-07
7.61468e-09
1.36099e-07
7.61034e-09
1.35956e-07
7.74705e-09
1.35781e-07
7.75268e-09
1.35546e-07
7.91687e-09
1.35279e-07
7.87532e-09
1.34953e-07
8.04182e-09
1.34593e-07
7.96897e-09
1.34158e-07
8.20005e-09
1.33663e-07
8.12956e-09
1.33062e-07
8.44552e-09
1.32384e-07
8.30069e-09
1.31605e-07
8.66798e-09
1.30746e-07
8.43145e-09
1.29766e-07
8.92299e-09
1.28665e-07
8.59598e-09
1.27476e-07
9.15547e-09
8.87397e-09
1.45099e-07
5.96581e-09
-1.45135e-07
1.45362e-07
7.26338e-09
1.45892e-07
8.70684e-09
1.4642e-07
9.94262e-09
1.46876e-07
1.05936e-08
1.47321e-07
1.0868e-08
1.47741e-07
1.07941e-08
1.48027e-07
1.03553e-08
1.48112e-07
9.51665e-09
1.48069e-07
8.59829e-09
1.48037e-07
7.91613e-09
1.48043e-07
7.68973e-09
1.48053e-07
7.64232e-09
1.48037e-07
7.6996e-09
1.48011e-07
7.63154e-09
1.47984e-07
7.62598e-09
1.47968e-07
7.5502e-09
1.4795e-07
7.63255e-09
1.47929e-07
7.63094e-09
1.47894e-07
7.78186e-09
1.47846e-07
7.80137e-09
1.47776e-07
7.98612e-09
1.4769e-07
7.96125e-09
1.47588e-07
8.14378e-09
1.4747e-07
8.08723e-09
1.47332e-07
8.33801e-09
1.47155e-07
8.30632e-09
1.46938e-07
8.66287e-09
1.4665e-07
8.58845e-09
1.46329e-07
8.98904e-09
1.45936e-07
8.82502e-09
1.455e-07
9.35915e-09
1.44914e-07
9.18176e-09
1.44315e-07
9.75393e-09
9.65836e-09
1.57357e-07
5.93516e-09
-1.57327e-07
1.57583e-07
7.03779e-09
1.58051e-07
8.23916e-09
1.58601e-07
9.39215e-09
1.59094e-07
1.01008e-08
1.59542e-07
1.04203e-08
1.59951e-07
1.03848e-08
1.60257e-07
1.00488e-08
1.60396e-07
9.37781e-09
1.6039e-07
8.60463e-09
1.60364e-07
7.94159e-09
1.60377e-07
7.6769e-09
1.60406e-07
7.61396e-09
1.60414e-07
7.6909e-09
1.60401e-07
7.64508e-09
1.60384e-07
7.64278e-09
1.60374e-07
7.56004e-09
1.60374e-07
7.6323e-09
1.60374e-07
7.63173e-09
1.60375e-07
7.78069e-09
1.60365e-07
7.81103e-09
1.60354e-07
7.99681e-09
1.6033e-07
7.98554e-09
1.60309e-07
8.16451e-09
1.60276e-07
8.12102e-09
1.6025e-07
8.36342e-09
1.60198e-07
8.35883e-09
1.60148e-07
8.71294e-09
1.60042e-07
8.69391e-09
1.59942e-07
9.08892e-09
1.59792e-07
8.9753e-09
1.59657e-07
9.49449e-09
1.59394e-07
9.44438e-09
1.59164e-07
9.98417e-09
1.00301e-08
1.70575e-07
5.84546e-09
-1.70485e-07
1.70795e-07
6.81694e-09
1.712e-07
7.8348e-09
1.71736e-07
8.85573e-09
1.72254e-07
9.58349e-09
1.72714e-07
9.95999e-09
1.73116e-07
9.98248e-09
1.73429e-07
9.73563e-09
1.73606e-07
9.20085e-09
1.73641e-07
8.56985e-09
1.73627e-07
7.95607e-09
1.7364e-07
7.6637e-09
1.73679e-07
7.57481e-09
1.73709e-07
7.66043e-09
1.7371e-07
7.64445e-09
1.73702e-07
7.65108e-09
1.73694e-07
7.56783e-09
1.73701e-07
7.62511e-09
1.73709e-07
7.62421e-09
1.73725e-07
7.76448e-09
1.73732e-07
7.80407e-09
1.73744e-07
7.98504e-09
1.73743e-07
7.98638e-09
1.73749e-07
8.15835e-09
1.73742e-07
8.12798e-09
1.7375e-07
8.35543e-09
1.73737e-07
8.37168e-09
1.73742e-07
8.70766e-09
1.73708e-07
8.72835e-09
1.73689e-07
9.10748e-09
1.73635e-07
9.0297e-09
1.73618e-07
9.51134e-09
1.73508e-07
9.55426e-09
1.73444e-07
1.00489e-08
1.01844e-08
1.84856e-07
5.71412e-09
-1.84724e-07
1.85085e-07
6.58795e-09
1.85447e-07
7.47229e-09
1.85947e-07
8.35583e-09
1.86468e-07
9.06288e-09
1.86942e-07
9.48552e-09
1.87346e-07
9.57877e-09
1.87661e-07
9.42058e-09
1.87861e-07
9.0006e-09
1.87936e-07
8.49506e-09
1.87939e-07
7.95333e-09
1.87951e-07
7.65176e-09
1.87994e-07
7.53106e-09
1.88042e-07
7.61271e-09
1.88061e-07
7.62598e-09
1.88062e-07
7.64951e-09
1.88058e-07
7.57179e-09
1.88068e-07
7.61493e-09
1.88082e-07
7.61065e-09
1.88106e-07
7.74048e-09
1.88124e-07
7.78606e-09
1.88146e-07
7.96284e-09
1.88157e-07
7.97519e-09
1.88173e-07
8.14267e-09
1.88176e-07
8.125e-09
1.88193e-07
8.33892e-09
1.88192e-07
8.37177e-09
1.88213e-07
8.68681e-09
1.88206e-07
8.73606e-09
1.88215e-07
9.09836e-09
1.88191e-07
9.05308e-09
1.88209e-07
9.49381e-09
1.88159e-07
9.60389e-09
1.88152e-07
1.00558e-08
1.025e-08
2.00302e-07
5.55412e-09
-2.00142e-07
2.00542e-07
6.34785e-09
2.00885e-07
7.13006e-09
2.01342e-07
7.89835e-09
2.01849e-07
8.55609e-09
2.02329e-07
9.00518e-09
2.02741e-07
9.16683e-09
2.03061e-07
9.1003e-09
2.03277e-07
8.78494e-09
2.03386e-07
8.38621e-09
2.03412e-07
7.92702e-09
2.03427e-07
7.63682e-09
2.0347e-07
7.48772e-09
2.0353e-07
7.55293e-09
2.03568e-07
7.58858e-09
2.03582e-07
7.63536e-09
2.03584e-07
7.56962e-09
2.03596e-07
7.60282e-09
2.03614e-07
7.59301e-09
2.03643e-07
7.71154e-09
2.03669e-07
7.75994e-09
2.03698e-07
7.93379e-09
2.03716e-07
7.95683e-09
2.03737e-07
8.12203e-09
2.03744e-07
8.1177e-09
2.03763e-07
8.31966e-09
2.03768e-07
8.3674e-09
2.03794e-07
8.66095e-09
2.03796e-07
8.73379e-09
2.03817e-07
9.07739e-09
2.03803e-07
9.06732e-09
2.03828e-07
9.46895e-09
2.03801e-07
9.63049e-09
2.03811e-07
1.00453e-08
1.02846e-08
2.17016e-07
5.3742e-09
-2.16836e-07
2.17266e-07
6.0973e-09
2.176e-07
6.79667e-09
2.18021e-07
7.47675e-09
2.18504e-07
8.07359e-09
2.18979e-07
8.53026e-09
2.19399e-07
8.74646e-09
2.19731e-07
8.76812e-09
2.19962e-07
8.55434e-09
2.20098e-07
8.24993e-09
2.20152e-07
7.87343e-09
2.20177e-07
7.61153e-09
2.20219e-07
7.44627e-09
2.20285e-07
7.48617e-09
2.2034e-07
7.53384e-09
2.2037e-07
7.60527e-09
2.20381e-07
7.5591e-09
2.20396e-07
7.58768e-09
2.20416e-07
7.57334e-09
2.20448e-07
7.67906e-09
2.2048e-07
7.72807e-09
2.20515e-07
7.8982e-09
2.20539e-07
7.93318e-09
2.20565e-07
8.09634e-09
2.20575e-07
8.1077e-09
2.20597e-07
8.29788e-09
2.20603e-07
8.36129e-09
2.20631e-07
8.6326e-09
2.20637e-07
8.72822e-09
2.20664e-07
9.05008e-09
2.20653e-07
9.07849e-09
2.20678e-07
9.44351e-09
2.20662e-07
9.64666e-09
2.20677e-07
1.00306e-08
1.03079e-08
2.35104e-07
5.18022e-09
-2.3491e-07
2.35362e-07
5.83876e-09
2.3569e-07
6.46892e-09
2.36086e-07
7.08028e-09
2.3654e-07
7.61959e-09
2.37001e-07
8.06934e-09
2.37424e-07
8.32327e-09
2.37772e-07
8.42056e-09
2.38021e-07
8.3052e-09
2.38181e-07
8.09007e-09
2.38262e-07
7.79208e-09
2.38305e-07
7.56877e-09
2.38348e-07
7.40359e-09
2.38418e-07
7.41602e-09
2.38487e-07
7.46513e-09
2.38535e-07
7.55718e-09
2.38556e-07
7.5375e-09
2.38577e-07
7.5673e-09
2.38598e-07
7.55245e-09
2.38632e-07
7.64422e-09
2.38668e-07
7.69223e-09
2.38711e-07
7.85583e-09
2.3874e-07
7.90415e-09
2.38772e-07
8.06429e-09
2.38785e-07
8.09418e-09
2.38811e-07
8.27253e-09
2.38818e-07
8.35348e-09
2.38848e-07
8.60254e-09
2.38855e-07
8.72147e-09
2.38886e-07
9.01968e-09
2.38876e-07
9.08759e-09
2.38901e-07
9.41913e-09
2.38891e-07
9.65624e-09
2.38906e-07
1.00156e-08
1.03254e-08
2.54681e-07
4.97652e-09
-2.54477e-07
2.54944e-07
5.57548e-09
2.55266e-07
6.14711e-09
2.55645e-07
6.70123e-09
2.56071e-07
7.19365e-09
2.56514e-07
7.62709e-09
2.56932e-07
7.90462e-09
2.57293e-07
8.06002e-09
2.57563e-07
8.03439e-09
2.57747e-07
7.90672e-09
2.57855e-07
7.68389e-09
2.5792e-07
7.50389e-09
2.5797e-07
7.35366e-09
2.58042e-07
7.34432e-09
2.58121e-07
7.3858e-09
2.58187e-07
7.49146e-09
2.58223e-07
7.50123e-09
2.58251e-07
7.53885e-09
2.58275e-07
7.52898e-09
2.58311e-07
7.60764e-09
2.5835e-07
7.65376e-09
2.58399e-07
7.80713e-09
2.58434e-07
7.86913e-09
2.58473e-07
8.025e-09
2.58492e-07
8.07545e-09
2.58521e-07
8.2427e-09
2.58532e-07
8.34267e-09
2.58564e-07
8.57102e-09
2.58572e-07
8.71337e-09
2.58603e-07
8.98819e-09
2.58597e-07
9.09393e-09
2.5862e-07
9.39632e-09
2.58616e-07
9.66008e-09
2.5863e-07
1.00017e-08
1.03383e-08
2.75874e-07
4.76629e-09
-2.75663e-07
2.76138e-07
5.31072e-09
2.76453e-07
5.83232e-09
2.76817e-07
6.33695e-09
2.77219e-07
6.79168e-09
2.77641e-07
7.20506e-09
2.7805e-07
7.49597e-09
2.78417e-07
7.69265e-09
2.78709e-07
7.74263e-09
2.78918e-07
7.69791e-09
2.79052e-07
7.54944e-09
2.79141e-07
7.4153e-09
2.79204e-07
7.29019e-09
2.79279e-07
7.27005e-09
2.79365e-07
7.29933e-09
2.79447e-07
7.40975e-09
2.79501e-07
7.44754e-09
2.79541e-07
7.49872e-09
2.7957e-07
7.49981e-09
2.79609e-07
7.56857e-09
2.79649e-07
7.6132e-09
2.79703e-07
7.75319e-09
2.79745e-07
7.82751e-09
2.79792e-07
7.97848e-09
2.79817e-07
8.04994e-09
2.79852e-07
8.2081e-09
2.79867e-07
8.32744e-09
2.799e-07
8.53799e-09
2.79911e-07
8.70271e-09
2.79942e-07
8.95655e-09
2.7994e-07
9.09611e-09
2.79961e-07
9.37504e-09
2.79963e-07
9.65811e-09
2.79976e-07
9.98883e-09
1.03472e-08
2.98814e-07
4.55235e-09
-2.986e-07
2.99077e-07
5.04768e-09
2.99384e-07
5.52526e-09
2.99734e-07
5.98691e-09
3.00116e-07
6.40921e-09
3.00519e-07
6.80239e-09
3.00915e-07
7.10029e-09
3.01283e-07
7.32493e-09
3.01591e-07
7.43444e-09
3.01826e-07
7.46293e-09
3.01987e-07
7.38806e-09
3.02099e-07
7.30304e-09
3.02181e-07
7.20819e-09
3.02262e-07
7.18924e-09
3.02353e-07
7.20842e-09
3.02449e-07
7.31427e-09
3.0252e-07
7.37599e-09
3.02576e-07
7.44302e-09
3.02614e-07
7.4612e-09
3.02658e-07
7.52477e-09
3.02702e-07
7.56971e-09
3.0276e-07
7.69533e-09
3.02808e-07
7.77903e-09
3.02861e-07
7.92528e-09
3.02894e-07
8.01674e-09
3.02934e-07
8.16872e-09
3.02955e-07
8.30669e-09
3.02989e-07
8.50326e-09
3.03004e-07
8.68796e-09
3.03036e-07
8.92496e-09
3.03039e-07
9.09262e-09
3.0306e-07
9.35457e-09
3.03068e-07
9.65026e-09
3.0308e-07
9.97653e-09
1.03522e-08
3.23645e-07
4.337e-09
-3.2343e-07
3.23905e-07
4.78788e-09
3.24204e-07
5.22573e-09
3.24541e-07
5.65014e-09
3.24906e-07
6.04376e-09
3.25292e-07
6.41721e-09
3.25673e-07
6.7186e-09
3.26037e-07
6.96156e-09
3.26355e-07
7.11591e-09
3.26614e-07
7.20426e-09
3.26803e-07
7.19911e-09
3.2694e-07
7.16595e-09
3.27043e-07
7.10515e-09
3.27135e-07
7.09681e-09
3.27231e-07
7.11304e-09
3.27337e-07
7.20787e-09
3.27426e-07
7.2876e-09
3.27499e-07
7.3695e-09
3.27551e-07
7.40921e-09
3.27603e-07
7.47335e-09
3.27651e-07
7.52121e-09
3.27712e-07
7.63424e-09
3.27767e-07
7.72391e-09
3.27827e-07
7.86575e-09
3.27868e-07
7.97523e-09
3.27913e-07
8.12442e-09
3.2794e-07
8.27946e-09
3.27976e-07
8.46666e-09
3.27997e-07
8.66765e-09
3.28029e-07
8.89301e-09
3.28039e-07
9.08238e-09
3.2806e-07
9.33358e-09
3.28073e-07
9.63677e-09
3.28086e-07
9.96398e-09
1.03536e-08
3.50526e-07
4.12155e-09
-3.50311e-07
3.50782e-07
4.53156e-09
3.51074e-07
4.93393e-09
3.51399e-07
5.32581e-09
3.51748e-07
5.69461e-09
3.52117e-07
6.04813e-09
3.52485e-07
6.3505e-09
3.52841e-07
6.60528e-09
3.53165e-07
6.79229e-09
3.53442e-07
6.92696e-09
3.53658e-07
6.9832e-09
3.53822e-07
7.00205e-09
3.53947e-07
6.9804e-09
3.54055e-07
6.98813e-09
3.54158e-07
7.01009e-09
3.54272e-07
7.09381e-09
3.54376e-07
7.18365e-09
3.54467e-07
7.27831e-09
3.54536e-07
7.34024e-09
3.54598e-07
7.41148e-09
3.54654e-07
7.46499e-09
3.54719e-07
7.56934e-09
3.54781e-07
7.66275e-09
3.54846e-07
7.80024e-09
3.54896e-07
7.92485e-09
3.54946e-07
8.07492e-09
3.54981e-07
8.24469e-09
3.5502e-07
8.42771e-09
3.55046e-07
8.64084e-09
3.5508e-07
8.85964e-09
3.55097e-07
9.06524e-09
3.5512e-07
9.31048e-09
3.55139e-07
9.61793e-09
3.55153e-07
9.95035e-09
1.03514e-08
3.79632e-07
3.90763e-09
-3.79418e-07
3.79883e-07
4.28022e-09
3.80166e-07
4.65121e-09
3.80478e-07
5.01393e-09
3.80812e-07
5.36085e-09
3.81165e-07
5.69453e-09
3.81521e-07
5.99466e-09
3.81869e-07
6.2571e-09
3.82195e-07
6.46698e-09
3.82485e-07
6.63664e-09
3.82725e-07
6.74296e-09
3.82916e-07
6.81093e-09
3.83064e-07
6.83248e-09
3.83192e-07
6.86021e-09
3.83307e-07
6.89497e-09
3.83428e-07
6.97305e-09
3.83546e-07
7.06609e-09
3.83653e-07
7.17045e-09
3.83741e-07
7.25239e-09
3.83817e-07
7.33628e-09
3.83883e-07
7.39842e-09
3.83954e-07
7.49886e-09
3.84021e-07
7.59554e-09
3.84092e-07
7.72935e-09
3.84151e-07
7.86507e-09
3.84207e-07
8.01965e-09
3.8425e-07
8.20155e-09
3.84292e-07
8.38521e-09
3.84326e-07
8.60738e-09
3.84362e-07
8.82318e-09
3.84386e-07
9.04129e-09
3.84413e-07
9.28398e-09
3.84437e-07
9.59386e-09
3.84452e-07
9.93485e-09
1.03456e-08
4.11146e-07
3.69745e-09
-4.10936e-07
4.11391e-07
4.03584e-09
4.11664e-07
4.37823e-09
4.11964e-07
4.71402e-09
4.12284e-07
5.04035e-09
4.12623e-07
5.35558e-09
4.12968e-07
5.64967e-09
4.13308e-07
5.91675e-09
4.13633e-07
6.14223e-09
4.13932e-07
6.33778e-09
4.14192e-07
6.48294e-09
4.14409e-07
6.59416e-09
4.14583e-07
6.65856e-09
4.14731e-07
6.71199e-09
4.14862e-07
6.76359e-09
4.14992e-07
6.84313e-09
4.15121e-07
6.93752e-09
4.15244e-07
7.04717e-09
4.15351e-07
7.1459e-09
4.15442e-07
7.24516e-09
4.15521e-07
7.31905e-09
4.156e-07
7.42035e-09
4.15674e-07
7.521e-09
4.1575e-07
7.65351e-09
4.15819e-07
7.79588e-09
4.15881e-07
7.95747e-09
4.15933e-07
8.14969e-09
4.15981e-07
8.33726e-09
4.16021e-07
8.56726e-09
4.16062e-07
8.78211e-09
4.16093e-07
9.0103e-09
4.16124e-07
9.2532e-09
4.16154e-07
9.5643e-09
4.16172e-07
9.91649e-09
1.03362e-08
4.45267e-07
3.49191e-09
-4.45062e-07
4.45504e-07
3.79906e-09
4.45768e-07
4.11425e-09
4.46057e-07
4.42517e-09
4.46366e-07
4.73147e-09
4.46691e-07
5.03025e-09
4.47025e-07
5.31534e-09
4.47358e-07
5.58398e-09
4.47681e-07
5.81988e-09
4.47985e-07
6.03357e-09
4.48259e-07
6.20827e-09
4.48499e-07
6.35425e-09
4.48699e-07
6.45849e-09
4.4887e-07
6.54145e-09
4.4902e-07
6.61319e-09
4.49164e-07
6.69996e-09
4.49303e-07
6.79853e-09
4.4944e-07
6.91016e-09
4.49564e-07
7.02128e-09
4.49673e-07
7.13669e-09
4.49767e-07
7.22446e-09
4.49856e-07
7.33129e-09
4.4994e-07
7.43739e-09
4.50021e-07
7.57195e-09
4.50099e-07
7.71795e-09
4.5017e-07
7.88692e-09
4.50231e-07
8.08886e-09
4.50286e-07
8.28211e-09
4.50333e-07
8.51973e-09
4.5038e-07
8.73516e-09
4.50419e-07
8.97144e-09
4.50455e-07
9.21733e-09
4.5049e-07
9.52927e-09
4.50513e-07
9.8941e-09
1.03226e-08
4.82211e-07
3.29067e-09
-4.8201e-07
4.82441e-07
3.56951e-09
4.82696e-07
3.85859e-09
4.82975e-07
4.14688e-09
4.83273e-07
4.43356e-09
4.83586e-07
4.71728e-09
4.83909e-07
4.99174e-09
4.84235e-07
5.25823e-09
4.84554e-07
5.50048e-09
4.84862e-07
5.72582e-09
4.85148e-07
5.92262e-09
4.85407e-07
6.09478e-09
4.85632e-07
6.23407e-09
4.85827e-07
6.34611e-09
4.85998e-07
6.44247e-09
4.86157e-07
6.54044e-09
4.86309e-07
6.64686e-09
4.86457e-07
6.76175e-09
4.86599e-07
6.87947e-09
4.86725e-07
7.01055e-09
4.86837e-07
7.11314e-09
4.86939e-07
7.22892e-09
4.87034e-07
7.34268e-09
4.87123e-07
7.48235e-09
4.87209e-07
7.63189e-09
4.87289e-07
7.80725e-09
4.87359e-07
8.01845e-09
4.87423e-07
8.21856e-09
4.87479e-07
8.46337e-09
4.87533e-07
8.68106e-09
4.87581e-07
8.92407e-09
4.87623e-07
9.17495e-09
4.87663e-07
9.48898e-09
4.87691e-07
9.86673e-09
1.03035e-08
5.22214e-07
3.09337e-09
-5.22016e-07
5.22436e-07
3.34678e-09
5.22684e-07
3.6114e-09
5.22952e-07
3.8787e-09
5.23239e-07
4.14647e-09
5.23541e-07
4.41523e-09
5.23854e-07
4.67853e-09
5.24173e-07
4.93905e-09
5.2449e-07
5.18417e-09
5.24799e-07
5.41595e-09
5.25093e-07
5.62862e-09
5.25368e-07
5.81985e-09
5.25615e-07
5.98759e-09
5.25834e-07
6.12684e-09
5.26028e-07
6.24873e-09
5.26205e-07
6.36282e-09
5.26373e-07
6.47917e-09
5.26533e-07
6.60164e-09
5.26691e-07
6.72222e-09
5.26835e-07
6.86618e-09
5.26963e-07
6.98501e-09
5.27081e-07
7.1108e-09
5.27189e-07
7.235e-09
5.27289e-07
7.38253e-09
5.27384e-07
7.53701e-09
5.27472e-07
7.71836e-09
5.27554e-07
7.93721e-09
5.27627e-07
8.14551e-09
5.27693e-07
8.3971e-09
5.27756e-07
8.61803e-09
5.27812e-07
8.8679e-09
5.27863e-07
9.12442e-09
5.27909e-07
9.44297e-09
5.27942e-07
9.8336e-09
1.02779e-08
5.65525e-07
2.89988e-09
-5.65332e-07
5.65742e-07
3.13058e-09
5.6598e-07
3.37273e-09
5.66239e-07
3.61974e-09
5.66516e-07
3.86962e-09
5.66809e-07
4.12256e-09
5.67113e-07
4.37459e-09
5.67426e-07
4.62605e-09
5.67739e-07
4.87087e-09
5.6805e-07
5.10486e-09
5.68351e-07
5.32811e-09
5.68638e-07
5.53292e-09
5.68903e-07
5.7221e-09
5.69144e-07
5.8855e-09
5.69362e-07
6.03085e-09
5.6956e-07
6.16483e-09
5.69746e-07
6.2933e-09
5.69921e-07
6.42711e-09
5.70091e-07
6.5515e-09
5.70254e-07
6.70334e-09
5.704e-07
6.83966e-09
5.70534e-07
6.9759e-09
5.70658e-07
7.11174e-09
5.7077e-07
7.27064e-09
5.70875e-07
7.4313e-09
5.70974e-07
7.62012e-09
5.71066e-07
7.84499e-09
5.7115e-07
8.06153e-09
5.71227e-07
8.32026e-09
5.71301e-07
8.54371e-09
5.71367e-07
8.80193e-09
5.71427e-07
9.06477e-09
5.71479e-07
9.39021e-09
5.71519e-07
9.79375e-09
1.02449e-08
6.12413e-07
2.7102e-09
-6.12223e-07
6.12623e-07
2.91989e-09
6.12855e-07
3.14138e-09
6.13106e-07
3.36851e-09
6.13374e-07
3.60135e-09
6.13659e-07
3.8379e-09
6.13955e-07
4.07805e-09
6.14263e-07
4.31884e-09
6.14573e-07
4.56002e-09
6.14885e-07
4.79337e-09
6.15191e-07
5.02221e-09
6.15487e-07
5.23663e-09
6.15769e-07
5.44034e-09
6.1603e-07
5.62414e-09
6.16271e-07
5.78996e-09
6.16492e-07
5.94433e-09
6.16697e-07
6.08786e-09
6.16889e-07
6.23489e-09
6.17074e-07
6.36715e-09
6.17254e-07
6.52327e-09
6.17418e-07
6.67557e-09
6.17569e-07
6.8248e-09
6.1771e-07
6.97113e-09
6.17836e-07
7.14431e-09
6.17954e-07
7.3131e-09
6.18064e-07
7.51042e-09
6.18167e-07
7.74175e-09
6.18264e-07
7.96456e-09
6.18352e-07
8.23212e-09
6.18439e-07
8.4569e-09
6.18516e-07
8.72517e-09
6.18585e-07
8.99514e-09
6.18647e-07
9.329e-09
6.18694e-07
9.74584e-09
1.02032e-08
6.63165e-07
2.52362e-09
-6.62978e-07
6.63372e-07
2.71268e-09
6.63598e-07
2.91517e-09
6.63843e-07
3.12354e-09
6.64104e-07
3.33986e-09
6.64382e-07
3.56037e-09
6.64672e-07
3.78757e-09
6.64974e-07
4.01717e-09
6.65283e-07
4.25136e-09
6.65594e-07
4.48204e-09
6.65905e-07
4.71152e-09
6.66209e-07
4.93253e-09
6.66504e-07
5.14501e-09
6.66783e-07
5.34524e-09
6.67045e-07
5.52778e-09
6.67288e-07
5.70136e-09
6.67515e-07
5.86068e-09
6.67729e-07
6.02179e-09
6.67929e-07
6.16719e-09
6.68125e-07
6.32703e-09
6.68308e-07
6.49197e-09
6.68476e-07
6.65671e-09
6.68634e-07
6.81337e-09
6.68778e-07
7.00013e-09
6.6891e-07
7.18178e-09
6.69033e-07
7.38686e-09
6.69148e-07
7.62698e-09
6.69259e-07
7.8535e-09
6.6936e-07
8.13081e-09
6.69461e-07
8.35661e-09
6.6955e-07
8.63545e-09
6.6963e-07
8.91513e-09
6.69702e-07
9.25772e-09
6.69758e-07
9.68918e-09
1.015e-08
7.18094e-07
2.33739e-09
-7.17908e-07
7.18299e-07
2.50711e-09
7.18522e-07
2.69237e-09
7.18762e-07
2.88367e-09
7.19019e-07
3.08318e-09
7.19291e-07
3.28826e-09
7.19577e-07
3.50133e-09
7.19875e-07
3.71953e-09
7.20182e-07
3.94393e-09
7.20494e-07
4.17014e-09
7.20809e-07
4.39646e-09
7.2112e-07
4.62133e-09
7.21427e-07
4.83861e-09
7.21721e-07
5.05081e-09
7.22002e-07
5.24679e-09
7.22267e-07
5.43653e-09
7.22516e-07
5.61184e-09
7.22752e-07
5.78568e-09
7.2297e-07
5.94904e-09
7.23182e-07
6.11484e-09
7.23385e-07
6.28939e-09
7.23572e-07
6.47012e-09
7.23746e-07
6.63879e-09
7.23909e-07
6.83685e-09
7.24057e-07
7.03447e-09
7.24195e-07
7.24863e-09
7.24325e-07
7.49712e-09
7.24449e-07
7.729e-09
7.24567e-07
8.01312e-09
7.2468e-07
8.24403e-09
7.24785e-07
8.53035e-09
7.24874e-07
8.82544e-09
7.24959e-07
9.17339e-09
7.25027e-07
9.62106e-09
1.00848e-08
7.77544e-07
2.14751e-09
-7.77354e-07
7.77747e-07
2.30383e-09
7.77967e-07
2.47268e-09
7.78203e-07
2.64714e-09
7.78458e-07
2.82851e-09
7.78728e-07
3.01823e-09
7.79012e-07
3.21696e-09
7.79308e-07
3.42422e-09
7.79614e-07
3.63729e-09
7.79927e-07
3.85722e-09
7.80245e-07
4.07835e-09
7.80563e-07
4.3036e-09
7.80879e-07
4.523e-09
7.81188e-07
4.74186e-09
7.81486e-07
4.94883e-09
7.81771e-07
5.15076e-09
7.82042e-07
5.3417e-09
7.823e-07
5.52721e-09
7.8254e-07
5.70944e-09
7.82769e-07
5.88531e-09
7.8299e-07
6.06852e-09
7.83196e-07
6.26453e-09
7.83388e-07
6.44668e-09
7.83569e-07
6.65567e-09
7.83735e-07
6.86839e-09
7.83889e-07
7.0948e-09
7.84036e-07
7.34998e-09
7.84176e-07
7.58941e-09
7.84311e-07
7.8777e-09
7.84437e-07
8.11789e-09
7.84558e-07
8.40929e-09
7.84659e-07
8.72471e-09
7.84755e-07
9.07762e-09
7.84843e-07
9.53319e-09
1.00113e-08
8.41879e-07
1.97074e-09
-8.41702e-07
8.42064e-07
2.11816e-09
8.42277e-07
2.26012e-09
8.42514e-07
2.40954e-09
8.42774e-07
2.56926e-09
8.43051e-07
2.74041e-09
8.43345e-07
2.92333e-09
8.43651e-07
3.11862e-09
8.43964e-07
3.32415e-09
8.44282e-07
3.53945e-09
8.44602e-07
3.75847e-09
8.44923e-07
3.98211e-09
8.45242e-07
4.20392e-09
8.45559e-07
4.42466e-09
8.45868e-07
4.63995e-09
8.46171e-07
4.84766e-09
8.46461e-07
5.05228e-09
8.4674e-07
5.24756e-09
8.47003e-07
5.44651e-09
8.47255e-07
5.63383e-09
8.47494e-07
5.82914e-09
8.47721e-07
6.0379e-09
8.4793e-07
6.23732e-09
8.4813e-07
6.45564e-09
8.48313e-07
6.68523e-09
8.48486e-07
6.92172e-09
8.48649e-07
7.18745e-09
8.48807e-07
7.431e-09
8.48957e-07
7.72774e-09
8.49101e-07
7.97382e-09
8.49235e-07
8.2756e-09
8.49355e-07
8.60479e-09
8.49465e-07
8.96804e-09
8.49554e-07
9.44381e-09
9.89956e-09
3.2766e-06
1.2873e-09
-3.27592e-06
3.27735e-06
1.37028e-09
3.27813e-06
1.47542e-09
3.27895e-06
1.59089e-09
3.2798e-06
1.71851e-09
3.28068e-06
1.85698e-09
3.2816e-06
2.00759e-09
3.28255e-06
2.16826e-09
3.28353e-06
2.33984e-09
3.28456e-06
2.51846e-09
3.28561e-06
2.7051e-09
3.2867e-06
2.89422e-09
3.28781e-06
3.0919e-09
3.28894e-06
3.29204e-09
3.29008e-06
3.50576e-09
3.2912e-06
3.71974e-09
3.29231e-06
3.95072e-09
3.29337e-06
4.18e-09
3.29438e-06
4.4408e-09
3.29533e-06
4.68373e-09
3.29623e-06
4.9308e-09
3.29709e-06
5.17253e-09
3.2979e-06
5.42502e-09
3.29869e-06
5.6694e-09
3.29943e-06
5.9418e-09
3.30016e-06
6.19289e-09
3.30085e-06
6.49989e-09
3.30152e-06
6.75781e-09
3.30215e-06
7.1018e-09
3.30274e-06
7.38355e-09
3.30328e-06
7.73801e-09
3.30378e-06
8.10053e-09
3.30424e-06
8.50967e-09
3.30471e-06
8.97029e-09
9.40837e-09
3.54021e-06
1.34146e-10
-3.53906e-06
3.54143e-06
1.48652e-10
3.54265e-06
2.53193e-10
3.54384e-06
4.04893e-10
3.54497e-06
5.84306e-10
3.54605e-06
7.77277e-10
3.54709e-06
9.69658e-10
3.5481e-06
1.15808e-09
3.5491e-06
1.34041e-09
3.55007e-06
1.54524e-09
3.55106e-06
1.72265e-09
3.55207e-06
1.87744e-09
3.55315e-06
2.01157e-09
3.55427e-06
2.1749e-09
3.5554e-06
2.38066e-09
3.5565e-06
2.61097e-09
3.55758e-06
2.87157e-09
3.55862e-06
3.14281e-09
3.55963e-06
3.4342e-09
3.56059e-06
3.72057e-09
3.56151e-06
4.0161e-09
3.56238e-06
4.2967e-09
3.56322e-06
4.58384e-09
3.56404e-06
4.84962e-09
3.56485e-06
5.13804e-09
3.56563e-06
5.40577e-09
3.56639e-06
5.73849e-09
3.56712e-06
6.03543e-09
3.56779e-06
6.42437e-09
3.56842e-06
6.75763e-09
3.56901e-06
7.14801e-09
3.56959e-06
7.5247e-09
3.57016e-06
7.93653e-09
3.57074e-06
8.38863e-09
8.98376e-09
3.82961e-06
-1.10153e-09
-3.82838e-06
3.83063e-06
-8.66021e-10
3.83155e-06
-6.7497e-10
3.83241e-06
-4.54866e-10
3.83323e-06
-2.34414e-10
3.83405e-06
-4.39192e-11
3.83481e-06
2.16708e-10
3.83556e-06
4.01147e-10
3.83638e-06
5.23993e-10
3.83731e-06
6.13732e-10
3.83833e-06
7.02499e-10
3.83938e-06
8.28442e-10
3.8404e-06
9.94722e-10
3.84138e-06
1.19417e-09
3.84232e-06
1.43599e-09
3.84323e-06
1.70372e-09
3.84409e-06
2.00633e-09
3.84493e-06
2.31069e-09
3.84573e-06
2.6328e-09
3.84652e-06
2.93312e-09
3.84729e-06
3.2396e-09
3.84808e-06
3.51318e-09
3.84886e-06
3.79527e-09
3.84966e-06
4.05415e-09
3.85044e-06
4.35311e-09
3.85121e-06
4.63939e-09
3.85194e-06
5.00637e-09
3.85264e-06
5.33711e-09
3.8533e-06
5.77063e-09
3.85393e-06
6.12428e-09
3.85454e-06
6.53833e-09
3.85517e-06
6.89695e-09
3.8558e-06
7.30471e-09
3.85648e-06
7.71164e-09
8.14539e-09
4.15302e-06
-3.78924e-10
-4.15375e-06
4.1526e-06
-4.43419e-10
4.15228e-06
-3.58981e-10
4.15203e-06
-2.00301e-10
4.15179e-06
4.03925e-12
4.15161e-06
1.33122e-10
4.15157e-06
2.64308e-10
4.15158e-06
3.92151e-10
4.15159e-06
5.12391e-10
4.15155e-06
6.52492e-10
4.15149e-06
7.64561e-10
4.15145e-06
8.66055e-10
4.15149e-06
9.5173e-10
4.15162e-06
1.07074e-09
4.15182e-06
1.2288e-09
4.15211e-06
1.41162e-09
4.15249e-06
1.62841e-09
4.15295e-06
1.85822e-09
4.15346e-06
2.11578e-09
4.15402e-06
2.37079e-09
4.15462e-06
2.6453e-09
4.15522e-06
2.90729e-09
4.15584e-06
3.18409e-09
4.15645e-06
3.44011e-09
4.15708e-06
3.72175e-09
4.15774e-06
3.98174e-09
4.15843e-06
4.31409e-09
4.15916e-06
4.61037e-09
4.15991e-06
5.01725e-09
4.16068e-06
5.35211e-09
4.16146e-06
5.76539e-09
4.16224e-06
6.11446e-09
4.16303e-06
6.51631e-09
4.16383e-06
6.9093e-09
7.46958e-09
4.49114e-06
3.34673e-10
-4.49185e-06
4.49034e-06
3.54361e-10
4.4896e-06
3.81892e-10
4.48898e-06
4.15282e-10
4.48853e-06
4.54334e-10
4.48817e-06
4.99802e-10
4.48788e-06
5.50896e-10
4.48766e-06
6.08672e-10
4.4875e-06
6.72671e-10
4.48741e-06
7.43679e-10
4.48735e-06
8.22373e-10
4.48731e-06
9.08255e-10
4.48726e-06
1.0053e-09
4.48722e-06
1.11036e-09
4.48721e-06
1.23241e-09
4.48726e-06
1.36174e-09
4.48738e-06
1.51337e-09
4.48757e-06
1.66925e-09
4.48783e-06
1.85173e-09
4.48817e-06
2.03475e-09
4.48857e-06
2.24609e-09
4.48902e-06
2.45653e-09
4.48949e-06
2.70829e-09
4.49e-06
2.93472e-09
4.49053e-06
3.19314e-09
4.49109e-06
3.42322e-09
4.49168e-06
3.72053e-09
4.49232e-06
3.97425e-09
4.49299e-06
4.34214e-09
4.49371e-06
4.62882e-09
4.49447e-06
5.00507e-09
4.49526e-06
5.32948e-09
4.49606e-06
5.71473e-09
4.49689e-06
6.07686e-09
6.49375e-09
4.85014e-06
3.81817e-10
-4.85019e-06
4.85009e-06
4.0594e-10
4.85004e-06
4.28982e-10
4.85e-06
4.54896e-10
4.84997e-06
4.84856e-10
4.84995e-06
5.19426e-10
4.84994e-06
5.59484e-10
4.84995e-06
6.05191e-10
4.84996e-06
6.57489e-10
4.84999e-06
7.15795e-10
4.85003e-06
7.82124e-10
4.85009e-06
8.54115e-10
4.85015e-06
9.36306e-10
4.85024e-06
1.02292e-09
4.85035e-06
1.12327e-09
4.85049e-06
1.22625e-09
4.85065e-06
1.34774e-09
4.85085e-06
1.46935e-09
4.85109e-06
1.61393e-09
4.85137e-06
1.75603e-09
4.85169e-06
1.92417e-09
4.85206e-06
2.08837e-09
4.85248e-06
2.28218e-09
4.85295e-06
2.47e-09
4.85344e-06
2.69756e-09
4.85396e-06
2.90717e-09
4.8545e-06
3.17999e-09
4.85507e-06
3.40599e-09
4.85569e-06
3.71834e-09
4.85636e-06
3.96083e-09
4.85709e-06
4.28125e-09
4.85785e-06
4.56905e-09
4.85865e-06
4.91506e-09
4.85947e-06
5.25128e-09
5.62067e-09
5.24476e-06
3.65098e-10
-5.24475e-06
5.24478e-06
3.86163e-10
5.2448e-06
4.1223e-10
5.24481e-06
4.40956e-10
5.24483e-06
4.72233e-10
5.24484e-06
5.06962e-10
5.24485e-06
5.44817e-10
5.24487e-06
5.86936e-10
5.2449e-06
6.33032e-10
5.24493e-06
6.84052e-10
5.24497e-06
7.40362e-10
5.24502e-06
8.01807e-10
5.24509e-06
8.7054e-10
5.24517e-06
9.43858e-10
5.24526e-06
1.02732e-09
5.24538e-06
1.11384e-09
5.24551e-06
1.21397e-09
5.24566e-06
1.31479e-09
5.24585e-06
1.43239e-09
5.24605e-06
1.5484e-09
5.24629e-06
1.68349e-09
5.24657e-06
1.81634e-09
5.24688e-06
1.97153e-09
5.24722e-06
2.12507e-09
5.24761e-06
2.31149e-09
5.24802e-06
2.49021e-09
5.24848e-06
2.72168e-09
5.24897e-06
2.92028e-09
5.2495e-06
3.18431e-09
5.25007e-06
3.39156e-09
5.2507e-06
3.65399e-09
5.25137e-06
3.90041e-09
5.25208e-06
4.19937e-09
5.25282e-06
4.5129e-09
4.91454e-09
5.67118e-06
3.31217e-10
-5.67114e-06
5.67121e-06
3.55078e-10
5.67124e-06
3.79206e-10
5.67128e-06
4.04997e-10
5.67131e-06
4.33234e-10
5.67136e-06
4.63776e-10
5.6714e-06
4.97298e-10
5.67146e-06
5.33749e-10
5.67152e-06
5.73891e-10
5.67158e-06
6.17449e-10
5.67166e-06
6.65772e-10
5.67174e-06
7.17678e-10
5.67184e-06
7.76001e-10
5.67194e-06
8.37466e-10
5.67206e-06
9.07642e-10
5.6722e-06
9.79651e-10
5.67235e-06
1.06307e-09
5.67252e-06
1.14628e-09
5.67271e-06
1.24332e-09
5.67292e-06
1.33829e-09
5.67315e-06
1.44866e-09
5.67341e-06
1.55676e-09
5.6737e-06
1.68278e-09
5.67402e-06
1.808e-09
5.67437e-06
1.96015e-09
5.67475e-06
2.1082e-09
5.67517e-06
2.30051e-09
5.67562e-06
2.46895e-09
5.67611e-06
2.69134e-09
5.67664e-06
2.86745e-09
5.67721e-06
3.08581e-09
5.67782e-06
3.2911e-09
5.67848e-06
3.53831e-09
5.67919e-06
3.79798e-09
4.07725e-09
6.13324e-06
2.8172e-10
-6.13319e-06
6.1333e-06
3.02328e-10
6.13335e-06
3.23201e-10
6.13341e-06
3.45782e-10
6.13348e-06
3.7018e-10
6.13354e-06
3.96819e-10
6.13361e-06
4.25553e-10
6.13369e-06
4.57109e-10
6.13377e-06
4.91142e-10
6.13386e-06
5.28447e-10
6.13396e-06
5.68651e-10
6.13406e-06
6.12526e-10
6.13418e-06
6.60935e-10
6.1343e-06
7.13101e-10
6.13444e-06
7.71132e-10
6.13459e-06
8.32146e-10
6.13475e-06
9.00718e-10
6.13493e-06
9.71058e-10
6.13512e-06
1.05024e-09
6.13533e-06
1.13019e-09
6.13556e-06
1.21941e-09
6.1358e-06
1.31001e-09
6.13607e-06
1.4111e-09
6.13637e-06
1.51598e-09
6.13669e-06
1.63838e-09
6.13703e-06
1.76332e-09
6.13741e-06
1.91977e-09
6.13782e-06
2.06299e-09
6.13827e-06
2.24462e-09
6.13874e-06
2.39352e-09
6.13926e-06
2.57084e-09
6.1398e-06
2.74389e-09
6.14039e-06
2.94977e-09
6.14101e-06
3.1774e-09
3.46264e-09
6.63351e-06
2.34557e-10
-6.63347e-06
6.63357e-06
2.50259e-10
6.63362e-06
2.677e-10
6.63368e-06
2.86489e-10
6.63374e-06
3.06792e-10
6.63381e-06
3.28943e-10
6.63389e-06
3.52835e-10
6.63396e-06
3.79106e-10
6.63405e-06
4.07404e-10
6.63414e-06
4.38578e-10
6.63423e-06
4.72235e-10
6.63434e-06
5.09139e-10
6.63445e-06
5.49268e-10
6.63457e-06
5.92714e-10
6.6347e-06
6.40424e-10
6.63484e-06
6.91079e-10
6.63499e-06
7.47109e-10
6.63516e-06
8.05325e-10
6.63534e-06
8.6952e-10
6.63554e-06
9.35326e-10
6.63575e-06
1.00689e-09
6.63598e-06
1.08092e-09
6.63623e-06
1.16129e-09
6.6365e-06
1.24691e-09
6.63679e-06
1.34442e-09
6.63711e-06
1.44718e-09
6.63745e-06
1.57283e-09
6.63782e-06
1.69096e-09
6.63823e-06
1.83677e-09
6.63867e-06
1.95883e-09
6.63914e-06
2.10162e-09
6.63964e-06
2.2444e-09
6.64017e-06
2.41267e-09
6.64075e-06
2.59972e-09
2.80562e-09
7.17471e-06
1.88979e-10
-7.17466e-06
7.17476e-06
2.01216e-10
7.17481e-06
2.15099e-10
7.17487e-06
2.30182e-10
7.17493e-06
2.46533e-10
7.17499e-06
2.6442e-10
7.17506e-06
2.83646e-10
7.17513e-06
3.04815e-10
7.17521e-06
3.27456e-10
7.1753e-06
3.52488e-10
7.17539e-06
3.79262e-10
7.17549e-06
4.08828e-10
7.1756e-06
4.40578e-10
7.17572e-06
4.75352e-10
7.17585e-06
5.12923e-10
7.17599e-06
5.53479e-10
7.17613e-06
5.97405e-10
7.1763e-06
6.44032e-10
7.17647e-06
6.94058e-10
7.17666e-06
7.46704e-10
7.17687e-06
8.02e-10
7.17708e-06
8.61102e-10
7.17732e-06
9.22747e-10
7.17758e-06
9.91237e-10
7.17786e-06
1.06625e-09
7.17816e-06
1.14915e-09
7.17848e-06
1.24649e-09
7.17883e-06
1.34193e-09
7.17921e-06
1.45413e-09
7.17962e-06
1.55117e-09
7.18006e-06
1.65965e-09
7.18053e-06
1.77328e-09
7.18104e-06
1.90443e-09
7.18159e-06
2.05575e-09
2.22603e-09
7.76014e-06
1.4393e-10
-7.7601e-06
7.76019e-06
1.53449e-10
7.76024e-06
1.64026e-10
7.7603e-06
1.75391e-10
7.76036e-06
1.87645e-10
7.76042e-06
2.01023e-10
7.76049e-06
2.15394e-10
7.76056e-06
2.31255e-10
7.76064e-06
2.48207e-10
7.76073e-06
2.67038e-10
7.76082e-06
2.87118e-10
7.76092e-06
3.09442e-10
7.76103e-06
3.33261e-10
7.76114e-06
3.59586e-10
7.76127e-06
3.87712e-10
7.7614e-06
4.18436e-10
7.76155e-06
4.51145e-10
7.76171e-06
4.86411e-10
7.76188e-06
5.23327e-10
7.76206e-06
5.62986e-10
7.76226e-06
6.03312e-10
7.76247e-06
6.47779e-10
7.7627e-06
6.92565e-10
7.76295e-06
7.44697e-10
7.76321e-06
7.99771e-10
7.7635e-06
8.63661e-10
7.76381e-06
9.35318e-10
7.76414e-06
1.00841e-09
7.76451e-06
1.08957e-09
7.7649e-06
1.16253e-09
7.76532e-06
1.24064e-09
7.76576e-06
1.32773e-09
7.76624e-06
1.42596e-09
7.76675e-06
1.54297e-09
1.66858e-09
8.39351e-06
9.85388e-11
-8.39346e-06
8.39356e-06
1.04764e-10
8.39361e-06
1.11903e-10
8.39366e-06
1.19584e-10
8.39372e-06
1.27899e-10
8.39379e-06
1.36947e-10
8.39386e-06
1.46668e-10
8.39393e-06
1.57363e-10
8.39401e-06
1.68787e-10
8.3941e-06
1.8147e-10
8.39419e-06
1.94984e-10
8.39429e-06
2.10053e-10
8.39439e-06
2.26102e-10
8.39451e-06
2.43939e-10
8.39464e-06
2.62881e-10
8.39477e-06
2.83712e-10
8.39492e-06
3.05616e-10
8.39507e-06
3.29449e-10
8.39524e-06
3.53936e-10
8.39542e-06
3.8062e-10
8.39562e-06
4.07107e-10
8.39583e-06
4.37091e-10
8.39606e-06
4.66613e-10
8.3963e-06
5.02385e-10
8.39656e-06
5.39046e-10
8.39684e-06
5.83107e-10
8.39715e-06
6.30453e-10
8.39747e-06
6.80428e-10
8.39783e-06
7.33091e-10
8.39821e-06
7.82515e-10
8.39862e-06
8.33392e-10
8.39905e-06
8.93436e-10
8.39952e-06
9.59144e-10
8.40002e-06
1.03947e-09
1.12213e-09
9.07866e-06
5.11213e-11
-9.07861e-06
9.07871e-06
5.4219e-11
9.07877e-06
5.7863e-11
9.07882e-06
6.17788e-11
9.07889e-06
6.6037e-11
9.07895e-06
7.06642e-11
9.07902e-06
7.56507e-11
9.0791e-06
8.11238e-11
9.07918e-06
8.69801e-11
9.07927e-06
9.34669e-11
9.07936e-06
1.0038e-10
9.07947e-06
1.08079e-10
9.07958e-06
1.16267e-10
9.07969e-06
1.25373e-10
9.07982e-06
1.35017e-10
9.07996e-06
1.4566e-10
9.08011e-06
1.56796e-10
9.08027e-06
1.68989e-10
9.08044e-06
1.81397e-10
9.08063e-06
1.95045e-10
9.08083e-06
2.08398e-10
9.08104e-06
2.23771e-10
9.08127e-06
2.38661e-10
9.08151e-06
2.57083e-10
9.08178e-06
2.75478e-10
9.08206e-06
2.98202e-10
9.08237e-06
3.2201e-10
9.0827e-06
3.47888e-10
9.08306e-06
3.74158e-10
9.08344e-06
3.99736e-10
9.08385e-06
4.2502e-10
9.08429e-06
4.56072e-10
9.08476e-06
4.89189e-10
9.08527e-06
5.30764e-10
5.71974e-10
9.81977e-06
-9.81972e-06
9.81982e-06
9.81988e-06
9.81994e-06
9.82001e-06
9.82008e-06
9.82016e-06
9.82024e-06
9.82032e-06
9.82042e-06
9.82052e-06
9.82063e-06
9.82074e-06
9.82087e-06
9.821e-06
9.82115e-06
9.8213e-06
9.82147e-06
9.82165e-06
9.82185e-06
9.82206e-06
9.82228e-06
9.82252e-06
9.82278e-06
9.82305e-06
9.82335e-06
9.82367e-06
9.82402e-06
9.8244e-06
9.8248e-06
9.82522e-06
9.82568e-06
9.82617e-06
9.8267e-06
8.47045e-08
9.36984e-09
8.37603e-08
-8.94198e-09
8.43156e-08
8.35888e-09
8.35006e-08
-4.58259e-09
8.40498e-08
4.18259e-09
8.32314e-08
-2.61952e-09
8.37446e-08
4.81578e-09
8.31408e-08
-1.15539e-09
8.35619e-08
4.17393e-09
8.31067e-08
-1.27338e-09
8.33538e-08
2.33541e-09
8.30747e-08
-1.2301e-09
8.3168e-08
1.58964e-09
8.30239e-08
-9.79373e-10
8.30167e-08
1.22422e-09
8.29582e-08
-5.48992e-10
8.27147e-08
1.08385e-09
8.24795e-08
-1.386e-10
8.14122e-08
1.77064e-09
1.496e-09
9.13168e-08
9.09947e-09
9.07434e-08
-8.36859e-09
9.08986e-08
8.20364e-09
9.05302e-08
-4.21416e-09
9.06263e-08
4.08649e-09
9.03161e-08
-2.30927e-09
9.03517e-08
4.78014e-09
9.02437e-08
-1.0474e-09
9.02246e-08
4.19307e-09
9.01602e-08
-1.20904e-09
9.0081e-08
2.41468e-09
9.00048e-08
-1.15389e-09
8.99022e-08
1.69225e-09
8.97848e-08
-8.62022e-10
8.96411e-08
1.36789e-09
8.94766e-08
-3.8444e-10
8.9135e-08
1.42545e-09
8.86581e-08
3.38255e-10
8.82117e-08
2.2171e-09
2.01945e-09
9.84928e-08
9.17689e-09
9.82813e-08
-8.15713e-09
9.81602e-08
8.3248e-09
9.81261e-08
-4.18014e-09
9.79831e-08
4.22955e-09
9.79191e-08
-2.24531e-09
9.78407e-08
4.8586e-09
9.78182e-08
-1.02492e-09
9.78694e-08
4.14183e-09
9.77149e-08
-1.05453e-09
9.78454e-08
2.28423e-09
9.75327e-08
-8.41191e-10
9.77342e-08
1.49069e-09
9.72902e-08
-4.18028e-10
9.74586e-08
1.19952e-09
9.69022e-08
1.71997e-10
9.68979e-08
1.42973e-09
9.61235e-08
1.1126e-09
9.60129e-08
2.32773e-09
2.48059e-09
1.06522e-07
9.37078e-09
1.06439e-07
-8.07476e-09
1.06371e-07
8.39337e-09
1.06346e-07
-4.15551e-09
1.06302e-07
4.27394e-09
1.06147e-07
-2.09033e-09
1.06272e-07
4.73332e-09
1.06059e-07
-8.11467e-10
1.06382e-07
3.81818e-09
1.05995e-07
-6.66743e-10
1.06375e-07
1.90357e-09
1.05859e-07
-3.24856e-10
1.06219e-07
1.1305e-09
1.05667e-07
1.33783e-10
1.05841e-07
1.02552e-09
1.05256e-07
7.57561e-10
1.05182e-07
1.50376e-09
1.04558e-07
1.73656e-09
1.04435e-07
2.45014e-09
2.81639e-09
1.15497e-07
9.40789e-09
1.15293e-07
-7.87003e-09
1.15488e-07
8.19838e-09
1.15288e-07
-3.95602e-09
1.15463e-07
4.09887e-09
1.15128e-07
-1.75562e-09
1.15478e-07
4.38347e-09
1.15083e-07
-4.16716e-10
1.15591e-07
3.31031e-09
1.15071e-07
-1.45982e-10
1.15533e-07
1.44118e-09
1.15007e-07
2.01468e-10
1.15317e-07
8.19965e-10
1.14869e-07
5.81614e-10
1.14865e-07
1.02983e-09
1.14335e-07
1.28711e-09
1.14076e-07
1.76302e-09
1.13723e-07
2.08935e-09
1.1355e-07
2.62364e-09
3.05811e-09
1.25283e-07
9.20696e-09
1.24895e-07
-7.4824e-09
1.25344e-07
7.74929e-09
1.24971e-07
-3.58298e-09
1.25331e-07
3.73897e-09
1.24857e-07
-1.2819e-09
1.25364e-07
3.87629e-09
1.24867e-07
8.07582e-11
1.25443e-07
2.73415e-09
1.24925e-07
3.72662e-10
1.2532e-07
1.04557e-09
1.24945e-07
5.76393e-10
1.25084e-07
6.81319e-10
1.24829e-07
8.36663e-10
1.24682e-07
1.17634e-09
1.24336e-07
1.63368e-09
1.23931e-07
2.1679e-09
1.23548e-07
2.47239e-09
1.234e-07
2.77143e-09
3.26206e-09
1.35795e-07
8.82973e-09
1.35257e-07
-6.94382e-09
1.35898e-07
7.10838e-09
1.35388e-07
-3.0736e-09
1.35893e-07
3.23433e-09
1.35325e-07
-7.1414e-10
1.35925e-07
3.276e-09
1.35413e-07
5.93302e-10
1.35951e-07
2.19569e-09
1.35556e-07
7.68434e-10
1.35794e-07
8.06867e-10
1.35646e-07
7.24262e-10
1.35598e-07
7.30026e-10
1.35474e-07
9.6071e-10
1.3536e-07
1.29013e-09
1.35343e-07
1.65081e-09
1.35303e-07
2.20765e-09
1.34818e-07
2.95782e-09
1.34072e-07
3.51679e-09
3.56048e-09
1.47092e-07
8.34655e-09
1.46426e-07
-6.27764e-09
1.47222e-07
6.31242e-09
1.46599e-07
-2.45124e-09
1.47216e-07
2.61788e-09
1.46597e-07
-9.545e-11
1.47224e-07
2.6493e-09
1.4677e-07
1.04658e-09
1.47213e-07
1.75319e-09
1.47003e-07
9.78424e-10
1.47086e-07
7.23819e-10
1.47037e-07
7.73531e-10
1.46974e-07
7.9283e-10
1.46949e-07
9.85983e-10
1.467e-07
1.53906e-09
1.46106e-07
2.24405e-09
1.45472e-07
2.84188e-09
1.45153e-07
3.27748e-09
1.45234e-07
3.4357e-09
3.65958e-09
1.59276e-07
7.79411e-09
1.58493e-07
-5.49396e-09
1.5942e-07
5.38548e-09
1.58713e-07
-1.74463e-09
1.59392e-07
1.93934e-09
1.58789e-07
5.07074e-10
1.59355e-07
2.08335e-09
1.59044e-07
1.35788e-09
1.59347e-07
1.45011e-09
1.59282e-07
1.04287e-09
1.59317e-07
6.89086e-10
1.59285e-07
8.05484e-10
1.59091e-07
9.86711e-10
1.58533e-07
1.54444e-09
1.58e-07
2.07184e-09
1.5767e-07
2.57408e-09
1.57482e-07
3.02942e-09
1.57438e-07
3.32194e-09
1.57353e-07
3.52029e-09
3.68612e-09
1.72446e-07
7.18822e-09
1.71558e-07
-4.60612e-09
1.72586e-07
4.35771e-09
1.71846e-07
-1.00441e-09
1.72513e-07
1.27268e-09
1.72023e-07
9.96781e-10
1.72431e-07
1.67533e-09
1.72361e-07
1.42787e-09
1.72488e-07
1.32337e-09
1.72511e-07
1.01964e-09
1.72438e-07
7.6228e-10
1.7207e-07
1.17307e-09
1.71562e-07
1.49452e-09
1.71215e-07
1.89139e-09
1.7093e-07
2.35748e-09
1.70709e-07
2.79473e-09
1.70612e-07
3.12604e-09
1.70528e-07
3.40652e-09
1.70474e-07
3.57395e-09
3.67531e-09
1.86691e-07
6.5377e-09
1.85721e-07
-3.63579e-09
1.86804e-07
3.27474e-09
1.86102e-07
-3.02245e-10
1.86677e-07
6.97574e-10
1.86391e-07
1.28258e-09
1.86588e-07
1.47846e-09
1.86688e-07
1.3275e-09
1.86735e-07
1.27687e-09
1.86619e-07
1.13554e-09
1.86199e-07
1.18191e-09
1.8586e-07
1.51217e-09
1.85525e-07
1.82912e-09
1.85235e-07
2.18157e-09
1.85016e-07
2.57654e-09
1.84858e-07
2.95253e-09
1.84737e-07
3.24711e-09
1.84675e-07
3.46911e-09
1.84678e-07
3.57102e-09
3.62856e-09
2.021e-07
5.85253e-09
2.01081e-07
-2.61687e-09
2.02144e-07
2.21112e-09
2.01574e-07
2.68436e-10
2.01981e-07
2.8999e-10
2.01946e-07
1.31781e-09
2.01989e-07
1.43492e-09
2.02069e-07
1.24813e-09
2.01934e-07
1.4117e-09
2.01596e-07
1.47405e-09
2.01289e-07
1.48803e-09
2.01017e-07
1.78493e-09
2.00737e-07
2.1092e-09
2.00488e-07
2.43051e-09
2.00296e-07
2.76818e-09
2.00157e-07
3.09177e-09
2.00068e-07
3.33542e-09
2.00042e-07
3.49576e-09
2.0007e-07
3.54247e-09
3.55664e-09
2.18762e-07
5.14931e-09
2.17745e-07
-1.59971e-09
2.18657e-07
1.29906e-09
2.18329e-07
5.95922e-10
2.18483e-07
1.36028e-10
2.18651e-07
1.15017e-09
2.18643e-07
1.44279e-09
2.18479e-07
1.41226e-09
2.18279e-07
1.61194e-09
2.18021e-07
1.73128e-09
2.17743e-07
1.76598e-09
2.17498e-07
2.03073e-09
2.17252e-07
2.35507e-09
2.17026e-07
2.65643e-09
2.16858e-07
2.93563e-09
2.16747e-07
3.20279e-09
2.16695e-07
3.38816e-09
2.16697e-07
3.49291e-09
2.16748e-07
3.49242e-09
3.46819e-09
2.36776e-07
4.45132e-09
2.35819e-07
-6.42267e-10
2.36361e-07
7.57022e-10
2.36386e-07
5.7031e-10
2.36419e-07
1.03258e-10
2.36544e-07
1.02534e-09
2.36466e-07
1.52098e-09
2.36292e-07
1.5866e-09
2.36104e-07
1.79929e-09
2.35868e-07
1.96734e-09
2.35608e-07
2.02661e-09
2.35374e-07
2.26428e-09
2.35158e-07
2.5708e-09
2.34955e-07
2.85997e-09
2.34817e-07
3.07324e-09
2.34736e-07
3.28379e-09
2.34713e-07
3.41113e-09
2.34742e-07
3.46447e-09
2.3481e-07
3.42413e-09
3.36849e-09
2.56258e-07
3.78073e-09
2.55414e-07
2.01488e-10
2.55694e-07
4.76922e-10
2.55853e-07
4.1173e-10
2.55862e-07
9.35836e-11
2.55855e-07
1.03281e-09
2.55766e-07
1.61013e-09
2.55612e-07
1.7404e-09
2.55443e-07
1.96829e-09
2.55227e-07
2.18275e-09
2.54977e-07
2.27655e-09
2.54755e-07
2.4868e-09
2.54564e-07
2.76151e-09
2.54394e-07
3.03005e-09
2.54286e-07
3.18153e-09
2.54234e-07
3.33595e-09
2.54235e-07
3.40932e-09
2.54285e-07
3.41505e-09
2.54369e-07
3.34027e-09
3.25979e-09
2.77331e-07
3.15758e-09
2.76641e-07
8.91653e-10
2.76718e-07
3.99841e-10
2.7687e-07
2.59722e-10
2.76872e-07
9.16981e-11
2.76836e-07
1.06859e-09
2.76724e-07
1.72265e-09
2.76563e-07
1.90072e-09
2.76404e-07
2.12747e-09
2.76207e-07
2.37967e-09
2.75973e-07
2.51104e-09
2.75764e-07
2.69553e-09
2.75596e-07
2.92948e-09
2.75465e-07
3.16056e-09
2.75387e-07
3.26018e-09
2.75361e-07
3.36188e-09
2.75383e-07
3.38668e-09
2.7545e-07
3.34874e-09
2.75547e-07
3.24352e-09
3.14304e-09
3.0013e-07
2.6018e-09
2.99639e-07
1.38301e-09
2.99554e-07
4.84149e-10
2.99619e-07
1.9528e-10
2.99596e-07
1.14573e-10
2.9956e-07
1.10421e-09
2.99447e-07
1.8361e-09
2.99278e-07
2.06914e-09
2.99118e-07
2.28789e-09
2.98937e-07
2.56101e-09
2.98725e-07
2.7223e-09
2.98534e-07
2.88661e-09
2.98388e-07
3.07558e-09
2.98302e-07
3.24654e-09
2.98251e-07
3.31118e-09
2.98249e-07
3.36417e-09
2.9829e-07
3.34543e-09
2.9837e-07
3.26867e-09
2.98477e-07
3.13692e-09
3.01988e-09
3.24809e-07
2.1232e-09
3.24641e-07
1.55049e-09
3.24375e-07
7.50154e-10
3.24287e-07
2.83059e-10
3.24212e-07
1.90301e-10
3.24169e-07
1.14677e-09
3.24064e-07
1.9416e-09
3.23894e-07
2.23855e-09
3.2373e-07
2.45156e-09
3.23564e-07
2.72745e-09
3.2338e-07
2.90644e-09
3.23213e-07
3.05385e-09
3.23091e-07
3.19742e-09
3.23049e-07
3.28837e-09
3.2302e-07
3.33965e-09
3.2304e-07
3.34466e-09
3.23098e-07
3.28721e-09
3.23189e-07
3.17778e-09
3.23302e-07
3.02361e-09
2.89269e-09
3.51534e-07
1.72049e-09
3.51659e-07
1.42565e-09
3.51319e-07
1.09069e-09
3.51068e-07
5.33337e-10
3.50909e-07
3.4934e-10
3.50836e-07
1.22044e-09
3.50729e-07
2.04796e-09
3.50566e-07
2.402e-09
3.50401e-07
2.6162e-09
3.50251e-07
2.87732e-09
3.50095e-07
3.06279e-09
3.49955e-07
3.19348e-09
3.49877e-07
3.27566e-09
3.4985e-07
3.31563e-09
3.4985e-07
3.33967e-09
3.49889e-07
3.30509e-09
3.49963e-07
3.21392e-09
3.50063e-07
3.07778e-09
3.50181e-07
2.90524e-09
2.76303e-09
3.80487e-07
1.38094e-09
3.80679e-07
1.23384e-09
3.80494e-07
1.27545e-09
3.80166e-07
8.61937e-10
3.79874e-07
6.40918e-10
3.79736e-07
1.35853e-09
3.79617e-07
2.16693e-09
3.79463e-07
2.55579e-09
3.79305e-07
2.775e-09
3.79173e-07
3.0092e-09
3.79046e-07
3.18944e-09
3.7894e-07
3.29911e-09
3.789e-07
3.31572e-09
3.78884e-07
3.33204e-09
3.78909e-07
3.31511e-09
3.78968e-07
3.24586e-09
3.79055e-07
3.12624e-09
3.79164e-07
2.9689e-09
3.79287e-07
2.78257e-09
2.63198e-09
4.11852e-07
1.09099e-09
4.12032e-07
1.05337e-09
4.12081e-07
1.22644e-09
4.11721e-07
1.2224e-09
4.11291e-07
1.0714e-09
4.11062e-07
1.58689e-09
4.1092e-07
2.30881e-09
4.10774e-07
2.70177e-09
4.10629e-07
2.91998e-09
4.10514e-07
3.1243e-09
4.10417e-07
3.28676e-09
4.10357e-07
3.35855e-09
4.10333e-07
3.3405e-09
4.10339e-07
3.32552e-09
4.10385e-07
3.26961e-09
4.10462e-07
3.16859e-09
4.10563e-07
3.0257e-09
4.10679e-07
2.85207e-09
4.10805e-07
2.6569e-09
2.50089e-09
4.45809e-07
8.54347e-10
4.45991e-07
8.71686e-10
4.46114e-07
1.10316e-09
4.45806e-07
1.53037e-09
4.45327e-07
1.55019e-09
4.45004e-07
1.90993e-09
4.44842e-07
2.47079e-09
4.44702e-07
2.84217e-09
4.44573e-07
3.04866e-09
4.44477e-07
3.22054e-09
4.44408e-07
3.35547e-09
4.44391e-07
3.37513e-09
4.44383e-07
3.34909e-09
4.44413e-07
3.295e-09
4.44478e-07
3.20468e-09
4.44571e-07
3.0758e-09
4.44682e-07
2.91495e-09
4.44804e-07
2.72946e-09
4.44932e-07
2.52965e-09
2.37075e-09
4.8257e-07
6.76685e-10
4.82726e-07
7.15984e-10
4.82753e-07
1.07603e-09
4.82546e-07
1.73751e-09
4.82121e-07
1.97542e-09
4.81788e-07
2.24281e-09
4.81591e-07
2.66793e-09
4.81463e-07
2.96989e-09
4.81352e-07
3.15955e-09
4.81278e-07
3.29521e-09
4.81244e-07
3.38885e-09
4.81251e-07
3.36879e-09
4.81269e-07
3.33081e-09
4.81321e-07
3.2426e-09
4.81403e-07
3.1231e-09
4.81508e-07
2.97098e-09
4.81626e-07
2.79635e-09
4.81753e-07
2.60296e-09
4.81881e-07
2.40133e-09
2.24187e-09
5.22374e-07
5.58682e-10
5.22435e-07
6.55394e-10
5.22376e-07
1.13529e-09
5.22199e-07
1.91437e-09
5.21903e-07
2.27151e-09
5.21613e-07
2.53235e-09
5.21418e-07
2.8632e-09
5.21288e-07
3.10012e-09
5.21201e-07
3.24578e-09
5.2115e-07
3.34686e-09
5.21153e-07
3.38526e-09
5.21174e-07
3.34844e-09
5.2122e-07
3.28469e-09
5.21293e-07
3.16929e-09
5.2139e-07
3.02639e-09
5.21504e-07
2.85635e-09
5.2163e-07
2.67113e-09
5.21759e-07
2.47334e-09
5.21889e-07
2.27193e-09
2.11414e-09
5.65479e-07
4.9383e-10
5.65398e-07
7.35851e-10
5.65301e-07
1.23228e-09
5.65163e-07
2.05272e-09
5.64956e-07
2.47804e-09
5.64726e-07
2.76255e-09
5.64556e-07
3.03371e-09
5.64441e-07
3.21452e-09
5.64367e-07
3.32008e-09
5.64351e-07
3.36308e-09
5.64372e-07
3.36346e-09
5.64415e-07
3.30618e-09
5.64485e-07
3.21464e-09
5.64577e-07
3.07661e-09
5.64688e-07
2.91546e-09
5.64812e-07
2.73259e-09
5.64943e-07
2.54023e-09
5.65075e-07
2.34098e-09
5.65205e-07
2.14199e-09
1.98749e-09
6.12161e-07
4.7007e-10
6.11998e-07
8.99289e-10
6.11864e-07
1.36614e-09
6.1174e-07
2.17728e-09
6.11581e-07
2.63697e-09
6.11413e-07
2.93006e-09
6.11266e-07
3.1804e-09
6.11181e-07
3.30031e-09
6.11132e-07
3.36919e-09
6.11137e-07
3.35788e-09
6.11174e-07
3.32585e-09
6.11241e-07
3.23962e-09
6.11332e-07
3.12354e-09
6.11442e-07
2.96672e-09
6.11565e-07
2.79188e-09
6.11698e-07
2.60046e-09
6.11833e-07
2.40468e-09
6.11968e-07
2.20651e-09
6.12098e-07
2.0121e-09
1.86204e-09
6.62716e-07
4.76808e-10
6.62529e-07
1.08615e-09
6.62364e-07
1.53149e-09
6.6223e-07
2.31063e-09
6.62089e-07
2.77865e-09
6.61959e-07
3.06027e-09
6.61847e-07
3.29153e-09
6.6179e-07
3.35783e-09
6.61771e-07
3.38844e-09
6.61794e-07
3.33466e-09
6.61852e-07
3.26755e-09
6.6194e-07
3.15152e-09
6.6205e-07
3.01368e-09
6.62175e-07
2.84233e-09
6.62309e-07
2.65784e-09
6.62448e-07
2.46132e-09
6.62587e-07
2.26504e-09
6.62724e-07
2.07026e-09
6.62854e-07
1.88213e-09
1.73766e-09
7.1746e-07
5.05047e-10
7.17283e-07
1.26333e-09
7.17093e-07
1.72117e-09
7.1694e-07
2.46312e-09
7.16799e-07
2.91987e-09
7.16688e-07
3.17174e-09
7.16612e-07
3.36738e-09
7.16582e-07
3.38757e-09
7.1659e-07
3.38036e-09
7.16635e-07
3.2897e-09
7.16716e-07
3.18658e-09
7.16825e-07
3.0429e-09
7.16952e-07
2.88609e-09
7.17089e-07
2.70542e-09
7.1723e-07
2.5169e-09
7.17372e-07
2.31955e-09
7.17514e-07
2.12312e-09
7.17652e-07
1.93192e-09
7.17783e-07
1.75142e-09
1.61292e-09
7.76736e-07
5.4818e-10
7.76583e-07
1.41611e-09
7.76373e-07
1.93089e-09
7.76197e-07
2.63906e-09
7.76049e-07
3.06821e-09
7.75946e-07
3.27446e-09
7.75897e-07
3.41638e-09
7.75892e-07
3.39275e-09
7.75925e-07
3.34723e-09
7.75994e-07
3.2209e-09
7.76098e-07
3.08234e-09
7.76228e-07
2.91356e-09
7.76375e-07
2.73907e-09
7.76529e-07
2.55126e-09
7.76682e-07
2.3635e-09
7.76819e-07
2.18309e-09
7.76949e-07
1.99305e-09
7.77087e-07
1.79379e-09
7.77224e-07
1.61408e-09
1.48307e-09
8.40909e-07
6.08576e-10
8.40733e-07
1.59168e-09
8.40526e-07
2.1384e-09
8.40352e-07
2.81255e-09
8.40205e-07
3.21553e-09
8.40111e-07
3.36874e-09
8.40089e-07
3.43801e-09
8.40106e-07
3.37588e-09
8.40167e-07
3.28665e-09
8.40266e-07
3.12158e-09
8.40399e-07
2.9493e-09
8.40556e-07
2.75699e-09
8.40728e-07
2.56678e-09
8.40907e-07
2.3716e-09
8.4109e-07
2.18145e-09
8.41276e-07
1.99643e-09
8.41441e-07
1.82844e-09
8.41525e-07
1.70917e-09
8.41587e-07
1.55201e-09
1.36872e-09
3.27244e-06
9.21891e-10
3.27168e-06
2.35677e-09
3.27074e-06
3.07158e-09
3.27003e-06
3.52621e-09
3.26951e-06
3.73682e-09
3.26918e-06
3.69208e-09
3.26907e-06
3.55229e-09
3.26913e-06
3.31273e-09
3.26938e-06
3.04437e-09
3.26984e-06
2.66002e-09
3.2704e-06
2.38839e-09
3.27102e-06
2.13508e-09
3.27168e-06
1.91067e-09
3.27234e-06
1.70601e-09
3.273e-06
1.52538e-09
3.27363e-06
1.36253e-09
3.27424e-06
1.21853e-09
3.27486e-06
1.08928e-09
3.27544e-06
9.74766e-10
8.9165e-10
3.53964e-06
1.20327e-09
3.53888e-06
3.11901e-09
3.5378e-06
4.15137e-09
3.53676e-06
4.5645e-09
3.53591e-06
4.5891e-09
3.53525e-06
4.34346e-09
3.53482e-06
3.9904e-09
3.53449e-06
3.6397e-09
3.5342e-06
3.3311e-09
3.53399e-06
2.87453e-09
3.53394e-06
2.43452e-09
3.53407e-06
2.00777e-09
3.53436e-06
1.62138e-09
3.53479e-06
1.2699e-09
3.53535e-06
9.6577e-10
3.53601e-06
7.04127e-10
3.53674e-06
4.90462e-10
3.53751e-06
3.21385e-10
3.53828e-06
1.99649e-10
1.1897e-10
3.82804e-06
2.05657e-09
3.82634e-06
4.82365e-09
3.82425e-06
6.24233e-09
3.82213e-06
6.68605e-09
3.82021e-06
6.50789e-09
3.81865e-06
5.90306e-09
3.81756e-06
5.07369e-09
3.81722e-06
3.98366e-09
3.81737e-06
3.1839e-09
3.81782e-06
2.41729e-09
3.81851e-06
1.74851e-09
3.81937e-06
1.14795e-09
3.82034e-06
6.52797e-10
3.82136e-06
2.50744e-10
3.82241e-06
-8.35902e-11
3.82364e-06
-5.25808e-10
3.82492e-06
-7.93892e-10
3.82619e-06
-9.46076e-10
3.82737e-06
-9.82265e-10
-8.85398e-10
4.14243e-06
1.091e-09
4.14443e-06
2.82527e-09
4.147e-06
3.66909e-09
4.14968e-06
4.00079e-09
4.15229e-06
3.90227e-09
4.15461e-06
3.5811e-09
4.15647e-06
3.21895e-09
4.15749e-06
2.96207e-09
4.15812e-06
2.55082e-09
4.15843e-06
2.10342e-09
4.15849e-06
1.68854e-09
4.15835e-06
1.28955e-09
4.15807e-06
9.33788e-10
4.15771e-06
6.10057e-10
4.1573e-06
3.29496e-10
4.1567e-06
6.96757e-11
4.15599e-06
-8.23772e-11
4.15519e-06
-1.45948e-10
4.15441e-06
-1.95488e-10
-2.25264e-10
4.47993e-06
7.02154e-10
4.48101e-06
1.74378e-09
4.48252e-06
2.15784e-09
4.48415e-06
2.37756e-09
4.48573e-06
2.32094e-09
4.48719e-06
2.11551e-09
4.48855e-06
1.86759e-09
4.48993e-06
1.57848e-09
4.49121e-06
1.26723e-09
4.49227e-06
1.04569e-09
4.49309e-06
8.73844e-10
4.49365e-06
7.29029e-10
4.49396e-06
6.15326e-10
4.49405e-06
5.213e-10
4.49394e-06
4.46581e-10
4.49362e-06
3.85071e-10
4.4932e-06
3.35169e-10
4.49276e-06
2.93646e-10
4.49231e-06
2.58876e-10
2.34139e-10
4.84556e-06
3.66849e-10
4.84634e-06
9.63822e-10
4.84728e-06
1.21788e-09
4.84824e-06
1.41884e-09
4.84908e-06
1.48315e-09
4.84976e-06
1.43313e-09
4.85027e-06
1.35304e-09
4.85062e-06
1.2347e-09
4.85074e-06
1.14622e-09
4.85077e-06
1.01183e-09
4.85075e-06
8.94233e-10
4.8507e-06
7.80453e-10
4.85063e-06
6.84027e-10
4.85055e-06
5.96647e-10
4.85048e-06
5.22837e-10
4.85041e-06
4.5778e-10
4.85034e-06
4.02492e-10
4.85028e-06
3.54197e-10
4.85022e-06
3.12733e-10
2.69917e-10
5.24089e-06
2.29953e-10
5.24125e-06
6.09931e-10
5.24167e-06
7.91095e-10
5.24211e-06
9.79025e-10
5.24253e-06
1.06875e-09
5.24289e-06
1.07148e-09
5.2432e-06
1.04285e-09
5.24347e-06
9.64755e-10
5.24373e-06
8.89517e-10
5.24394e-06
7.99623e-10
5.24411e-06
7.20883e-10
5.24425e-06
6.42016e-10
5.24436e-06
5.72313e-10
5.24446e-06
4.97832e-10
5.24454e-06
4.41455e-10
5.24461e-06
3.93406e-10
5.24466e-06
3.51133e-10
5.2447e-06
3.13127e-10
5.24473e-06
2.79266e-10
2.54452e-10
5.66864e-06
1.66527e-10
5.66882e-06
4.25623e-10
5.66906e-06
5.5155e-10
5.66935e-06
6.91899e-10
5.66963e-06
7.87707e-10
5.66989e-06
8.11912e-10
5.67012e-06
8.15434e-10
5.67032e-06
7.67529e-10
5.67048e-06
7.21324e-10
5.67063e-06
6.568e-10
5.67075e-06
6.00952e-10
5.67085e-06
5.41264e-10
5.67093e-06
4.90424e-10
5.67098e-06
4.45828e-10
5.67102e-06
4.0507e-10
5.67105e-06
3.64564e-10
5.67107e-06
3.28147e-10
5.6711e-06
2.86212e-10
5.67112e-06
2.57999e-10
2.30971e-10
6.13136e-06
1.2302e-10
6.13148e-06
3.11669e-10
6.13162e-06
4.0862e-10
6.13179e-06
5.25157e-10
6.13196e-06
6.11916e-10
6.13213e-06
6.4905e-10
6.13228e-06
6.64189e-10
6.13241e-06
6.34557e-10
6.13253e-06
6.03937e-10
6.13263e-06
5.55705e-10
6.13272e-06
5.12605e-10
6.13279e-06
4.65061e-10
6.13286e-06
4.23098e-10
6.13293e-06
3.81651e-10
6.13299e-06
3.44743e-10
6.13304e-06
3.09914e-10
6.13309e-06
2.78725e-10
6.13313e-06
2.49998e-10
6.13316e-06
2.24233e-10
1.96316e-10
6.63187e-06
9.65496e-11
6.63194e-06
2.37877e-10
6.63203e-06
3.16645e-10
6.63215e-06
4.11502e-10
6.63227e-06
4.87776e-10
6.63241e-06
5.15721e-10
6.63253e-06
5.35899e-10
6.63265e-06
5.15137e-10
6.63276e-06
4.92946e-10
6.63287e-06
4.54475e-10
6.63296e-06
4.20027e-10
6.63304e-06
3.80983e-10
6.63312e-06
3.46628e-10
6.63319e-06
3.12734e-10
6.63325e-06
2.83055e-10
6.6333e-06
2.55067e-10
6.63335e-06
2.3004e-10
6.6334e-06
2.06809e-10
6.63343e-06
1.85894e-10
1.6316e-10
7.17324e-06
7.55031e-11
7.1733e-06
1.81445e-10
7.17337e-06
2.44423e-10
7.17346e-06
3.19536e-10
7.17357e-06
3.82854e-10
7.17368e-06
4.0621e-10
7.17379e-06
4.22004e-10
7.1739e-06
4.08506e-10
7.174e-06
3.94875e-10
7.17409e-06
3.60938e-10
7.17417e-06
3.34998e-10
7.17425e-06
3.04791e-10
7.17432e-06
2.77441e-10
7.17438e-06
2.4958e-10
7.17444e-06
2.24865e-10
7.1745e-06
2.01521e-10
7.17454e-06
1.80718e-10
7.17459e-06
1.61535e-10
7.17463e-06
1.44368e-10
1.31601e-10
7.75882e-06
5.22328e-11
7.75888e-06
1.25436e-10
7.75895e-06
1.74196e-10
7.75903e-06
2.33273e-10
7.75913e-06
2.86909e-10
7.75922e-06
3.10882e-10
7.75932e-06
3.25406e-10
7.75941e-06
3.14618e-10
7.75951e-06
3.02611e-10
7.75959e-06
2.7928e-10
7.75966e-06
2.57879e-10
7.75974e-06
2.32698e-10
7.7598e-06
2.10836e-10
7.75986e-06
1.89644e-10
7.75992e-06
1.71513e-10
7.75996e-06
1.55442e-10
7.76e-06
1.40943e-10
7.76004e-06
1.26897e-10
7.76007e-06
1.14122e-10
1.0016e-10
8.39219e-06
3.32105e-11
8.39224e-06
7.90936e-11
8.3923e-06
1.12913e-10
8.39238e-06
1.57008e-10
8.39247e-06
1.95881e-10
8.39257e-06
2.12254e-10
8.39267e-06
2.23705e-10
8.39276e-06
2.17111e-10
8.39286e-06
2.0936e-10
8.39294e-06
1.93495e-10
8.39302e-06
1.79081e-10
8.39309e-06
1.62323e-10
8.39316e-06
1.47654e-10
8.39321e-06
1.3298e-10
8.39326e-06
1.20132e-10
8.39331e-06
1.0796e-10
8.39336e-06
9.7169e-11
8.3934e-06
8.71694e-11
8.39343e-06
7.8238e-11
6.86251e-11
9.07727e-06
1.63752e-11
9.07731e-06
3.8767e-11
9.07737e-06
5.62561e-11
9.07745e-06
7.89992e-11
9.07754e-06
1.00222e-10
9.07764e-06
1.09532e-10
9.07775e-06
1.16229e-10
9.07786e-06
1.13287e-10
9.07796e-06
1.09553e-10
9.07805e-06
1.01378e-10
9.07813e-06
9.38589e-11
9.07821e-06
8.50135e-11
9.07828e-06
7.72209e-11
9.07834e-06
6.93754e-11
9.0784e-06
6.24997e-11
9.07845e-06
5.60144e-11
9.0785e-06
5.03363e-11
9.07854e-06
4.51179e-11
9.07858e-06
4.04741e-11
3.56225e-11
9.81828e-06
9.81832e-06
9.81837e-06
9.81845e-06
9.81855e-06
9.81866e-06
9.81878e-06
9.81889e-06
9.819e-06
9.8191e-06
9.8192e-06
9.81928e-06
9.81936e-06
9.81943e-06
9.81949e-06
9.81955e-06
9.8196e-06
9.81964e-06
9.81968e-06
)
;

boundaryField
{
    top
    {
        type            calculated;
        value           uniform 0;
    }
    inlet
    {
        type            calculated;
        value           nonuniform List<scalar> 
45
(
-3.27275e-06
-3.53992e-06
-3.8289e-06
-4.14146e-06
-4.47954e-06
-4.84522e-06
-5.24076e-06
-5.66858e-06
-6.13132e-06
-6.63184e-06
-7.17322e-06
-7.7588e-06
-8.39217e-06
-9.07725e-06
-9.81826e-06
-8.40969e-08
-9.10464e-08
-9.85702e-08
-1.06716e-07
-1.15534e-07
-1.25082e-07
-1.35418e-07
-1.46609e-07
-1.58724e-07
-1.7184e-07
-1.86041e-07
-2.01414e-07
-2.18059e-07
-2.36078e-07
-2.55587e-07
-2.76708e-07
-2.99574e-07
-3.2433e-07
-3.51132e-07
-3.80148e-07
-4.11562e-07
-4.45572e-07
-4.82393e-07
-5.22256e-07
-5.65414e-07
-6.12138e-07
-6.62723e-07
-7.17488e-07
-7.76779e-07
-8.40969e-07
)
;
    }
    outlet
    {
        type            calculated;
        value           nonuniform List<scalar> 
45
(
3.3052e-06
3.57117e-06
3.85731e-06
4.16451e-06
4.49787e-06
4.86034e-06
5.25353e-06
5.68003e-06
6.14163e-06
6.64141e-06
7.18217e-06
7.76731e-06
8.40057e-06
9.08582e-06
9.82727e-06
6.22207e-09
2.0808e-08
3.87687e-08
5.98769e-08
8.29272e-08
1.05716e-07
1.26131e-07
1.43531e-07
1.58792e-07
1.73289e-07
1.88087e-07
2.03777e-07
2.20653e-07
2.38889e-07
2.58617e-07
2.79967e-07
3.03075e-07
3.28085e-07
3.55155e-07
3.84458e-07
4.16181e-07
4.50526e-07
4.8771e-07
5.27967e-07
5.71552e-07
6.18736e-07
6.69812e-07
7.25092e-07
7.84916e-07
8.49666e-07
)
;
    }
    plate
    {
        type            calculated;
        value           uniform 0;
    }
    symmBound
    {
        type            calculated;
        value           nonuniform List<scalar> 
20
(
-9.97742e-09
9.88622e-09
-8.91418e-09
5.39755e-09
-4.7318e-09
3.43798e-09
-5.32899e-09
1.75913e-09
-4.595e-09
1.72863e-09
-2.58257e-09
1.50923e-09
-1.68295e-09
1.12347e-09
-1.21705e-09
6.07519e-10
-8.40334e-10
3.73758e-10
-7.03282e-10
-3.60001e-10
)
;
    }
    frontAndBack
    {
        type            empty;
        value           nonuniform 0();
    }
}


// ************************************************************************* //
