/*--------------------------------*- C++ -*----------------------------------*\
| =========                 |                                                 |
| \\      /  F ield         | OpenFOAM: The Open Source CFD Toolbox           |
|  \\    /   O peration     | Version:  5.x                                   |
|   \\  /    A nd           | Web:      www.OpenFOAM.org                      |
|    \\/     M anipulation  |                                                 |
\*---------------------------------------------------------------------------*/
FoamFile
{
    version     2.0;
    format      ascii;
    class       volVectorField;
    location    "0.2";
    object      U;
}
// * * * * * * * * * * * * * * * * * * * * * * * * * * * * * * * * * * * * * //

dimensions      [0 1 -1 0 0 0 0];

internalField   nonuniform List<vector> 
2475
(
(0.911507 0.0106304 0)
(0.814401 0.0143498 0)
(0.71425 0.014093 0)
(0.609754 0.0129139 0)
(0.503413 0.011462 0)
(0.401564 0.00913516 0)
(0.316428 0.00557054 0)
(0.259162 0.00183787 0)
(0.226151 -0.000124985 0)
(0.205947 -0.000512051 0)
(0.19221 -0.000395749 0)
(0.182046 -0.000215831 0)
(0.173381 -5.07664e-05 0)
(0.165444 6.39892e-05 0)
(0.15778 0.000122792 0)
(0.150616 0.000141892 0)
(0.14378 0.000137811 0)
(0.13762 0.000125693 0)
(0.131774 0.000110882 0)
(0.126626 9.79246e-05 0)
(0.121598 8.61109e-05 0)
(0.117224 7.75821e-05 0)
(0.112738 6.87677e-05 0)
(0.108956 6.25517e-05 0)
(0.104845 5.56827e-05 0)
(0.101584 5.09235e-05 0)
(0.0977295 4.51718e-05 0)
(0.0949629 4.20753e-05 0)
(0.0912366 3.69599e-05 0)
(0.0889864 3.4753e-05 0)
(0.0852374 3.06411e-05 0)
(0.0835794 2.91418e-05 0)
(0.0795901 2.57461e-05 0)
(0.0787022 2.46673e-05 0)
(0.0740891 2.46983e-05 0)
(0.967077 0.0194488 0)
(0.959689 0.0272916 0)
(0.945326 0.0284549 0)
(0.921033 0.0278669 0)
(0.88557 0.0269323 0)
(0.839974 0.0248862 0)
(0.78822 0.0207454 0)
(0.737033 0.0147884 0)
(0.690553 0.00940896 0)
(0.648144 0.00604219 0)
(0.608961 0.0041275 0)
(0.573763 0.00306804 0)
(0.541885 0.00245811 0)
(0.513466 0.00206736 0)
(0.487516 0.00177391 0)
(0.464428 0.00153835 0)
(0.44302 0.00133119 0)
(0.424021 0.0011569 0)
(0.405992 0.00100308 0)
(0.390139 0.000881372 0)
(0.374568 0.000774892 0)
(0.361077 0.000694389 0)
(0.347196 0.000615927 0)
(0.335559 0.000557705 0)
(0.32286 0.000495922 0)
(0.312852 0.000452694 0)
(0.300952 0.000401656 0)
(0.292487 0.000371753 0)
(0.281003 0.000327449 0)
(0.274127 0.00030766 0)
(0.26259 0.0002689 0)
(0.257543 0.000257988 0)
(0.245316 0.000222142 0)
(0.242615 0.000219904 0)
(0.22869 0.000198852 0)
(0.971636 0.0180905 0)
(0.97229 0.0261463 0)
(0.974744 0.028922 0)
(0.975954 0.0295117 0)
(0.973438 0.0296117 0)
(0.966247 0.0287984 0)
(0.953551 0.02584 0)
(0.936426 0.0207928 0)
(0.916077 0.0156171 0)
(0.893916 0.0121131 0)
(0.869662 0.0100163 0)
(0.845168 0.00868704 0)
(0.819779 0.00765986 0)
(0.794903 0.00676455 0)
(0.769273 0.00593329 0)
(0.744628 0.00519314 0)
(0.719284 0.00451997 0)
(0.695515 0.00394261 0)
(0.671069 0.00342346 0)
(0.648965 0.00300075 0)
(0.626008 0.00262791 0)
(0.606041 0.00233972 0)
(0.584635 0.00206821 0)
(0.566862 0.00186409 0)
(0.546712 0.00165385 0)
(0.531113 0.0015058 0)
(0.511826 0.00133526 0)
(0.498443 0.00123235 0)
(0.479554 0.00108654 0)
(0.468565 0.00101973 0)
(0.449395 0.000889666 0)
(0.44127 0.000854602 0)
(0.420892 0.000731512 0)
(0.416469 0.00072743 0)
(0.393454 0.00063678 0)
(0.976757 0.0169331 0)
(0.976911 0.0239395 0)
(0.979791 0.0274349 0)
(0.984408 0.0284899 0)
(0.988382 0.0286989 0)
(0.991743 0.028135 0)
(0.99272 0.0258524 0)
(0.991608 0.021813 0)
(0.986728 0.01732 0)
(0.98001 0.0140764 0)
(0.970333 0.0122274 0)
(0.960505 0.0111474 0)
(0.948621 0.0102965 0)
(0.93721 0.00951242 0)
(0.923377 0.00872187 0)
(0.910163 0.00799845 0)
(0.894017 0.00729471 0)
(0.878897 0.00667041 0)
(0.860455 0.00604598 0)
(0.843893 0.00550282 0)
(0.823719 0.00496357 0)
(0.806576 0.00452292 0)
(0.785348 0.00407068 0)
(0.76846 0.0037239 0)
(0.74651 0.00334346 0)
(0.730464 0.00307408 0)
(0.707843 0.00274724 0)
(0.693233 0.00254962 0)
(0.669886 0.00226135 0)
(0.6574 0.00213056 0)
(0.632841 0.0018661 0)
(0.623326 0.0017964 0)
(0.596706 0.00154201 0)
(0.591373 0.00153283 0)
(0.561224 0.00132632 0)
(0.981451 0.0165737 0)
(0.981455 0.0224123 0)
(0.983385 0.0261921 0)
(0.988003 0.0275727 0)
(0.992243 0.0276935 0)
(0.997277 0.0270003 0)
(1.00051 0.0249645 0)
(1.00366 0.0215739 0)
(1.00341 0.0176409 0)
(1.00273 0.0145887 0)
(0.998875 0.0128042 0)
(0.996299 0.0118501 0)
(0.991331 0.011139 0)
(0.988442 0.0104967 0)
(0.982563 0.0098074 0)
(0.978883 0.0092004 0)
(0.971272 0.00859408 0)
(0.966138 0.00809105 0)
(0.956144 0.00754911 0)
(0.949287 0.00709397 0)
(0.936694 0.00658478 0)
(0.928295 0.00617854 0)
(0.91325 0.00569778 0)
(0.903866 0.00534857 0)
(0.886544 0.00490832 0)
(0.876616 0.00462121 0)
(0.85687 0.00420949 0)
(0.846842 0.00398121 0)
(0.824626 0.00358403 0)
(0.81538 0.00342729 0)
(0.790464 0.00304026 0)
(0.782959 0.00295502 0)
(0.754745 0.00256557 0)
(0.750374 0.00255781 0)
(0.717895 0.00222164 0)
(0.985323 0.0165735 0)
(0.985466 0.0213157 0)
(0.986555 0.0249796 0)
(0.990993 0.0266115 0)
(0.994701 0.0267482 0)
(1.00006 0.0259814 0)
(1.00308 0.024113 0)
(1.00718 0.0212085 0)
(1.00757 0.0177389 0)
(1.00884 0.0148389 0)
(1.0063 0.0130043 0)
(1.00629 0.0120458 0)
(1.00317 0.011368 0)
(1.00367 0.0107947 0)
(1.00047 0.0101365 0)
(1.00125 0.00958164 0)
(0.99731 0.00901373 0)
(0.997767 0.00859615 0)
(0.992407 0.00812121 0)
(0.992156 0.00776943 0)
(0.984948 0.0073248 0)
(0.983841 0.00701035 0)
(0.974554 0.00656419 0)
(0.972755 0.00628414 0)
(0.961334 0.00585794 0)
(0.958998 0.00563635 0)
(0.945023 0.00522725 0)
(0.942069 0.00505454 0)
(0.925094 0.00462703 0)
(0.921942 0.00451124 0)
(0.901802 0.00407343 0)
(0.89898 0.00402387 0)
(0.875046 0.00356048 0)
(0.873333 0.00357566 0)
(0.845288 0.0031633 0)
(0.98823 0.0167877 0)
(0.988573 0.0205756 0)
(0.989004 0.0237856 0)
(0.993272 0.025517 0)
(0.996405 0.0257359 0)
(1.00193 0.0250016 0)
(1.00454 0.0232861 0)
(1.00899 0.0207684 0)
(1.0093 0.0177101 0)
(1.01138 0.0149943 0)
(1.00906 0.0131033 0)
(1.00997 0.0120961 0)
(1.00706 0.0114088 0)
(1.00861 0.0108787 0)
(1.00588 0.010228 0)
(1.00811 0.00968822 0)
(1.00512 0.00911235 0)
(1.00759 0.00872857 0)
(1.00384 0.00827455 0)
(1.0063 0.00798207 0)
(1.00153 0.00757147 0)
(1.00387 0.00732182 0)
(0.997874 0.00690098 0)
(1.00011 0.00667523 0)
(0.992828 0.00626702 0)
(0.995031 0.00610683 0)
(0.986127 0.0057265 0)
(0.987993 0.00562611 0)
(0.976913 0.00521908 0)
(0.978316 0.005159 0)
(0.964986 0.00473249 0)
(0.966098 0.00473931 0)
(0.949903 0.00428638 0)
(0.95052 0.00432849 0)
(0.931517 0.00393076 0)
(0.990202 0.017084 0)
(0.99063 0.0200608 0)
(0.990663 0.0226979 0)
(0.994658 0.0243692 0)
(0.997362 0.0246842 0)
(1.00281 0.0240514 0)
(1.00523 0.022498 0)
(1.00974 0.0202841 0)
(1.01011 0.0175855 0)
(1.0125 0.0150953 0)
(1.01049 0.0131901 0)
(1.01167 0.0121246 0)
(1.00897 0.0114114 0)
(1.01062 0.0109135 0)
(1.00814 0.0102752 0)
(1.01047 0.00974057 0)
(1.00794 0.00914405 0)
(1.0106 0.00876313 0)
(1.00765 0.00830802 0)
(1.01047 0.00803748 0)
(1.00701 0.00764043 0)
(1.00994 0.00741838 0)
(1.00589 0.00700951 0)
(1.00893 0.00680294 0)
(1.00431 0.00640326 0)
(1.00752 0.00626586 0)
(1.00221 0.00591019 0)
(1.00533 0.00584744 0)
(0.998988 0.00547852 0)
(1.00167 0.00544307 0)
(0.994283 0.00505009 0)
(0.996664 0.00508574 0)
(0.987867 0.00469483 0)
(0.989198 0.00474038 0)
(0.979098 0.00441247 0)
(0.991633 0.017053 0)
(0.991903 0.019435 0)
(0.991832 0.0215635 0)
(0.99536 0.0230801 0)
(0.997863 0.0234842 0)
(1.00291 0.0229962 0)
(1.00537 0.0216431 0)
(1.00961 0.0197058 0)
(1.01031 0.017334 0)
(1.0126 0.0150966 0)
(1.01117 0.0132402 0)
(1.01221 0.0121265 0)
(1.01004 0.0113797 0)
(1.01129 0.0109014 0)
(1.00936 0.0102893 0)
(1.01117 0.00976433 0)
(1.00934 0.00915733 0)
(1.0114 0.00876663 0)
(1.00937 0.0083096 0)
(1.01152 0.00804084 0)
(1.00926 0.00765529 0)
(1.01148 0.00743891 0)
(1.00901 0.00704151 0)
(1.01129 0.00683327 0)
(1.00862 0.00644208 0)
(1.011 0.00630022 0)
(1.00815 0.00596495 0)
(1.01049 0.00590502 0)
(1.00735 0.00557457 0)
(1.00934 0.00553536 0)
(1.00587 0.00517346 0)
(1.00771 0.00520295 0)
(1.00383 0.00488249 0)
(1.00479 0.00490854 0)
(1.00051 0.00465175 0)
(0.992827 0.0167561 0)
(0.992736 0.0187493 0)
(0.992755 0.0204839 0)
(0.995689 0.0217941 0)
(0.998169 0.0222462 0)
(1.0026 0.0219065 0)
(1.00524 0.0207754 0)
(1.00899 0.0191041 0)
(1.01014 0.0170217 0)
(1.0121 0.0150241 0)
(1.01136 0.013262 0)
(1.01205 0.012115 0)
(1.01057 0.0113269 0)
(1.01126 0.0108527 0)
(1.00999 0.0102766 0)
(1.01112 0.00977068 0)
(1.01008 0.0091678 0)
(1.01138 0.00876248 0)
(1.01027 0.00830417 0)
(1.01157 0.00802615 0)
(1.01039 0.00765133 0)
(1.01168 0.00743196 0)
(1.01044 0.0070475 0)
(1.01173 0.00683237 0)
(1.01044 0.00645203 0)
(1.01173 0.00629729 0)
(1.01044 0.00597945 0)
(1.01168 0.00590714 0)
(1.01039 0.00560723 0)
(1.01141 0.00555573 0)
(1.01002 0.00521716 0)
(1.01098 0.00522377 0)
(1.00956 0.00496005 0)
(1.01 0.0049593 0)
(1.0085 0.004752 0)
(0.993914 0.0163574 0)
(0.9934 0.0180693 0)
(0.993535 0.0195083 0)
(0.995894 0.0206101 0)
(0.998394 0.0210572 0)
(1.0022 0.020847 0)
(1.005 0.0199309 0)
(1.00824 0.0185153 0)
(1.00976 0.0166873 0)
(1.01139 0.0149008 0)
(1.01124 0.0132596 0)
(1.01162 0.0121048 0)
(1.01074 0.0112768 0)
(1.01097 0.0107921 0)
(1.01025 0.0102512 0)
(1.01082 0.00977002 0)
(1.01039 0.00917981 0)
(1.01111 0.00875964 0)
(1.01068 0.00829728 0)
(1.01136 0.00800525 0)
(1.0109 0.00763689 0)
(1.01155 0.0074135 0)
(1.01108 0.00704124 0)
(1.0117 0.00682148 0)
(1.0112 0.00645229 0)
(1.01179 0.00628577 0)
(1.01131 0.00598151 0)
(1.01187 0.00589444 0)
(1.01145 0.00561627 0)
(1.01189 0.00555319 0)
(1.0114 0.00523451 0)
(1.01181 0.00521606 0)
(1.01137 0.00499337 0)
(1.01153 0.00496822 0)
(1.01106 0.00479263 0)
(0.994905 0.0159063 0)
(0.994019 0.017389 0)
(0.994189 0.018597 0)
(0.996096 0.0195212 0)
(0.998555 0.0199268 0)
(1.00187 0.0198116 0)
(1.00469 0.0190814 0)
(1.00754 0.0179081 0)
(1.00928 0.0163187 0)
(1.0107 0.0147251 0)
(1.01094 0.0132213 0)
(1.01117 0.0120932 0)
(1.0107 0.0112362 0)
(1.01067 0.0107277 0)
(1.01027 0.0102109 0)
(1.01052 0.00975478 0)
(1.01044 0.00918278 0)
(1.01084 0.00875326 0)
(1.01078 0.00828627 0)
(1.01114 0.00798029 0)
(1.01105 0.00761459 0)
(1.0114 0.00738827 0)
(1.01129 0.0070273 0)
(1.01159 0.00680616 0)
(1.01144 0.00644811 0)
(1.01172 0.00627246 0)
(1.01157 0.00597932 0)
(1.01184 0.00587782 0)
(1.01175 0.00561675 0)
(1.01196 0.00554197 0)
(1.01182 0.00524381 0)
(1.01198 0.00520262 0)
(1.01186 0.00501018 0)
(1.01194 0.00496487 0)
(1.01178 0.00481227 0)
(0.995795 0.0154118 0)
(0.994619 0.0167032 0)
(0.994725 0.0177229 0)
(0.99631 0.018502 0)
(0.998652 0.0188524 0)
(1.00161 0.0187962 0)
(1.00436 0.0182172 0)
(1.00693 0.0172651 0)
(1.00875 0.0159107 0)
(1.01007 0.0145037 0)
(1.01054 0.0131387 0)
(1.01075 0.012065 0)
(1.01052 0.0111908 0)
(1.01041 0.0106493 0)
(1.01018 0.010143 0)
(1.01028 0.00971188 0)
(1.01034 0.00916613 0)
(1.01062 0.00873743 0)
(1.01072 0.0082701 0)
(1.01097 0.00795177 0)
(1.01103 0.00758621 0)
(1.01126 0.00735665 0)
(1.01129 0.00700713 0)
(1.01149 0.00678657 0)
(1.01147 0.00644129 0)
(1.01164 0.0062574 0)
(1.0116 0.00597554 0)
(1.01177 0.00585873 0)
(1.01178 0.00561408 0)
(1.01193 0.00552643 0)
(1.0119 0.00525035 0)
(1.01197 0.00518871 0)
(1.01195 0.0050201 0)
(1.01201 0.00495832 0)
(1.01194 0.00482482 0)
(0.996593 0.0148788 0)
(0.995182 0.0160092 0)
(0.995161 0.01687 0)
(0.996512 0.0175294 0)
(0.998696 0.01783 0)
(1.0014 0.0178096 0)
(1.00402 0.0173513 0)
(1.0064 0.0165911 0)
(1.00819 0.0154641 0)
(1.00948 0.0142429 0)
(1.01009 0.0130088 0)
(1.01034 0.0120057 0)
(1.01027 0.0111353 0)
(1.01018 0.0105637 0)
(1.01002 0.0100593 0)
(1.01007 0.00965146 0)
(1.01018 0.0091371 0)
(1.01042 0.0087159 0)
(1.01058 0.00825224 0)
(1.0108 0.00792176 0)
(1.01092 0.00755434 0)
(1.01113 0.00731921 0)
(1.01121 0.00698185 0)
(1.01138 0.00676134 0)
(1.01142 0.00643207 0)
(1.01155 0.00623965 0)
(1.01156 0.00597123 0)
(1.0117 0.00583824 0)
(1.01173 0.00560987 0)
(1.01185 0.00550884 0)
(1.01187 0.00525553 0)
(1.0119 0.00517497 0)
(1.01192 0.00502591 0)
(1.01197 0.00495091 0)
(1.01194 0.00483395 0)
(0.997319 0.0143163 0)
(0.995699 0.0153066 0)
(0.995522 0.0160363 0)
(0.996687 0.0165938 0)
(0.998704 0.0168542 0)
(1.00121 0.0168564 0)
(1.00368 0.0164954 0)
(1.00592 0.0158941 0)
(1.00765 0.0149756 0)
(1.00892 0.0139383 0)
(1.0096 0.0128331 0)
(1.00992 0.0119094 0)
(1.00996 0.0110693 0)
(1.00992 0.0104773 0)
(1.00983 0.0099681 0)
(1.00986 0.0095757 0)
(1.00999 0.00909248 0)
(1.01022 0.00868266 0)
(1.0104 0.00822924 0)
(1.01062 0.00788986 0)
(1.01078 0.00752196 0)
(1.01098 0.00727791 0)
(1.01109 0.00695308 0)
(1.01125 0.00672995 0)
(1.01132 0.00641941 0)
(1.01145 0.00621889 0)
(1.01148 0.00596562 0)
(1.01161 0.00581793 0)
(1.01165 0.00560469 0)
(1.01176 0.00549076 0)
(1.01179 0.00526013 0)
(1.01181 0.00516207 0)
(1.01184 0.00502873 0)
(1.01189 0.00494414 0)
(1.01189 0.00484108 0)
(0.997984 0.013736 0)
(0.996167 0.0145987 0)
(0.995827 0.0152215 0)
(0.99683 0.0156884 0)
(0.998691 0.0159149 0)
(1.00103 0.0159361 0)
(1.00337 0.0156576 0)
(1.00548 0.015185 0)
(1.00714 0.0144471 0)
(1.00837 0.0135871 0)
(1.0091 0.012617 0)
(1.00949 0.0117748 0)
(1.00961 0.0109855 0)
(1.00964 0.0103868 0)
(1.00959 0.00987013 0)
(1.00964 0.00948364 0)
(1.00977 0.00903037 0)
(1.01 0.00863471 0)
(1.0102 0.00819877 0)
(1.01043 0.00785407 0)
(1.0106 0.00748831 0)
(1.01081 0.00723205 0)
(1.01093 0.00691935 0)
(1.0111 0.00669251 0)
(1.01119 0.00640139 0)
(1.01132 0.00619503 0)
(1.01137 0.00595658 0)
(1.0115 0.00579733 0)
(1.01155 0.00559822 0)
(1.01165 0.00547174 0)
(1.01169 0.00526369 0)
(1.01171 0.0051507 0)
(1.01175 0.00502832 0)
(1.01179 0.00493763 0)
(1.01181 0.0048463 0)
(0.99859 0.0131437 0)
(0.996587 0.0138884 0)
(0.996085 0.014423 0)
(0.996942 0.0148153 0)
(0.998665 0.0150148 0)
(1.00086 0.0150567 0)
(1.00307 0.0148488 0)
(1.00508 0.0144789 0)
(1.00666 0.0138906 0)
(1.00784 0.0131911 0)
(1.00859 0.0123602 0)
(1.00903 0.011599 0)
(1.00922 0.0108713 0)
(1.00931 0.0102828 0)
(1.00932 0.00976283 0)
(1.00939 0.00937507 0)
(1.00953 0.0089508 0)
(1.00976 0.00857057 0)
(1.00998 0.00815735 0)
(1.01021 0.00781179 0)
(1.0104 0.00745173 0)
(1.01062 0.00718367 0)
(1.01076 0.00688078 0)
(1.01093 0.00665056 0)
(1.01103 0.00637666 0)
(1.01117 0.00616715 0)
(1.01124 0.00594331 0)
(1.01137 0.00577516 0)
(1.01142 0.00559062 0)
(1.01152 0.00545142 0)
(1.01157 0.00526311 0)
(1.01158 0.00514032 0)
(1.01164 0.00502513 0)
(1.01168 0.00493114 0)
(1.01171 0.00484955 0)
(0.999138 0.0125288 0)
(0.996962 0.0131714 0)
(0.996307 0.0136358 0)
(0.99703 0.0139758 0)
(0.998635 0.0141551 0)
(1.0007 0.0142145 0)
(1.00279 0.0140673 0)
(1.0047 0.0137802 0)
(1.00622 0.0133149 0)
(1.00735 0.0127523 0)
(1.0081 0.0120601 0)
(1.00857 0.0113842 0)
(1.00881 0.0107222 0)
(1.00895 0.0101606 0)
(1.00902 0.00964766 0)
(1.00911 0.00925525 0)
(1.00927 0.00885546 0)
(1.00951 0.00849043 0)
(1.00973 0.00810106 0)
(1.00998 0.00776037 0)
(1.01019 0.00740879 0)
(1.01042 0.00713286 0)
(1.01057 0.00683676 0)
(1.01075 0.00660328 0)
(1.01086 0.00634475 0)
(1.011 0.00613405 0)
(1.01108 0.00592589 0)
(1.01121 0.00575096 0)
(1.01127 0.00558057 0)
(1.01137 0.00543223 0)
(1.01143 0.00525779 0)
(1.01145 0.0051298 0)
(1.01151 0.00501934 0)
(1.01155 0.00492438 0)
(1.0116 0.00485108 0)
(0.999641 0.0119078 0)
(0.997308 0.0124682 0)
(0.996513 0.0128781 0)
(0.997111 0.0131795 0)
(0.998609 0.0133418 0)
(1.00056 0.0134084 0)
(1.00255 0.0133129 0)
(1.00437 0.0130935 0)
(1.00581 0.0127297 0)
(1.0069 0.0122808 0)
(1.00763 0.0117177 0)
(1.00811 0.0111333 0)
(1.00839 0.0105379 0)
(1.00858 0.0100147 0)
(1.00869 0.00952141 0)
(1.00882 0.00912609 0)
(1.009 0.00874353 0)
(1.00924 0.00839356 0)
(1.00948 0.00802732 0)
(1.00974 0.00769748 0)
(1.00997 0.00735731 0)
(1.0102 0.00707843 0)
(1.01037 0.00678928 0)
(1.01055 0.00655281 0)
(1.01068 0.00630915 0)
(1.01082 0.00609847 0)
(1.01091 0.00590424 0)
(1.01104 0.00572584 0)
(1.01112 0.00556596 0)
(1.01121 0.00541434 0)
(1.01128 0.00524874 0)
(1.0113 0.00511784 0)
(1.01138 0.00501162 0)
(1.01142 0.00491736 0)
(1.01148 0.004851 0)
(1.00012 0.0113017 0)
(0.997641 0.0117894 0)
(0.996712 0.0121506 0)
(0.997191 0.0124149 0)
(0.998591 0.0125628 0)
(1.00045 0.0126292 0)
(1.00234 0.0125767 0)
(1.00407 0.0124163 0)
(1.00546 0.0121371 0)
(1.0065 0.011784 0)
(1.0072 0.0113323 0)
(1.00768 0.0108419 0)
(1.00798 0.0103156 0)
(1.0082 0.00983755 0)
(1.00836 0.00937549 0)
(1.00852 0.00898485 0)
(1.00872 0.00861561 0)
(1.00897 0.00828022 0)
(1.00923 0.00793705 0)
(1.00949 0.00762085 0)
(1.00974 0.00729449 0)
(1.00999 0.00701593 0)
(1.01017 0.00673557 0)
(1.01036 0.00649709 0)
(1.01049 0.00626574 0)
(1.01064 0.0060579 0)
(1.01074 0.00587483 0)
(1.01086 0.00569854 0)
(1.01095 0.005546 0)
(1.01104 0.00539492 0)
(1.01113 0.00523709 0)
(1.01116 0.00510248 0)
(1.01125 0.00500107 0)
(1.01129 0.0049099 0)
(1.01136 0.00484905 0)
(1.00056 0.0107067 0)
(0.997955 0.0111239 0)
(0.996904 0.0114404 0)
(0.997273 0.0116714 0)
(0.998583 0.0118114 0)
(1.00036 0.0118797 0)
(1.00217 0.0118621 0)
(1.00383 0.0117556 0)
(1.00516 0.0115467 0)
(1.00614 0.0112738 0)
(1.00681 0.0109138 0)
(1.00728 0.0105133 0)
(1.0076 0.0100602 0)
(1.00784 0.00962902 0)
(1.00803 0.00920544 0)
(1.00822 0.00882884 0)
(1.00844 0.00847411 0)
(1.00871 0.0081508 0)
(1.00898 0.00783008 0)
(1.00926 0.00752846 0)
(1.00952 0.00721861 0)
(1.00977 0.0069456 0)
(1.00997 0.00667588 0)
(1.01016 0.00643855 0)
(1.01031 0.00621504 0)
(1.01046 0.00601368 0)
(1.01057 0.00583912 0)
(1.0107 0.00566779 0)
(1.0108 0.00552171 0)
(1.01089 0.00537084 0)
(1.01098 0.00522315 0)
(1.01102 0.00508548 0)
(1.01112 0.00498602 0)
(1.01117 0.00490118 0)
(1.01125 0.00484528 0)
(1.00097 0.010121 0)
(0.998251 0.010475 0)
(0.997091 0.0107537 0)
(0.997362 0.0109592 0)
(0.998593 0.0110948 0)
(1.00029 0.0111688 0)
(1.00204 0.0111756 0)
(1.00362 0.0111137 0)
(1.0049 0.0109617 0)
(1.00584 0.0107543 0)
(1.00648 0.0104719 0)
(1.00692 0.0101507 0)
(1.00724 0.00977313 0)
(1.0075 0.00938989 0)
(1.00771 0.00900917 0)
(1.00793 0.00865559 0)
(1.00817 0.00832012 0)
(1.00846 0.00800702 0)
(1.00874 0.00770616 0)
(1.00902 0.00742219 0)
(1.0093 0.00712907 0)
(1.00956 0.00686652 0)
(1.00978 0.00660714 0)
(1.00998 0.00637631 0)
(1.01014 0.00615878 0)
(1.01029 0.00596634 0)
(1.01041 0.00580003 0)
(1.01053 0.00563303 0)
(1.01065 0.00549491 0)
(1.01074 0.00534357 0)
(1.01084 0.00520437 0)
(1.01089 0.00506918 0)
(1.011 0.00496941 0)
(1.01105 0.00489232 0)
(1.01114 0.00484087 0)
(1.00135 0.0095414 0)
(0.99853 0.00984395 0)
(0.997276 0.0100898 0)
(0.997461 0.0102752 0)
(0.99862 0.0104045 0)
(1.00025 0.0104837 0)
(1.00194 0.0105058 0)
(1.00346 0.0104776 0)
(1.00468 0.0103732 0)
(1.00558 0.0102208 0)
(1.00619 0.010006 0)
(1.0066 0.00975161 0)
(1.00691 0.00944742 0)
(1.00717 0.00911652 0)
(1.0074 0.00878092 0)
(1.00764 0.00845795 0)
(1.0079 0.00814647 0)
(1.00821 0.00784715 0)
(1.00851 0.00756259 0)
(1.0088 0.00730118 0)
(1.00908 0.00702318 0)
(1.00936 0.00677335 0)
(1.00959 0.00652532 0)
(1.00979 0.00630527 0)
(1.00997 0.00609465 0)
(1.01012 0.00590911 0)
(1.01026 0.00575245 0)
(1.01038 0.00559065 0)
(1.01051 0.00546122 0)
(1.01059 0.00531288 0)
(1.01071 0.00517839 0)
(1.01076 0.00504799 0)
(1.01089 0.0049485 0)
(1.01094 0.00487885 0)
(1.01104 0.00483301 0)
(1.00171 0.00897783 0)
(0.998799 0.00923957 0)
(0.997463 0.00945453 0)
(0.997569 0.00962302 0)
(0.998666 0.00974344 0)
(1.00024 0.0098263 0)
(1.00188 0.00986004 0)
(1.00334 0.00985729 0)
(1.00451 0.00979423 0)
(1.00537 0.00968811 0)
(1.00594 0.0095307 0)
(1.00633 0.00933206 0)
(1.00661 0.00909263 0)
(1.00687 0.00881591 0)
(1.00711 0.00852488 0)
(1.00737 0.0082359 0)
(1.00765 0.00795115 0)
(1.00796 0.00767324 0)
(1.00829 0.00740181 0)
(1.00858 0.00716332 0)
(1.00888 0.00690323 0)
(1.00917 0.00666681 0)
(1.00941 0.00643442 0)
(1.00962 0.0062262 0)
(1.00981 0.00602538 0)
(1.00997 0.00584645 0)
(1.01011 0.00569963 0)
(1.01024 0.00554491 0)
(1.01037 0.00542085 0)
(1.01046 0.00527722 0)
(1.01059 0.00514717 0)
(1.01065 0.00502216 0)
(1.01079 0.00492678 0)
(1.01085 0.00486266 0)
(1.01095 0.00482215 0)
(1.00205 0.00842923 0)
(0.999053 0.00865481 0)
(0.997644 0.00884067 0)
(0.997681 0.00899186 0)
(0.998722 0.00910325 0)
(1.00024 0.00918655 0)
(1.00184 0.00923163 0)
(1.00325 0.00924735 0)
(1.00438 0.00921959 0)
(1.00519 0.00915094 0)
(1.00573 0.00904233 0)
(1.00609 0.00889152 0)
(1.00636 0.00870807 0)
(1.0066 0.00848471 0)
(1.00685 0.00824002 0)
(1.0071 0.00798783 0)
(1.0074 0.0077342 0)
(1.00773 0.00748457 0)
(1.00807 0.00722731 0)
(1.00838 0.0070066 0)
(1.00868 0.00677103 0)
(1.00898 0.00654695 0)
(1.00923 0.00633155 0)
(1.00945 0.00613587 0)
(1.00965 0.00594682 0)
(1.00982 0.00577818 0)
(1.00998 0.00563904 0)
(1.0101 0.00549368 0)
(1.01024 0.00537517 0)
(1.01033 0.00523648 0)
(1.01047 0.00511376 0)
(1.01054 0.00499162 0)
(1.01069 0.0049019 0)
(1.01076 0.0048448 0)
(1.01088 0.0048079 0)
(1.00235 0.00788741 0)
(0.999282 0.00807982 0)
(0.99781 0.00824178 0)
(0.997787 0.00837601 0)
(0.99878 0.00848172 0)
(1.00026 0.00856378 0)
(1.00181 0.00862033 0)
(1.00318 0.00864945 0)
(1.00427 0.00864993 0)
(1.00505 0.00861101 0)
(1.00556 0.00854289 0)
(1.00589 0.00843357 0)
(1.00613 0.00829795 0)
(1.00635 0.00812405 0)
(1.00659 0.00792468 0)
(1.00685 0.0077105 0)
(1.00716 0.00748946 0)
(1.00749 0.00727087 0)
(1.00785 0.00703395 0)
(1.00817 0.00682839 0)
(1.00849 0.00662061 0)
(1.00879 0.00641219 0)
(1.00906 0.00621105 0)
(1.00928 0.00603406 0)
(1.0095 0.00585574 0)
(1.00966 0.0057009 0)
(1.00984 0.00556809 0)
(1.00996 0.00543214 0)
(1.01011 0.00532231 0)
(1.0102 0.00518717 0)
(1.01036 0.00507351 0)
(1.01043 0.00495775 0)
(1.0106 0.00487308 0)
(1.01067 0.00482601 0)
(1.0108 0.00479181 0)
(1.00261 0.00735622 0)
(0.999479 0.00751925 0)
(0.997954 0.00766111 0)
(0.997881 0.00778024 0)
(0.998834 0.00788097 0)
(1.00027 0.007961 0)
(1.00179 0.00802486 0)
(1.00313 0.00806413 0)
(1.00418 0.00808416 0)
(1.00492 0.00807083 0)
(1.0054 0.00803463 0)
(1.0057 0.00796399 0)
(1.00592 0.00786755 0)
(1.00612 0.0077397 0)
(1.00635 0.00758173 0)
(1.00661 0.00740813 0)
(1.00692 0.00721826 0)
(1.00725 0.00703248 0)
(1.00763 0.00682231 0)
(1.00797 0.00663351 0)
(1.00829 0.00644818 0)
(1.00859 0.00626222 0)
(1.00888 0.00607318 0)
(1.0091 0.00591757 0)
(1.00933 0.00575227 0)
(1.0095 0.00561004 0)
(1.00969 0.00548848 0)
(1.00981 0.00535912 0)
(1.00998 0.00525928 0)
(1.01007 0.00512709 0)
(1.01023 0.0050223 0)
(1.01031 0.0049158 0)
(1.0105 0.00483849 0)
(1.01057 0.00480027 0)
(1.01071 0.00477141 0)
(1.00282 0.00683913 0)
(0.999638 0.00697671 0)
(0.998069 0.0071007 0)
(0.997954 0.00720593 0)
(0.998873 0.00730014 0)
(1.00028 0.00737674 0)
(1.00177 0.00744356 0)
(1.00307 0.00749093 0)
(1.0041 0.0075251 0)
(1.0048 0.00753478 0)
(1.00526 0.00752433 0)
(1.00552 0.00748766 0)
(1.00572 0.00742366 0)
(1.00589 0.00733636 0)
(1.00612 0.00721733 0)
(1.00636 0.00708365 0)
(1.00668 0.00692751 0)
(1.00701 0.00677135 0)
(1.00739 0.00659602 0)
(1.00774 0.00642375 0)
(1.00808 0.00625957 0)
(1.00838 0.00609775 0)
(1.00869 0.00592727 0)
(1.00891 0.00578404 0)
(1.00915 0.00563956 0)
(1.00933 0.00550493 0)
(1.00953 0.00539887 0)
(1.00965 0.00527275 0)
(1.00983 0.00518462 0)
(1.00992 0.00505422 0)
(1.0101 0.00496075 0)
(1.01018 0.00486026 0)
(1.01038 0.00479374 0)
(1.01046 0.0047601 0)
(1.01061 0.00474005 0)
(1.00298 0.00631778 0)
(0.999757 0.00643594 0)
(0.998151 0.00654404 0)
(0.998 0.00663833 0)
(0.998891 0.00672472 0)
(1.00027 0.00679981 0)
(1.00174 0.00686777 0)
(1.00301 0.00692507 0)
(1.00402 0.00697084 0)
(1.00469 0.007003 0)
(1.00512 0.00701385 0)
(1.00536 0.00700851 0)
(1.00553 0.00697421 0)
(1.00568 0.00692406 0)
(1.00589 0.00684197 0)
(1.00612 0.00674588 0)
(1.00643 0.00662652 0)
(1.00676 0.00649936 0)
(1.00715 0.00636078 0)
(1.0075 0.00621098 0)
(1.00785 0.00606706 0)
(1.00816 0.00593208 0)
(1.00847 0.00578156 0)
(1.00871 0.00565283 0)
(1.00896 0.00552626 0)
(1.00913 0.00540778 0)
(1.00934 0.00530816 0)
(1.00946 0.00519383 0)
(1.00965 0.00510702 0)
(1.00974 0.0049859 0)
(1.00994 0.0048931 0)
(1.01003 0.00480864 0)
(1.01024 0.0047419 0)
(1.01032 0.00472257 0)
(1.01049 0.00469348 0)
(1.0031 0.005758 0)
(0.999836 0.00586203 0)
(0.998199 0.00595536 0)
(0.998017 0.00604061 0)
(0.998888 0.00611818 0)
(1.00024 0.00619237 0)
(1.0017 0.00626003 0)
(1.00295 0.00632569 0)
(1.00394 0.00638099 0)
(1.00458 0.00643169 0)
(1.00499 0.00646402 0)
(1.0052 0.00648713 0)
(1.00535 0.00648572 0)
(1.00547 0.00646972 0)
(1.00566 0.0064278 0)
(1.00587 0.00636751 0)
(1.00619 0.00628993 0)
(1.0065 0.00619622 0)
(1.00689 0.00609547 0)
(1.00724 0.00597887 0)
(1.00761 0.00586111 0)
(1.00791 0.00575522 0)
(1.00824 0.00563191 0)
(1.00848 0.00552744 0)
(1.00874 0.00542241 0)
(1.00891 0.00532628 0)
(1.00914 0.00524169 0)
(1.00925 0.00514229 0)
(1.00945 0.00506801 0)
(1.00954 0.00495884 0)
(1.00976 0.00487564 0)
(1.00984 0.00480697 0)
(1.01008 0.00474816 0)
(1.01015 0.00474069 0)
(1.01034 0.0047153 0)
(1.00327 0.00445864 0)
(0.999919 0.00449827 0)
(0.998212 0.00454489 0)
(0.99797 0.00458821 0)
(0.998806 0.00464265 0)
(1.00012 0.00469577 0)
(1.00155 0.00476033 0)
(1.00277 0.00482087 0)
(1.00373 0.00488969 0)
(1.00432 0.00494847 0)
(1.00469 0.00501039 0)
(1.00484 0.00505378 0)
(1.00495 0.0050965 0)
(1.005 0.00511265 0)
(1.00515 0.00512855 0)
(1.00531 0.00511258 0)
(1.0056 0.00510137 0)
(1.00589 0.0050587 0)
(1.00628 0.00502515 0)
(1.00662 0.00496318 0)
(1.00702 0.00491092 0)
(1.00731 0.00484579 0)
(1.00766 0.00478929 0)
(1.0079 0.00472121 0)
(1.00819 0.0046764 0)
(1.00835 0.00460763 0)
(1.00859 0.00457814 0)
(1.0087 0.00449975 0)
(1.00892 0.00447179 0)
(1.00901 0.00438544 0)
(1.00926 0.00434371 0)
(1.00935 0.00429724 0)
(1.00963 0.0042806 0)
(1.0097 0.00428498 0)
(1.00992 0.00429672 0)
(1.0021 0.00316186 0)
(0.998831 0.00323051 0)
(0.997232 0.00330612 0)
(0.997092 0.00339236 0)
(0.998026 0.00348029 0)
(0.99941 0.0035747 0)
(1.0009 0.00366646 0)
(1.00213 0.00376231 0)
(1.0031 0.00385362 0)
(1.00367 0.00394741 0)
(1.004 0.00403644 0)
(1.00408 0.00412564 0)
(1.00414 0.00421103 0)
(1.00413 0.00429373 0)
(1.00424 0.00437389 0)
(1.00435 0.00444571 0)
(1.00461 0.0045131 0)
(1.00486 0.00456562 0)
(1.00524 0.00461105 0)
(1.00555 0.00463919 0)
(1.00594 0.00465782 0)
(1.00623 0.00466027 0)
(1.00658 0.00465904 0)
(1.0068 0.00464294 0)
(1.00709 0.00463713 0)
(1.00723 0.00460866 0)
(1.00747 0.00461066 0)
(1.00756 0.00457227 0)
(1.00779 0.00457341 0)
(1.00789 0.00453017 0)
(1.00816 0.00451023 0)
(1.00827 0.00448996 0)
(1.00855 0.00447952 0)
(1.00862 0.00448742 0)
(1.00884 0.00450272 0)
(1.0022 -0.00277573 0)
(0.998951 -0.00245926 0)
(0.997319 -0.00187908 0)
(0.997075 -0.00117389 0)
(0.997888 -0.000475059 0)
(0.999121 0.000133752 0)
(1.00049 0.000609134 0)
(1.00159 0.00095274 0)
(1.00248 0.00118443 0)
(1.00296 0.0013424 0)
(1.00327 0.00146641 0)
(1.0033 0.00158845 0)
(1.00336 0.00173535 0)
(1.00331 0.00190809 0)
(1.00341 0.00211786 0)
(1.00345 0.00233882 0)
(1.00368 0.00257941 0)
(1.00384 0.00279831 0)
(1.00416 0.00301281 0)
(1.00437 0.00318084 0)
(1.00472 0.00333268 0)
(1.0049 0.003432 0)
(1.00523 0.00351876 0)
(1.00537 0.00356224 0)
(1.00566 0.00361576 0)
(1.00574 0.00363785 0)
(1.00601 0.00370178 0)
(1.00605 0.00372558 0)
(1.00633 0.00380407 0)
(1.00637 0.0038245 0)
(1.00669 0.00386843 0)
(1.00673 0.00387478 0)
(1.00706 0.00389023 0)
(1.00708 0.00389853 0)
(1.0074 0.00393636 0)
(1.0007 -0.00331973 0)
(1.00411 -0.00302623 0)
(1.00598 -0.00247058 0)
(1.00634 -0.00178988 0)
(1.00574 -0.00111449 0)
(1.0046 -0.000526218 0)
(1.00346 -6.79902e-05 0)
(1.00246 0.000263061 0)
(1.00184 0.000485852 0)
(1.00149 0.000638758 0)
(1.00151 0.000759533 0)
(1.00164 0.000880705 0)
(1.00195 0.00102776 0)
(1.00219 0.00120259 0)
(1.0025 0.0014153 0)
(1.00266 0.00164098 0)
(1.00287 0.00188864 0)
(1.00291 0.00211798 0)
(1.00304 0.00234707 0)
(1.00303 0.00253297 0)
(1.00316 0.0027061 0)
(1.00317 0.00283012 0)
(1.00335 0.00294249 0)
(1.0034 0.00301378 0)
(1.00366 0.00309379 0)
(1.00376 0.00314342 0)
(1.00407 0.00323537 0)
(1.00418 0.00328763 0)
(1.00448 0.00339904 0)
(1.00453 0.003446 0)
(1.00481 0.00352207 0)
(1.00484 0.00354346 0)
(1.00515 0.00357685 0)
(1.0052 0.0035889 0)
(1.00559 0.00364267 0)
(1.00048 0.00118858 0)
(1.0039 0.0012175 0)
(1.00575 0.00125075 0)
(1.00603 0.00129436 0)
(1.00535 0.0013396 0)
(1.00411 0.00139427 0)
(1.0029 0.00144906 0)
(1.00183 0.00151328 0)
(1.00118 0.00157727 0)
(1.00079 0.00164993 0)
(1.0008 0.00172289 0)
(1.0009 0.00180296 0)
(1.00122 0.00188595 0)
(1.00144 0.00197376 0)
(1.00174 0.00206775 0)
(1.00185 0.00216077 0)
(1.00202 0.0022616 0)
(1.002 0.00235431 0)
(1.00208 0.00245504 0)
(1.00199 0.00254107 0)
(1.00206 0.00263227 0)
(1.00198 0.00270526 0)
(1.00211 0.00278332 0)
(1.00209 0.00284136 0)
(1.00232 0.00291283 0)
(1.00237 0.00295618 0)
(1.00268 0.00303621 0)
(1.00276 0.00306984 0)
(1.00308 0.00315754 0)
(1.00309 0.00318066 0)
(1.00336 0.00324374 0)
(1.0033 0.00326242 0)
(1.00363 0.00330218 0)
(1.00363 0.00332127 0)
(1.00411 0.00337636 0)
(0.998812 0.00090271 0)
(1.00237 0.0008908 0)
(1.00436 0.000887754 0)
(1.0048 0.000889439 0)
(1.00426 0.000902245 0)
(1.00315 0.000920566 0)
(1.00203 0.000949635 0)
(1.00103 0.000982266 0)
(1.00042 0.00102451 0)
(1.00006 0.00106749 0)
(1.00008 0.00111998 0)
(1.00019 0.00116998 0)
(1.00051 0.00123104 0)
(1.00074 0.00128607 0)
(1.00105 0.0013557 0)
(1.00118 0.00141565 0)
(1.00137 0.00149413 0)
(1.00136 0.0015584 0)
(1.00144 0.00164305 0)
(1.00136 0.00170911 0)
(1.00142 0.00179502 0)
(1.00132 0.0018597 0)
(1.00142 0.00194394 0)
(1.00138 0.00200443 0)
(1.00156 0.00209065 0)
(1.0016 0.0021437 0)
(1.00188 0.00223866 0)
(1.00195 0.00227961 0)
(1.00225 0.00237388 0)
(1.00226 0.00240124 0)
(1.00249 0.00247182 0)
(1.00241 0.00250468 0)
(1.00269 0.00256529 0)
(1.00269 0.00260571 0)
(1.00315 0.0026709 0)
(0.998557 0.00110938 0)
(1.00213 0.00112705 0)
(1.00413 0.00114472 0)
(1.00458 0.00116655 0)
(1.00405 0.00118834 0)
(1.00295 0.00121522 0)
(1.00184 0.00124206 0)
(1.00085 0.00127443 0)
(1.00023 0.001307 0)
(0.99988 0.00134481 0)
(0.999889 0.00138358 0)
(1.00001 0.0014263 0)
(1.00032 0.00147158 0)
(1.00056 0.00151829 0)
(1.00085 0.0015699 0)
(1.00099 0.0016193 0)
(1.00115 0.00167603 0)
(1.00115 0.00172635 0)
(1.00121 0.00178549 0)
(1.00112 0.00183502 0)
(1.00114 0.00189345 0)
(1.00105 0.00194138 0)
(1.0011 0.00199894 0)
(1.00105 0.00204597 0)
(1.00118 0.00210888 0)
(1.00121 0.00215472 0)
(1.00143 0.00222879 0)
(1.00151 0.00226652 0)
(1.00175 0.00233945 0)
(1.00176 0.00236338 0)
(1.00194 0.00241322 0)
(1.00187 0.00244243 0)
(1.00208 0.00248888 0)
(1.00208 0.00252941 0)
(1.00247 0.00258519 0)
(0.998248 0.00099504 0)
(1.00182 0.00100355 0)
(1.00382 0.0010145 0)
(1.00428 0.00102518 0)
(1.00375 0.00103856 0)
(1.00266 0.00105224 0)
(1.00155 0.00106891 0)
(1.00056 0.00108611 0)
(0.999958 0.00110677 0)
(0.999611 0.00112763 0)
(0.999626 0.00115285 0)
(0.999755 0.00117713 0)
(1.00007 0.00120731 0)
(1.00031 0.00123435 0)
(1.00061 0.00126943 0)
(1.00074 0.00129817 0)
(1.00091 0.0013372 0)
(1.00091 0.00136627 0)
(1.00097 0.00140716 0)
(1.00087 0.00143536 0)
(1.0009 0.00147573 0)
(1.00079 0.00150296 0)
(1.00084 0.00154333 0)
(1.00078 0.00157147 0)
(1.0009 0.00161854 0)
(1.00092 0.00164943 0)
(1.00114 0.00170983 0)
(1.0012 0.0017386 0)
(1.00142 0.00180056 0)
(1.00141 0.00181833 0)
(1.00156 0.00185894 0)
(1.00148 0.00188006 0)
(1.00168 0.00191973 0)
(1.00167 0.00195577 0)
(1.00204 0.00200996 0)
(0.998101 0.000847905 0)
(1.00168 0.00085915 0)
(1.00368 0.000871441 0)
(1.00414 0.000884901 0)
(1.00361 0.000899271 0)
(1.00253 0.000915388 0)
(1.00142 0.000932328 0)
(1.00044 0.000951416 0)
(0.999833 0.0009714 0)
(0.999498 0.000993552 0)
(0.999507 0.00101698 0)
(0.999647 0.001042 0)
(0.999953 0.00106912 0)
(1.00021 0.00109646 0)
(1.0005 0.00112715 0)
(1.00065 0.00115593 0)
(1.0008 0.00118931 0)
(1.00081 0.00121838 0)
(1.00085 0.00125254 0)
(1.00077 0.00128076 0)
(1.00077 0.00131357 0)
(1.00068 0.00134081 0)
(1.0007 0.00137286 0)
(1.00065 0.00140102 0)
(1.00075 0.00143874 0)
(1.00079 0.00147011 0)
(1.00097 0.00152003 0)
(1.00104 0.00155049 0)
(1.00122 0.00160208 0)
(1.00122 0.00162227 0)
(1.00132 0.00165492 0)
(1.00125 0.0016766 0)
(1.0014 0.0017097 0)
(1.00142 0.00174501 0)
(1.00171 0.00179162 0)
(0.99804 0.000722137 0)
(1.00162 0.000732188 0)
(1.00361 0.000743271 0)
(1.00408 0.000755066 0)
(1.00355 0.000767681 0)
(1.00247 0.000781466 0)
(1.00135 0.000795888 0)
(1.00038 0.000811829 0)
(0.999763 0.00082835 0)
(0.999431 0.000846472 0)
(0.999435 0.000865364 0)
(0.999579 0.000885484 0)
(0.999879 0.000906918 0)
(1.00014 0.00092859 0)
(1.00042 0.000952428 0)
(1.00057 0.000974916 0)
(1.00072 0.00100039 0)
(1.00073 0.00102267 0)
(1.00076 0.00104807 0)
(1.00068 0.0010691 0)
(1.00067 0.00109252 0)
(1.00057 0.00111214 0)
(1.00058 0.00113417 0)
(1.00053 0.00115434 0)
(1.00063 0.00118092 0)
(1.00066 0.00120426 0)
(1.00084 0.00124138 0)
(1.0009 0.00126423 0)
(1.00106 0.00130266 0)
(1.00104 0.00131605 0)
(1.00111 0.00133863 0)
(1.00105 0.00135351 0)
(1.00118 0.00137864 0)
(1.00122 0.00140726 0)
(1.00146 0.00144567 0)
(0.997994 0.000593374 0)
(1.00157 0.000601314 0)
(1.00357 0.000610064 0)
(1.00404 0.000619386 0)
(1.0035 0.000629298 0)
(1.00242 0.000640217 0)
(1.0013 0.00065149 0)
(1.00033 0.000664138 0)
(0.999707 0.000676958 0)
(0.999376 0.000691354 0)
(0.999376 0.000705901 0)
(0.999522 0.000721929 0)
(0.999817 0.000738334 0)
(1.00008 0.000755712 0)
(1.00036 0.000773889 0)
(1.00051 0.000792108 0)
(1.00066 0.00081144 0)
(1.00066 0.000829682 0)
(1.00069 0.000848713 0)
(1.0006 0.000866007 0)
(1.00058 0.000883075 0)
(1.00048 0.000899235 0)
(1.00048 0.000914959 0)
(1.00044 0.000931938 0)
(1.00053 0.000951702 0)
(1.00057 0.00097216 0)
(1.00073 0.00100099 0)
(1.0008 0.00102143 0)
(1.00093 0.00105091 0)
(1.00091 0.00106288 0)
(1.00095 0.00107953 0)
(1.0009 0.00109327 0)
(1.00102 0.00111405 0)
(1.00107 0.00114 0)
(1.00127 0.00117072 0)
(0.99796 0.000465912 0)
(1.00154 0.000471941 0)
(1.00353 0.000478587 0)
(1.004 0.000485681 0)
(1.00346 0.000493192 0)
(1.00238 0.000501525 0)
(1.00126 0.000510045 0)
(1.00029 0.000519732 0)
(0.999665 0.000529394 0)
(0.999337 0.000540465 0)
(0.999332 0.000551401 0)
(0.999481 0.00056381 0)
(0.999773 0.00057613 0)
(1.00004 0.000589719 0)
(1.00031 0.000603361 0)
(1.00047 0.000617782 0)
(1.00061 0.000632218 0)
(1.00062 0.000646789 0)
(1.00063 0.000660709 0)
(1.00055 0.000674504 0)
(1.00051 0.000686398 0)
(1.00041 0.000699214 0)
(1.0004 0.000709678 0)
(1.00036 0.000723474 0)
(1.00045 0.000737314 0)
(1.0005 0.00075468 0)
(1.00066 0.000775863 0)
(1.00072 0.000793249 0)
(1.00083 0.00081406 0)
(1.0008 0.000823697 0)
(1.00082 0.000834264 0)
(1.00078 0.000845921 0)
(1.00089 0.000861572 0)
(1.00095 0.000883499 0)
(1.00112 0.000905562 0)
(0.997945 0.00033926 0)
(1.00153 0.000343469 0)
(1.00351 0.000348187 0)
(1.00399 0.000353153 0)
(1.00344 0.000358461 0)
(1.00236 0.000364289 0)
(1.00124 0.00037027 0)
(1.00027 0.000377043 0)
(0.999644 0.000383786 0)
(0.999317 0.000391547 0)
(0.99931 0.000399159 0)
(0.999462 0.000407919 0)
(0.99975 0.000416504 0)
(1.00002 0.00042621 0)
(1.00029 0.000435746 0)
(1.00045 0.000446189 0)
(1.00058 0.000456256 0)
(1.00059 0.000466876 0)
(1.0006 0.000476353 0)
(1.00051 0.0004863 0)
(1.00047 0.000493894 0)
(1.00036 0.000502977 0)
(1.00035 0.000509268 0)
(1.00032 0.000519392 0)
(1.00041 0.000528447 0)
(1.00047 0.000541983 0)
(1.00062 0.000556577 0)
(1.00068 0.00057009 0)
(1.00076 0.000583436 0)
(1.00072 0.000590322 0)
(1.00074 0.000596121 0)
(1.00071 0.000605271 0)
(1.00082 0.000616521 0)
(1.00088 0.000633573 0)
(1.00102 0.000648151 0)
(0.99794 0.000211064 0)
(1.00152 0.000213499 0)
(1.00351 0.00021627 0)
(1.00398 0.000219135 0)
(1.00343 0.000222243 0)
(1.00236 0.000225619 0)
(1.00123 0.000229122 0)
(1.00026 0.000233066 0)
(0.999635 0.000237017 0)
(0.99931 0.000241565 0)
(0.9993 0.000246033 0)
(0.999455 0.000251215 0)
(0.999742 0.000256275 0)
(1.00001 0.000262093 0)
(1.00028 0.000267745 0)
(1.00045 0.000274088 0)
(1.00058 0.000280045 0)
(1.00059 0.000286522 0)
(1.00059 0.000291982 0)
(1.0005 0.000297957 0)
(1.00044 0.000302026 0)
(1.00034 0.00030739 0)
(1.00032 0.000310566 0)
(1.0003 0.00031683 0)
(1.00039 0.000321965 0)
(1.00046 0.000330832 0)
(1.0006 0.000339421 0)
(1.00066 0.000348156 0)
(1.00072 0.000355245 0)
(1.00067 0.000359388 0)
(1.00069 0.000361875 0)
(1.00067 0.000368088 0)
(1.00078 0.000374886 0)
(1.00084 0.00038591 0)
(1.00096 0.00039363 0)
(0.997939 7.22852e-05 0)
(1.00152 7.30571e-05 0)
(1.00351 7.39564e-05 0)
(1.00398 7.48618e-05 0)
(1.00343 7.58683e-05 0)
(1.00236 7.69419e-05 0)
(1.00123 7.80812e-05 0)
(1.00026 7.93467e-05 0)
(0.999631 8.06381e-05 0)
(0.999308 8.21102e-05 0)
(0.999297 8.35782e-05 0)
(0.999453 8.52705e-05 0)
(0.99974 8.69423e-05 0)
(1.00001 8.88594e-05 0)
(1.00028 9.07346e-05 0)
(1.00045 9.28401e-05 0)
(1.00057 9.48132e-05 0)
(1.00059 9.69609e-05 0)
(1.00058 9.87368e-05 0)
(1.00049 0.000100692 0)
(1.00043 0.000101952 0)
(1.00032 0.000103695 0)
(1.00031 0.000104651 0)
(1.00029 0.000106772 0)
(1.00038 0.000108455 0)
(1.00045 0.000111565 0)
(1.0006 0.000114408 0)
(1.00065 0.000117417 0)
(1.0007 0.000119586 0)
(1.00065 0.000120943 0)
(1.00066 0.0001216 0)
(1.00065 0.000123853 0)
(1.00077 0.000126143 0)
(1.00083 0.000129983 0)
(1.00093 0.00013231 0)
(0.889679 0.0039183 0)
(1.10803 -0.00431554 0)
(0.900141 0.00443692 0)
(1.0913 -0.00295299 0)
(0.908433 0.00295578 0)
(1.07788 -0.00233347 0)
(0.91316 0.00423658 0)
(1.06722 -0.00144007 0)
(0.920296 0.00461175 0)
(1.05679 -0.00179875 0)
(0.927115 0.00322297 0)
(1.04659 -0.00201804 0)
(0.932428 0.00264357 0)
(1.03686 -0.00192037 0)
(0.93579 0.0024485 0)
(1.02666 -0.00127647 0)
(0.937438 0.0025906 0)
(1.01529 -0.000709206 0)
(0.935316 0.00358236 0)
(1.00206 0.00262419 0)
(0.907263 0.00366334 0)
(1.08538 -0.00388412 0)
(0.92011 0.00418269 0)
(1.06637 -0.00247552 0)
(0.932067 0.0026081 0)
(1.05033 -0.00170279 0)
(0.941148 0.00393171 0)
(1.03652 -0.000947663 0)
(0.952307 0.00448869 0)
(1.02337 -0.00156557 0)
(0.962237 0.00341223 0)
(1.01127 -0.00207878 0)
(0.96934 0.00320124 0)
(1.00068 -0.00221029 0)
(0.973125 0.0033615 0)
(0.990816 -0.00164565 0)
(0.973916 0.00398161 0)
(0.980936 -0.000416226 0)
(0.970945 0.00689736 0)
(0.970368 0.00604806 0)
(0.936986 0.00360189 0)
(1.05166 -0.00369147 0)
(0.951141 0.00416907 0)
(1.03379 -0.00239373 0)
(0.963573 0.0026784 0)
(1.01938 -0.00165869 0)
(0.971789 0.00399757 0)
(1.0091 -0.00101174 0)
(0.979697 0.00445123 0)
(1.00157 -0.00142102 0)
(0.984906 0.00324373 0)
(0.995594 -0.00157737 0)
(0.986777 0.00279725 0)
(0.990799 -0.0012477 0)
(0.98567 0.00279573 0)
(0.985921 -0.000208184 0)
(0.982432 0.00366555 0)
(0.980378 0.00225473 0)
(0.977055 0.00747224 0)
(0.974236 0.00933526 0)
(0.966003 0.00369608 0)
(1.02369 -0.00367774 0)
(0.977049 0.00427735 0)
(1.01221 -0.00243234 0)
(0.985175 0.00280936 0)
(1.00357 -0.00164698 0)
(0.98884 0.00403981 0)
(0.99934 -0.000926019 0)
(0.991985 0.00425838 0)
(0.997181 -0.00103265 0)
(0.993403 0.00279057 0)
(0.994894 -0.00081937 0)
(0.992687 0.00210984 0)
(0.992288 -0.000141853 0)
(0.9901 0.0022134 0)
(0.988651 0.00127927 0)
(0.9863 0.00372904 0)
(0.984114 0.00437162 0)
(0.981394 0.0080723 0)
(0.979112 0.0110403 0)
(0.98515 0.0037678 0)
(1.00922 -0.0036313 0)
(0.991365 0.00427464 0)
(1.00441 -0.00236934 0)
(0.995183 0.00277927 0)
(1.0002 -0.00144617 0)
(0.995928 0.00382858 0)
(0.999244 -0.000590634 0)
(0.997005 0.00376362 0)
(0.99894 -0.000452382 0)
(0.997259 0.00215532 0)
(0.997506 -1.03431e-06 0)
(0.995988 0.00150322 0)
(0.995248 0.000781994 0)
(0.993248 0.00206602 0)
(0.991895 0.00252131 0)
(0.989657 0.00443416 0)
(0.987876 0.0060651 0)
(0.985459 0.00902199 0)
(0.983631 0.0120488 0)
(0.994044 0.0037356 0)
(1.00465 -0.0034871 0)
(0.997176 0.00410118 0)
(1.00348 -0.00218087 0)
(0.998961 0.00257782 0)
(1.00115 -0.001111 0)
(0.998906 0.0034118 0)
(1.00128 -0.000143987 0)
(0.999567 0.00309332 0)
(1.00128 0.000208212 0)
(0.999604 0.00150762 0)
(0.999941 0.000690196 0)
(0.99825 0.00116869 0)
(0.99778 0.00140378 0)
(0.995646 0.00226599 0)
(0.994707 0.00347999 0)
(0.992441 0.00532005 0)
(0.991132 0.00753131 0)
(0.988844 0.0100527 0)
(0.987495 0.0128472 0)
(0.996927 0.00361479 0)
(1.00399 -0.00327447 0)
(0.998969 0.00380858 0)
(1.00412 -0.00191306 0)
(1.00019 0.00226714 0)
(1.00243 -0.00071821 0)
(1.00017 0.00291482 0)
(1.0029 0.000340151 0)
(1.00088 0.0024779 0)
(1.00286 0.000741906 0)
(1.00089 0.00115969 0)
(1.00156 0.00101124 0)
(0.999565 0.00121799 0)
(0.99952 0.00168552 0)
(0.997227 0.00271735 0)
(0.996788 0.00408065 0)
(0.994536 0.00604809 0)
(0.993684 0.00841887 0)
(0.991384 0.0110667 0)
(0.990481 0.0137093 0)
(0.997535 0.00344142 0)
(1.00413 -0.0030062 0)
(0.999363 0.00343292 0)
(1.00456 -0.00158959 0)
(1.0005 0.00189722 0)
(1.00313 -0.000302767 0)
(1.00063 0.00239049 0)
(1.00371 0.000818535 0)
(1.00141 0.00201638 0)
(1.00362 0.0010426 0)
(1.00143 0.00107659 0)
(1.00237 0.00109668 0)
(1.00018 0.00140839 0)
(1.0005 0.00185134 0)
(0.998184 0.00312678 0)
(0.998128 0.00464537 0)
(0.995999 0.00688308 0)
(0.995598 0.00929848 0)
(0.99341 0.0120853 0)
(0.992578 0.0145621 0)
(0.997736 0.00322745 0)
(1.00406 -0.00266414 0)
(0.999551 0.00296558 0)
(1.00451 -0.00117989 0)
(1.00067 0.00143395 0)
(1.00325 0.000193117 0)
(1.00088 0.00184959 0)
(1.00387 0.00119297 0)
(1.00166 0.00165708 0)
(1.00374 0.00122517 0)
(1.00166 0.000968394 0)
(1.00261 0.0012348 0)
(1.00053 0.00150096 0)
(1.00096 0.00234208 0)
(0.998924 0.00374765 0)
(0.999097 0.00564559 0)
(0.997276 0.00787688 0)
(0.997026 0.0103432 0)
(0.994994 0.012755 0)
(0.994052 0.0149358 0)
(0.998141 0.00299381 0)
(1.00363 -0.00227525 0)
(0.999939 0.00245478 0)
(1.00409 -0.000759342 0)
(1.00101 0.000982444 0)
(1.003 0.000627133 0)
(1.00119 0.00147765 0)
(1.00367 0.00132825 0)
(1.00189 0.00147443 0)
(1.00352 0.00126961 0)
(1.00189 0.000973525 0)
(1.00255 0.00142914 0)
(1.00091 0.00198685 0)
(1.00128 0.00312631 0)
(0.999718 0.00469294 0)
(0.99984 0.00659874 0)
(0.998443 0.0086604 0)
(0.998152 0.0108776 0)
(0.996366 0.0129978 0)
(0.995177 0.0149116 0)
(0.998747 0.00273834 0)
(1.00299 -0.00184387 0)
(1.00048 0.00190611 0)
(1.00352 -0.000333792 0)
(1.00149 0.000572748 0)
(1.00263 0.000886256 0)
(1.00157 0.00130809 0)
(1.00334 0.00126509 0)
(1.00217 0.0014076 0)
(1.0032 0.0012722 0)
(1.00215 0.00123117 0)
(1.00251 0.00188984 0)
(1.00139 0.00277301 0)
(1.00155 0.00392106 0)
(1.00052 0.00541251 0)
(1.00052 0.00719947 0)
(0.999564 0.00911643 0)
(0.999157 0.0111047 0)
(0.997652 0.0129968 0)
(0.996185 0.0147073 0)
(0.999338 0.00246911 0)
(1.00237 -0.00138754 0)
(1.00099 0.00134458 0)
(1.00301 3.80615e-05 0)
(1.00191 0.000267718 0)
(1.00232 0.000953626 0)
(1.00188 0.00124428 0)
(1.00305 0.00119355 0)
(1.00241 0.00138953 0)
(1.00296 0.00146733 0)
(1.00245 0.0017121 0)
(1.00255 0.00247074 0)
(1.00186 0.00340244 0)
(1.00186 0.00452403 0)
(1.00129 0.00593114 0)
(1.00122 0.00760548 0)
(1.00063 0.00937958 0)
(1.00015 0.0112002 0)
(0.99886 0.0128968 0)
(0.99717 0.0144231 0)
(0.999749 0.00218066 0)
(1.0019 -0.000901788 0)
(1.0013 0.000808416 0)
(1.00265 0.00028999 0)
(1.00218 0.000123921 0)
(1.00215 0.000891946 0)
(1.00207 0.00121154 0)
(1.00286 0.00123053 0)
(1.00259 0.00151195 0)
(1.00287 0.00186365 0)
(1.00269 0.00217768 0)
(1.00267 0.00289844 0)
(1.00228 0.00385231 0)
(1.00224 0.00498203 0)
(1.002 0.0063324 0)
(1.00197 0.00789987 0)
(1.00164 0.00953876 0)
(1.00115 0.0112056 0)
(0.999977 0.0127335 0)
(0.998134 0.0140841 0)
(0.999963 0.00190089 0)
(1.00159 -0.000465754 0)
(1.00144 0.0004502 0)
(1.00242 0.000355519 0)
(1.00228 8.2749e-05 0)
(1.00207 0.000798685 0)
(1.00216 0.00120553 0)
(1.00277 0.00134525 0)
(1.00271 0.00176429 0)
(1.00285 0.00221107 0)
(1.00285 0.00255887 0)
(1.00286 0.00325335 0)
(1.00267 0.00421653 0)
(1.00268 0.0053617 0)
(1.00266 0.00665927 0)
(1.00274 0.00812074 0)
(1.00259 0.00961922 0)
(1.00213 0.0111304 0)
(1.00101 0.0125069 0)
(0.999058 0.0137001 0)
(1.00004 0.00162669 0)
(1.00138 -7.56179e-05 0)
(1.00145 0.000292662 0)
(1.00226 0.00027563 0)
(1.00229 6.87979e-05 0)
(1.00204 0.000748841 0)
(1.00219 0.0012499 0)
(1.00275 0.00151547 0)
(1.00279 0.00196838 0)
(1.00288 0.00247699 0)
(1.00297 0.00289581 0)
(1.00307 0.00358391 0)
(1.00305 0.0045398 0)
(1.00316 0.00567794 0)
(1.00331 0.00691331 0)
(1.0035 0.00826923 0)
(1.00349 0.00963129 0)
(1.00309 0.0109894 0)
(1.00198 0.0122235 0)
(0.99993 0.0132797 0)
(1.00006 0.00136457 0)
(1.00119 0.000281896 0)
(1.00138 0.00021681 0)
(1.00212 0.000179884 0)
(1.00226 5.31744e-05 0)
(1.00205 0.000746108 0)
(1.00221 0.00135774 0)
(1.00274 0.00168363 0)
(1.00285 0.00213803 0)
(1.00294 0.00270555 0)
(1.00309 0.00321073 0)
(1.0033 0.00390254 0)
(1.00343 0.00482728 0)
(1.00366 0.00593092 0)
(1.00394 0.00710017 0)
(1.00424 0.00835574 0)
(1.00434 0.00959394 0)
(1.004 0.0108053 0)
(1.00288 0.0119006 0)
(1.00075 0.0128314 0)
(1.00006 0.00112135 0)
(1.00101 0.000567317 0)
(1.00125 0.000219052 0)
(1.00199 0.000103674 0)
(1.00222 5.32139e-05 0)
(1.00207 0.000776185 0)
(1.00222 0.00146693 0)
(1.00273 0.00184321 0)
(1.0029 0.00230443 0)
(1.00302 0.00291953 0)
(1.00323 0.00349974 0)
(1.00354 0.00419484 0)
(1.00381 0.00507789 0)
(1.00416 0.00613184 0)
(1.00456 0.00724195 0)
(1.00497 0.00840201 0)
(1.00515 0.00952509 0)
(1.00486 0.010594 0)
(1.00373 0.0115513 0)
(1.0015 0.0123606 0)
(1.00005 0.000909614 0)
(1.00084 0.000705754 0)
(1.0011 0.000327121 0)
(1.00184 0.000111801 0)
(1.00218 7.67402e-05 0)
(1.0021 0.000794596 0)
(1.00224 0.00154289 0)
(1.00273 0.00199304 0)
(1.00297 0.00247233 0)
(1.00312 0.00312031 0)
(1.00338 0.00375144 0)
(1.00379 0.00445897 0)
(1.0042 0.00530407 0)
(1.00467 0.00630443 0)
(1.00518 0.00735248 0)
(1.00568 0.00840902 0)
(1.00592 0.0094116 0)
(1.00565 0.01034 0)
(1.00451 0.0111622 0)
(1.00219 0.0118553 0)
(1.00005 0.000756169 0)
(1.00069 0.000668082 0)
(1.00094 0.000494245 0)
(1.00168 0.000232197 0)
(1.00214 0.000153803 0)
(1.00216 0.000829694 0)
(1.00229 0.00161734 0)
(1.00276 0.00214665 0)
(1.00305 0.002644 0)
(1.00326 0.00330208 0)
(1.00357 0.00397049 0)
(1.00406 0.00469539 0)
(1.0046 0.00550661 0)
(1.00519 0.00644096 0)
(1.0058 0.00740627 0)
(1.00636 0.00834961 0)
(1.00664 0.00922971 0)
(1.00638 0.0100312 0)
(1.00522 0.0107341 0)
(1.00282 0.0113272 0)
(1.00004 0.000623111 0)
(1.00057 0.000567186 0)
(1.0008 0.000626653 0)
(1.00152 0.000426726 0)
(1.00209 0.000316768 0)
(1.00223 0.000901898 0)
(1.00238 0.00169458 0)
(1.00282 0.00227606 0)
(1.00316 0.00280086 0)
(1.00343 0.00345464 0)
(1.00381 0.00415649 0)
(1.00437 0.00488408 0)
(1.00501 0.00566238 0)
(1.00572 0.00651426 0)
(1.0064 0.00738153 0)
(1.00701 0.00821747 0)
(1.00731 0.00898856 0)
(1.00706 0.00968563 0)
(1.00587 0.0102909 0)
(1.00341 0.0108008 0)
(1.00003 0.000493099 0)
(1.00048 0.00049178 0)
(1.00071 0.000636102 0)
(1.00139 0.000628109 0)
(1.00205 0.000570484 0)
(1.00231 0.00106007 0)
(1.0025 0.00180924 0)
(1.00292 0.00240889 0)
(1.00331 0.00295657 0)
(1.00365 0.00359733 0)
(1.00408 0.00430504 0)
(1.0047 0.0050198 0)
(1.00544 0.00575573 0)
(1.00623 0.00652419 0)
(1.00699 0.00729565 0)
(1.00763 0.00803589 0)
(1.00796 0.00871316 0)
(1.0077 0.00932007 0)
(1.00648 0.0098419 0)
(1.00395 0.0102777 0)
(1.00003 0.000384143 0)
(1.00041 0.00043214 0)
(1.00066 0.000571479 0)
(1.0013 0.000790092 0)
(1.00203 0.000876406 0)
(1.00239 0.00130408 0)
(1.00264 0.00197401 0)
(1.00305 0.00256584 0)
(1.00348 0.00311007 0)
(1.00389 0.00372913 0)
(1.00439 0.00441227 0)
(1.00507 0.005106 0)
(1.00588 0.00579712 0)
(1.00674 0.00649064 0)
(1.00756 0.00717544 0)
(1.00823 0.00782498 0)
(1.00857 0.00841653 0)
(1.0083 0.00893878 0)
(1.00705 0.00938637 0)
(1.00446 0.00975506 0)
(1.00003 0.000303197 0)
(1.00036 0.000359641 0)
(1.00064 0.000529219 0)
(1.00127 0.000915646 0)
(1.00203 0.00114954 0)
(1.00247 0.0015592 0)
(1.00278 0.00215243 0)
(1.0032 0.00272487 0)
(1.00368 0.003254 0)
(1.00415 0.00384163 0)
(1.00473 0.00448643 0)
(1.00546 0.00514383 0)
(1.00632 0.0057909 0)
(1.00723 0.00641304 0)
(1.0081 0.00701701 0)
(1.0088 0.00757769 0)
(1.00915 0.00808887 0)
(1.00886 0.00853356 0)
(1.00758 0.00891631 0)
(1.00492 0.00922818 0)
(1.00002 0.000249492 0)
(1.00032 0.000295341 0)
(1.00066 0.000532795 0)
(1.0013 0.00102703 0)
(1.00207 0.00137069 0)
(1.00257 0.00178171 0)
(1.00294 0.00232847 0)
(1.00337 0.00286906 0)
(1.00389 0.00338867 0)
(1.00443 0.00393642 0)
(1.00508 0.00454032 0)
(1.00586 0.00514491 0)
(1.00676 0.00573974 0)
(1.00771 0.00629213 0)
(1.00861 0.00681983 0)
(1.00934 0.00730004 0)
(1.00968 0.007738 0)
(1.00938 0.00811692 0)
(1.00807 0.00844358 0)
(1.00536 0.00870968 0)
(1.00002 0.000213113 0)
(1.0003 0.000296297 0)
(1.00072 0.000577828 0)
(1.00137 0.00111685 0)
(1.00215 0.00153304 0)
(1.00268 0.00194904 0)
(1.00311 0.00246896 0)
(1.00356 0.0029823 0)
(1.00412 0.00349072 0)
(1.00472 0.00400191 0)
(1.00543 0.00456237 0)
(1.00626 0.00510869 0)
(1.0072 0.0056443 0)
(1.00817 0.00613202 0)
(1.0091 0.00659058 0)
(1.00983 0.00700213 0)
(1.01018 0.00737503 0)
(1.00986 0.00769774 0)
(1.00852 0.00797469 0)
(1.00576 0.00820145 0)
(1.00003 0.000191625 0)
(1.0003 0.000358923 0)
(1.00079 0.000648347 0)
(1.00146 0.00119784 0)
(1.00224 0.00164345 0)
(1.0028 0.0020759 0)
(1.00328 0.00257432 0)
(1.00376 0.00306453 0)
(1.00436 0.0035538 0)
(1.00501 0.00402679 0)
(1.00578 0.00453752 0)
(1.00664 0.00502359 0)
(1.00761 0.00550021 0)
(1.0086 0.00592846 0)
(1.00954 0.00632717 0)
(1.01028 0.00667946 0)
(1.01063 0.00699642 0)
(1.01029 0.00726917 0)
(1.00893 0.00750299 0)
(1.00612 0.00769428 0)
(1.00003 0.000188196 0)
(1.0003 0.000442285 0)
(1.00085 0.000731381 0)
(1.00155 0.00128071 0)
(1.00234 0.0017382 0)
(1.00293 0.00217434 0)
(1.00345 0.00266238 0)
(1.00396 0.00312366 0)
(1.00459 0.00358906 0)
(1.00528 0.00401812 0)
(1.0061 0.00447472 0)
(1.00699 0.00490131 0)
(1.00799 0.00532031 0)
(1.00899 0.00569362 0)
(1.00994 0.00603889 0)
(1.01068 0.0063396 0)
(1.01102 0.0066081 0)
(1.01067 0.00683685 0)
(1.00928 0.00703315 0)
(1.00643 0.00719303 0)
(1.00003 0.000193152 0)
(1.0003 0.000526752 0)
(1.00091 0.000827374 0)
(1.00164 0.00136571 0)
(1.00243 0.00183359 0)
(1.00305 0.00225842 0)
(1.00361 0.00272958 0)
(1.00414 0.0031599 0)
(1.0048 0.0035938 0)
(1.00552 0.00397692 0)
(1.00638 0.00437747 0)
(1.00731 0.00474592 0)
(1.00832 0.00510806 0)
(1.00933 0.00542954 0)
(1.01029 0.00572637 0)
(1.01102 0.00598307 0)
(1.01135 0.00621133 0)
(1.01098 0.00640351 0)
(1.00957 0.00656838 0)
(1.00669 0.00670165 0)
(1.00003 0.000210022 0)
(1.0003 0.00059977 0)
(1.00096 0.000923616 0)
(1.00172 0.00145885 0)
(1.00252 0.00192927 0)
(1.00316 0.00234263 0)
(1.00375 0.00278418 0)
(1.0043 0.00317496 0)
(1.00498 0.00356997 0)
(1.00573 0.00390401 0)
(1.00662 0.00424537 0)
(1.00757 0.00455422 0)
(1.00861 0.00485705 0)
(1.00962 0.00512635 0)
(1.01058 0.00537538 0)
(1.01131 0.005592 0)
(1.01163 0.00578526 0)
(1.01124 0.00594919 0)
(1.00981 0.00608876 0)
(1.00689 0.00620117 0)
(1.00004 0.000232372 0)
(1.00031 0.000683044 0)
(1.00101 0.00102694 0)
(1.0018 0.00155507 0)
(1.00259 0.00202746 0)
(1.00324 0.00242417 0)
(1.00387 0.00283555 0)
(1.00443 0.00318079 0)
(1.00512 0.00352657 0)
(1.00588 0.00380957 0)
(1.0068 0.00408639 0)
(1.00776 0.00433327 0)
(1.00882 0.00457112 0)
(1.00984 0.00478412 0)
(1.01081 0.00497993 0)
(1.01153 0.0051528 0)
(1.01185 0.00530773 0)
(1.01145 0.00544329 0)
(1.00999 0.00556038 0)
(1.00705 0.00565773 0)
(1.00005 0.00030282 0)
(1.00032 0.000900322 0)
(1.00107 0.00135869 0)
(1.00194 0.00184591 0)
(1.00273 0.00231331 0)
(1.00339 0.00266292 0)
(1.00405 0.00300605 0)
(1.00462 0.0032608 0)
(1.00533 0.00350827 0)
(1.00608 0.00368366 0)
(1.00702 0.00384322 0)
(1.008 0.00395481 0)
(1.00909 0.00405788 0)
(1.01012 0.00413068 0)
(1.01111 0.00420012 0)
(1.01183 0.00425084 0)
(1.01216 0.0043023 0)
(1.01176 0.0043426 0)
(1.01029 0.00438508 0)
(1.0073 0.00441838 0)
(1.00005 0.000393693 0)
(1.00029 0.0011284 0)
(1.00097 0.0016422 0)
(1.00176 0.00203955 0)
(1.00253 0.00232821 0)
(1.00307 0.00251977 0)
(1.00369 0.00263488 0)
(1.00418 0.00270491 0)
(1.00482 0.00275442 0)
(1.00543 0.00279209 0)
(1.00623 0.00282294 0)
(1.00705 0.00284974 0)
(1.008 0.00287571 0)
(1.00892 0.00290375 0)
(1.00983 0.00293327 0)
(1.01051 0.00296626 0)
(1.01084 0.00300014 0)
(1.01044 0.00303737 0)
(1.00901 0.00307456 0)
(1.00605 0.00311367 0)
(1.00005 0.000706522 0)
(1.00007 0.00197888 0)
(1.00048 0.00297446 0)
(1.00086 0.00365246 0)
(1.00143 0.00408826 0)
(1.00172 0.00427884 0)
(1.00223 0.00431996 0)
(1.00266 0.00416351 0)
(1.00337 0.00390524 0)
(1.00409 0.00349368 0)
(1.00505 0.00300207 0)
(1.00604 0.00239262 0)
(1.00719 0.0017268 0)
(1.00828 0.000988078 0)
(1.00936 0.000232504 0)
(1.01016 -0.000536397 0)
(1.01061 -0.00125915 0)
(1.01032 -0.00190885 0)
(1.00898 -0.00241337 0)
(1.00609 -0.00272363 0)
(1.00006 0.00067213 0)
(1.00001 0.00188657 0)
(1.00005 0.00279597 0)
(0.999825 0.00342169 0)
(0.999771 0.00378027 0)
(0.999397 0.00390168 0)
(0.999073 0.00389847 0)
(0.99848 0.00371463 0)
(0.997904 0.00344605 0)
(0.997097 0.00302981 0)
(0.996291 0.00254029 0)
(0.995322 0.0019331 0)
(0.994393 0.00126828 0)
(0.993403 0.000526983 0)
(0.99256 -0.000234684 0)
(0.991871 -0.00101236 0)
(0.991634 -0.0017461 0)
(0.992048 -0.00240816 0)
(0.993579 -0.0029261 0)
(0.99659 -0.00324985 0)
(1.00007 0.000318698 0)
(0.999721 0.0008901 0)
(0.999401 0.00121787 0)
(0.998698 0.0014808 0)
(0.998278 0.00157732 0)
(0.997675 0.0015884 0)
(0.997287 0.00155162 0)
(0.996723 0.0014823 0)
(0.99628 0.00141533 0)
(0.995643 0.00134509 0)
(0.995047 0.00128985 0)
(0.994263 0.00124223 0)
(0.993511 0.00120714 0)
(0.992654 0.00118103 0)
(0.991929 0.00116328 0)
(0.991326 0.00115417 0)
(0.991171 0.00115055 0)
(0.991648 0.0011543 0)
(0.993247 0.00116104 0)
(0.996311 0.00117289 0)
(1.00007 0.000208284 0)
(0.999645 0.000587011 0)
(0.99918 0.000836852 0)
(0.998305 0.00107104 0)
(0.997672 0.00123971 0)
(0.996884 0.00132375 0)
(0.99631 0.00138083 0)
(0.995569 0.00137231 0)
(0.994933 0.00135955 0)
(0.994111 0.00130791 0)
(0.993338 0.00126208 0)
(0.992412 0.00119865 0)
(0.99155 0.00114651 0)
(0.990629 0.00108989 0)
(0.989881 0.00104614 0)
(0.989296 0.00100423 0)
(0.989188 0.00097407 0)
(0.989733 0.000947483 0)
(0.991407 0.000929845 0)
(0.994547 0.000914708 0)
(1.00007 0.000112199 0)
(0.999596 0.000332848 0)
(0.999034 0.000461047 0)
(0.998087 0.00062292 0)
(0.997339 0.00074677 0)
(0.996467 0.000831812 0)
(0.995813 0.000897078 0)
(0.995038 0.000927597 0)
(0.994377 0.000955461 0)
(0.993569 0.000966916 0)
(0.992813 0.000982074 0)
(0.991928 0.00099219 0)
(0.991099 0.00100586 0)
(0.990223 0.00101861 0)
(0.989505 0.00103254 0)
(0.988953 0.00104644 0)
(0.988867 0.00105969 0)
(0.989438 0.00107304 0)
(0.991126 0.00108484 0)
(0.994282 0.00109665 0)
(1.00006 8.03131e-05 0)
(0.999591 0.000228098 0)
(0.99901 0.000331025 0)
(0.998054 0.000461408 0)
(0.997273 0.000584724 0)
(0.99637 0.000672382 0)
(0.995675 0.000756496 0)
(0.994868 0.000800723 0)
(0.994176 0.000847852 0)
(0.993345 0.000869255 0)
(0.99257 0.000896117 0)
(0.991672 0.00090851 0)
(0.990832 0.000925895 0)
(0.989948 0.000935193 0)
(0.989223 0.000947979 0)
(0.988666 0.000955913 0)
(0.988575 0.00096597 0)
(0.989141 0.000972875 0)
(0.990825 0.000980958 0)
(0.993978 0.000986803 0)
(1.00005 5.79081e-05 0)
(0.999601 0.000165103 0)
(0.999004 0.000241015 0)
(0.998065 0.000344989 0)
(0.997261 0.00044669 0)
(0.996353 0.000523108 0)
(0.995618 0.000596888 0)
(0.994795 0.000639628 0)
(0.994066 0.000683046 0)
(0.993224 0.000706473 0)
(0.992425 0.000732529 0)
(0.991525 0.000747824 0)
(0.990672 0.000765565 0)
(0.989792 0.000777695 0)
(0.989062 0.000791269 0)
(0.988512 0.000801769 0)
(0.988419 0.000812769 0)
(0.988992 0.000821887 0)
(0.990675 0.000830875 0)
(0.993833 0.000838588 0)
(1.00005 4.43284e-05 0)
(0.999614 0.00012331 0)
(0.999018 0.000183066 0)
(0.998102 0.000266301 0)
(0.997293 0.00035266 0)
(0.996387 0.000417553 0)
(0.995631 0.00048341 0)
(0.994796 0.000522212 0)
(0.994044 0.000562994 0)
(0.993192 0.000585616 0)
(0.992378 0.000611048 0)
(0.991474 0.000626275 0)
(0.990614 0.000643857 0)
(0.989735 0.000655835 0)
(0.989002 0.000669164 0)
(0.988454 0.000679216 0)
(0.988358 0.000689739 0)
(0.988933 0.000698189 0)
(0.990614 0.000706579 0)
(0.993774 0.000713574 0)
(1.00004 3.46931e-05 0)
(0.999629 9.49098e-05 0)
(0.999039 0.00014338 0)
(0.998152 0.000210361 0)
(0.997344 0.000282326 0)
(0.996446 0.000336663 0)
(0.995671 0.000392788 0)
(0.994827 0.000426173 0)
(0.994051 0.00046127 0)
(0.993189 0.000480777 0)
(0.992357 0.000502515 0)
(0.991448 0.000515366 0)
(0.990578 0.000530113 0)
(0.989699 0.00053995 0)
(0.98896 0.000550907 0)
(0.988413 0.000559011 0)
(0.988315 0.000567538 0)
(0.988891 0.000574286 0)
(0.99057 0.000581013 0)
(0.99373 0.000586564 0)
(1.00004 2.57058e-05 0)
(0.999644 6.93452e-05 0)
(0.999064 0.000106843 0)
(0.998207 0.000158826 0)
(0.997404 0.000216713 0)
(0.996514 0.000260714 0)
(0.995725 0.000306594 0)
(0.994871 0.000334076 0)
(0.994074 0.000362716 0)
(0.9932 0.000378554 0)
(0.992352 0.000395963 0)
(0.991438 0.000406065 0)
(0.990559 0.000417612 0)
(0.989678 0.000425155 0)
(0.988934 0.000433603 0)
(0.988388 0.000439757 0)
(0.988286 0.00044628 0)
(0.988863 0.000451392 0)
(0.990539 0.000456521 0)
(0.993699 0.000460729 0)
(1.00003 1.72371e-05 0)
(0.99966 4.58968e-05 0)
(0.999096 7.24501e-05 0)
(0.99827 0.000110122 0)
(0.997477 0.000153689 0)
(0.996598 0.00018725 0)
(0.995796 0.000222466 0)
(0.994932 0.000243715 0)
(0.994114 0.000265573 0)
(0.993228 0.000277479 0)
(0.992363 0.000290368 0)
(0.991441 0.00029755 0)
(0.990553 0.000305804 0)
(0.98967 0.000310956 0)
(0.988921 0.000316874 0)
(0.988376 0.000321039 0)
(0.988271 0.000325594 0)
(0.988849 0.000329082 0)
(0.990524 0.000332686 0)
(0.993686 0.000335591 0)
(1.00003 9.99558e-06 0)
(0.999674 2.64236e-05 0)
(0.999127 4.26248e-05 0)
(0.99833 6.59111e-05 0)
(0.99755 9.35759e-05 0)
(0.996679 0.000115185 0)
(0.995869 0.000137921 0)
(0.994995 0.000151789 0)
(0.994159 0.000165866 0)
(0.99326 0.000173503 0)
(0.992381 0.000181632 0)
(0.991452 0.000186051 0)
(0.990556 0.000191122 0)
(0.989671 0.000194188 0)
(0.988919 0.000197772 0)
(0.988374 0.000200227 0)
(0.988268 0.000202974 0)
(0.988847 0.000205026 0)
(0.99052 0.000207186 0)
(0.993682 0.000208886 0)
(1.00003 3.30047e-06 0)
(0.999682 8.69404e-06 0)
(0.999147 1.42032e-05 0)
(0.998367 2.21321e-05 0)
(0.997596 3.17005e-05 0)
(0.996731 3.92129e-05 0)
(0.995916 4.71547e-05 0)
(0.995037 5.20206e-05 0)
(0.99419 5.69525e-05 0)
(0.993284 5.9622e-05 0)
(0.992396 6.24505e-05 0)
(0.991462 6.39616e-05 0)
(0.990561 6.56996e-05 0)
(0.989675 6.67182e-05 0)
(0.98892 6.7928e-05 0)
(0.988375 6.87282e-05 0)
(0.988268 6.96452e-05 0)
(0.988847 7.03086e-05 0)
(0.99052 7.10248e-05 0)
(0.993682 7.15706e-05 0)
)
;

boundaryField
{
    top
    {
        type            fixedValue;
        value           uniform (1 0 0);
    }
    inlet
    {
        type            fixedValue;
        value           uniform (1 0 0);
    }
    outlet
    {
        type            zeroGradient;
    }
    plate
    {
        type            fixedValue;
        value           uniform (0 0 0);
    }
    symmBound
    {
        type            zeroGradient;
    }
    frontAndBack
    {
        type            empty;
    }
}


// ************************************************************************* //
