/*--------------------------------*- C++ -*----------------------------------*\
| =========                 |                                                 |
| \\      /  F ield         | OpenFOAM: The Open Source CFD Toolbox           |
|  \\    /   O peration     | Version:  5.x                                   |
|   \\  /    A nd           | Web:      www.OpenFOAM.org                      |
|    \\/     M anipulation  |                                                 |
\*---------------------------------------------------------------------------*/
FoamFile
{
    version     2.0;
    format      ascii;
    class       surfaceScalarField;
    location    "0.5";
    object      phi;
}
// * * * * * * * * * * * * * * * * * * * * * * * * * * * * * * * * * * * * * //

dimensions      [0 3 -1 0 0 0 0];

internalField   nonuniform List<scalar> 
4850
(
7.3429e-08
6.8282e-09
-8.02572e-08
6.46662e-08
8.76277e-09
5.57919e-08
8.8743e-09
4.69339e-08
8.85809e-09
3.82631e-08
8.67076e-09
3.04349e-08
7.82819e-09
2.43399e-08
6.09498e-09
2.03764e-08
3.96354e-09
1.80865e-08
2.28988e-09
1.66964e-08
1.39011e-09
1.57361e-08
9.60313e-10
1.49703e-08
7.658e-10
1.42792e-08
6.91104e-10
1.36206e-08
6.58583e-10
1.29923e-08
6.28299e-10
1.24001e-08
5.92248e-10
1.18521e-08
5.47912e-10
1.13472e-08
5.04941e-10
1.08846e-08
4.62574e-10
1.04565e-08
4.28141e-10
1.00604e-08
3.96127e-10
9.68648e-09
3.73879e-10
9.33839e-09
3.4809e-10
9.00731e-09
3.31079e-10
8.69692e-09
3.10389e-10
8.39851e-09
2.98413e-10
8.12003e-09
2.78483e-10
7.84863e-09
2.71393e-10
7.59628e-09
2.52357e-10
7.3472e-09
2.49078e-10
7.11764e-09
2.29561e-10
6.88525e-09
2.3239e-10
6.67295e-09
2.12301e-10
6.4525e-09
2.20449e-10
2.12981e-10
8.82227e-08
6.28473e-09
-8.76793e-08
8.7201e-08
9.78454e-09
8.50986e-08
1.09767e-08
8.22987e-08
1.1658e-08
7.87292e-08
1.22403e-08
7.44062e-08
1.21512e-08
6.96306e-08
1.08705e-08
6.49683e-08
8.62583e-09
6.08316e-08
6.42665e-09
5.71765e-08
5.04517e-09
5.38653e-08
4.2715e-09
5.08531e-08
3.778e-09
4.81171e-08
3.4271e-09
4.56359e-08
3.13975e-09
4.33946e-08
2.86962e-09
4.13642e-08
2.62263e-09
3.95231e-08
2.38904e-09
3.78384e-08
2.18966e-09
3.62958e-08
2.00517e-09
3.48659e-08
1.858e-09
3.35407e-08
1.72132e-09
3.22936e-08
1.62097e-09
3.11303e-08
1.5114e-09
3.0024e-08
1.43741e-09
2.89878e-08
1.34662e-09
2.79936e-08
1.29258e-09
2.70649e-08
1.20717e-09
2.61628e-08
1.17347e-09
2.53243e-08
1.09091e-09
2.44967e-08
1.07664e-09
2.37354e-08
9.9087e-10
2.29639e-08
1.00397e-09
2.22664e-08
9.09732e-10
2.15346e-08
9.52312e-10
8.85686e-10
9.6002e-08
5.83657e-09
-9.55538e-08
9.64431e-08
9.34343e-09
9.63779e-08
1.10419e-08
9.61396e-08
1.18962e-08
9.57183e-08
1.26616e-08
9.48371e-08
1.30324e-08
9.33176e-08
1.239e-08
9.12851e-08
1.06583e-08
8.90734e-08
8.63836e-09
8.68361e-08
7.28247e-09
8.45286e-08
6.57896e-09
8.21242e-08
6.18241e-09
7.96603e-08
5.89103e-09
7.71665e-08
5.6335e-09
7.46797e-08
5.35646e-09
7.22133e-08
5.08903e-09
6.97925e-08
4.80985e-09
6.74203e-08
4.56185e-09
6.5128e-08
4.2975e-09
6.29132e-08
4.07279e-09
6.07983e-08
3.83622e-09
5.87634e-08
3.65581e-09
5.68319e-08
3.44291e-09
5.49674e-08
3.30197e-09
5.31997e-08
3.1143e-09
5.14853e-08
3.00697e-09
4.98697e-08
2.82278e-09
4.82897e-08
2.7534e-09
4.6812e-08
2.56867e-09
4.53451e-08
2.54353e-09
4.39892e-08
2.34673e-09
4.26105e-08
2.38273e-09
4.13616e-08
2.15858e-09
4.00481e-08
2.26583e-09
2.07284e-09
1.04262e-07
5.68271e-09
-1.04108e-07
1.04835e-07
8.77024e-09
1.05148e-07
1.07289e-08
1.05398e-07
1.16459e-08
1.05759e-07
1.23002e-08
1.06055e-07
1.27365e-08
1.06022e-07
1.24234e-08
1.05548e-07
1.11326e-08
1.04791e-07
9.39473e-09
1.03943e-07
8.13066e-09
1.03004e-07
7.51803e-09
1.01918e-07
7.26872e-09
1.00696e-07
7.11317e-09
9.93451e-08
6.98391e-09
9.78887e-08
6.8129e-09
9.63186e-08
6.65912e-09
9.46489e-08
6.4796e-09
9.2865e-08
6.34573e-09
9.09982e-08
6.16433e-09
8.90474e-08
6.02355e-09
8.7058e-08
5.82566e-09
8.50229e-08
5.69087e-09
8.29946e-08
5.47124e-09
8.09389e-08
5.35761e-09
7.89084e-08
5.14485e-09
7.68547e-08
5.06063e-09
7.4856e-08
4.82153e-09
7.28434e-08
4.76594e-09
7.09211e-08
4.49099e-09
6.89732e-08
4.49142e-09
6.71404e-08
4.17953e-09
6.52509e-08
4.2723e-09
6.35119e-08
3.89751e-09
6.16737e-08
4.10411e-09
3.74562e-09
1.13321e-07
5.68199e-09
-1.1332e-07
1.13835e-07
8.25586e-09
1.14285e-07
1.02792e-08
1.14615e-07
1.13162e-08
1.15046e-07
1.18692e-08
1.15538e-07
1.22442e-08
1.15892e-07
1.20699e-08
1.15936e-07
1.10882e-08
1.15733e-07
9.59835e-09
1.15468e-07
8.39534e-09
1.15193e-07
7.79268e-09
1.14849e-07
7.61282e-09
1.14428e-07
7.5342e-09
1.13923e-07
7.4891e-09
1.13352e-07
7.38397e-09
1.12693e-07
7.31756e-09
1.11951e-07
7.22241e-09
1.11085e-07
7.21093e-09
1.10109e-07
7.14063e-09
1.08995e-07
7.1372e-09
1.07779e-07
7.04192e-09
1.06439e-07
7.03109e-09
1.05031e-07
6.8789e-09
1.03517e-07
6.87204e-09
1.01948e-07
6.71372e-09
1.00258e-07
6.75106e-09
9.85227e-08
6.55636e-09
9.66726e-08
6.61603e-09
9.48342e-08
6.32938e-09
9.28953e-08
6.43031e-09
9.10044e-08
6.0705e-09
8.89912e-08
6.28547e-09
8.70693e-08
5.81941e-09
8.50093e-08
6.16407e-09
5.68962e-09
1.23138e-07
5.75296e-09
-1.23209e-07
1.23562e-07
7.83181e-09
1.24088e-07
9.75367e-09
1.24488e-07
1.09156e-08
1.24905e-07
1.14528e-08
1.25387e-07
1.17619e-08
1.25808e-07
1.16488e-08
1.25996e-07
1.08999e-08
1.25951e-07
9.64402e-09
1.2584e-07
8.50586e-09
1.25762e-07
7.87051e-09
1.25676e-07
7.69966e-09
1.25561e-07
7.64914e-09
1.25404e-07
7.64566e-09
1.25231e-07
7.55694e-09
1.25025e-07
7.52316e-09
1.24795e-07
7.45331e-09
1.24498e-07
7.50752e-09
1.2414e-07
7.49836e-09
1.23685e-07
7.59271e-09
1.23155e-07
7.57204e-09
1.22518e-07
7.66817e-09
1.21819e-07
7.57755e-09
1.21022e-07
7.66912e-09
1.20168e-07
7.56715e-09
1.19186e-07
7.73297e-09
1.18118e-07
7.6247e-09
1.16887e-07
7.84716e-09
1.15595e-07
7.62156e-09
1.1417e-07
7.85537e-09
1.12712e-07
7.52796e-09
1.11096e-07
7.90132e-09
1.09452e-07
7.464e-09
1.07662e-07
7.95344e-09
7.50557e-09
1.33709e-07
5.82761e-09
-1.33784e-07
1.34058e-07
7.48328e-09
1.34606e-07
9.2056e-09
1.35081e-07
1.04404e-08
1.35506e-07
1.10276e-08
1.35963e-07
1.13048e-08
1.36391e-07
1.1221e-08
1.3664e-07
1.06509e-08
1.36666e-07
9.61818e-09
1.36595e-07
8.57675e-09
1.36557e-07
7.90845e-09
1.36541e-07
7.7158e-09
1.36517e-07
7.67281e-09
1.36465e-07
7.69792e-09
1.3641e-07
7.61188e-09
1.36349e-07
7.58416e-09
1.36295e-07
7.50758e-09
1.36218e-07
7.58383e-09
1.36122e-07
7.59452e-09
1.35979e-07
7.7362e-09
1.35801e-07
7.74937e-09
1.35566e-07
7.90343e-09
1.35299e-07
7.84425e-09
1.34982e-07
7.98621e-09
1.3464e-07
7.9092e-09
1.34227e-07
8.14586e-09
1.33748e-07
8.10411e-09
1.33144e-07
8.45079e-09
1.32451e-07
8.31524e-09
1.31665e-07
8.64097e-09
1.30814e-07
8.37872e-09
1.2985e-07
8.86591e-09
1.2876e-07
8.55328e-09
1.27578e-07
9.13628e-09
8.8423e-09
1.4509e-07
5.88512e-09
-1.45147e-07
1.45359e-07
7.21361e-09
1.45892e-07
8.67281e-09
1.46421e-07
9.91191e-09
1.46877e-07
1.05713e-08
1.47324e-07
1.0858e-08
1.47745e-07
1.07997e-08
1.48032e-07
1.03643e-08
1.4812e-07
9.53039e-09
1.48079e-07
8.61697e-09
1.48049e-07
7.93847e-09
1.48056e-07
7.70876e-09
1.48067e-07
7.66255e-09
1.48051e-07
7.71304e-09
1.48026e-07
7.63779e-09
1.47999e-07
7.6106e-09
1.47985e-07
7.52214e-09
1.4797e-07
7.59796e-09
1.47951e-07
7.61365e-09
1.47917e-07
7.77017e-09
1.47868e-07
7.79872e-09
1.47798e-07
7.97311e-09
1.47712e-07
7.93021e-09
1.47614e-07
8.08458e-09
1.47508e-07
8.01509e-09
1.47386e-07
8.26805e-09
1.47225e-07
8.26463e-09
1.47011e-07
8.66475e-09
1.4671e-07
8.61679e-09
1.46377e-07
8.97332e-09
1.45989e-07
8.76733e-09
1.45568e-07
9.28725e-09
1.44996e-07
9.12464e-09
1.44401e-07
9.73176e-09
9.6208e-09
1.57346e-07
5.88057e-09
-1.57342e-07
1.57573e-07
6.98729e-09
1.58045e-07
8.20063e-09
1.58597e-07
9.35994e-09
1.59089e-07
1.0079e-08
1.59539e-07
1.04078e-08
1.59951e-07
1.03884e-08
1.60258e-07
1.0057e-08
1.60399e-07
9.38955e-09
1.60396e-07
8.61956e-09
1.60373e-07
7.96175e-09
1.60388e-07
7.69322e-09
1.60418e-07
7.63266e-09
1.60429e-07
7.7024e-09
1.60416e-07
7.65052e-09
1.604e-07
7.62663e-09
1.60391e-07
7.53176e-09
1.60393e-07
7.59565e-09
1.60393e-07
7.61323e-09
1.60397e-07
7.76697e-09
1.60389e-07
7.80657e-09
1.60379e-07
7.98246e-09
1.60356e-07
7.95316e-09
1.60336e-07
8.10452e-09
1.6031e-07
8.04141e-09
1.60293e-07
8.28527e-09
1.60251e-07
8.30635e-09
1.60208e-07
8.7084e-09
1.60094e-07
8.73005e-09
1.59985e-07
9.08243e-09
1.59839e-07
8.91323e-09
1.59717e-07
9.40988e-09
1.59469e-07
9.37252e-09
1.59241e-07
9.95932e-09
9.98935e-09
1.70572e-07
5.80955e-09
-1.70501e-07
1.70786e-07
6.77325e-09
1.71191e-07
7.7949e-09
1.71729e-07
8.82198e-09
1.72248e-07
9.56085e-09
1.7271e-07
9.94549e-09
1.73115e-07
9.98352e-09
1.7343e-07
9.74196e-09
1.73609e-07
9.21057e-09
1.73647e-07
8.58086e-09
1.73636e-07
7.97318e-09
1.73652e-07
7.67696e-09
1.73694e-07
7.59106e-09
1.73727e-07
7.66964e-09
1.73728e-07
7.64891e-09
1.7372e-07
7.635e-09
1.73711e-07
7.54082e-09
1.73718e-07
7.58846e-09
1.73726e-07
7.6053e-09
1.73745e-07
7.7482e-09
1.73755e-07
7.79595e-09
1.7377e-07
7.96774e-09
1.73772e-07
7.95068e-09
1.73779e-07
8.0981e-09
1.73776e-07
8.04414e-09
1.73787e-07
8.27437e-09
1.73779e-07
8.31451e-09
1.73791e-07
8.69674e-09
1.73755e-07
8.76553e-09
1.73732e-07
9.10501e-09
1.73684e-07
8.96193e-09
1.73677e-07
9.41698e-09
1.7358e-07
9.4697e-09
1.73519e-07
1.00202e-08
1.0141e-08
1.8486e-07
5.68457e-09
-1.84735e-07
1.8508e-07
6.55337e-09
1.85441e-07
7.43469e-09
1.8594e-07
8.32216e-09
1.86463e-07
9.0385e-09
1.86939e-07
9.46903e-09
1.87346e-07
9.57675e-09
1.87664e-07
9.42388e-09
1.87867e-07
9.00808e-09
1.87946e-07
8.50176e-09
1.87952e-07
7.96663e-09
1.87967e-07
7.66187e-09
1.88014e-07
7.54398e-09
1.88065e-07
7.61939e-09
1.88084e-07
7.62955e-09
1.88085e-07
7.63431e-09
1.88078e-07
7.54737e-09
1.88086e-07
7.58027e-09
1.88099e-07
7.59269e-09
1.88125e-07
7.72209e-09
1.88147e-07
7.77378e-09
1.88173e-07
7.94162e-09
1.88189e-07
7.93476e-09
1.88206e-07
8.08111e-09
1.88212e-07
8.03841e-09
1.88229e-07
8.25731e-09
1.8823e-07
8.31326e-09
1.88256e-07
8.67099e-09
1.88252e-07
8.76908e-09
1.88263e-07
9.09485e-09
1.88246e-07
8.97838e-09
1.88271e-07
9.39258e-09
1.8823e-07
9.50986e-09
1.88229e-07
1.00217e-08
1.0203e-08
2.00312e-07
5.52451e-09
-2.00152e-07
2.00545e-07
6.32057e-09
2.00882e-07
7.09751e-09
2.01338e-07
7.86632e-09
2.01846e-07
8.53049e-09
2.02328e-07
8.9866e-09
2.02744e-07
9.16143e-09
2.03068e-07
9.09941e-09
2.03286e-07
8.79002e-09
2.03399e-07
8.38859e-09
2.0343e-07
7.93557e-09
2.03449e-07
7.64372e-09
2.03496e-07
7.49641e-09
2.03559e-07
7.55647e-09
2.03597e-07
7.59117e-09
2.03611e-07
7.62121e-09
2.0361e-07
7.54824e-09
2.03619e-07
7.57132e-09
2.03634e-07
7.57726e-09
2.03664e-07
7.69209e-09
2.03694e-07
7.74421e-09
2.03727e-07
7.90854e-09
2.0375e-07
7.91141e-09
2.03773e-07
8.05777e-09
2.03783e-07
8.02857e-09
2.03803e-07
8.23785e-09
2.03808e-07
8.30792e-09
2.03838e-07
8.6415e-09
2.03847e-07
8.7595e-09
2.03873e-07
9.06928e-09
2.03866e-07
8.9851e-09
2.03896e-07
9.36291e-09
2.03876e-07
9.52975e-09
2.03893e-07
1.00047e-08
1.02329e-08
2.17029e-07
5.34376e-09
-2.16848e-07
2.17275e-07
6.0742e-09
2.17603e-07
6.76956e-09
2.18021e-07
7.44788e-09
2.18504e-07
8.0477e-09
2.18981e-07
8.5098e-09
2.19404e-07
8.7382e-09
2.19741e-07
8.76265e-09
2.19974e-07
8.55652e-09
2.20114e-07
8.24857e-09
2.20174e-07
7.8764e-09
2.20202e-07
7.615e-09
2.20248e-07
7.45056e-09
2.20319e-07
7.48545e-09
2.20376e-07
7.53477e-09
2.20405e-07
7.59166e-09
2.20413e-07
7.54003e-09
2.20426e-07
7.55922e-09
2.20443e-07
7.56021e-09
2.20475e-07
7.65938e-09
2.2051e-07
7.70993e-09
2.20549e-07
7.86951e-09
2.20576e-07
7.88361e-09
2.20605e-07
8.02889e-09
2.20618e-07
8.01593e-09
2.2064e-07
8.21559e-09
2.20648e-07
8.29963e-09
2.2068e-07
8.60962e-09
2.20695e-07
8.74462e-09
2.20729e-07
9.03501e-09
2.20726e-07
8.98828e-09
2.20756e-07
9.33344e-09
2.20745e-07
9.54073e-09
2.20767e-07
9.98242e-09
1.02506e-08
2.35119e-07
5.1504e-09
-2.34926e-07
2.35376e-07
5.81742e-09
2.35699e-07
6.44594e-09
2.36092e-07
7.05483e-09
2.36545e-07
7.59543e-09
2.37007e-07
8.04721e-09
2.37433e-07
8.31282e-09
2.37784e-07
8.41128e-09
2.38037e-07
8.3037e-09
2.38199e-07
8.08594e-09
2.38286e-07
7.7899e-09
2.38332e-07
7.56851e-09
2.38379e-07
7.40414e-09
2.38454e-07
7.41032e-09
2.38526e-07
7.46318e-09
2.38574e-07
7.54336e-09
2.38595e-07
7.51926e-09
2.38614e-07
7.54027e-09
2.38633e-07
7.54105e-09
2.38668e-07
7.62427e-09
2.38706e-07
7.67206e-09
2.38751e-07
7.82437e-09
2.38783e-07
7.85189e-09
2.38817e-07
7.99449e-09
2.38832e-07
8.00054e-09
2.38858e-07
8.18989e-09
2.38869e-07
8.28842e-09
2.38904e-07
8.57494e-09
2.38922e-07
8.72654e-09
2.38961e-07
8.99565e-09
2.38961e-07
8.98862e-09
2.3899e-07
9.30474e-09
2.38985e-07
9.54558e-09
2.39008e-07
9.95923e-09
1.02617e-08
2.547e-07
4.94917e-09
-2.54499e-07
2.54962e-07
5.55487e-09
2.55281e-07
6.12692e-09
2.55658e-07
6.67836e-09
2.5608e-07
7.17291e-09
2.56524e-07
7.60393e-09
2.56944e-07
7.89201e-09
2.57307e-07
8.04852e-09
2.57582e-07
8.02884e-09
2.57768e-07
7.90041e-09
2.5788e-07
7.67778e-09
2.57949e-07
7.49936e-09
2.58002e-07
7.35142e-09
2.58078e-07
7.33363e-09
2.58162e-07
7.37972e-09
2.58228e-07
7.47673e-09
2.58265e-07
7.48248e-09
2.58294e-07
7.51103e-09
2.58318e-07
7.51748e-09
2.58356e-07
7.58665e-09
2.58397e-07
7.631e-09
2.58448e-07
7.7731e-09
2.58484e-07
7.81553e-09
2.58524e-07
7.95441e-09
2.58543e-07
7.98154e-09
2.58573e-07
8.16044e-09
2.58587e-07
8.27372e-09
2.58625e-07
8.53727e-09
2.58647e-07
8.70478e-09
2.58689e-07
8.95316e-09
2.58693e-07
8.98516e-09
2.58721e-07
9.2768e-09
2.58722e-07
9.5446e-09
2.58745e-07
9.93629e-09
1.02676e-08
2.75896e-07
4.74277e-09
-2.7569e-07
2.7616e-07
5.29069e-09
2.76473e-07
5.8141e-09
2.76836e-07
6.31574e-09
2.77234e-07
6.77423e-09
2.77656e-07
7.18241e-09
2.78067e-07
7.48117e-09
2.78435e-07
7.68034e-09
2.7873e-07
7.73356e-09
2.78941e-07
7.6891e-09
2.79079e-07
7.54074e-09
2.79172e-07
7.40627e-09
2.79237e-07
7.28577e-09
2.79315e-07
7.25537e-09
2.79407e-07
7.28787e-09
2.79491e-07
7.39356e-09
2.79545e-07
7.4275e-09
2.79589e-07
7.46801e-09
2.7962e-07
7.4859e-09
2.79661e-07
7.54557e-09
2.79705e-07
7.58698e-09
2.79762e-07
7.71631e-09
2.79804e-07
7.77363e-09
2.7985e-07
7.90849e-09
2.79874e-07
7.95752e-09
2.79907e-07
8.12704e-09
2.79926e-07
8.25453e-09
2.79967e-07
8.49676e-09
2.79994e-07
8.6782e-09
2.80038e-07
8.90864e-09
2.80046e-07
8.97676e-09
2.80074e-07
9.24948e-09
2.80081e-07
9.53758e-09
2.80104e-07
9.91346e-09
1.02684e-08
2.9884e-07
4.53284e-09
-2.9863e-07
2.99102e-07
5.0285e-09
2.99408e-07
5.50862e-09
2.99757e-07
5.96684e-09
3.00137e-07
6.39391e-09
3.00538e-07
6.78182e-09
3.00935e-07
7.08367e-09
3.01304e-07
7.31193e-09
3.01614e-07
7.42305e-09
3.01852e-07
7.45071e-09
3.02016e-07
7.37763e-09
3.02132e-07
7.28997e-09
3.02217e-07
7.20084e-09
3.023e-07
7.17204e-09
3.02397e-07
7.19089e-09
3.02495e-07
7.29546e-09
3.02568e-07
7.35447e-09
3.02628e-07
7.4082e-09
3.02671e-07
7.44281e-09
3.02718e-07
7.49915e-09
3.02765e-07
7.53972e-09
3.02826e-07
7.65502e-09
3.02874e-07
7.72533e-09
3.02926e-07
7.85649e-09
3.02957e-07
7.92678e-09
3.02995e-07
8.08919e-09
3.0302e-07
8.2296e-09
3.03063e-07
8.45365e-09
3.03095e-07
8.646e-09
3.03141e-07
8.86264e-09
3.03156e-07
8.96246e-09
3.03183e-07
9.22224e-09
3.03196e-07
9.52437e-09
3.03219e-07
9.89019e-09
1.02641e-08
3.23675e-07
4.32106e-09
-3.23463e-07
3.23933e-07
4.76982e-09
3.24231e-07
5.21069e-09
3.24567e-07
5.63131e-09
3.24932e-07
6.02892e-09
3.25315e-07
6.39899e-09
3.25697e-07
6.70077e-09
3.26062e-07
6.94699e-09
3.26382e-07
7.10346e-09
3.26644e-07
7.18844e-09
3.26835e-07
7.18676e-09
3.26975e-07
7.14983e-09
3.27083e-07
7.09345e-09
3.27176e-07
7.07833e-09
3.27277e-07
7.08988e-09
3.27388e-07
7.18463e-09
3.27478e-07
7.26482e-09
3.27556e-07
7.33044e-09
3.27614e-07
7.38472e-09
3.27668e-07
7.44447e-09
3.27721e-07
7.48757e-09
3.27786e-07
7.58981e-09
3.27841e-07
7.67021e-09
3.27899e-07
7.7984e-09
3.27938e-07
7.88792e-09
3.27981e-07
8.04627e-09
3.28013e-07
8.19773e-09
3.28059e-07
8.40779e-09
3.28097e-07
8.60766e-09
3.28144e-07
8.81518e-09
3.28165e-07
8.94169e-09
3.28193e-07
9.19418e-09
3.28212e-07
9.50506e-09
3.28237e-07
9.86556e-09
1.02544e-08
3.50559e-07
4.1086e-09
-3.50347e-07
3.50814e-07
4.51522e-09
3.51104e-07
4.92035e-09
3.51427e-07
5.30837e-09
3.51777e-07
5.67906e-09
3.52144e-07
6.03148e-09
3.52513e-07
6.33262e-09
3.52871e-07
6.58887e-09
3.53195e-07
6.77937e-09
3.53475e-07
6.9084e-09
3.53694e-07
6.96776e-09
3.5386e-07
6.98366e-09
3.5399e-07
6.96322e-09
3.541e-07
6.96815e-09
3.54208e-07
6.98248e-09
3.54329e-07
7.0638e-09
3.54434e-07
7.15936e-09
3.54529e-07
7.23586e-09
3.54605e-07
7.30811e-09
3.54671e-07
7.37871e-09
3.5473e-07
7.42826e-09
3.54799e-07
7.52074e-09
3.54861e-07
7.60847e-09
3.54925e-07
7.73416e-09
3.54974e-07
7.83959e-09
3.55023e-07
7.99701e-09
3.55063e-07
8.15777e-09
3.55112e-07
8.35862e-09
3.55157e-07
8.56315e-09
3.55206e-07
8.766e-09
3.55233e-07
8.91412e-09
3.55264e-07
9.164e-09
3.55289e-07
9.47993e-09
3.55316e-07
9.83839e-09
1.02393e-08
3.79667e-07
3.896e-09
-3.79454e-07
3.79916e-07
4.26621e-09
3.80198e-07
4.63807e-09
3.80509e-07
4.99747e-09
3.80844e-07
5.34475e-09
3.81197e-07
5.6782e-09
3.81552e-07
5.97734e-09
3.81902e-07
6.2388e-09
3.82229e-07
6.45257e-09
3.82521e-07
6.61621e-09
3.82766e-07
6.72312e-09
3.82959e-07
6.79012e-09
3.83112e-07
6.81043e-09
3.83243e-07
6.83696e-09
3.83361e-07
6.86436e-09
3.8349e-07
6.93558e-09
3.8361e-07
7.03905e-09
3.8372e-07
7.12598e-09
3.83816e-07
7.21187e-09
3.83896e-07
7.29876e-09
3.83966e-07
7.35883e-09
3.8404e-07
7.44598e-09
3.84109e-07
7.53975e-09
3.84179e-07
7.66367e-09
3.84238e-07
7.78133e-09
3.84294e-07
7.94048e-09
3.84343e-07
8.10915e-09
3.84397e-07
8.30498e-09
3.84447e-07
8.51228e-09
3.84499e-07
8.71402e-09
3.84534e-07
8.87984e-09
3.84567e-07
9.13041e-09
3.84598e-07
9.44911e-09
3.84629e-07
9.80788e-09
1.02182e-08
4.11185e-07
3.68631e-09
-4.10976e-07
4.11428e-07
4.02336e-09
4.11701e-07
4.36528e-09
4.11999e-07
4.69911e-09
4.1232e-07
5.02421e-09
4.12659e-07
5.33908e-09
4.13004e-07
5.63273e-09
4.13345e-07
5.89712e-09
4.13672e-07
6.12551e-09
4.13972e-07
6.31653e-09
4.14236e-07
6.45897e-09
4.14456e-07
6.57036e-09
4.14634e-07
6.63234e-09
4.14787e-07
6.6839e-09
4.14921e-07
6.73011e-09
4.15058e-07
6.7987e-09
4.15193e-07
6.90446e-09
4.15317e-07
7.00147e-09
4.15432e-07
7.09713e-09
4.15529e-07
7.20132e-09
4.15611e-07
7.27696e-09
4.15694e-07
7.3634e-09
4.1577e-07
7.4634e-09
4.15847e-07
7.58697e-09
4.15915e-07
7.71293e-09
4.15981e-07
7.87517e-09
4.16039e-07
8.05067e-09
4.16099e-07
8.24531e-09
4.16156e-07
8.45497e-09
4.16212e-07
8.65859e-09
4.16253e-07
8.83873e-09
4.16291e-07
9.09192e-09
4.16328e-07
9.4124e-09
4.16363e-07
9.77284e-09
1.01908e-08
4.45311e-07
3.48194e-09
-4.45106e-07
4.45547e-07
3.78716e-09
4.4581e-07
4.10203e-09
4.46097e-07
4.41177e-09
4.46406e-07
4.71505e-09
4.46732e-07
5.01311e-09
4.47067e-07
5.29771e-09
4.47401e-07
5.56342e-09
4.47726e-07
5.80037e-09
4.48032e-07
6.01124e-09
4.4831e-07
6.18081e-09
4.48554e-07
6.32629e-09
4.48758e-07
6.4286e-09
4.48935e-07
6.50673e-09
4.49089e-07
6.57609e-09
4.49237e-07
6.65061e-09
4.49385e-07
6.75675e-09
4.49523e-07
6.86295e-09
4.49654e-07
6.96654e-09
4.4977e-07
7.08488e-09
4.49868e-07
7.17948e-09
4.49961e-07
7.2704e-09
4.50047e-07
7.37733e-09
4.50131e-07
7.50296e-09
4.50209e-07
7.63423e-09
4.50284e-07
7.80029e-09
4.50353e-07
7.98198e-09
4.5042e-07
8.17841e-09
4.50484e-07
8.39052e-09
4.50545e-07
8.5982e-09
4.50593e-07
8.79021e-09
4.50638e-07
9.04748e-09
4.5068e-07
9.3696e-09
4.50721e-07
9.73179e-09
1.01567e-08
4.82269e-07
3.27991e-09
-4.82067e-07
4.82497e-07
3.55834e-09
4.82753e-07
3.84614e-09
4.83032e-07
4.13347e-09
4.8333e-07
4.4169e-09
4.83644e-07
4.6991e-09
4.83968e-07
4.97299e-09
4.84295e-07
5.23697e-09
4.84617e-07
5.47854e-09
4.84926e-07
5.70156e-09
4.85215e-07
5.89271e-09
4.85479e-07
6.06205e-09
4.85707e-07
6.20005e-09
4.85908e-07
6.30556e-09
4.86084e-07
6.40022e-09
4.86248e-07
6.48735e-09
4.86409e-07
6.59533e-09
4.86561e-07
6.71096e-09
4.86707e-07
6.82075e-09
4.86843e-07
6.94916e-09
4.86958e-07
7.0644e-09
4.87064e-07
7.16434e-09
4.87162e-07
7.27949e-09
4.87254e-07
7.41016e-09
4.87343e-07
7.54583e-09
4.87428e-07
7.71527e-09
4.87507e-07
7.90262e-09
4.87583e-07
8.10252e-09
4.87655e-07
8.31818e-09
4.87722e-07
8.53154e-09
4.87778e-07
8.73423e-09
4.87829e-07
8.9961e-09
4.87879e-07
9.31989e-09
4.87926e-07
9.68447e-09
1.01146e-08
5.2229e-07
3.08047e-09
-5.2209e-07
5.22512e-07
3.33569e-09
5.2276e-07
3.59807e-09
5.23029e-07
3.86476e-09
5.23316e-07
4.12986e-09
5.23619e-07
4.3963e-09
5.23933e-07
4.65857e-09
5.24254e-07
4.91657e-09
5.24572e-07
5.15978e-09
5.24885e-07
5.38863e-09
5.25182e-07
5.59611e-09
5.25462e-07
5.78207e-09
5.25714e-07
5.94842e-09
5.25938e-07
6.08089e-09
5.26138e-07
6.20013e-09
5.2632e-07
6.3058e-09
5.26497e-07
6.41817e-09
5.26664e-07
6.5444e-09
5.26824e-07
6.66062e-09
5.26977e-07
6.79582e-09
5.27111e-07
6.93017e-09
5.27233e-07
7.0429e-09
5.27345e-07
7.16696e-09
5.2745e-07
7.30573e-09
5.27549e-07
7.44678e-09
5.27644e-07
7.61956e-09
5.27735e-07
7.81209e-09
5.27821e-07
8.01672e-09
5.27902e-07
8.23673e-09
5.27977e-07
8.45664e-09
5.28042e-07
8.66941e-09
5.28101e-07
8.93689e-09
5.28158e-07
9.26269e-09
5.28214e-07
9.6292e-09
1.00636e-08
5.6561e-07
2.88681e-09
-5.65416e-07
5.65827e-07
3.11816e-09
5.66066e-07
3.35877e-09
5.66326e-07
3.60491e-09
5.66604e-07
3.85244e-09
5.66897e-07
4.10267e-09
5.67203e-07
4.35255e-09
5.67519e-07
4.60137e-09
5.67835e-07
4.8432e-09
5.6815e-07
5.07383e-09
5.68454e-07
5.29197e-09
5.68745e-07
5.4906e-09
5.69017e-07
5.6769e-09
5.69263e-07
5.83442e-09
5.69489e-07
5.97498e-09
5.69692e-07
6.1025e-09
5.69886e-07
6.22415e-09
5.70069e-07
6.36115e-09
5.70244e-07
6.48543e-09
5.70414e-07
6.62578e-09
5.70569e-07
6.77604e-09
5.70708e-07
6.9035e-09
5.70837e-07
7.03783e-09
5.70955e-07
7.18744e-09
5.71067e-07
7.33553e-09
5.71174e-07
7.51222e-09
5.71277e-07
7.70937e-09
5.71374e-07
7.91935e-09
5.71466e-07
8.14433e-09
5.71551e-07
8.37207e-09
5.71626e-07
8.59457e-09
5.71695e-07
8.86817e-09
5.71761e-07
9.19674e-09
5.71826e-07
9.56383e-09
1.00028e-08
6.12498e-07
2.69741e-09
-6.12309e-07
6.1271e-07
2.90584e-09
6.12943e-07
3.12573e-09
6.13197e-07
3.35166e-09
6.13467e-07
3.58197e-09
6.13754e-07
3.81625e-09
6.14053e-07
4.05346e-09
6.14362e-07
4.29157e-09
6.14677e-07
4.52908e-09
6.14992e-07
4.75889e-09
6.15301e-07
4.98234e-09
6.15602e-07
5.19022e-09
6.1589e-07
5.38883e-09
6.16157e-07
5.56698e-09
6.16406e-07
5.72629e-09
6.16633e-07
5.87509e-09
6.16846e-07
6.01134e-09
6.17048e-07
6.1586e-09
6.1724e-07
6.29441e-09
6.17426e-07
6.43918e-09
6.176e-07
6.60218e-09
6.17758e-07
6.74533e-09
6.17905e-07
6.89132e-09
6.1804e-07
7.05245e-09
6.18165e-07
7.21003e-09
6.18286e-07
7.39131e-09
6.18401e-07
7.59412e-09
6.18512e-07
7.80915e-09
6.18615e-07
8.0406e-09
6.18712e-07
8.27564e-09
6.18798e-07
8.50849e-09
6.18878e-07
8.78745e-09
6.18954e-07
9.12079e-09
6.1903e-07
9.4887e-09
9.92885e-09
6.63252e-07
2.5097e-09
-6.63064e-07
6.63461e-07
2.69643e-09
6.6369e-07
2.89697e-09
6.63938e-07
3.10387e-09
6.64202e-07
3.31794e-09
6.64481e-07
3.53646e-09
6.64774e-07
3.76079e-09
6.65079e-07
3.98705e-09
6.6539e-07
4.21748e-09
6.65706e-07
4.44343e-09
6.66021e-07
4.66729e-09
6.6633e-07
4.88067e-09
6.66632e-07
5.08673e-09
6.66919e-07
5.28055e-09
6.67189e-07
5.45632e-09
6.6744e-07
5.62389e-09
6.67674e-07
5.77726e-09
6.67898e-07
5.93493e-09
6.68106e-07
6.08636e-09
6.68309e-07
6.23636e-09
6.68502e-07
6.40917e-09
6.68679e-07
6.56769e-09
6.68845e-07
6.72569e-09
6.68999e-07
6.89829e-09
6.6914e-07
7.06864e-09
6.69276e-07
7.25563e-09
6.69405e-07
7.46558e-09
6.69529e-07
7.68508e-09
6.69645e-07
7.92401e-09
6.69755e-07
8.16567e-09
6.69854e-07
8.40997e-09
6.69948e-07
8.69355e-09
6.70036e-07
9.03208e-09
6.70121e-07
9.40365e-09
9.83997e-09
7.18186e-07
2.32052e-09
-7.17997e-07
7.18394e-07
2.48801e-09
7.1862e-07
2.67175e-09
7.18862e-07
2.86128e-09
7.19121e-07
3.0591e-09
7.19396e-07
3.26156e-09
7.19685e-07
3.47208e-09
7.19986e-07
3.6859e-09
7.20297e-07
3.90607e-09
7.20614e-07
4.12621e-09
7.20935e-07
4.34642e-09
7.21252e-07
4.5636e-09
7.21566e-07
4.7735e-09
7.21867e-07
4.9792e-09
7.22156e-07
5.16751e-09
7.22429e-07
5.35089e-09
7.22686e-07
5.52024e-09
7.22932e-07
5.68846e-09
7.23161e-07
5.85761e-09
7.23381e-07
6.01684e-09
7.23594e-07
6.19599e-09
7.2379e-07
6.3713e-09
7.23976e-07
6.53983e-09
7.24149e-07
6.72537e-09
7.24309e-07
6.90839e-09
7.2446e-07
7.10474e-09
7.24606e-07
7.3201e-09
7.24743e-07
7.54738e-09
7.24876e-07
7.7915e-09
7.24998e-07
8.04356e-09
7.25113e-07
8.29496e-09
7.25219e-07
8.58787e-09
7.25324e-07
8.92628e-09
7.25422e-07
9.30589e-09
9.73794e-09
7.77645e-07
2.1263e-09
-7.77451e-07
7.77851e-07
2.28214e-09
7.78072e-07
2.44994e-09
7.78312e-07
2.6221e-09
7.78569e-07
2.80188e-09
7.78842e-07
2.98826e-09
7.7913e-07
3.18393e-09
7.7943e-07
3.38627e-09
7.79742e-07
3.59432e-09
7.8006e-07
3.80825e-09
7.80384e-07
4.02232e-09
7.80707e-07
4.24057e-09
7.8103e-07
4.45038e-09
7.81346e-07
4.66299e-09
7.81653e-07
4.86044e-09
7.81948e-07
5.05631e-09
7.82228e-07
5.24011e-09
7.82495e-07
5.42112e-09
7.82747e-07
5.60589e-09
7.82984e-07
5.77932e-09
7.83217e-07
5.96351e-09
7.83432e-07
6.15601e-09
7.83638e-07
6.33366e-09
7.83831e-07
6.53271e-09
7.84013e-07
6.72693e-09
7.84181e-07
6.93647e-09
7.84344e-07
7.15641e-09
7.84497e-07
7.39534e-09
7.84646e-07
7.64161e-09
7.84783e-07
7.90719e-09
7.84916e-07
8.16157e-09
7.85034e-07
8.47022e-09
7.85153e-07
8.80692e-09
7.85276e-07
9.18342e-09
9.62727e-09
8.41992e-07
1.94489e-09
-8.4181e-07
8.42181e-07
2.09249e-09
8.42397e-07
2.23424e-09
8.42637e-07
2.38187e-09
8.429e-07
2.53952e-09
8.43181e-07
2.70694e-09
8.43479e-07
2.88589e-09
8.43789e-07
3.0764e-09
8.44107e-07
3.27623e-09
8.44429e-07
3.48629e-09
8.44755e-07
3.69672e-09
8.45082e-07
3.91313e-09
8.4541e-07
4.12246e-09
8.45736e-07
4.33647e-09
8.46056e-07
4.54059e-09
8.46368e-07
4.74442e-09
8.46667e-07
4.94146e-09
8.46955e-07
5.13313e-09
8.47229e-07
5.33117e-09
8.4749e-07
5.51831e-09
8.47743e-07
5.71132e-09
8.47981e-07
5.91745e-09
8.48206e-07
6.10863e-09
8.4842e-07
6.31875e-09
8.4862e-07
6.52715e-09
8.48809e-07
6.74767e-09
8.48989e-07
6.97642e-09
8.49161e-07
7.22265e-09
8.49326e-07
7.47732e-09
8.49481e-07
7.75155e-09
8.49629e-07
8.01418e-09
8.4977e-07
8.32869e-09
8.49908e-07
8.66903e-09
8.5003e-07
9.06195e-09
9.47416e-09
3.27714e-06
1.25504e-09
-3.27645e-06
3.27789e-06
1.33678e-09
3.27869e-06
1.43995e-09
3.27951e-06
1.55295e-09
3.28038e-06
1.67722e-09
3.28127e-06
1.81167e-09
3.2822e-06
1.95667e-09
3.28317e-06
2.11106e-09
3.28417e-06
2.27359e-09
3.28521e-06
2.4433e-09
3.28629e-06
2.61782e-09
3.28741e-06
2.79786e-09
3.28855e-06
2.9826e-09
3.28971e-06
3.17469e-09
3.29087e-06
3.37506e-09
3.29204e-06
3.58222e-09
3.29318e-06
3.8012e-09
3.29428e-06
4.02742e-09
3.29533e-06
4.28237e-09
3.29633e-06
4.52203e-09
3.29728e-06
4.76154e-09
3.29819e-06
5.00066e-09
3.29906e-06
5.23738e-09
3.29991e-06
5.47519e-09
3.30072e-06
5.71854e-09
3.3015e-06
5.96677e-09
3.30224e-06
6.23259e-09
3.30296e-06
6.50446e-09
3.30364e-06
6.79699e-09
3.3043e-06
7.09092e-09
3.30492e-06
7.39166e-09
3.30553e-06
7.72301e-09
3.3061e-06
8.09463e-09
3.3067e-06
8.46899e-09
8.8376e-09
3.54068e-06
7.30199e-11
-3.5395e-06
3.54192e-06
9.83466e-11
3.54316e-06
2.01161e-10
3.54437e-06
3.48384e-10
3.54552e-06
5.23398e-10
3.54662e-06
7.10056e-10
3.54768e-06
8.9624e-10
3.54872e-06
1.07604e-09
3.54974e-06
1.24882e-09
3.55076e-06
1.42489e-09
3.55177e-06
1.60648e-09
3.55282e-06
1.74974e-09
3.55393e-06
1.86793e-09
3.55508e-06
2.02565e-09
3.55624e-06
2.21695e-09
3.55739e-06
2.43668e-09
3.55851e-06
2.68119e-09
3.55959e-06
2.9439e-09
3.56065e-06
3.22024e-09
3.56167e-06
3.501e-09
3.56265e-06
3.78106e-09
3.5636e-06
4.05677e-09
3.56451e-06
4.32541e-09
3.56539e-06
4.5908e-09
3.56626e-06
4.8537e-09
3.5671e-06
5.12637e-09
3.56792e-06
5.41136e-09
3.56872e-06
5.7081e-09
3.56949e-06
6.02199e-09
3.57024e-06
6.34198e-09
3.57097e-06
6.65889e-09
3.57169e-06
7.00983e-09
3.57239e-06
7.38739e-09
3.57309e-06
7.77658e-09
8.26852e-09
3.83129e-06
-1.18095e-09
-3.83003e-06
3.83233e-06
-9.47584e-10
3.83329e-06
-7.5648e-10
3.83418e-06
-5.37614e-10
3.83502e-06
-3.17155e-10
3.83585e-06
-1.2077e-10
3.83667e-06
7.04943e-11
3.83748e-06
2.66931e-10
3.83834e-06
3.89057e-10
3.83929e-06
4.74615e-10
3.84034e-06
5.55984e-10
3.84143e-06
6.66588e-10
3.84248e-06
8.12902e-10
3.84351e-06
9.95679e-10
3.84451e-06
1.21499e-09
3.84548e-06
1.46698e-09
3.84642e-06
1.74551e-09
3.84733e-06
2.03826e-09
3.84821e-06
2.33806e-09
3.84908e-06
2.63281e-09
3.84993e-06
2.92195e-09
3.85079e-06
3.19997e-09
3.85165e-06
3.46915e-09
3.8525e-06
3.73589e-09
3.85335e-06
4.00506e-09
3.85419e-06
4.28526e-09
3.85502e-06
4.58325e-09
3.85583e-06
4.89379e-09
3.85663e-06
5.22415e-09
3.85742e-06
5.55666e-09
3.85819e-06
5.8869e-09
3.85896e-06
6.24053e-09
3.85974e-06
6.60981e-09
3.86055e-06
6.96349e-09
7.27049e-09
4.15109e-06
-4.34958e-10
-4.15184e-06
4.15066e-06
-5.09035e-10
4.15033e-06
-4.297e-10
4.15007e-06
-2.79419e-10
4.14984e-06
-8.67777e-11
4.14965e-06
7.19972e-11
4.14952e-06
1.93036e-10
4.14948e-06
3.09484e-10
4.14945e-06
4.17998e-10
4.1494e-06
5.26492e-10
4.14932e-06
6.40091e-10
4.14926e-06
7.28472e-10
4.14927e-06
8.00352e-10
4.14935e-06
9.11424e-10
4.14951e-06
1.05306e-09
4.14976e-06
1.22344e-09
4.15008e-06
1.41984e-09
4.15048e-06
1.63745e-09
4.15095e-06
1.87311e-09
4.15146e-06
2.11777e-09
4.15202e-06
2.36941e-09
4.15259e-06
2.62195e-09
4.15319e-06
2.87466e-09
4.1538e-06
3.12831e-09
4.15442e-06
3.38302e-09
4.15506e-06
3.64867e-09
4.15571e-06
3.92739e-09
4.15639e-06
4.2172e-09
4.15709e-06
4.52505e-09
4.15781e-06
4.83536e-09
4.15855e-06
5.14293e-09
4.15932e-06
5.4768e-09
4.1601e-06
5.82754e-09
4.16089e-06
6.175e-09
6.59195e-09
4.4912e-06
2.97479e-10
-4.49194e-06
4.49038e-06
3.14783e-10
4.48961e-06
3.39529e-10
4.48896e-06
3.6907e-10
4.48847e-06
4.04198e-10
4.4881e-06
4.44242e-10
4.4878e-06
4.89682e-10
4.48757e-06
5.39922e-10
4.48739e-06
5.95378e-10
4.48726e-06
6.56074e-10
4.48718e-06
7.22649e-10
4.48711e-06
7.9637e-10
4.48704e-06
8.78098e-10
4.48698e-06
9.70185e-10
4.48696e-06
1.07384e-09
4.48699e-06
1.19129e-09
4.48708e-06
1.32374e-09
4.48725e-06
1.47071e-09
4.48749e-06
1.63407e-09
4.4878e-06
1.81025e-09
4.48817e-06
2.00138e-09
4.48859e-06
2.20199e-09
4.48904e-06
2.41655e-09
4.48953e-06
2.64476e-09
4.49004e-06
2.86822e-09
4.49059e-06
3.10393e-09
4.49116e-06
3.35453e-09
4.49176e-06
3.6157e-09
4.49239e-06
3.89436e-09
4.49305e-06
4.17434e-09
4.49374e-06
4.45217e-09
4.49447e-06
4.75182e-09
4.49523e-06
5.06286e-09
4.49605e-06
5.36045e-09
5.63324e-09
4.84961e-06
3.44475e-10
-4.84966e-06
4.84956e-06
3.66098e-10
4.84952e-06
3.86669e-10
4.84947e-06
4.09473e-10
4.84944e-06
4.35942e-10
4.84942e-06
4.65977e-10
4.84941e-06
5.00812e-10
4.84941e-06
5.40114e-10
4.84942e-06
5.84796e-10
4.84944e-06
6.34642e-10
4.84947e-06
6.90187e-10
4.84952e-06
7.51709e-10
4.84958e-06
8.19692e-10
4.84965e-06
8.95074e-10
4.84975e-06
9.78689e-10
4.84987e-06
1.07146e-09
4.85002e-06
1.17519e-09
4.8502e-06
1.28924e-09
4.85042e-06
1.4167e-09
4.85067e-06
1.55396e-09
4.85097e-06
1.70477e-09
4.85131e-06
1.86426e-09
4.85169e-06
2.03498e-09
4.85212e-06
2.21581e-09
4.85258e-06
2.40696e-09
4.85307e-06
2.61184e-09
4.85359e-06
2.83248e-09
4.85415e-06
3.06204e-09
4.85473e-06
3.30791e-09
4.85535e-06
3.55274e-09
4.85601e-06
3.7968e-09
4.8567e-06
4.05798e-09
4.85744e-06
4.32959e-09
4.85821e-06
4.58657e-09
4.82767e-09
5.24491e-06
3.3067e-10
-5.24489e-06
5.24492e-06
3.49923e-10
5.24493e-06
3.73914e-10
5.24494e-06
3.99776e-10
5.24495e-06
4.28071e-10
5.24496e-06
4.58649e-10
5.24497e-06
4.92061e-10
5.24498e-06
5.28321e-10
5.245e-06
5.67859e-10
5.24502e-06
6.11072e-10
5.24505e-06
6.58126e-10
5.24509e-06
7.1e-10
5.24515e-06
7.6658e-10
5.24521e-06
8.29407e-10
5.24529e-06
8.98337e-10
5.24539e-06
9.74872e-10
5.24551e-06
1.0594e-09
5.24564e-06
1.15215e-09
5.24581e-06
1.25455e-09
5.24599e-06
1.36471e-09
5.24621e-06
1.48468e-09
5.24647e-06
1.61215e-09
5.24675e-06
1.7479e-09
5.24708e-06
1.89384e-09
5.24743e-06
2.04835e-09
5.24783e-06
2.21738e-09
5.24826e-06
2.40004e-09
5.24873e-06
2.5935e-09
5.24924e-06
2.80041e-09
5.24978e-06
3.00925e-09
5.25036e-06
3.21619e-09
5.25098e-06
3.44222e-09
5.25163e-06
3.67706e-09
5.25231e-06
3.90839e-09
4.17718e-09
5.67106e-06
2.96377e-10
-5.67103e-06
5.67109e-06
3.18625e-10
5.67113e-06
3.40341e-10
5.67116e-06
3.63407e-10
5.6712e-06
3.88371e-10
5.67125e-06
4.15039e-10
5.67129e-06
4.43972e-10
5.67135e-06
4.7507e-10
5.67141e-06
5.08802e-10
5.67147e-06
5.45344e-10
5.67154e-06
5.84976e-10
5.67163e-06
6.2833e-10
5.67172e-06
6.75476e-10
5.67182e-06
7.27463e-10
5.67193e-06
7.84343e-10
5.67206e-06
8.47087e-10
5.6722e-06
9.16208e-10
5.67237e-06
9.91583e-10
5.67254e-06
1.07467e-09
5.67275e-06
1.16352e-09
5.67297e-06
1.26032e-09
5.67322e-06
1.3627e-09
5.6735e-06
1.47209e-09
5.6738e-06
1.58955e-09
5.67413e-06
1.71466e-09
5.6745e-06
1.85196e-09
5.6749e-06
2.00162e-09
5.67533e-06
2.16055e-09
5.6758e-06
2.33198e-09
5.6763e-06
2.50483e-09
5.67684e-06
2.67676e-09
5.67742e-06
2.86306e-09
5.67804e-06
3.05464e-09
5.67872e-06
3.23629e-09
3.39646e-09
6.13324e-06
2.45988e-10
-6.13319e-06
6.1333e-06
2.64243e-10
6.13335e-06
2.82837e-10
6.13341e-06
3.02606e-10
6.13348e-06
3.23893e-10
6.13355e-06
3.46348e-10
6.13362e-06
3.70228e-10
6.1337e-06
3.96275e-10
6.13378e-06
4.24609e-10
6.13387e-06
4.55319e-10
6.13397e-06
4.88562e-10
6.13407e-06
5.24862e-10
6.13419e-06
5.64213e-10
6.13431e-06
6.07497e-10
6.13444e-06
6.54683e-10
6.13458e-06
7.06595e-10
6.13473e-06
7.63563e-10
6.13489e-06
8.25523e-10
6.13508e-06
8.93569e-10
6.13527e-06
9.66166e-10
6.13549e-06
1.04497e-09
6.13572e-06
1.12814e-09
6.13598e-06
1.21672e-09
6.13626e-06
1.31172e-09
6.13656e-06
1.41269e-09
6.13689e-06
1.52362e-09
6.13724e-06
1.64453e-09
6.13763e-06
1.77323e-09
6.13805e-06
1.91233e-09
6.1385e-06
2.05314e-09
6.13899e-06
2.19385e-09
6.1395e-06
2.34813e-09
6.14005e-06
2.50929e-09
6.14061e-06
2.66766e-09
2.85085e-09
6.63349e-06
1.99769e-10
-6.63344e-06
6.63354e-06
2.13041e-10
6.63359e-06
2.28226e-10
6.63365e-06
2.44467e-10
6.63371e-06
2.62051e-10
6.63378e-06
2.80842e-10
6.63385e-06
3.01145e-10
6.63392e-06
3.22911e-10
6.634e-06
3.46392e-10
6.63408e-06
3.71731e-10
6.63417e-06
3.99037e-10
6.63427e-06
4.28761e-10
6.63437e-06
4.6085e-10
6.63448e-06
4.96042e-10
6.63461e-06
5.34243e-10
6.63474e-06
5.76155e-10
6.63488e-06
6.21961e-10
6.63503e-06
6.7166e-10
6.6352e-06
7.26039e-10
6.63538e-06
7.83933e-10
6.63558e-06
8.46622e-10
6.63579e-06
9.12829e-10
6.63603e-06
9.8393e-10
6.63628e-06
1.05988e-09
6.63655e-06
1.14006e-09
6.63685e-06
1.22812e-09
6.63717e-06
1.32396e-09
6.63752e-06
1.42606e-09
6.63789e-06
1.53632e-09
6.6383e-06
1.64789e-09
6.63873e-06
1.75895e-09
6.6392e-06
1.88046e-09
6.6397e-06
2.00587e-09
6.64024e-06
2.12639e-09
2.23815e-09
7.17462e-06
1.55395e-10
-7.17458e-06
7.17467e-06
1.66237e-10
7.17472e-06
1.78159e-10
7.17477e-06
1.9089e-10
7.17483e-06
2.04688e-10
7.17489e-06
2.19438e-10
7.17496e-06
2.35395e-10
7.17503e-06
2.52489e-10
7.1751e-06
2.70925e-10
7.17518e-06
2.90781e-10
7.17527e-06
3.12159e-10
7.17536e-06
3.35374e-10
7.17546e-06
3.60413e-10
7.17557e-06
3.87811e-10
7.17569e-06
4.17536e-10
7.17582e-06
4.50087e-10
7.17595e-06
4.85653e-10
7.1761e-06
5.24176e-10
7.17626e-06
5.66327e-10
7.17643e-06
6.11125e-10
7.17662e-06
6.59615e-10
7.17682e-06
7.10607e-10
7.17704e-06
7.64765e-10
7.17728e-06
8.22666e-10
7.17753e-06
8.8399e-10
7.17781e-06
9.51209e-10
7.17811e-06
1.02435e-09
7.17843e-06
1.10211e-09
7.17878e-06
1.18618e-09
7.17916e-06
1.27112e-09
7.17956e-06
1.35594e-09
7.18e-06
1.44911e-09
7.18046e-06
1.54626e-09
7.18094e-06
1.64106e-09
1.74555e-09
7.76003e-06
1.1377e-10
-7.75999e-06
7.76007e-06
1.21856e-10
7.76012e-06
1.30653e-10
7.76017e-06
1.40026e-10
7.76023e-06
1.50149e-10
7.76028e-06
1.60968e-10
7.76035e-06
1.72656e-10
7.76041e-06
1.85195e-10
7.76049e-06
1.9871e-10
7.76056e-06
2.13292e-10
7.76065e-06
2.28981e-10
7.76074e-06
2.46045e-10
7.76083e-06
2.64428e-10
7.76093e-06
2.84569e-10
7.76105e-06
3.06382e-10
7.76117e-06
3.3029e-10
7.7613e-06
3.56354e-10
7.76143e-06
3.84603e-10
7.76159e-06
4.15426e-10
7.76175e-06
4.48188e-10
7.76192e-06
4.8353e-10
7.76211e-06
5.2069e-10
7.76232e-06
5.60023e-10
7.76254e-06
6.0213e-10
7.76278e-06
6.46657e-10
7.76303e-06
6.95643e-10
7.76331e-06
7.48909e-10
7.7636e-06
8.05732e-10
7.76392e-06
8.67099e-10
7.76427e-06
9.29309e-10
7.76463e-06
9.91324e-10
7.76502e-06
1.05974e-09
7.76543e-06
1.13094e-09
7.76588e-06
1.20079e-09
1.2743e-09
8.39331e-06
7.49299e-11
-8.39327e-06
8.39335e-06
8.01052e-11
8.39339e-06
8.58996e-11
8.39344e-06
9.2084e-11
8.39349e-06
9.87739e-11
8.39355e-06
1.05918e-10
8.39361e-06
1.13637e-10
8.39367e-06
1.21907e-10
8.39374e-06
1.30826e-10
8.39381e-06
1.4044e-10
8.39389e-06
1.50797e-10
8.39397e-06
1.62053e-10
8.39406e-06
1.74195e-10
8.39416e-06
1.87486e-10
8.39426e-06
2.01895e-10
8.39438e-06
2.17667e-10
8.3945e-06
2.34873e-10
8.39463e-06
2.53489e-10
8.39477e-06
2.73814e-10
8.39492e-06
2.95381e-10
8.39509e-06
3.18661e-10
8.39527e-06
3.43094e-10
8.39546e-06
3.68982e-10
8.39566e-06
3.96645e-10
8.39588e-06
4.25935e-10
8.39612e-06
4.58104e-10
8.39638e-06
4.93135e-10
8.39665e-06
5.30438e-10
8.39695e-06
5.70787e-10
8.39727e-06
6.1159e-10
8.3976e-06
6.52323e-10
8.39797e-06
6.97142e-10
8.39835e-06
7.43815e-10
8.39877e-06
7.89308e-10
8.36349e-10
9.07833e-06
3.77425e-11
-9.07829e-06
9.07837e-06
4.02545e-11
9.07841e-06
4.31334e-11
9.07846e-06
4.62233e-11
9.07851e-06
4.95808e-11
9.07856e-06
5.31788e-11
9.07862e-06
5.70731e-11
9.07868e-06
6.12499e-11
9.07874e-06
6.5754e-11
9.07881e-06
7.06076e-11
9.07889e-06
7.5828e-11
9.07897e-06
8.14953e-11
9.07906e-06
8.75982e-11
9.07915e-06
9.42731e-11
9.07925e-06
1.01501e-10
9.07936e-06
1.09411e-10
9.07947e-06
1.18035e-10
9.0796e-06
1.27371e-10
9.07974e-06
1.37561e-10
9.07988e-06
1.4838e-10
9.08004e-06
1.60057e-10
9.08021e-06
1.72317e-10
9.0804e-06
1.85301e-10
9.08059e-06
1.99178e-10
9.08081e-06
2.13858e-10
9.08103e-06
2.29982e-10
9.08128e-06
2.47523e-10
9.08154e-06
2.662e-10
9.08183e-06
2.86383e-10
9.08213e-06
3.06787e-10
9.08246e-06
3.27127e-10
9.08281e-06
3.49519e-10
9.08318e-06
3.72818e-10
9.08357e-06
3.95558e-10
4.1976e-10
9.81935e-06
-9.81931e-06
9.81939e-06
9.81943e-06
9.81948e-06
9.81953e-06
9.81958e-06
9.81964e-06
9.8197e-06
9.81977e-06
9.81984e-06
9.81991e-06
9.82e-06
9.82008e-06
9.82018e-06
9.82028e-06
9.82039e-06
9.82051e-06
9.82063e-06
9.82077e-06
9.82092e-06
9.82108e-06
9.82125e-06
9.82144e-06
9.82164e-06
9.82185e-06
9.82208e-06
9.82233e-06
9.82259e-06
9.82288e-06
9.82319e-06
9.82351e-06
9.82386e-06
9.82424e-06
9.82463e-06
8.47142e-08
9.09546e-09
8.37064e-08
-7.3717e-09
8.42689e-08
8.38166e-09
8.35112e-08
-5.2953e-09
8.40715e-08
2.84621e-09
8.32525e-08
-3.18066e-09
8.37425e-08
4.9489e-09
8.31466e-08
-9.71522e-10
8.35521e-08
4.54343e-09
8.30947e-08
-9.40391e-10
8.3342e-08
2.66266e-09
8.30787e-08
-9.06253e-10
8.31901e-08
1.89226e-09
8.30613e-08
-7.70357e-10
8.30672e-08
1.32778e-09
8.29757e-08
-7.00913e-10
8.27656e-08
9.82562e-10
8.24536e-08
-3.20512e-10
8.13924e-08
1.58382e-09
1.37e-09
9.13248e-08
8.81712e-09
9.07084e-08
-6.75538e-09
9.08639e-08
8.2262e-09
9.05345e-08
-4.96589e-09
9.06526e-08
2.72812e-09
9.03329e-08
-2.86095e-09
9.03497e-08
4.93207e-09
9.02419e-08
-8.6375e-10
9.02136e-08
4.57173e-09
9.01441e-08
-8.70867e-10
9.00642e-08
2.74261e-09
9.00066e-08
-8.48729e-10
8.99209e-08
1.97798e-09
8.98255e-08
-6.74897e-10
8.96966e-08
1.45665e-09
8.95068e-08
-5.11166e-10
8.91725e-08
1.31689e-09
8.86705e-08
1.8145e-10
8.82054e-08
2.04896e-09
1.89614e-09
9.84939e-08
8.89339e-09
9.82661e-08
-6.52752e-09
9.81432e-08
8.34906e-09
9.81379e-08
-4.96052e-09
9.79981e-08
2.8679e-09
9.79257e-08
-2.78858e-09
9.78319e-08
5.02592e-09
9.78051e-08
-8.37009e-10
9.7854e-08
4.52285e-09
9.76947e-08
-7.11624e-10
9.78303e-08
2.6071e-09
9.75293e-08
-5.478e-10
9.77523e-08
1.755e-09
9.73294e-08
-2.52006e-10
9.75188e-08
1.26731e-09
9.69396e-08
6.79885e-11
9.6947e-08
1.30953e-09
9.61513e-08
9.77114e-10
9.60181e-08
2.18213e-09
2.36047e-09
1.06512e-07
9.0967e-09
1.06442e-07
-6.45748e-09
1.06377e-07
8.41424e-09
1.06369e-07
-4.9523e-09
1.06298e-07
2.93914e-09
1.06135e-07
-2.62582e-09
1.06253e-07
4.90786e-09
1.06032e-07
-6.16185e-10
1.06363e-07
4.19226e-09
1.05972e-07
-3.20774e-10
1.06363e-07
2.2161e-09
1.05856e-07
-4.12637e-11
1.06238e-07
1.37375e-09
1.05702e-07
2.83277e-10
1.059e-07
1.06948e-09
1.05313e-07
6.55607e-10
1.05236e-07
1.38591e-09
1.04599e-07
1.61427e-09
1.04442e-07
2.33926e-09
2.69474e-09
1.15479e-07
9.15169e-09
1.15314e-07
-6.29213e-09
1.15518e-07
8.21071e-09
1.1532e-07
-4.75429e-09
1.15441e-07
2.81775e-09
1.15097e-07
-2.28141e-09
1.15448e-07
4.55645e-09
1.15048e-07
-2.15877e-10
1.15572e-07
3.66828e-09
1.15049e-07
2.01665e-10
1.15529e-07
1.73661e-09
1.15011e-07
4.76747e-10
1.15339e-07
1.04578e-09
1.14888e-07
7.33548e-10
1.14912e-07
1.04592e-09
1.14402e-07
1.16525e-09
1.14173e-07
1.61506e-09
1.13796e-07
1.9917e-09
1.13551e-07
2.58417e-09
2.92525e-09
1.25261e-07
8.97228e-09
1.24934e-07
-5.96476e-09
1.25392e-07
7.75204e-09
1.25006e-07
-4.36801e-09
1.25294e-07
2.52981e-09
1.24809e-07
-1.79603e-09
1.25324e-07
4.04129e-09
1.24827e-07
2.813e-10
1.25427e-07
3.06808e-09
1.24907e-07
7.21395e-10
1.25329e-07
1.31455e-09
1.24957e-07
8.48813e-10
1.25122e-07
8.80698e-10
1.24859e-07
9.97288e-10
1.24629e-07
1.27511e-09
1.24166e-07
1.6284e-09
1.23703e-07
2.07776e-09
1.23403e-07
2.29223e-09
1.23395e-07
2.5918e-09
3.11135e-09
1.35774e-07
8.61666e-09
1.35308e-07
-5.49893e-09
1.35956e-07
7.10428e-09
1.35422e-07
-3.83452e-09
1.35844e-07
2.10804e-09
1.35265e-07
-1.21716e-09
1.35876e-07
3.43076e-09
1.35374e-07
7.83016e-10
1.35935e-07
2.50668e-09
1.35553e-07
1.1038e-09
1.35809e-07
1.05859e-09
1.35674e-07
9.84e-10
1.35649e-07
9.05302e-10
1.35551e-07
1.09491e-09
1.35401e-07
1.42566e-09
1.35375e-07
1.65407e-09
1.35364e-07
2.08865e-09
1.34931e-07
2.72571e-09
1.34129e-07
3.39324e-09
3.45709e-09
1.47071e-07
8.15384e-09
1.46484e-07
-4.91114e-09
1.47283e-07
6.30515e-09
1.4663e-07
-3.18214e-09
1.47158e-07
1.58006e-09
1.4653e-07
-5.88652e-10
1.47166e-07
2.79428e-09
1.46736e-07
1.21308e-09
1.47193e-07
2.04973e-09
1.47021e-07
1.27609e-09
1.47102e-07
9.77205e-10
1.4708e-07
1.00658e-09
1.47029e-07
9.56434e-10
1.47069e-07
1.0542e-09
1.47021e-07
1.47386e-09
1.46577e-07
2.09865e-09
1.45892e-07
2.7731e-09
1.45361e-07
3.25728e-09
1.45282e-07
3.47194e-09
3.59172e-09
1.59257e-07
7.62025e-09
1.58554e-07
-4.20729e-09
1.59481e-07
5.37734e-09
1.58742e-07
-2.44311e-09
1.59331e-07
9.90992e-10
1.58715e-07
2.78752e-11
1.59299e-07
2.21045e-09
1.59008e-07
1.50394e-09
1.59333e-07
1.72454e-09
1.59299e-07
1.30989e-09
1.59352e-07
9.24718e-10
1.59372e-07
9.86148e-10
1.59202e-07
1.12636e-09
1.58661e-07
1.5951e-09
1.5804e-07
2.0951e-09
1.57608e-07
2.53033e-09
1.57451e-07
2.93033e-09
1.57456e-07
3.25248e-09
1.57407e-07
3.52079e-09
3.65707e-09
1.72429e-07
7.03125e-09
1.7162e-07
-3.3985e-09
1.72648e-07
4.34988e-09
1.71875e-07
-1.67045e-09
1.72454e-07
4.12233e-10
1.71941e-07
5.40884e-10
1.72385e-07
1.76631e-09
1.72325e-07
1.56437e-09
1.72504e-07
1.54493e-09
1.72543e-07
1.27158e-09
1.72469e-07
9.98054e-10
1.72073e-07
1.38217e-09
1.71564e-07
1.63539e-09
1.71223e-07
1.93666e-09
1.70961e-07
2.35652e-09
1.70729e-07
2.76299e-09
1.70595e-07
3.06391e-09
1.70491e-07
3.35683e-09
1.70488e-07
3.52322e-09
3.64472e-09
1.86677e-07
6.39527e-09
1.85785e-07
-2.50648e-09
1.86864e-07
3.27046e-09
1.86135e-07
-9.41359e-10
1.86618e-07
-7.12678e-11
1.86319e-07
8.39951e-10
1.8655e-07
1.53525e-09
1.86681e-07
1.43376e-09
1.86769e-07
1.45716e-09
1.86568e-07
1.47219e-09
1.86154e-07
1.41226e-09
1.85854e-07
1.68222e-09
1.85553e-07
1.93658e-09
1.85271e-07
2.21866e-09
1.85055e-07
2.57242e-09
1.84888e-07
2.92951e-09
1.84755e-07
3.19734e-09
1.84692e-07
3.42007e-09
1.84685e-07
3.52952e-09
3.5946e-09
2.02087e-07
5.7223e-09
2.01147e-07
-1.56635e-09
2.02204e-07
2.21373e-09
2.01612e-07
-3.49243e-10
2.01928e-07
-3.86941e-10
2.01919e-07
8.48577e-10
2.01998e-07
1.45652e-09
2.02051e-07
1.38078e-09
2.0183e-07
1.6781e-09
2.01545e-07
1.75659e-09
2.01272e-07
1.68601e-09
2.01037e-07
1.91652e-09
2.00777e-07
2.19659e-09
2.00529e-07
2.46689e-09
2.00336e-07
2.76589e-09
2.00193e-07
3.07239e-09
2.00094e-07
3.29646e-09
2.0006e-07
3.45343e-09
2.00081e-07
3.50885e-09
3.52343e-09
2.18752e-07
5.02941e-09
2.17814e-07
-6.28503e-10
2.18728e-07
1.29975e-09
2.18366e-07
1.24521e-11
2.18493e-07
-5.14032e-10
2.18644e-07
6.97409e-10
2.18612e-07
1.489e-09
2.18377e-07
1.61582e-09
2.18208e-07
1.84641e-09
2.18002e-07
1.96326e-09
2.17754e-07
1.93408e-09
2.17525e-07
2.14528e-09
2.17292e-07
2.42942e-09
2.1707e-07
2.68938e-09
2.169e-07
2.93542e-09
2.16787e-07
3.1859e-09
2.16723e-07
3.35976e-09
2.1672e-07
3.4569e-09
2.16764e-07
3.46497e-09
3.43918e-09
2.36767e-07
4.34085e-09
2.35891e-07
2.47383e-10
2.36422e-07
7.69164e-10
2.36401e-07
3.31585e-11
2.36335e-07
-4.4821e-10
2.36329e-07
7.03815e-10
2.36279e-07
1.53857e-09
2.36174e-07
1.72047e-09
2.36057e-07
1.96405e-09
2.35866e-07
2.15373e-09
2.35624e-07
2.17631e-09
2.35405e-07
2.36478e-09
2.35198e-07
2.63595e-09
2.34999e-07
2.88869e-09
2.34859e-07
3.0748e-09
2.34777e-07
3.26859e-09
2.34745e-07
3.39094e-09
2.34767e-07
3.43496e-09
2.34831e-07
3.40121e-09
3.34469e-09
2.56249e-07
3.67907e-09
2.55489e-07
1.0068e-09
2.55746e-07
5.1244e-10
2.5585e-07
-7.11385e-11
2.55753e-07
-3.50492e-10
2.55715e-07
7.41825e-10
2.55655e-07
1.59855e-09
2.55536e-07
1.83885e-09
2.55406e-07
2.09404e-09
2.55226e-07
2.33423e-09
2.54997e-07
2.40559e-09
2.54787e-07
2.57398e-09
2.54605e-07
2.81819e-09
2.54439e-07
3.05512e-09
2.54328e-07
3.18584e-09
2.54274e-07
3.32195e-09
2.54271e-07
3.39416e-09
2.54314e-07
3.39196e-09
2.54394e-07
3.32079e-09
3.24058e-09
2.77324e-07
3.06324e-09
2.76712e-07
1.61821e-09
2.76765e-07
4.59611e-10
2.76861e-07
-1.67096e-10
2.7678e-07
-2.69597e-10
2.76721e-07
8.01283e-10
2.7665e-07
1.66893e-09
2.76518e-07
1.97082e-09
2.76375e-07
2.23717e-09
2.76203e-07
2.50677e-09
2.75991e-07
2.617e-09
2.75797e-07
2.76839e-09
2.75637e-07
2.97778e-09
2.75508e-07
3.18427e-09
2.75428e-07
3.26554e-09
2.75401e-07
3.34924e-09
2.75421e-07
3.37384e-09
2.75483e-07
3.33094e-09
2.75577e-07
3.2268e-09
3.12745e-09
3.00124e-07
2.51291e-09
2.99697e-07
2.04601e-09
2.99591e-07
5.6544e-10
2.99616e-07
-1.92211e-10
2.99535e-07
-1.88781e-10
2.99472e-07
8.64834e-10
2.99392e-07
1.74859e-09
2.99248e-07
2.11426e-09
2.99097e-07
2.3891e-09
2.98934e-07
2.66956e-09
2.98743e-07
2.80726e-09
2.98567e-07
2.9447e-09
2.9843e-07
3.11519e-09
2.98343e-07
3.27083e-09
2.98294e-07
3.31495e-09
2.9829e-07
3.35351e-09
2.9833e-07
3.33365e-09
2.98406e-07
3.25467e-09
2.9851e-07
3.12292e-09
3.00707e-09
3.24805e-07
2.03748e-09
3.2466e-07
2.19183e-09
3.24405e-07
8.19987e-10
3.24283e-07
-7.06262e-11
3.24173e-07
-7.84194e-11
3.24111e-07
9.26802e-10
3.24025e-07
1.83473e-09
3.23873e-07
2.2666e-09
3.23716e-07
2.54547e-09
3.23564e-07
2.82197e-09
3.23398e-07
2.97319e-09
3.23245e-07
3.09734e-09
3.23129e-07
3.23191e-09
3.23091e-07
3.30865e-09
3.23063e-07
3.34256e-09
3.2308e-07
3.33622e-09
3.23138e-07
3.27616e-09
3.23227e-07
3.16604e-09
3.23338e-07
3.01187e-09
2.8818e-09
3.51534e-07
1.6351e-09
3.51748e-07
1.97776e-09
3.51394e-07
1.17346e-09
3.51053e-07
2.70833e-10
3.50883e-07
9.21107e-11
3.50807e-07
1.00201e-09
3.50703e-07
1.9388e-09
3.50545e-07
2.42454e-09
3.5039e-07
2.70112e-09
3.50252e-07
2.9593e-09
3.50113e-07
3.11276e-09
3.4999e-07
3.22052e-09
3.49909e-07
3.31201e-09
3.49892e-07
3.32632e-09
3.49893e-07
3.34142e-09
3.4993e-07
3.29867e-09
3.50003e-07
3.2039e-09
3.50102e-07
3.0672e-09
3.50218e-07
2.89518e-09
2.75336e-09
3.80489e-07
1.29399e-09
3.80686e-07
1.78116e-09
3.80485e-07
1.37391e-09
3.80112e-07
6.43512e-10
3.79884e-07
3.20238e-10
3.79739e-07
1.14742e-09
3.79593e-07
2.08447e-09
3.79439e-07
2.57839e-09
3.79297e-07
2.84377e-09
3.79179e-07
3.07699e-09
3.79066e-07
3.22612e-09
3.78974e-07
3.31215e-09
3.78932e-07
3.35392e-09
3.78925e-07
3.33354e-09
3.78951e-07
3.31523e-09
3.79009e-07
3.24078e-09
3.79095e-07
3.11797e-09
3.79203e-07
2.95918e-09
3.79324e-07
2.77406e-09
2.62294e-09
4.11862e-07
9.94315e-10
4.12267e-07
1.37594e-09
4.12493e-07
1.14751e-09
4.12071e-07
1.06598e-09
4.11491e-07
9.00116e-10
4.11104e-07
1.53449e-09
4.10877e-07
2.31176e-09
4.1074e-07
2.7148e-09
4.10626e-07
2.95806e-09
4.10527e-07
3.17585e-09
4.10438e-07
3.31565e-09
4.10377e-07
3.37252e-09
4.10373e-07
3.35813e-09
4.1038e-07
3.32673e-09
4.10427e-07
3.26824e-09
4.10504e-07
3.16328e-09
4.10604e-07
3.01868e-09
4.1072e-07
2.84284e-09
4.10845e-07
2.64901e-09
2.49226e-09
4.45809e-07
7.57025e-10
4.46504e-07
6.81074e-10
4.4687e-07
7.82088e-10
4.46732e-07
1.20352e-09
4.45778e-07
1.85396e-09
4.45048e-07
2.26455e-09
4.44791e-07
2.5694e-09
4.44665e-07
2.84013e-09
4.44577e-07
3.04692e-09
4.44495e-07
3.25784e-09
4.44426e-07
3.38464e-09
4.44417e-07
3.38066e-09
4.44424e-07
3.35131e-09
4.44458e-07
3.29306e-09
4.44524e-07
3.20182e-09
4.44617e-07
3.0701e-09
4.44728e-07
2.90844e-09
4.4485e-07
2.7209e-09
4.44977e-07
2.52177e-09
2.36301e-09
4.82538e-07
6.12274e-10
4.82628e-07
5.90734e-10
4.8235e-07
1.06027e-09
4.82112e-07
1.44132e-09
4.82026e-07
1.93947e-09
4.81825e-07
2.46642e-09
4.81601e-07
2.79275e-09
4.81455e-07
2.98633e-09
4.81363e-07
3.13882e-09
4.81304e-07
3.31721e-09
4.81277e-07
3.41177e-09
4.81288e-07
3.36902e-09
4.81317e-07
3.32213e-09
4.81376e-07
3.23489e-09
4.8146e-07
3.11753e-09
4.81565e-07
2.96485e-09
4.81684e-07
2.78965e-09
4.8181e-07
2.5952e-09
4.81938e-07
2.39347e-09
2.23439e-09
5.22337e-07
5.31242e-10
5.22127e-07
8.00893e-10
5.22028e-07
1.15972e-09
5.21867e-07
1.60163e-09
5.21734e-07
2.0725e-09
5.21606e-07
2.59452e-09
5.21454e-07
2.94479e-09
5.2132e-07
3.12088e-09
5.21223e-07
3.23569e-09
5.21191e-07
3.34936e-09
5.21197e-07
3.40556e-09
5.21227e-07
3.3386e-09
5.2128e-07
3.26884e-09
5.21359e-07
3.1563e-09
5.2146e-07
3.01671e-09
5.21576e-07
2.84871e-09
5.21702e-07
2.66325e-09
5.21832e-07
2.46561e-09
5.21962e-07
2.26374e-09
2.10603e-09
5.65459e-07
4.85837e-10
5.65327e-07
9.32705e-10
5.65146e-07
1.34087e-09
5.6498e-07
1.76762e-09
5.64808e-07
2.24503e-09
5.64692e-07
2.70992e-09
5.64587e-07
3.04976e-09
5.6448e-07
3.22768e-09
5.64404e-07
3.31198e-09
5.6439e-07
3.36346e-09
5.64428e-07
3.36742e-09
5.64479e-07
3.28807e-09
5.64554e-07
3.19358e-09
5.64651e-07
3.05951e-09
5.64766e-07
2.90115e-09
5.64893e-07
2.72251e-09
5.65025e-07
2.53047e-09
5.65158e-07
2.33253e-09
5.65289e-07
2.13314e-09
1.97921e-09
6.1215e-07
4.73747e-10
6.12053e-07
1.02996e-09
6.11872e-07
1.5216e-09
6.11668e-07
1.97186e-09
6.11492e-07
2.42021e-09
6.11372e-07
2.83044e-09
6.11286e-07
3.1354e-09
6.11216e-07
3.29789e-09
6.11168e-07
3.35973e-09
6.11179e-07
3.35242e-09
6.11243e-07
3.30414e-09
6.11311e-07
3.21992e-09
6.11406e-07
3.09862e-09
6.11518e-07
2.94684e-09
6.11646e-07
2.77376e-09
6.1178e-07
2.58787e-09
6.11918e-07
2.39306e-09
6.12053e-07
2.19725e-09
6.12183e-07
2.00288e-09
1.85386e-09
6.62708e-07
4.88184e-10
6.62612e-07
1.12659e-09
6.62437e-07
1.69618e-09
6.62232e-07
2.17704e-09
6.62056e-07
2.59603e-09
6.61932e-07
2.95452e-09
6.61859e-07
3.20862e-09
6.61819e-07
3.33763e-09
6.61806e-07
3.37281e-09
6.61851e-07
3.30741e-09
6.61922e-07
3.23268e-09
6.62016e-07
3.12664e-09
6.62129e-07
2.9855e-09
6.62255e-07
2.82088e-09
6.6239e-07
2.6383e-09
6.62531e-07
2.44729e-09
6.62671e-07
2.2524e-09
6.62808e-07
2.0603e-09
6.62939e-07
1.87251e-09
1.72879e-09
7.17454e-07
5.22225e-10
7.17324e-07
1.25697e-09
7.17171e-07
1.84882e-09
7.16979e-07
2.36855e-09
7.16804e-07
2.77176e-09
7.16682e-07
3.07576e-09
7.16623e-07
3.26843e-09
7.1661e-07
3.35043e-09
7.16635e-07
3.34725e-09
7.16699e-07
3.24426e-09
7.1679e-07
3.14077e-09
7.16906e-07
3.01132e-09
7.17038e-07
2.85286e-09
7.17179e-07
2.68018e-09
7.17321e-07
2.49665e-09
7.17458e-07
2.30977e-09
7.17598e-07
2.11287e-09
7.17737e-07
1.9209e-09
7.1787e-07
1.73995e-09
1.60172e-09
7.76734e-07
5.67187e-10
7.76641e-07
1.35017e-09
7.76454e-07
2.03576e-09
7.7625e-07
2.57278e-09
7.76075e-07
2.94669e-09
7.75959e-07
3.19094e-09
7.75912e-07
3.31553e-09
7.75923e-07
3.33958e-09
7.7598e-07
3.29047e-09
7.76062e-07
3.16196e-09
7.76176e-07
3.02674e-09
7.76314e-07
2.87377e-09
7.76467e-07
2.69996e-09
7.76628e-07
2.51859e-09
7.76799e-07
2.32579e-09
7.76918e-07
2.19077e-09
7.77022e-07
2.0086e-09
7.77173e-07
1.77038e-09
7.77317e-07
1.59632e-09
1.46772e-09
8.40906e-07
6.30637e-10
8.40746e-07
1.50988e-09
8.40577e-07
2.20463e-09
8.40395e-07
2.75484e-09
8.40235e-07
3.10686e-09
8.40135e-07
3.29068e-09
8.40104e-07
3.34659e-09
8.40137e-07
3.30646e-09
8.40231e-07
3.19663e-09
8.40338e-07
3.0548e-09
8.40481e-07
2.88436e-09
8.40647e-07
2.70715e-09
8.40829e-07
2.51879e-09
8.41018e-07
2.32872e-09
8.41203e-07
2.1414e-09
8.41376e-07
2.01735e-09
8.41538e-07
1.8465e-09
8.41625e-07
1.6834e-09
8.41692e-07
1.52942e-09
1.34966e-09
3.27242e-06
9.67544e-10
3.27169e-06
2.23213e-09
3.27086e-06
3.03555e-09
3.27014e-06
3.47789e-09
3.26959e-06
3.65281e-09
3.26927e-06
3.61087e-09
3.26918e-06
3.44533e-09
3.26929e-06
3.19346e-09
3.26966e-06
2.82511e-09
3.27016e-06
2.55118e-09
3.27075e-06
2.2962e-09
3.2714e-06
2.06095e-09
3.27207e-06
1.84758e-09
3.27274e-06
1.65357e-09
3.27341e-06
1.48027e-09
3.2741e-06
1.32389e-09
3.27476e-06
1.18491e-09
3.27538e-06
1.06008e-09
3.27596e-06
9.49274e-10
8.68766e-10
3.53964e-06
1.24699e-09
3.53873e-06
3.13844e-09
3.53752e-06
4.24604e-09
3.53639e-06
4.61641e-09
3.53549e-06
4.5514e-09
3.53489e-06
4.20582e-09
3.53452e-06
3.81801e-09
3.5342e-06
3.51286e-09
3.53394e-06
3.08146e-09
3.53385e-06
2.646e-09
3.53391e-06
2.23367e-09
3.53413e-06
1.83935e-09
3.5345e-06
1.47998e-09
3.535e-06
1.15147e-09
3.53562e-06
8.65717e-10
3.53632e-06
6.18331e-10
3.53709e-06
4.16225e-10
3.5379e-06
2.55823e-10
3.5387e-06
1.41706e-10
6.97052e-11
3.82783e-06
2.31306e-09
3.82574e-06
5.22765e-09
3.8234e-06
6.58915e-09
3.82133e-06
6.68319e-09
3.8197e-06
6.18335e-09
3.81874e-06
5.16205e-09
3.81822e-06
4.33541e-09
3.81821e-06
3.52516e-09
3.81851e-06
2.78679e-09
3.81906e-06
2.093e-09
3.81981e-06
1.48201e-09
3.82071e-06
9.37817e-10
3.82171e-06
4.87865e-10
3.82274e-06
1.15441e-10
3.8239e-06
-2.92506e-10
3.82518e-06
-6.66731e-10
3.82651e-06
-9.08396e-10
3.82781e-06
-1.04189e-09
3.82901e-06
-1.06309e-09
-9.51817e-10
4.14268e-06
1.09754e-09
4.14512e-06
2.78363e-09
4.14797e-06
3.74401e-09
4.15064e-06
4.01135e-09
4.15294e-06
3.88354e-09
4.15458e-06
3.51854e-09
4.15569e-06
3.22646e-09
4.15644e-06
2.77359e-09
4.15689e-06
2.33455e-09
4.15708e-06
1.90649e-09
4.15705e-06
1.50987e-09
4.15685e-06
1.13593e-09
4.15654e-06
7.98941e-10
4.15617e-06
4.91868e-10
4.15565e-06
2.20797e-10
4.155e-06
-1.26988e-11
4.15421e-06
-1.17562e-10
4.15336e-06
-1.90183e-10
4.15253e-06
-2.35321e-10
-2.62533e-10
4.47992e-06
7.19443e-10
4.48112e-06
1.58567e-09
4.48281e-06
2.05624e-09
4.48459e-06
2.23007e-09
4.48628e-06
2.1868e-09
4.48781e-06
1.99372e-09
4.48931e-06
1.72776e-09
4.49069e-06
1.39623e-09
4.49186e-06
1.15588e-09
4.49281e-06
9.56954e-10
4.49353e-06
7.92743e-10
4.49401e-06
6.6041e-10
4.49425e-06
5.53714e-10
4.49428e-06
4.68223e-10
4.4941e-06
3.996e-10
4.49374e-06
3.44053e-10
4.49332e-06
2.98945e-10
4.49287e-06
2.61582e-10
4.49241e-06
2.30421e-10
2.0817e-10
4.84556e-06
3.82516e-10
4.84626e-06
8.89501e-10
4.8471e-06
1.21125e-09
4.84796e-06
1.37356e-09
4.84873e-06
1.41046e-09
4.84938e-06
1.35284e-09
4.84984e-06
1.26775e-09
4.85006e-06
1.17327e-09
4.85017e-06
1.04461e-09
4.8502e-06
9.21433e-10
4.85019e-06
8.07369e-10
4.85014e-06
7.05999e-10
4.85008e-06
6.16586e-10
4.85001e-06
5.38759e-10
4.84994e-06
4.71464e-10
4.84987e-06
4.13213e-10
4.84981e-06
3.63126e-10
4.84975e-06
3.19687e-10
4.8497e-06
2.82202e-10
2.43565e-10
5.24088e-06
2.60375e-10
5.24118e-06
5.83501e-10
5.24159e-06
8.00252e-10
5.24204e-06
9.29816e-10
5.24247e-06
9.79943e-10
5.24286e-06
9.6356e-10
5.24321e-06
9.11676e-10
5.24354e-06
8.4335e-10
5.24382e-06
7.68144e-10
5.24405e-06
6.95274e-10
5.24423e-06
6.22699e-10
5.24439e-06
5.44083e-10
5.24452e-06
4.87668e-10
5.24462e-06
4.37686e-10
5.2447e-06
3.92675e-10
5.24476e-06
3.5202e-10
5.24481e-06
3.15345e-10
5.24485e-06
2.82116e-10
5.24488e-06
2.52175e-10
2.3008e-10
5.66865e-06
1.82905e-10
5.66884e-06
3.97044e-10
5.66909e-06
5.53232e-10
5.66936e-06
6.56383e-10
5.66963e-06
7.07603e-10
5.66989e-06
7.10828e-10
5.67011e-06
6.87375e-10
5.6703e-06
6.49514e-10
5.67047e-06
6.04155e-10
5.6706e-06
5.58174e-10
5.67072e-06
5.12003e-10
5.67079e-06
4.69641e-10
5.67084e-06
4.3605e-10
5.67088e-06
3.96373e-10
5.67092e-06
3.59056e-10
5.67094e-06
3.24264e-10
5.67097e-06
2.92197e-10
5.67099e-06
2.62674e-10
5.671e-06
2.35802e-10
2.06585e-10
6.13137e-06
1.36781e-10
6.13147e-06
2.91127e-10
6.13162e-06
4.09385e-10
6.13178e-06
4.92957e-10
6.13195e-06
5.40256e-10
6.1321e-06
5.5806e-10
6.13224e-06
5.47057e-10
6.13237e-06
5.23285e-10
6.13248e-06
4.92098e-10
6.13258e-06
4.59014e-10
6.13267e-06
4.24236e-10
6.13275e-06
3.90211e-10
6.13282e-06
3.56829e-10
6.1329e-06
3.24999e-10
6.13296e-06
2.94907e-10
6.13302e-06
2.66753e-10
6.13307e-06
2.40732e-10
6.13312e-06
2.16733e-10
6.13316e-06
1.94849e-10
1.71061e-10
6.63187e-06
1.05628e-10
6.63194e-06
2.22553e-10
6.63204e-06
3.13905e-10
6.63215e-06
3.80388e-10
6.63227e-06
4.18771e-10
6.6324e-06
4.29086e-10
6.63252e-06
4.27068e-10
6.63263e-06
4.10751e-10
6.63274e-06
3.88022e-10
6.63283e-06
3.63447e-10
6.63292e-06
3.37114e-10
6.633e-06
3.11085e-10
6.63308e-06
2.79725e-10
6.63315e-06
2.54859e-10
6.63321e-06
2.31194e-10
6.63327e-06
2.08955e-10
6.63332e-06
1.88312e-10
6.63337e-06
1.69217e-10
6.63341e-06
1.51758e-10
1.38719e-10
7.17325e-06
8.03764e-11
7.1733e-06
1.684e-10
7.17338e-06
2.37981e-10
7.17347e-06
2.89049e-10
7.17357e-06
3.18937e-10
7.17367e-06
3.2724e-10
7.17377e-06
3.22992e-10
7.17387e-06
3.11012e-10
7.17397e-06
2.94071e-10
7.17406e-06
2.7551e-10
7.17414e-06
2.55488e-10
7.17421e-06
2.35621e-10
7.17428e-06
2.15913e-10
7.17433e-06
1.96998e-10
7.17439e-06
1.78987e-10
7.17443e-06
1.62007e-10
7.17448e-06
1.46193e-10
7.17451e-06
1.31499e-10
7.17455e-06
1.18016e-10
1.07888e-10
7.75882e-06
5.80757e-11
7.75887e-06
1.21551e-10
7.75893e-06
1.71734e-10
7.75901e-06
2.08858e-10
7.7591e-06
2.30566e-10
7.75919e-06
2.36729e-10
7.75928e-06
2.33745e-10
7.75937e-06
2.25339e-10
7.75945e-06
2.13374e-10
7.75952e-06
2.00293e-10
7.75959e-06
1.86063e-10
7.75965e-06
1.71884e-10
7.75971e-06
1.57696e-10
7.75977e-06
1.43992e-10
7.75981e-06
1.30862e-10
7.75986e-06
1.18464e-10
7.7599e-06
1.06903e-10
7.75993e-06
9.94957e-11
7.75996e-06
8.96722e-11
7.89565e-11
8.39219e-06
3.80774e-11
8.39224e-06
7.94863e-11
8.39229e-06
1.12405e-10
8.39237e-06
1.36766e-10
8.39245e-06
1.51139e-10
8.39253e-06
1.55269e-10
8.39261e-06
1.53438e-10
8.39269e-06
1.47991e-10
8.39276e-06
1.40209e-10
8.39283e-06
1.3165e-10
8.39289e-06
1.22333e-10
8.39295e-06
1.13023e-10
8.393e-06
1.03711e-10
8.39305e-06
9.47112e-11
8.3931e-06
8.6095e-11
8.39314e-06
7.79522e-11
8.39317e-06
7.03585e-11
8.39321e-06
6.53617e-11
8.39324e-06
5.8961e-11
5.19887e-11
9.07727e-06
1.9003e-11
9.07731e-06
3.97495e-11
9.07737e-06
5.63607e-11
9.07744e-06
6.87678e-11
9.07751e-06
7.61251e-11
9.07759e-06
7.82865e-11
9.07767e-06
7.73926e-11
9.07774e-06
7.46598e-11
9.07781e-06
7.07378e-11
9.07787e-06
6.64273e-11
9.07793e-06
6.17319e-11
9.07799e-06
5.70426e-11
9.07804e-06
5.23483e-11
9.07809e-06
4.78105e-11
9.07813e-06
4.34621e-11
9.07817e-06
3.93506e-11
9.0782e-06
3.55123e-11
9.07824e-06
3.19429e-11
9.07827e-06
2.86642e-11
2.62054e-11
9.81828e-06
9.81832e-06
9.81838e-06
9.81845e-06
9.81852e-06
9.8186e-06
9.81868e-06
9.81875e-06
9.81882e-06
9.81889e-06
9.81895e-06
9.81901e-06
9.81906e-06
9.81911e-06
9.81915e-06
9.81919e-06
9.81923e-06
9.81926e-06
9.81929e-06
)
;

boundaryField
{
    top
    {
        type            calculated;
        value           uniform 0;
    }
    inlet
    {
        type            calculated;
        value           nonuniform List<scalar> 
45
(
-3.27275e-06
-3.53992e-06
-3.8289e-06
-4.14146e-06
-4.47954e-06
-4.84522e-06
-5.24076e-06
-5.66858e-06
-6.13132e-06
-6.63184e-06
-7.17322e-06
-7.7588e-06
-8.39217e-06
-9.07725e-06
-9.81826e-06
-8.40969e-08
-9.10464e-08
-9.85702e-08
-1.06716e-07
-1.15534e-07
-1.25082e-07
-1.35418e-07
-1.46609e-07
-1.58724e-07
-1.7184e-07
-1.86041e-07
-2.01414e-07
-2.18059e-07
-2.36078e-07
-2.55587e-07
-2.76708e-07
-2.99574e-07
-3.2433e-07
-3.51132e-07
-3.80148e-07
-4.11562e-07
-4.45572e-07
-4.82393e-07
-5.22256e-07
-5.65414e-07
-6.12138e-07
-6.62723e-07
-7.17488e-07
-7.76779e-07
-8.40969e-07
)
;
    }
    outlet
    {
        type            calculated;
        value           nonuniform List<scalar> 
45
(
3.30733e-06
3.57366e-06
3.86155e-06
4.16157e-06
4.49701e-06
4.85902e-06
5.25296e-06
5.6795e-06
6.14116e-06
6.64086e-06
7.18143e-06
7.76635e-06
8.3992e-06
9.08399e-06
9.82505e-06
6.23952e-09
2.08619e-08
3.88609e-08
6.00009e-08
8.30653e-08
1.05847e-07
1.26241e-07
1.43622e-07
1.58873e-07
1.73367e-07
1.88167e-07
2.03863e-07
2.20749e-07
2.38997e-07
2.58739e-07
2.80103e-07
3.03224e-07
3.28247e-07
3.55331e-07
3.8465e-07
4.1639e-07
4.50756e-07
4.87969e-07
5.28265e-07
5.71887e-07
6.19103e-07
6.7021e-07
7.25524e-07
7.85386e-07
8.50183e-07
)
;
    }
    plate
    {
        type            calculated;
        value           uniform 0;
    }
    symmBound
    {
        type            calculated;
        value           nonuniform List<scalar> 
20
(
-9.71273e-09
8.37954e-09
-8.94422e-09
6.05299e-09
-3.40649e-09
3.9997e-09
-5.43894e-09
1.56742e-09
-4.94891e-09
1.39781e-09
-2.90996e-09
1.16952e-09
-2.00369e-09
8.99217e-10
-1.33367e-09
7.92406e-10
-7.72492e-10
6.32544e-10
-5.22674e-10
-2.34785e-10
)
;
    }
    frontAndBack
    {
        type            empty;
        value           nonuniform 0();
    }
}


// ************************************************************************* //
