/*--------------------------------*- C++ -*----------------------------------*\
| =========                 |                                                 |
| \\      /  F ield         | OpenFOAM: The Open Source CFD Toolbox           |
|  \\    /   O peration     | Version:  5.x                                   |
|   \\  /    A nd           | Web:      www.OpenFOAM.org                      |
|    \\/     M anipulation  |                                                 |
\*---------------------------------------------------------------------------*/
FoamFile
{
    version     2.0;
    format      ascii;
    class       volVectorField;
    location    "0.5";
    object      U;
}
// * * * * * * * * * * * * * * * * * * * * * * * * * * * * * * * * * * * * * //

dimensions      [0 1 -1 0 0 0 0];

internalField   nonuniform List<vector> 
2475
(
(0.911168 0.0103424 0)
(0.814582 0.0141937 0)
(0.714765 0.014008 0)
(0.6104 0.0128913 0)
(0.50402 0.0114809 0)
(0.401998 0.00915992 0)
(0.316725 0.00558409 0)
(0.259393 0.00184399 0)
(0.226323 -0.000122374 0)
(0.206073 -0.000511833 0)
(0.192298 -0.000397042 0)
(0.182138 -0.000216881 0)
(0.173478 -5.08782e-05 0)
(0.165557 6.41846e-05 0)
(0.157889 0.000123265 0)
(0.150744 0.000142031 0)
(0.14391 0.000137435 0)
(0.137778 0.000125266 0)
(0.131931 0.000110724 0)
(0.1268 9.79425e-05 0)
(0.12175 8.62866e-05 0)
(0.11738 7.79987e-05 0)
(0.112874 6.87716e-05 0)
(0.109111 6.22861e-05 0)
(0.104991 5.56159e-05 0)
(0.101749 5.09412e-05 0)
(0.0978877 4.50423e-05 0)
(0.0951438 4.19185e-05 0)
(0.0914155 3.70122e-05 0)
(0.0891831 3.46568e-05 0)
(0.0854444 3.04278e-05 0)
(0.0837955 2.91245e-05 0)
(0.0798138 2.57944e-05 0)
(0.0789109 2.47812e-05 0)
(0.074298 2.47463e-05 0)
(0.966863 0.0194355 0)
(0.959818 0.0273162 0)
(0.945743 0.0284421 0)
(0.921588 0.0278503 0)
(0.886182 0.0269406 0)
(0.840579 0.024916 0)
(0.788761 0.0207717 0)
(0.737534 0.0148061 0)
(0.690972 0.00942671 0)
(0.648479 0.00605803 0)
(0.609178 0.00413312 0)
(0.573936 0.00306549 0)
(0.542032 0.00245486 0)
(0.513653 0.00206511 0)
(0.487695 0.0017719 0)
(0.464679 0.00153528 0)
(0.443292 0.00132747 0)
(0.424376 0.00115402 0)
(0.406345 0.0010022 0)
(0.390553 0.000882031 0)
(0.374938 0.000776307 0)
(0.361478 0.00069596 0)
(0.347556 0.000615866 0)
(0.335966 0.000556578 0)
(0.323229 0.000495241 0)
(0.31327 0.000451992 0)
(0.301353 0.000400545 0)
(0.292946 0.000370354 0)
(0.281468 0.000326712 0)
(0.27465 0.000306222 0)
(0.26315 0.000267633 0)
(0.258129 0.000257464 0)
(0.245938 0.000222326 0)
(0.243202 0.000220554 0)
(0.229284 0.000198904 0)
(0.971536 0.0179345 0)
(0.972441 0.0260624 0)
(0.975106 0.0288282 0)
(0.976402 0.0294378 0)
(0.973914 0.0295874 0)
(0.966778 0.0288183 0)
(0.954078 0.0258706 0)
(0.936972 0.0208188 0)
(0.916567 0.0156476 0)
(0.894371 0.0121467 0)
(0.870006 0.0100393 0)
(0.845459 0.00869535 0)
(0.819981 0.00765979 0)
(0.795119 0.00676141 0)
(0.769443 0.00592787 0)
(0.744882 0.00518336 0)
(0.719548 0.00450844 0)
(0.695891 0.00393275 0)
(0.671438 0.00341718 0)
(0.649447 0.00299823 0)
(0.626472 0.00262898 0)
(0.606594 0.00234179 0)
(0.58517 0.00206832 0)
(0.56748 0.00186301 0)
(0.547279 0.00165329 0)
(0.531729 0.0015037 0)
(0.51241 0.00133204 0)
(0.499089 0.00122794 0)
(0.480219 0.00108314 0)
(0.469317 0.00101448 0)
(0.450222 0.000885724 0)
(0.442135 0.000852127 0)
(0.421838 0.000731259 0)
(0.417381 0.000728932 0)
(0.394392 0.000636608 0)
(0.976715 0.0166881 0)
(0.977079 0.0238384 0)
(0.980119 0.027353 0)
(0.984799 0.0284295 0)
(0.98875 0.0286802 0)
(0.992159 0.028155 0)
(0.993135 0.0258835 0)
(0.992079 0.0218405 0)
(0.987165 0.0173561 0)
(0.980466 0.0141202 0)
(0.970702 0.0122616 0)
(0.960852 0.0111659 0)
(0.948857 0.0103049 0)
(0.937448 0.00951423 0)
(0.923525 0.0087168 0)
(0.910377 0.00798322 0)
(0.89421 0.00727536 0)
(0.879208 0.00665389 0)
(0.860735 0.00603413 0)
(0.844275 0.00549336 0)
(0.824076 0.0049582 0)
(0.807048 0.00451816 0)
(0.785854 0.0040643 0)
(0.769127 0.00371923 0)
(0.747202 0.00334394 0)
(0.731219 0.00307305 0)
(0.708555 0.00274389 0)
(0.693954 0.00254227 0)
(0.67062 0.00225399 0)
(0.658218 0.00211934 0)
(0.633775 0.00185752 0)
(0.624308 0.00178999 0)
(0.597813 0.0015393 0)
(0.592467 0.00153422 0)
(0.562387 0.00132528 0)
(0.981422 0.0162872 0)
(0.981597 0.0223141 0)
(0.983641 0.026129 0)
(0.988315 0.0275217 0)
(0.992507 0.0276706 0)
(0.997573 0.0270125 0)
(1.00078 0.0249934 0)
(1.00401 0.0216029 0)
(1.00373 0.0176816 0)
(1.0031 0.0146389 0)
(0.999187 0.0128466 0)
(0.99662 0.0118786 0)
(0.99155 0.0111581 0)
(0.988672 0.0105074 0)
(0.982691 0.00980768 0)
(0.979062 0.00918418 0)
(0.971407 0.00856979 0)
(0.966381 0.00806923 0)
(0.956354 0.00753498 0)
(0.949565 0.0070817 0)
(0.936923 0.00657631 0)
(0.928595 0.00616677 0)
(0.913576 0.00567949 0)
(0.904351 0.0053295 0)
(0.887163 0.00490027 0)
(0.877375 0.0046182 0)
(0.857658 0.00420927 0)
(0.847578 0.00397568 0)
(0.825325 0.00357467 0)
(0.816101 0.00340912 0)
(0.791325 0.00302494 0)
(0.783875 0.002943 0)
(0.75582 0.00255806 0)
(0.751442 0.0025567 0)
(0.719093 0.00221807 0)
(0.985278 0.016203 0)
(0.985548 0.0211587 0)
(0.986708 0.0248878 0)
(0.991192 0.0265367 0)
(0.994846 0.0267015 0)
(1.00023 0.0259757 0)
(1.00321 0.024133 0)
(1.00738 0.0212316 0)
(1.00776 0.0177735 0)
(1.00909 0.0148843 0)
(1.00652 0.013047 0)
(1.00653 0.0120794 0)
(1.00333 0.0113952 0)
(1.00385 0.010813 0)
(1.00058 0.0101431 0)
(1.0014 0.00956659 0)
(0.997419 0.00898708 0)
(0.997957 0.00856998 0)
(0.992585 0.00810698 0)
(0.992371 0.00775838 0)
(0.985119 0.00731865 0)
(0.984026 0.00699712 0)
(0.974747 0.00653894 0)
(0.973022 0.00624996 0)
(0.961766 0.005833 0)
(0.959602 0.00562081 0)
(0.945778 0.00522552 0)
(0.942786 0.00505504 0)
(0.925736 0.00462218 0)
(0.922495 0.00448929 0)
(0.902476 0.0040504 0)
(0.899707 0.0040048 0)
(0.875961 0.0035473 0)
(0.874219 0.00357044 0)
(0.846334 0.00315519 0)
(0.988205 0.0164033 0)
(0.988629 0.0203837 0)
(0.989089 0.0236697 0)
(0.993383 0.0254231 0)
(0.996463 0.0256698 0)
(1.002 0.0249758 0)
(1.00458 0.0232905 0)
(1.00909 0.0207772 0)
(1.00939 0.017731 0)
(1.01153 0.0150286 0)
(1.00919 0.0131406 0)
(1.01012 0.0121273 0)
(1.00718 0.0114361 0)
(1.00874 0.0108959 0)
(1.00598 0.0102337 0)
(1.00823 0.00966911 0)
(1.00522 0.00907997 0)
(1.00774 0.00869447 0)
(1.00401 0.00825724 0)
(1.00648 0.00797028 0)
(1.0017 0.00756694 0)
(1.00401 0.00730844 0)
(0.998033 0.006873 0)
(1.00026 0.00663058 0)
(0.993117 0.00622507 0)
(0.995445 0.00607301 0)
(0.986745 0.00571464 0)
(0.988628 0.00563031 0)
(0.977494 0.00522379 0)
(0.978724 0.00513935 0)
(0.965468 0.00470339 0)
(0.966613 0.00471187 0)
(0.95063 0.00426714 0)
(0.951202 0.00431994 0)
(0.932333 0.00391769 0)
(0.990193 0.0168183 0)
(0.990668 0.0199114 0)
(0.990708 0.0226063 0)
(0.994706 0.0242939 0)
(0.997368 0.0246289 0)
(1.00282 0.0240255 0)
(1.00521 0.0225049 0)
(1.00976 0.020297 0)
(1.01015 0.017609 0)
(1.01258 0.015129 0)
(1.01057 0.0132264 0)
(1.01176 0.012154 0)
(1.00906 0.0114394 0)
(1.01072 0.0109304 0)
(1.00824 0.0102821 0)
(1.01057 0.00972033 0)
(1.00805 0.00910934 0)
(1.01072 0.00872374 0)
(1.00781 0.00828879 0)
(1.01061 0.00802508 0)
(1.00718 0.00763708 0)
(1.01007 0.0074056 0)
(1.00607 0.00698152 0)
(1.00905 0.00675337 0)
(1.00454 0.00634909 0)
(1.00781 0.00621683 0)
(1.00266 0.00588504 0)
(1.00583 0.00585059 0)
(0.999486 0.00549325 0)
(1.00198 0.00542999 0)
(0.994635 0.00501757 0)
(0.997027 0.00504967 0)
(0.988441 0.00466849 0)
(0.989742 0.00473003 0)
(0.979721 0.00439579 0)
(0.991611 0.0169383 0)
(0.991914 0.0193472 0)
(0.991849 0.0215039 0)
(0.995362 0.02303 0)
(0.997839 0.0234507 0)
(1.00288 0.0229845 0)
(1.00533 0.0216676 0)
(1.00959 0.0197367 0)
(1.01032 0.0173682 0)
(1.01264 0.0151339 0)
(1.01123 0.0132793 0)
(1.01225 0.0121584 0)
(1.01012 0.0114136 0)
(1.01137 0.0109228 0)
(1.00947 0.0103007 0)
(1.01126 0.0097468 0)
(1.00946 0.0091249 0)
(1.01149 0.00872696 0)
(1.00951 0.00829173 0)
(1.01162 0.00802975 0)
(1.00943 0.00765397 0)
(1.01161 0.00742814 0)
(1.0092 0.00701535 0)
(1.01142 0.00678401 0)
(1.00882 0.00638172 0)
(1.01123 0.00624356 0)
(1.00847 0.00593032 0)
(1.01084 0.00590472 0)
(1.00775 0.00559696 0)
(1.00959 0.00552963 0)
(1.00616 0.00513907 0)
(1.008 0.00515954 0)
(1.0043 0.00484854 0)
(1.00526 0.0048972 0)
(1.00102 0.00463326 0)
(0.992792 0.0166904 0)
(0.992728 0.0186686 0)
(0.992767 0.0204096 0)
(0.995675 0.0217284 0)
(0.998144 0.0222033 0)
(1.00256 0.0218852 0)
(1.00521 0.0207897 0)
(1.00896 0.019126 0)
(1.01015 0.0170451 0)
(1.01213 0.01505 0)
(1.01143 0.0132951 0)
(1.01209 0.0121412 0)
(1.01066 0.0113566 0)
(1.01134 0.0108692 0)
(1.01012 0.0102838 0)
(1.01122 0.00975071 0)
(1.0102 0.00913505 0)
(1.01145 0.00872095 0)
(1.01039 0.0082843 0)
(1.01165 0.00801124 0)
(1.01054 0.00764578 0)
(1.0118 0.00741752 0)
(1.01064 0.00701787 0)
(1.01188 0.0067821 0)
(1.01064 0.00638664 0)
(1.01193 0.00623676 0)
(1.01068 0.00593919 0)
(1.01193 0.00590161 0)
(1.01071 0.00563193 0)
(1.01164 0.0055538 0)
(1.01029 0.00517968 0)
(1.01126 0.00517415 0)
(1.00996 0.00491877 0)
(1.01043 0.00494626 0)
(1.00895 0.00473232 0)
(0.993886 0.0162626 0)
(0.993383 0.0179679 0)
(0.993553 0.0194074 0)
(0.995885 0.0205179 0)
(0.998385 0.0209934 0)
(1.00217 0.0208041 0)
(1.00498 0.0199195 0)
(1.00821 0.0185169 0)
(1.0098 0.0166977 0)
(1.01143 0.0149135 0)
(1.01132 0.0132822 0)
(1.01168 0.0121191 0)
(1.01085 0.011295 0)
(1.01107 0.0108006 0)
(1.01039 0.0102535 0)
(1.01094 0.0097479 0)
(1.01052 0.00914742 0)
(1.01119 0.00871692 0)
(1.01078 0.00827523 0)
(1.01143 0.00798545 0)
(1.01103 0.00762549 0)
(1.01167 0.00739438 0)
(1.01126 0.00700671 0)
(1.01186 0.00677009 0)
(1.01139 0.00638367 0)
(1.01198 0.00622386 0)
(1.01152 0.00593936 0)
(1.01206 0.00588455 0)
(1.01171 0.0056394 0)
(1.01212 0.00555186 0)
(1.01169 0.00519289 0)
(1.01211 0.00516177 0)
(1.01174 0.00494628 0)
(1.01193 0.00495265 0)
(1.01149 0.00477152 0)
(0.994905 0.0158036 0)
(0.994008 0.0172952 0)
(0.994217 0.0185 0)
(0.9961 0.0194297 0)
(0.998566 0.0198588 0)
(1.00185 0.0197628 0)
(1.00469 0.0190619 0)
(1.00752 0.0179042 0)
(1.00933 0.0163275 0)
(1.01076 0.0147291 0)
(1.01103 0.0132357 0)
(1.01125 0.0121019 0)
(1.01083 0.0112492 0)
(1.01079 0.0107346 0)
(1.01043 0.0102137 0)
(1.01066 0.00973416 0)
(1.01058 0.00915399 0)
(1.01094 0.00871351 0)
(1.01089 0.00826605 0)
(1.01123 0.00795931 0)
(1.01118 0.00759992 0)
(1.01152 0.00736644 0)
(1.01146 0.00698921 0)
(1.01175 0.00675402 0)
(1.01165 0.00637841 0)
(1.0119 0.00621091 0)
(1.01178 0.00593735 0)
(1.01202 0.00586533 0)
(1.012 0.00563586 0)
(1.01222 0.0055393 0)
(1.01212 0.00519831 0)
(1.0123 0.00514541 0)
(1.01223 0.00495915 0)
(1.01233 0.00494637 0)
(1.01221 0.00478928 0)
(0.995827 0.015318 0)
(0.994619 0.0166274 0)
(0.994765 0.0176457 0)
(0.996328 0.0184284 0)
(0.998683 0.018794 0)
(1.00161 0.0187549 0)
(1.00437 0.0182037 0)
(1.00693 0.0172601 0)
(1.0088 0.0159196 0)
(1.01014 0.0145042 0)
(1.01064 0.0131506 0)
(1.01084 0.0120755 0)
(1.01066 0.0112019 0)
(1.01055 0.0106544 0)
(1.01035 0.0101471 0)
(1.01044 0.0096945 0)
(1.01051 0.00914329 0)
(1.01075 0.00870498 0)
(1.01085 0.00825586 0)
(1.01108 0.00793312 0)
(1.01117 0.00757054 0)
(1.0114 0.00733214 0)
(1.01147 0.00696505 0)
(1.01165 0.00673129 0)
(1.01168 0.00636964 0)
(1.01182 0.00619577 0)
(1.01183 0.0059331 0)
(1.01196 0.00584474 0)
(1.01204 0.00562748 0)
(1.0122 0.00552007 0)
(1.01223 0.00520071 0)
(1.01232 0.00512916 0)
(1.01233 0.00496597 0)
(1.0124 0.00493628 0)
(1.01238 0.00479926 0)
(0.996652 0.0147881 0)
(0.995203 0.0159422 0)
(0.995216 0.0168071 0)
(0.996547 0.0174689 0)
(0.998746 0.0177798 0)
(1.00143 0.0177695 0)
(1.00405 0.0173376 0)
(1.00642 0.0165785 0)
(1.00826 0.0154684 0)
(1.00956 0.014242 0)
(1.01019 0.0130153 0)
(1.01043 0.0120134 0)
(1.0104 0.0111403 0)
(1.01032 0.0105614 0)
(1.01019 0.010061 0)
(1.01023 0.00963487 0)
(1.01036 0.00911605 0)
(1.01057 0.00868678 0)
(1.01074 0.00824078 0)
(1.01094 0.00790245 0)
(1.01109 0.00753639 0)
(1.01128 0.0072916 0)
(1.01141 0.00693728 0)
(1.01155 0.00670399 0)
(1.01163 0.00635893 0)
(1.01173 0.00617801 0)
(1.01179 0.00592637 0)
(1.0119 0.00582213 0)
(1.012 0.00561682 0)
(1.01215 0.00549729 0)
(1.01221 0.00520161 0)
(1.01227 0.00511359 0)
(1.01232 0.00496929 0)
(1.01239 0.00492524 0)
(1.0124 0.00480576 0)
(0.997398 0.0142305 0)
(0.99574 0.015243 0)
(0.995591 0.0159784 0)
(0.996737 0.0165374 0)
(0.998768 0.0168085 0)
(1.00126 0.016809 0)
(1.00373 0.0164725 0)
(1.00595 0.0158708 0)
(1.00772 0.0149671 0)
(1.009 0.0139287 0)
(1.00971 0.0128237 0)
(1.01001 0.0119041 0)
(1.01008 0.0110651 0)
(1.01006 0.0104638 0)
(1.00999 0.00996343 0)
(1.01002 0.00955791 0)
(1.01017 0.00907019 0)
(1.01038 0.00865204 0)
(1.01058 0.00821691 0)
(1.01078 0.00786708 0)
(1.01097 0.0074998 0)
(1.01116 0.00724642 0)
(1.0113 0.00690563 0)
(1.01143 0.00667044 0)
(1.01154 0.00634397 0)
(1.01163 0.00615662 0)
(1.01171 0.00591725 0)
(1.01181 0.00579765 0)
(1.01193 0.00560385 0)
(1.01207 0.00547187 0)
(1.01216 0.0052001 0)
(1.0122 0.00509822 0)
(1.01226 0.00496957 0)
(1.01233 0.0049139 0)
(1.01236 0.00480968 0)
(0.998076 0.0136622 0)
(0.996226 0.014539 0)
(0.995908 0.0151691 0)
(0.996895 0.0156375 0)
(0.998766 0.0158786 0)
(1.00109 0.0158889 0)
(1.00343 0.0156303 0)
(1.00552 0.0151613 0)
(1.00721 0.0144314 0)
(1.00845 0.0135733 0)
(1.0092 0.0126013 0)
(1.00957 0.0117623 0)
(1.00972 0.0109797 0)
(1.00976 0.0103659 0)
(1.00975 0.00985782 0)
(1.00978 0.00946303 0)
(1.00994 0.00900385 0)
(1.01016 0.00859838 0)
(1.01038 0.00818386 0)
(1.0106 0.00783014 0)
(1.01081 0.00746386 0)
(1.01101 0.00719918 0)
(1.01116 0.00687112 0)
(1.01129 0.00663279 0)
(1.01142 0.00632562 0)
(1.0115 0.00613236 0)
(1.0116 0.00590503 0)
(1.0117 0.0057712 0)
(1.01183 0.005588 0)
(1.01196 0.00544528 0)
(1.01207 0.00519593 0)
(1.01211 0.00508307 0)
(1.01218 0.0049665 0)
(1.01224 0.00490234 0)
(1.01229 0.00481087 0)
(0.998688 0.0130873 0)
(0.996658 0.0138373 0)
(0.996174 0.0143801 0)
(0.997018 0.0147691 0)
(0.998746 0.0149831 0)
(1.00092 0.0150113 0)
(1.00314 0.014816 0)
(1.00512 0.0144554 0)
(1.00674 0.0138708 0)
(1.00793 0.0131737 0)
(1.0087 0.0123456 0)
(1.00912 0.0115828 0)
(1.00933 0.0108669 0)
(1.00943 0.0102621 0)
(1.00948 0.00974632 0)
(1.00953 0.00935665 0)
(1.0097 0.00892736 0)
(1.00992 0.00853558 0)
(1.01016 0.00814419 0)
(1.01039 0.00779061 0)
(1.01062 0.00742614 0)
(1.01083 0.00714985 0)
(1.011 0.0068345 0)
(1.01113 0.00659402 0)
(1.01127 0.00630611 0)
(1.01135 0.00610836 0)
(1.01147 0.00589199 0)
(1.01157 0.00574597 0)
(1.01171 0.00557132 0)
(1.01184 0.00542023 0)
(1.01195 0.00519082 0)
(1.01199 0.00507037 0)
(1.01208 0.00496245 0)
(1.01213 0.0048925 0)
(1.0122 0.00481131 0)
(0.999236 0.0124764 0)
(0.997039 0.0131184 0)
(0.9964 0.0135909 0)
(0.997112 0.0139218 0)
(0.99872 0.0141141 0)
(1.00077 0.0141672 0)
(1.00288 0.0140266 0)
(1.00476 0.013751 0)
(1.0063 0.0132894 0)
(1.00744 0.0127237 0)
(1.00821 0.0120386 0)
(1.00866 0.0113567 0)
(1.00892 0.0107064 0)
(1.00907 0.0101319 0)
(1.00918 0.00961484 0)
(1.00925 0.00922623 0)
(1.00944 0.00882567 0)
(1.00967 0.00844478 0)
(1.00993 0.00807519 0)
(1.01016 0.0077294 0)
(1.01042 0.00737383 0)
(1.01063 0.00709093 0)
(1.01082 0.00678846 0)
(1.01095 0.00654501 0)
(1.0111 0.00627383 0)
(1.01119 0.00607326 0)
(1.01132 0.00586774 0)
(1.01141 0.00571299 0)
(1.01157 0.00554608 0)
(1.01169 0.00538963 0)
(1.01182 0.00517833 0)
(1.01185 0.00505301 0)
(1.01196 0.00495202 0)
(1.01201 0.00487833 0)
(1.01209 0.00480682 0)
(0.999739 0.0118788 0)
(0.997388 0.0124321 0)
(0.996605 0.0128474 0)
(0.997194 0.0131372 0)
(0.9987 0.0133098 0)
(1.00063 0.0133778 0)
(1.00264 0.0132822 0)
(1.00443 0.0130681 0)
(1.0059 0.0127093 0)
(1.00699 0.0122501 0)
(1.00774 0.0116955 0)
(1.0082 0.0111059 0)
(1.00851 0.0105163 0)
(1.00869 0.00998792 0)
(1.00885 0.00948545 0)
(1.00896 0.00909421 0)
(1.00916 0.00871755 0)
(1.0094 0.00834604 0)
(1.00968 0.00799663 0)
(1.00992 0.00766606 0)
(1.01019 0.00732265 0)
(1.01042 0.00703436 0)
(1.01062 0.00674169 0)
(1.01076 0.00649588 0)
(1.01093 0.00623924 0)
(1.01101 0.00603903 0)
(1.01116 0.0058428 0)
(1.01125 0.00568217 0)
(1.01142 0.00552007 0)
(1.01153 0.00536101 0)
(1.01167 0.00516446 0)
(1.01171 0.00503742 0)
(1.01182 0.0049404 0)
(1.01187 0.00486534 0)
(1.01197 0.00480079 0)
(1.00021 0.0112725 0)
(0.997716 0.0117531 0)
(0.996801 0.0121204 0)
(0.997273 0.0123775 0)
(0.998687 0.0125322 0)
(1.00052 0.012602 0)
(1.00243 0.0125475 0)
(1.00414 0.0123877 0)
(1.00555 0.0121184 0)
(1.00659 0.0117555 0)
(1.00732 0.0113101 0)
(1.00777 0.010819 0)
(1.00811 0.0102925 0)
(1.00832 0.00981529 0)
(1.00852 0.00934337 0)
(1.00867 0.00894853 0)
(1.00889 0.0085924 0)
(1.00914 0.0082341 0)
(1.00943 0.00790229 0)
(1.00968 0.00759082 0)
(1.00997 0.00726237 0)
(1.0102 0.006973 0)
(1.01042 0.00669146 0)
(1.01056 0.00644778 0)
(1.01075 0.00620347 0)
(1.01084 0.00600455 0)
(1.011 0.00581485 0)
(1.01109 0.00565166 0)
(1.01126 0.00549359 0)
(1.01137 0.00533521 0)
(1.01152 0.00515092 0)
(1.01156 0.00502425 0)
(1.01169 0.00492939 0)
(1.01173 0.0048545 0)
(1.01185 0.00479542 0)
(1.00066 0.0106566 0)
(0.998034 0.0110708 0)
(0.996997 0.0113929 0)
(0.997357 0.0116196 0)
(0.998685 0.0117595 0)
(1.00043 0.011829 0)
(1.00227 0.0118129 0)
(1.0039 0.0117052 0)
(1.00525 0.0115075 0)
(1.00624 0.0112277 0)
(1.00694 0.0108671 0)
(1.00737 0.010469 0)
(1.00772 0.0100138 0)
(1.00795 0.00958295 0)
(1.00819 0.00915346 0)
(1.00837 0.00876529 0)
(1.00861 0.00843022 0)
(1.00888 0.00809116 0)
(1.0092 0.00777341 0)
(1.00944 0.00748096 0)
(1.00974 0.0071725 0)
(1.00999 0.00688834 0)
(1.01023 0.00661955 0)
(1.01037 0.00637866 0)
(1.01057 0.00614411 0)
(1.01067 0.00594816 0)
(1.01084 0.00576689 0)
(1.01094 0.00560457 0)
(1.01112 0.00545167 0)
(1.01122 0.00529503 0)
(1.01138 0.0051227 0)
(1.01142 0.00499739 0)
(1.01157 0.00490652 0)
(1.01161 0.00483172 0)
(1.01174 0.00477981 0)
(1.00107 0.0100969 0)
(0.998334 0.0104477 0)
(0.997186 0.0107256 0)
(0.997446 0.0109266 0)
(0.998697 0.0110568 0)
(1.00038 0.0111308 0)
(1.00214 0.0111407 0)
(1.00371 0.0110755 0)
(1.005 0.0109292 0)
(1.00594 0.0107172 0)
(1.00661 0.0104277 0)
(1.00702 0.0101093 0)
(1.00737 0.00973072 0)
(1.00761 0.00934468 0)
(1.00787 0.00896288 0)
(1.00808 0.00859497 0)
(1.00835 0.00827632 0)
(1.00862 0.00795711 0)
(1.00896 0.00764858 0)
(1.00921 0.00737245 0)
(1.00953 0.00708579 0)
(1.00978 0.00681098 0)
(1.01004 0.00655436 0)
(1.01019 0.00631897 0)
(1.01041 0.00609297 0)
(1.01051 0.00590209 0)
(1.0107 0.00572657 0)
(1.01079 0.00556556 0)
(1.01098 0.00541552 0)
(1.01108 0.00526322 0)
(1.01125 0.00510051 0)
(1.0113 0.00497827 0)
(1.01146 0.00488869 0)
(1.01149 0.00481559 0)
(1.01164 0.00476731 0)
(1.00148 0.00952664 0)
(0.998635 0.0098293 0)
(0.997395 0.010073 0)
(0.997567 0.0102588 0)
(0.99875 0.0103843 0)
(1.00037 0.010464 0)
(1.00207 0.0104873 0)
(1.00357 0.0104549 0)
(1.00481 0.0103507 0)
(1.0057 0.0101953 0)
(1.00634 0.00997121 0)
(1.00673 0.00971583 0)
(1.00707 0.00941127 0)
(1.00731 0.00907333 0)
(1.00759 0.00873754 0)
(1.00782 0.00840018 0)
(1.00812 0.00809648 0)
(1.00839 0.00780035 0)
(1.00876 0.00750641 0)
(1.00902 0.00724883 0)
(1.00934 0.00698596 0)
(1.0096 0.00672269 0)
(1.00988 0.00647862 0)
(1.01004 0.00625259 0)
(1.01027 0.00603436 0)
(1.01038 0.00584809 0)
(1.01057 0.00567782 0)
(1.01067 0.00552165 0)
(1.01087 0.00537654 0)
(1.01096 0.00522995 0)
(1.01115 0.00507458 0)
(1.01119 0.00495609 0)
(1.01137 0.00486822 0)
(1.0114 0.00479785 0)
(1.01157 0.00475217 0)
(1.00186 0.00893374 0)
(0.998933 0.00919886 0)
(0.997611 0.00941267 0)
(0.997704 0.00958264 0)
(0.998823 0.00969953 0)
(1.00038 0.00977872 0)
(1.00204 0.00981105 0)
(1.00348 0.00980427 0)
(1.00467 0.0097404 0)
(1.00552 0.00963236 0)
(1.00613 0.00946961 0)
(1.00649 0.00926739 0)
(1.00681 0.00903066 0)
(1.00705 0.00874708 0)
(1.00733 0.00845776 0)
(1.00757 0.00815954 0)
(1.00789 0.00787667 0)
(1.00818 0.00760729 0)
(1.00856 0.00733214 0)
(1.00884 0.00708923 0)
(1.00917 0.00684921 0)
(1.00944 0.00659951 0)
(1.00973 0.00637112 0)
(1.00989 0.00615861 0)
(1.01015 0.00595142 0)
(1.01026 0.005772 0)
(1.01047 0.00560985 0)
(1.01056 0.00545823 0)
(1.01078 0.00531855 0)
(1.01086 0.00517754 0)
(1.01106 0.00503289 0)
(1.01111 0.00491887 0)
(1.0113 0.00483519 0)
(1.01133 0.004766 0)
(1.01151 0.0047255 0)
(1.00221 0.00838657 0)
(0.999195 0.00861421 0)
(0.9978 0.0087982 0)
(0.997822 0.00894888 0)
(0.998883 0.00905687 0)
(1.00039 0.00913566 0)
(1.002 0.00917995 0)
(1.0034 0.00919404 0)
(1.00455 0.00916622 0)
(1.00535 0.00909642 0)
(1.00593 0.00898453 0)
(1.00627 0.0088273 0)
(1.00656 0.00864389 0)
(1.00678 0.00841452 0)
(1.00708 0.00816848 0)
(1.00732 0.00791036 0)
(1.00766 0.00765289 0)
(1.00795 0.00741189 0)
(1.00836 0.00715682 0)
(1.00864 0.00692646 0)
(1.00899 0.00671071 0)
(1.00926 0.00648134 0)
(1.00958 0.00626847 0)
(1.00974 0.00607023 0)
(1.01001 0.00587286 0)
(1.01013 0.00570094 0)
(1.01035 0.00554547 0)
(1.01045 0.00540007 0)
(1.01067 0.0052666 0)
(1.01075 0.00513389 0)
(1.01097 0.00499666 0)
(1.01102 0.00488781 0)
(1.01122 0.00480648 0)
(1.01125 0.00474104 0)
(1.01145 0.00470225 0)
(1.0025 0.00785727 0)
(0.999417 0.00804946 0)
(0.997958 0.00820804 0)
(0.997922 0.00834165 0)
(0.998935 0.00844468 0)
(1.0004 0.00852437 0)
(1.00198 0.00857871 0)
(1.00333 0.00860621 0)
(1.00445 0.00860311 0)
(1.00521 0.00856105 0)
(1.00575 0.00848586 0)
(1.00606 0.00836834 0)
(1.00633 0.00822874 0)
(1.00653 0.00805123 0)
(1.00682 0.00784729 0)
(1.00707 0.00763013 0)
(1.00742 0.00740386 0)
(1.00772 0.00719322 0)
(1.00813 0.00696318 0)
(1.00844 0.00674829 0)
(1.0088 0.00655472 0)
(1.00907 0.00634572 0)
(1.0094 0.00614583 0)
(1.00958 0.00596363 0)
(1.00986 0.00577978 0)
(1.00998 0.00561802 0)
(1.01022 0.00547043 0)
(1.01032 0.00533349 0)
(1.01056 0.00520525 0)
(1.01063 0.00508039 0)
(1.01087 0.00495099 0)
(1.01091 0.00485013 0)
(1.01114 0.00477128 0)
(1.01116 0.00471004 0)
(1.01138 0.0046725 0)
(1.00275 0.00732185 0)
(0.999606 0.00748406 0)
(0.998095 0.00762243 0)
(0.998011 0.00774104 0)
(0.998983 0.00783894 0)
(1.00041 0.0079164 0)
(1.00195 0.00797525 0)
(1.00327 0.00801011 0)
(1.00435 0.00802363 0)
(1.00507 0.00800438 0)
(1.00559 0.00796054 0)
(1.00587 0.00788299 0)
(1.00612 0.00778308 0)
(1.00629 0.00765235 0)
(1.00658 0.00748975 0)
(1.00681 0.00731323 0)
(1.00718 0.0071196 0)
(1.00748 0.00693623 0)
(1.0079 0.00673685 0)
(1.00822 0.00654094 0)
(1.0086 0.00636789 0)
(1.00887 0.00618007 0)
(1.00922 0.00599738 0)
(1.0094 0.00583337 0)
(1.0097 0.00566553 0)
(1.00982 0.00551336 0)
(1.01008 0.00537554 0)
(1.01017 0.0052457 0)
(1.01043 0.00512668 0)
(1.0105 0.00501058 0)
(1.01075 0.00489164 0)
(1.01079 0.00479585 0)
(1.01104 0.00472351 0)
(1.01106 0.00466445 0)
(1.0113 0.00463297 0)
(1.00295 0.00680109 0)
(0.99976 0.00693741 0)
(0.998206 0.00705914 0)
(0.998081 0.00716238 0)
(0.999019 0.00725434 0)
(1.00041 0.00732677 0)
(1.00193 0.00738945 0)
(1.00321 0.00743073 0)
(1.00426 0.00746054 0)
(1.00495 0.00746347 0)
(1.00544 0.00744877 0)
(1.00569 0.00740429 0)
(1.00593 0.00733522 0)
(1.00607 0.00724196 0)
(1.00634 0.00711849 0)
(1.00656 0.00698088 0)
(1.00694 0.00682319 0)
(1.00724 0.00666437 0)
(1.00767 0.00650161 0)
(1.008 0.00632564 0)
(1.00839 0.00617343 0)
(1.00866 0.00600874 0)
(1.00903 0.00584574 0)
(1.00921 0.00569421 0)
(1.00952 0.00554402 0)
(1.00965 0.00540049 0)
(1.00992 0.00527629 0)
(1.01001 0.00515283 0)
(1.01028 0.00504495 0)
(1.01035 0.00493267 0)
(1.01061 0.004826 0)
(1.01066 0.00473338 0)
(1.01092 0.0046706 0)
(1.01094 0.0046098 0)
(1.0112 0.00458646 0)
(1.00311 0.0062661 0)
(0.999878 0.00638387 0)
(0.998287 0.0064917 0)
(0.998128 0.0065839 0)
(0.999038 0.00666939 0)
(1.0004 0.00674047 0)
(1.00189 0.00680595 0)
(1.00316 0.006858 0)
(1.00419 0.00690028 0)
(1.00485 0.00692692 0)
(1.00531 0.00693156 0)
(1.00553 0.00691778 0)
(1.00574 0.00687317 0)
(1.00586 0.00681807 0)
(1.00611 0.00673007 0)
(1.00632 0.00663425 0)
(1.00669 0.00651398 0)
(1.00699 0.00638594 0)
(1.00742 0.00625665 0)
(1.00776 0.0061079 0)
(1.00816 0.00597072 0)
(1.00843 0.0058361 0)
(1.00882 0.00568695 0)
(1.009 0.00555506 0)
(1.00932 0.00541881 0)
(1.00946 0.00529284 0)
(1.00974 0.00517325 0)
(1.00984 0.00506315 0)
(1.01011 0.0049567 0)
(1.01018 0.00485839 0)
(1.01046 0.00475177 0)
(1.01051 0.004672 0)
(1.01078 0.00460419 0)
(1.01081 0.00455422 0)
(1.01109 0.00451911 0)
(1.00324 0.00568618 0)
(0.999963 0.00579113 0)
(0.998341 0.00588751 0)
(0.998151 0.00597188 0)
(0.999041 0.00605072 0)
(1.00038 0.00612191 0)
(1.00186 0.00618792 0)
(1.0031 0.00624893 0)
(1.00411 0.00629941 0)
(1.00474 0.00634491 0)
(1.00518 0.00636874 0)
(1.00537 0.00638622 0)
(1.00556 0.00637453 0)
(1.00565 0.00635678 0)
(1.0059 0.0063083 0)
(1.00609 0.00624918 0)
(1.00645 0.00616942 0)
(1.00674 0.00607678 0)
(1.00717 0.00598269 0)
(1.0075 0.00587116 0)
(1.00793 0.00575915 0)
(1.00819 0.00565644 0)
(1.00859 0.00553301 0)
(1.00878 0.00542625 0)
(1.00911 0.0053121 0)
(1.00924 0.00520736 0)
(1.00954 0.00510338 0)
(1.00963 0.00501115 0)
(1.00993 0.00491724 0)
(1.00999 0.00483457 0)
(1.01029 0.00473752 0)
(1.01032 0.00467027 0)
(1.01063 0.0046082 0)
(1.01064 0.00456666 0)
(1.01095 0.00453188 0)
(1.00344 0.00434584 0)
(1.00008 0.00438723 0)
(0.998389 0.00443219 0)
(0.998135 0.0044762 0)
(0.998987 0.0045266 0)
(1.00029 0.00457858 0)
(1.00174 0.00463549 0)
(1.00294 0.00469271 0)
(1.00393 0.00474983 0)
(1.00451 0.00480396 0)
(1.00491 0.00485127 0)
(1.00504 0.00489083 0)
(1.00518 0.00491833 0)
(1.00522 0.00493326 0)
(1.0054 0.00493631 0)
(1.00555 0.00492227 0)
(1.00589 0.00490318 0)
(1.00615 0.00486693 0)
(1.00659 0.00483351 0)
(1.0069 0.00478299 0)
(1.00736 0.00473279 0)
(1.00761 0.0046764 0)
(1.00803 0.00461473 0)
(1.00822 0.00454848 0)
(1.00857 0.00448627 0)
(1.0087 0.00441927 0)
(1.00903 0.00436466 0)
(1.00911 0.00430423 0)
(1.00944 0.00425504 0)
(1.00949 0.00419649 0)
(1.00982 0.00414184 0)
(1.00986 0.00409427 0)
(1.0102 0.00406911 0)
(1.01021 0.00403665 0)
(1.01057 0.00403183 0)
(1.00223 0.00310042 0)
(0.998964 0.00316778 0)
(0.997381 0.00324392 0)
(0.997238 0.00332643 0)
(0.998187 0.0034128 0)
(0.999565 0.00350103 0)
(1.00107 0.00358865 0)
(1.0023 0.00367551 0)
(1.00328 0.00375925 0)
(1.00384 0.00384178 0)
(1.0042 0.00392052 0)
(1.00428 0.00399816 0)
(1.00437 0.00407227 0)
(1.00435 0.00414531 0)
(1.00449 0.00421569 0)
(1.00459 0.00428342 0)
(1.00489 0.00434651 0)
(1.00513 0.00440155 0)
(1.00555 0.00444806 0)
(1.00584 0.00448343 0)
(1.00627 0.00450571 0)
(1.00653 0.00451479 0)
(1.00693 0.00451017 0)
(1.00712 0.00449763 0)
(1.00747 0.00447486 0)
(1.0076 0.00445233 0)
(1.00792 0.00442908 0)
(1.00802 0.00440465 0)
(1.00834 0.00438094 0)
(1.00841 0.0043525 0)
(1.00875 0.00431283 0)
(1.0088 0.00428673 0)
(1.00915 0.0042665 0)
(1.00919 0.00424403 0)
(1.00955 0.00423164 0)
(1.00265 -0.0030294 0)
(0.999389 -0.00270879 0)
(0.997771 -0.00212438 0)
(0.997523 -0.00141807 0)
(0.998356 -0.000717294 0)
(0.999585 -0.000109383 0)
(1.00097 0.00036609 0)
(1.00207 0.00070754 0)
(1.00298 0.000936977 0)
(1.00346 0.00109098 0)
(1.0038 0.00120838 0)
(1.00383 0.00132449 0)
(1.00392 0.00146077 0)
(1.00386 0.00162825 0)
(1.004 0.00182521 0)
(1.00404 0.00204312 0)
(1.00431 0.00227072 0)
(1.00445 0.00249213 0)
(1.00482 0.00269775 0)
(1.00501 0.00287503 0)
(1.0054 0.0030224 0)
(1.00556 0.00313766 0)
(1.00594 0.00322311 0)
(1.00606 0.00328636 0)
(1.00641 0.00333249 0)
(1.00649 0.00337097 0)
(1.00684 0.00340661 0)
(1.00688 0.00343777 0)
(1.00725 0.0034686 0)
(1.00727 0.00348992 0)
(1.00766 0.00349869 0)
(1.00767 0.00351275 0)
(1.00808 0.00352648 0)
(1.00807 0.00352763 0)
(1.00851 0.00353072 0)
(1.00024 -0.00355541 0)
(1.00363 -0.00325754 0)
(1.0055 -0.00269601 0)
(1.00585 -0.00201268 0)
(1.00526 -0.00133326 0)
(1.00412 -0.000745183 0)
(1.00298 -0.000286132 0)
(1.00197 4.15699e-05 0)
(1.00136 0.000261315 0)
(1.00099 0.000408123 0)
(1.001 0.000521553 0)
(1.00111 0.000635088 0)
(1.00141 0.000770748 0)
(1.00163 0.000938582 0)
(1.00193 0.00113772 0)
(1.00206 0.00135913 0)
(1.00227 0.00159281 0)
(1.00229 0.00182248 0)
(1.00243 0.00204049 0)
(1.00241 0.00223238 0)
(1.00256 0.00239916 0)
(1.00257 0.00253579 0)
(1.00276 0.00264684 0)
(1.0028 0.00273649 0)
(1.00305 0.00281131 0)
(1.00311 0.00287811 0)
(1.00339 0.00294267 0)
(1.00345 0.00300059 0)
(1.00375 0.0030588 0)
(1.0038 0.00310399 0)
(1.00412 0.00313672 0)
(1.00416 0.00317034 0)
(1.00449 0.00320199 0)
(1.00451 0.00321559 0)
(1.00487 0.00322788 0)
(1.00049 0.00110866 0)
(1.00391 0.00113468 0)
(1.00575 0.00116804 0)
(1.00603 0.00120687 0)
(1.00534 0.00125044 0)
(1.0041 0.00129717 0)
(1.00289 0.00134697 0)
(1.00181 0.0013994 0)
(1.00115 0.00145426 0)
(1.00076 0.00151266 0)
(1.00076 0.00157366 0)
(1.00086 0.00163971 0)
(1.00117 0.00170896 0)
(1.00138 0.00178494 0)
(1.00167 0.00186509 0)
(1.00177 0.00195191 0)
(1.00194 0.0020418 0)
(1.0019 0.00213408 0)
(1.00198 0.00222676 0)
(1.00189 0.00231639 0)
(1.00198 0.00240176 0)
(1.00192 0.00247896 0)
(1.00207 0.00254765 0)
(1.00205 0.00261105 0)
(1.00226 0.00266462 0)
(1.00228 0.0027184 0)
(1.00254 0.00276888 0)
(1.00257 0.0028157 0)
(1.00286 0.0028597 0)
(1.00287 0.00289389 0)
(1.00319 0.00291286 0)
(1.00319 0.00293764 0)
(1.00353 0.00295729 0)
(1.00352 0.00296513 0)
(1.00389 0.00296935 0)
(0.998701 0.000765987 0)
(1.00226 0.000753796 0)
(1.00425 0.000748144 0)
(1.00469 0.000748011 0)
(1.00415 0.000756574 0)
(1.00304 0.000771303 0)
(1.00192 0.000793949 0)
(1.00092 0.000821309 0)
(1.00031 0.000854503 0)
(0.999954 0.000890776 0)
(0.999963 0.000930989 0)
(1.00008 0.000973663 0)
(1.00039 0.00102004 0)
(1.00062 0.00106961 0)
(1.00092 0.00112417 0)
(1.00104 0.00118266 0)
(1.00121 0.00124783 0)
(1.0012 0.00131599 0)
(1.00128 0.00139084 0)
(1.0012 0.00146507 0)
(1.00127 0.00154303 0)
(1.0012 0.00161675 0)
(1.00131 0.00168988 0)
(1.00128 0.00175851 0)
(1.00145 0.00182496 0)
(1.00145 0.00188922 0)
(1.00167 0.00195487 0)
(1.00169 0.0020139 0)
(1.00194 0.00207417 0)
(1.00196 0.0021213 0)
(1.00223 0.00215951 0)
(1.00224 0.00219685 0)
(1.00253 0.00223313 0)
(1.00253 0.00225197 0)
(1.00285 0.00226924 0)
(0.998581 0.00103413 0)
(1.00216 0.00105093 0)
(1.00415 0.00106933 0)
(1.00461 0.00108854 0)
(1.00407 0.0011096 0)
(1.00298 0.00113172 0)
(1.00186 0.00115569 0)
(1.00087 0.00118105 0)
(1.00025 0.00120808 0)
(0.999905 0.00123709 0)
(0.999904 0.00126761 0)
(1.00003 0.00130093 0)
(1.00033 0.00133593 0)
(1.00056 0.00137454 0)
(1.00084 0.00141539 0)
(1.00098 0.00145998 0)
(1.00113 0.00150755 0)
(1.00112 0.00155755 0)
(1.00117 0.00161048 0)
(1.0011 0.00166325 0)
(1.00113 0.00171721 0)
(1.00106 0.00176929 0)
(1.00113 0.00181953 0)
(1.00109 0.00186953 0)
(1.00122 0.00191687 0)
(1.00121 0.0019664 0)
(1.00138 0.00201611 0)
(1.0014 0.00206347 0)
(1.0016 0.00210966 0)
(1.00161 0.0021469 0)
(1.00183 0.00217313 0)
(1.00184 0.00220225 0)
(1.00207 0.00222655 0)
(1.00208 0.00223917 0)
(1.00233 0.00224784 0)
(0.998225 0.000888102 0)
(1.0018 0.000896284 0)
(1.0038 0.000905229 0)
(1.00426 0.000914182 0)
(1.00373 0.000924163 0)
(1.00264 0.000934404 0)
(1.00153 0.000945766 0)
(1.00055 0.000957734 0)
(0.999938 0.000970805 0)
(0.999598 0.000985027 0)
(0.999605 0.00100036 0)
(0.999739 0.0010176 0)
(1.00004 0.00103616 0)
(1.00028 0.00105732 0)
(1.00057 0.00108034 0)
(1.00071 0.00110611 0)
(1.00086 0.00113441 0)
(1.00086 0.00116452 0)
(1.00091 0.00119733 0)
(1.00084 0.00123006 0)
(1.00087 0.00126439 0)
(1.00079 0.00129747 0)
(1.00086 0.00133012 0)
(1.00081 0.00136317 0)
(1.00093 0.00139541 0)
(1.00092 0.00143046 0)
(1.00108 0.00146729 0)
(1.00108 0.00150318 0)
(1.00126 0.00153977 0)
(1.00127 0.0015696 0)
(1.00147 0.00159142 0)
(1.00146 0.00161575 0)
(1.00168 0.00163689 0)
(1.00168 0.0016481 0)
(1.00192 0.0016564 0)
(0.998097 0.000746035 0)
(1.00168 0.000757594 0)
(1.00367 0.000770098 0)
(1.00415 0.000782675 0)
(1.00361 0.000796264 0)
(1.00253 0.000809992 0)
(1.00142 0.000824728 0)
(1.00045 0.000839806 0)
(0.999834 0.000855839 0)
(0.999507 0.000872611 0)
(0.999507 0.000890313 0)
(0.999654 0.00090932 0)
(0.999947 0.000929408 0)
(1.0002 0.00095134 0)
(1.00048 0.000974773 0)
(1.00063 0.00100012 0)
(1.00077 0.00102751 0)
(1.00078 0.00105598 0)
(1.00082 0.00108664 0)
(1.00076 0.00111677 0)
(1.00077 0.0011482 0)
(1.0007 0.00117814 0)
(1.00074 0.00120784 0)
(1.00071 0.0012375 0)
(1.0008 0.00126677 0)
(1.0008 0.00129819 0)
(1.00092 0.00133149 0)
(1.00094 0.00136382 0)
(1.00108 0.00139721 0)
(1.0011 0.00142461 0)
(1.00125 0.00144583 0)
(1.00126 0.0014688 0)
(1.00142 0.0014893 0)
(1.00143 0.00150066 0)
(1.00161 0.0015094 0)
(0.998033 0.000626493 0)
(1.00162 0.000636367 0)
(1.00361 0.000646806 0)
(1.00408 0.000657327 0)
(1.00354 0.000668423 0)
(1.00246 0.000679627 0)
(1.00135 0.000691338 0)
(1.00038 0.00070329 0)
(0.999758 0.000715637 0)
(0.99943 0.000728523 0)
(0.999427 0.000741722 0)
(0.999573 0.000755911 0)
(0.999862 0.000770481 0)
(1.00012 0.000786481 0)
(1.00039 0.000803151 0)
(1.00054 0.000821324 0)
(1.00067 0.000840568 0)
(1.00068 0.000860654 0)
(1.00071 0.000881897 0)
(1.00065 0.000902712 0)
(1.00065 0.000923953 0)
(1.00058 0.000944061 0)
(1.00062 0.000963334 0)
(1.00058 0.000982777 0)
(1.00066 0.00100132 0)
(1.00065 0.00102197 0)
(1.00076 0.00104366 0)
(1.00077 0.00106511 0)
(1.0009 0.00108701 0)
(1.00091 0.00110477 0)
(1.00105 0.00111716 0)
(1.00105 0.00113198 0)
(1.0012 0.00114461 0)
(1.00119 0.00115122 0)
(1.00136 0.00115601 0)
(0.997979 0.000495586 0)
(1.00156 0.000503317 0)
(1.00355 0.000511578 0)
(1.00403 0.000519811 0)
(1.00348 0.000528601 0)
(1.00241 0.000537372 0)
(1.00128 0.000546656 0)
(1.00032 0.00055601 0)
(0.999694 0.000565805 0)
(0.999368 0.000575895 0)
(0.999359 0.000586385 0)
(0.999508 0.000597518 0)
(0.99979 0.00060913 0)
(1.00005 0.000621722 0)
(1.00031 0.000635045 0)
(1.00047 0.000649392 0)
(1.00059 0.000664816 0)
(1.00061 0.000680722 0)
(1.00063 0.000697804 0)
(1.00057 0.00071434 0)
(1.00056 0.00073152 0)
(1.0005 0.000747577 0)
(1.00052 0.00076333 0)
(1.00049 0.000778993 0)
(1.00055 0.000794361 0)
(1.00055 0.000811179 0)
(1.00064 0.000829307 0)
(1.00065 0.000847036 0)
(1.00076 0.000865692 0)
(1.00077 0.00088082 0)
(1.00089 0.000892328 0)
(1.00089 0.000905414 0)
(1.00101 0.000917285 0)
(1.00102 0.000923759 0)
(1.00114 0.000928962 0)
(0.997942 0.000373959 0)
(1.00153 0.000380037 0)
(1.00351 0.00038647 0)
(1.00399 0.00039296 0)
(1.00344 0.000399806 0)
(1.00237 0.000406717 0)
(1.00124 0.00041394 0)
(1.00028 0.000421304 0)
(0.999649 0.000428914 0)
(0.999325 0.000436843 0)
(0.999311 0.000444972 0)
(0.999462 0.000453689 0)
(0.999739 0.000462645 0)
(1 0.000472449 0)
(1.00026 0.000482659 0)
(1.00041 0.000493758 0)
(1.00053 0.000505496 0)
(1.00055 0.000517722 0)
(1.00056 0.00053064 0)
(1.0005 0.000543279 0)
(1.00049 0.000556181 0)
(1.00043 0.000568382 0)
(1.00044 0.000580109 0)
(1.00041 0.000591931 0)
(1.00046 0.000603247 0)
(1.00046 0.000615837 0)
(1.00054 0.000629085 0)
(1.00055 0.000642215 0)
(1.00065 0.000655668 0)
(1.00066 0.000666646 0)
(1.00076 0.000674477 0)
(1.00076 0.000683764 0)
(1.00086 0.00069173 0)
(1.00086 0.000696036 0)
(1.00097 0.000699162 0)
(0.997918 0.000261561 0)
(1.0015 0.000265887 0)
(1.00349 0.00027049 0)
(1.00396 0.000275111 0)
(1.00341 0.000280005 0)
(1.00234 0.000284914 0)
(1.00121 0.000290066 0)
(1.00025 0.00029528 0)
(0.999617 0.000300692 0)
(0.999293 0.000306286 0)
(0.999276 0.000312049 0)
(0.999428 0.000318173 0)
(0.999702 0.000324496 0)
(0.999963 0.000331356 0)
(1.00022 0.000338531 0)
(1.00037 0.000346263 0)
(1.00049 0.000354474 0)
(1.0005 0.000362949 0)
(1.00051 0.000371943 0)
(1.00045 0.000380656 0)
(1.00043 0.00038959 0)
(1.00037 0.000397934 0)
(1.00037 0.000405989 0)
(1.00035 0.000414002 0)
(1.00039 0.000421713 0)
(1.00039 0.000430206 0)
(1.00046 0.00043923 0)
(1.00047 0.000448062 0)
(1.00055 0.000457222 0)
(1.00057 0.000464552 0)
(1.00065 0.000469824 0)
(1.00066 0.000476048 0)
(1.00074 0.000481537 0)
(1.00075 0.000484415 0)
(1.00084 0.00048669 0)
(0.997901 0.000156369 0)
(1.00149 0.00015893 0)
(1.00347 0.000161647 0)
(1.00395 0.000164372 0)
(1.00339 0.000167256 0)
(1.00232 0.000170153 0)
(1.00119 0.000173193 0)
(1.00023 0.000176275 0)
(0.999594 0.000179474 0)
(0.999271 0.000182786 0)
(0.999252 0.000186194 0)
(0.999404 0.00018982 0)
(0.999675 0.000193557 0)
(0.999937 0.000197615 0)
(1.00019 0.000201852 0)
(1.00034 0.000206419 0)
(1.00045 0.000211262 0)
(1.00047 0.000216262 0)
(1.00048 0.000221562 0)
(1.00042 0.000226694 0)
(1.00039 0.000231951 0)
(1.00033 0.00023686 0)
(1.00033 0.000241589 0)
(1.0003 0.000246301 0)
(1.00034 0.000250829 0)
(1.00034 0.000255835 0)
(1.0004 0.000261155 0)
(1.00042 0.000266378 0)
(1.00049 0.000271799 0)
(1.0005 0.000276148 0)
(1.00058 0.000279275 0)
(1.00058 0.000282989 0)
(1.00066 0.00028626 0)
(1.00066 0.000287992 0)
(1.00074 0.000289348 0)
(0.997894 5.24995e-05 0)
(1.00148 5.33433e-05 0)
(1.00346 5.42334e-05 0)
(1.00394 5.51249e-05 0)
(1.00339 5.60677e-05 0)
(1.00231 5.70168e-05 0)
(1.00118 5.80145e-05 0)
(1.00022 5.90299e-05 0)
(0.999583 6.0085e-05 0)
(0.999261 6.11817e-05 0)
(0.99924 6.23101e-05 0)
(0.999392 6.35143e-05 0)
(0.999662 6.47536e-05 0)
(0.999924 6.61019e-05 0)
(1.00017 6.75065e-05 0)
(1.00033 6.90231e-05 0)
(1.00044 7.06275e-05 0)
(1.00046 7.22864e-05 0)
(1.00046 7.4041e-05 0)
(1.0004 7.57433e-05 0)
(1.00037 7.74834e-05 0)
(1.00031 7.91119e-05 0)
(1.00031 8.06771e-05 0)
(1.00028 8.22419e-05 0)
(1.00031 8.37418e-05 0)
(1.00031 8.54074e-05 0)
(1.00037 8.71732e-05 0)
(1.00039 8.89133e-05 0)
(1.00046 9.07136e-05 0)
(1.00047 9.21623e-05 0)
(1.00054 9.3196e-05 0)
(1.00055 9.44324e-05 0)
(1.00062 9.55126e-05 0)
(1.00062 9.60866e-05 0)
(1.00069 9.65277e-05 0)
(0.890339 0.00381199 0)
(1.10761 -0.00363239 0)
(0.89918 0.00445114 0)
(1.09144 -0.0033362 0)
(0.908273 0.00210142 0)
(1.07861 -0.00274373 0)
(0.91289 0.00432973 0)
(1.06752 -0.00126818 0)
(0.920167 0.00498326 0)
(1.05656 -0.0014124 0)
(0.927046 0.00365494 0)
(1.04634 -0.00151808 0)
(0.932812 0.00318175 0)
(1.03693 -0.00150091 0)
(0.936638 0.00269928 0)
(1.02696 -0.00167773 0)
(0.937881 0.00235664 0)
(1.01541 -0.00136405 0)
(0.935443 0.00282793 0)
(1.00172 0.00198729 0)
(0.907805 0.00355011 0)
(1.08506 -0.0031612 0)
(0.919548 0.00419635 0)
(1.06641 -0.00289925 0)
(0.931973 0.00172059 0)
(1.05099 -0.00210852 0)
(0.940846 0.00405578 0)
(1.03681 -0.000759802 0)
(0.952094 0.00489803 0)
(1.02313 -0.00114525 0)
(0.962154 0.00387163 0)
(1.01101 -0.0015791 0)
(0.969674 0.00371586 0)
(1.00073 -0.00181261 0)
(0.973903 0.00355934 0)
(0.991169 -0.00205132 0)
(0.974391 0.00370598 0)
(0.981117 -0.000977052 0)
(0.971232 0.00626436 0)
(0.970288 0.00564109 0)
(0.937313 0.00348855 0)
(1.05138 -0.00295614 0)
(0.950986 0.0041796 0)
(1.03388 -0.00283976 0)
(0.963541 0.00179874 0)
(1.01974 -0.00205511 0)
(0.971541 0.00413364 0)
(1.00922 -0.000836844 0)
(0.979427 0.00485405 0)
(1.00132 -0.00100973 0)
(0.984776 0.00366927 0)
(0.995434 -0.00111995 0)
(0.986917 0.00325467 0)
(0.991009 -0.000918037 0)
(0.986216 0.00294963 0)
(0.986462 -0.000485889 0)
(0.982843 0.00330557 0)
(0.980757 0.00189979 0)
(0.977404 0.00703604 0)
(0.974314 0.0089412 0)
(0.966064 0.00358422 0)
(1.02345 -0.00294213 0)
(0.977208 0.00428809 0)
(1.01247 -0.00288545 0)
(0.985152 0.00193385 0)
(1.00356 -0.00204348 0)
(0.98859 0.00418138 0)
(0.999284 -0.000743559 0)
(0.991649 0.00464868 0)
(0.996932 -0.000622399 0)
(0.993251 0.00321799 0)
(0.994827 -0.000414048 0)
(0.992757 0.00254308 0)
(0.992547 0.000156052 0)
(0.990559 0.00235828 0)
(0.9892 0.000956062 0)
(0.986722 0.0033834 0)
(0.98451 0.00399065 0)
(0.981737 0.00760482 0)
(0.979242 0.0105647 0)
(0.984974 0.00366153 0)
(1.00905 -0.00290741 0)
(0.99176 0.00428367 0)
(1.00485 -0.00283096 0)
(0.995104 0.00192536 0)
(0.999948 -0.00183706 0)
(0.995598 0.00397638 0)
(0.999099 -0.000412032 0)
(0.996632 0.00415951 0)
(0.998734 -6.88913e-05 0)
(0.997137 0.00257071 0)
(0.997523 0.000394525 0)
(0.996096 0.00190853 0)
(0.995536 0.0010794 0)
(0.99365 0.00219326 0)
(0.992403 0.00223242 0)
(0.990063 0.00406308 0)
(0.98825 0.00562488 0)
(0.985759 0.00851926 0)
(0.983767 0.0115321 0)
(0.993717 0.00363819 0)
(1.00457 -0.00278754 0)
(0.997723 0.0041041 0)
(1.00404 -0.0026396 0)
(0.998796 0.00177046 0)
(1.00077 -0.00149759 0)
(0.998488 0.00355326 0)
(1.00109 4.81822e-05 0)
(0.999199 0.00346044 0)
(1.00113 0.000614588 0)
(0.999559 0.00186997 0)
(1.00006 0.00112317 0)
(0.998421 0.00152114 0)
(0.998108 0.00168389 0)
(0.996018 0.00242277 0)
(0.995157 0.00338927 0)
(0.992787 0.00506828 0)
(0.991431 0.00713706 0)
(0.989053 0.00950686 0)
(0.987588 0.012255 0)
(0.99654 0.00352536 0)
(1.00399 -0.00260514 0)
(0.999581 0.00380499 0)
(1.0047 -0.00235492 0)
(0.999947 0.00150823 0)
(1.00198 -0.00109192 0)
(0.999705 0.00303939 0)
(1.00269 0.000545712 0)
(1.00054 0.00279511 0)
(1.00277 0.00116983 0)
(1.00092 0.00149639 0)
(1.00175 0.0014298 0)
(0.999797 0.00150574 0)
(0.999888 0.00195691 0)
(0.9976 0.00284535 0)
(0.997191 0.00410741 0)
(0.9948 0.00590473 0)
(0.993864 0.00804224 0)
(0.991488 0.0105388 0)
(0.990551 0.01315 0)
(0.997158 0.00336106 0)
(1.00415 -0.00237318 0)
(0.999987 0.00342869 0)
(1.0051 -0.00201707 0)
(1.00021 0.00119536 0)
(1.00265 -0.000659145 0)
(1.00017 0.0025072 0)
(1.00349 0.000990832 0)
(1.00112 0.00233707 0)
(1.00355 0.00141739 0)
(1.00151 0.0014186 0)
(1.0026 0.00145059 0)
(1.00045 0.00170105 0)
(1.00088 0.00205736 0)
(0.998549 0.0031708 0)
(0.998493 0.00446716 0)
(0.996182 0.00658964 0)
(0.995683 0.00893913 0)
(0.993472 0.0117134 0)
(0.992634 0.0142108 0)
(0.99741 0.0031542 0)
(1.00407 -0.00206704 0)
(1.00017 0.00296214 0)
(1.00501 -0.00159176 0)
(1.00038 0.000798267 0)
(1.00276 -0.000169206 0)
(1.00045 0.00196647 0)
(1.00364 0.00132325 0)
(1.0014 0.00198052 0)
(1.00368 0.00154517 0)
(1.00179 0.00131706 0)
(1.00284 0.00153188 0)
(1.00081 0.00177085 0)
(1.00129 0.00243964 0)
(0.999219 0.00373959 0)
(0.999376 0.00537888 0)
(0.997467 0.00755383 0)
(0.99713 0.0101157 0)
(0.995049 0.0125772 0)
(0.994086 0.0148004 0)
(0.997881 0.00292964 0)
(1.00362 -0.00171796 0)
(1.00054 0.00245634 0)
(1.00453 -0.00115081 0)
(1.00076 0.000410008 0)
(1.00252 0.000272071 0)
(1.00083 0.00157847 0)
(1.00342 0.00144541 0)
(1.00169 0.00174287 0)
(1.00345 0.00157482 0)
(1.00203 0.00129187 0)
(1.00278 0.00172008 0)
(1.00117 0.00222933 0)
(1.00158 0.00320866 0)
(0.999986 0.00470764 0)
(1.00008 0.00649508 0)
(0.998638 0.00850152 0)
(0.99827 0.010746 0)
(0.996447 0.0128876 0)
(0.995213 0.0148306 0)
(0.998547 0.002677 0)
(1.00296 -0.0013156 0)
(1.00107 0.00190106 0)
(1.00391 -0.000694341 0)
(1.00128 5.95411e-05 0)
(1.00216 0.00057109 0)
(1.00126 0.00136096 0)
(1.00309 0.00141334 0)
(1.00199 0.00160552 0)
(1.00314 0.00159205 0)
(1.00231 0.00153173 0)
(1.00273 0.00217474 0)
(1.00165 0.00299816 0)
(1.00182 0.00403816 0)
(1.00077 0.00543049 0)
(1.00073 0.00714904 0)
(0.999753 0.00898026 0)
(0.999279 0.010979 0)
(0.997737 0.012863 0)
(0.996231 0.0145708 0)
(0.999178 0.00241589 0)
(1.00233 -0.000897452 0)
(1.00156 0.00134844 0)
(1.00334 -0.000317875 0)
(1.00174 -0.000169932 0)
(1.00188 0.000621437 0)
(1.00162 0.00128986 0)
(1.00282 0.0013217 0)
(1.00225 0.00160978 0)
(1.00292 0.00180452 0)
(1.00261 0.00201255 0)
(1.00277 0.00272834 0)
(1.0021 0.00359372 0)
(1.0021 0.00460877 0)
(1.00151 0.00592188 0)
(1.00141 0.00754547 0)
(1.00081 0.00925311 0)
(1.00028 0.0110624 0)
(0.998949 0.0127666 0)
(0.997233 0.0142715 0)
(0.999614 0.00213178 0)
(1.00187 -0.000460161 0)
(1.00187 0.000816604 0)
(1.00293 -4.3827e-05 0)
(1.00202 -0.000305638 0)
(1.00174 0.000547673 0)
(1.00184 0.00121553 0)
(1.00265 0.00136395 0)
(1.00246 0.0017756 0)
(1.00282 0.00220529 0)
(1.00283 0.00247457 0)
(1.00287 0.00313823 0)
(1.0025 0.00401381 0)
(1.00245 0.00504357 0)
(1.00221 0.00631787 0)
(1.00214 0.00785374 0)
(1.00182 0.00945421 0)
(1.00129 0.0110919 0)
(1.00007 0.0126357 0)
(0.998212 0.01396 0)
(0.999842 0.00185216 0)
(1.00156 -5.15232e-05 0)
(1.002 0.000457333 0)
(1.00267 4.95505e-05 0)
(1.00211 -0.000319932 0)
(1.00171 0.000503698 0)
(1.00197 0.00119244 0)
(1.0026 0.00150906 0)
(1.00259 0.00200576 0)
(1.00281 0.00250036 0)
(1.00298 0.00281518 0)
(1.00303 0.0034474 0)
(1.00286 0.00434661 0)
(1.00286 0.00541637 0)
(1.00286 0.00665511 0)
(1.0029 0.00808931 0)
(1.00276 0.00956827 0)
(1.00227 0.0110386 0)
(1.00112 0.0124268 0)
(0.999142 0.0135995 0)
(0.999938 0.00158757 0)
(1.00133 0.000308824 0)
(1.00198 0.00030302 0)
(1.00249 -1.75834e-05 0)
(1.00212 -0.000245141 0)
(1.00172 0.000506371 0)
(1.00204 0.00127105 0)
(1.0026 0.00166284 0)
(1.00268 0.0021527 0)
(1.00284 0.00268544 0)
(1.00309 0.00308103 0)
(1.00323 0.00372561 0)
(1.00322 0.00464266 0)
(1.00332 0.0057266 0)
(1.00349 0.0069096 0)
(1.00366 0.00823226 0)
(1.00364 0.0095861 0)
(1.00323 0.010908 0)
(1.00209 0.0121471 0)
(1.00002 0.0131934 0)
(0.999973 0.00132375 0)
(1.00114 0.000628943 0)
(1.00187 0.000234789 0)
(1.00233 -8.04965e-05 0)
(1.0021 -0.000206264 0)
(1.00177 0.00055226 0)
(1.00209 0.00135265 0)
(1.00261 0.00178808 0)
(1.00275 0.00226999 0)
(1.00289 0.00285793 0)
(1.0032 0.00334749 0)
(1.00345 0.00401268 0)
(1.00359 0.00491101 0)
(1.00379 0.00597217 0)
(1.0041 0.00709418 0)
(1.00439 0.00831141 0)
(1.00449 0.00954735 0)
(1.00413 0.0107363 0)
(1.003 0.0118311 0)
(1.00084 0.0127604 0)
(0.999987 0.00108752 0)
(1.00096 0.000877146 0)
(1.00171 0.000255834 0)
(1.00218 -0.000132884 0)
(1.00206 -0.000154702 0)
(1.00182 0.000603733 0)
(1.00213 0.00140998 0)
(1.00263 0.00188923 0)
(1.00281 0.00240574 0)
(1.00298 0.0030441 0)
(1.00333 0.00361057 0)
(1.00368 0.00428657 0)
(1.00396 0.00515326 0)
(1.00427 0.00617558 0)
(1.0047 0.00724931 0)
(1.00511 0.00837038 0)
(1.0053 0.00948908 0)
(1.00499 0.0105456 0)
(1.00385 0.0114987 0)
(1.0016 0.0123086 0)
(0.999996 0.000874194 0)
(1.00078 0.000999845 0)
(1.00151 0.00036654 0)
(1.00202 -0.000104602 0)
(1.00202 -0.000104494 0)
(1.00187 0.000632081 0)
(1.00219 0.00146612 0)
(1.00266 0.00202686 0)
(1.0029 0.0025739 0)
(1.00309 0.00323158 0)
(1.00348 0.00383763 0)
(1.00392 0.00452068 0)
(1.00434 0.0053565 0)
(1.00477 0.00633259 0)
(1.0053 0.00735493 0)
(1.0058 0.00837756 0)
(1.00606 0.00937002 0)
(1.00578 0.010292 0)
(1.00463 0.0111105 0)
(1.00229 0.0118047 0)
(1 0.000717546 0)
(1.00063 0.000942372 0)
(1.0013 0.000525192 0)
(1.00184 4.18924e-05 0)
(1.00199 3.10473e-06 0)
(1.00195 0.000692865 0)
(1.00227 0.00155303 0)
(1.00272 0.00218549 0)
(1.003 0.00275007 0)
(1.00322 0.00341721 0)
(1.00366 0.00405824 0)
(1.00418 0.00475528 0)
(1.00473 0.00556001 0)
(1.00528 0.00647868 0)
(1.0059 0.00742631 0)
(1.00647 0.00834531 0)
(1.00677 0.0092106 0)
(1.0065 0.0100064 0)
(1.00534 0.0107062 0)
(1.00292 0.0112982 0)
(1.00001 0.000597905 0)
(1.00051 0.000803282 0)
(1.00112 0.000706438 0)
(1.00167 0.000266905 0)
(1.00195 9.50656e-05 0)
(1.00204 0.000710898 0)
(1.00239 0.00158522 0)
(1.00282 0.00227617 0)
(1.00313 0.00287524 0)
(1.0034 0.00355377 0)
(1.00388 0.00422696 0)
(1.00448 0.00492461 0)
(1.00514 0.00568759 0)
(1.0058 0.0065314 0)
(1.00649 0.00738723 0)
(1.0071 0.00820868 0)
(1.00743 0.00896654 0)
(1.00717 0.00965619 0)
(1.00599 0.0102604 0)
(1.0035 0.0107677 0)
(1.00001 0.00042646 0)
(1.00043 0.000716734 0)
(1.00098 0.000667227 0)
(1.00149 0.000578819 0)
(1.0019 0.000390315 0)
(1.00215 0.000910398 0)
(1.00255 0.00171291 0)
(1.00296 0.00238079 0)
(1.0033 0.00298393 0)
(1.00361 0.00364743 0)
(1.00414 0.00432635 0)
(1.0048 0.00500726 0)
(1.00556 0.00572349 0)
(1.0063 0.00649045 0)
(1.00707 0.00725918 0)
(1.00771 0.00799207 0)
(1.00807 0.00866376 0)
(1.00781 0.00926247 0)
(1.0066 0.00978668 0)
(1.00405 0.0102199 0)
(1.00002 0.000337682 0)
(1.00036 0.000458813 0)
(1.00091 0.000428612 0)
(1.00141 0.000597275 0)
(1.00187 0.000920199 0)
(1.00224 0.00144596 0)
(1.0027 0.00206899 0)
(1.00311 0.00262169 0)
(1.00349 0.00317827 0)
(1.00386 0.00381084 0)
(1.00444 0.00447174 0)
(1.00516 0.005133 0)
(1.00599 0.00580565 0)
(1.00682 0.0064971 0)
(1.00764 0.0071816 0)
(1.00832 0.00782227 0)
(1.00868 0.00840886 0)
(1.00841 0.0089193 0)
(1.00717 0.00936523 0)
(1.00456 0.00972848 0)
(1.00002 0.000303262 0)
(1.0003 0.000208931 0)
(1.00088 0.000421397 0)
(1.00147 0.000670881 0)
(1.00201 0.00126982 0)
(1.00237 0.00182615 0)
(1.00284 0.00233984 0)
(1.00327 0.00281846 0)
(1.00372 0.00333118 0)
(1.00415 0.00393426 0)
(1.00479 0.00456408 0)
(1.00556 0.00519606 0)
(1.00645 0.00582134 0)
(1.00733 0.00643715 0)
(1.0082 0.0070397 0)
(1.0089 0.0075922 0)
(1.00927 0.00809702 0)
(1.00898 0.00853142 0)
(1.00771 0.00890854 0)
(1.00505 0.00921565 0)
(1.00003 0.000214945 0)
(1.00029 0.00029148 0)
(1.00093 0.000571289 0)
(1.00154 0.000929786 0)
(1.00213 0.00136026 0)
(1.00251 0.00187776 0)
(1.003 0.00238652 0)
(1.00345 0.00286269 0)
(1.00396 0.0033606 0)
(1.00446 0.00393191 0)
(1.00516 0.00453229 0)
(1.00597 0.00512307 0)
(1.00691 0.00570185 0)
(1.00784 0.00625293 0)
(1.00874 0.00678501 0)
(1.00945 0.00726686 0)
(1.00982 0.00770305 0)
(1.00952 0.00807955 0)
(1.00822 0.00840224 0)
(1.0055 0.00866759 0)
(1.00004 0.000191541 0)
(1.00027 0.000405152 0)
(1.00095 0.000662915 0)
(1.00159 0.000985895 0)
(1.00223 0.00139478 0)
(1.00265 0.00190262 0)
(1.00316 0.0024279 0)
(1.00364 0.00292332 0)
(1.0042 0.00341488 0)
(1.00477 0.00395063 0)
(1.00552 0.0045125 0)
(1.00636 0.00505584 0)
(1.00735 0.00558274 0)
(1.00831 0.00607529 0)
(1.00924 0.00654094 0)
(1.00995 0.00696141 0)
(1.01032 0.00733531 0)
(1.01 0.00766027 0)
(1.00868 0.00793417 0)
(1.00591 0.00816144 0)
(1.00004 0.000189974 0)
(1.00027 0.000443174 0)
(1.00097 0.000733292 0)
(1.00163 0.00107759 0)
(1.00233 0.00149497 0)
(1.0028 0.00199407 0)
(1.00334 0.00251933 0)
(1.00383 0.00301451 0)
(1.00444 0.00349328 0)
(1.00506 0.00398794 0)
(1.00586 0.00450247 0)
(1.00674 0.00499462 0)
(1.00775 0.00546234 0)
(1.00873 0.00589609 0)
(1.00968 0.0062962 0)
(1.0104 0.00665793 0)
(1.01077 0.00697365 0)
(1.01043 0.00724891 0)
(1.00908 0.00747806 0)
(1.00626 0.00766897 0)
(1.00005 0.000193259 0)
(1.00026 0.000479263 0)
(1.00099 0.000809614 0)
(1.00168 0.00118451 0)
(1.00244 0.00161371 0)
(1.00295 0.00209786 0)
(1.00352 0.00259532 0)
(1.00403 0.00306862 0)
(1.00467 0.00352163 0)
(1.00534 0.00397417 0)
(1.00618 0.00443545 0)
(1.00708 0.00487473 0)
(1.00812 0.00528333 0)
(1.00912 0.00566113 0)
(1.01008 0.00600314 0)
(1.0108 0.00631251 0)
(1.01115 0.00657948 0)
(1.01079 0.00681139 0)
(1.00942 0.00700364 0)
(1.00656 0.00716332 0)
(1.00005 0.000201689 0)
(1.00027 0.000528908 0)
(1.00103 0.000895075 0)
(1.00174 0.00129852 0)
(1.00254 0.00173484 0)
(1.00308 0.00219589 0)
(1.00369 0.00265681 0)
(1.00422 0.00309452 0)
(1.00489 0.00351382 0)
(1.00559 0.00392057 0)
(1.00647 0.00432276 0)
(1.00739 0.0047062 0)
(1.00845 0.00505901 0)
(1.00945 0.00538484 0)
(1.01043 0.00567786 0)
(1.01114 0.00594256 0)
(1.01148 0.0061722 0)
(1.0111 0.00636872 0)
(1.0097 0.00653241 0)
(1.00681 0.0066661 0)
(1.00006 0.000216908 0)
(1.00027 0.000586343 0)
(1.00106 0.000979198 0)
(1.0018 0.0014101 0)
(1.00263 0.0018453 0)
(1.00321 0.00228723 0)
(1.00384 0.00270959 0)
(1.00438 0.00310567 0)
(1.00508 0.00347544 0)
(1.0058 0.00383326 0)
(1.00672 0.00416867 0)
(1.00765 0.00449507 0)
(1.00873 0.00478975 0)
(1.00974 0.00506539 0)
(1.01072 0.00531063 0)
(1.01144 0.00553355 0)
(1.01177 0.00572781 0)
(1.01137 0.00589557 0)
(1.00994 0.00603582 0)
(1.00702 0.00614944 0)
(1.00006 0.000241071 0)
(1.00028 0.000647996 0)
(1.0011 0.0010709 0)
(1.00185 0.00152144 0)
(1.00272 0.00195716 0)
(1.00331 0.00237377 0)
(1.00397 0.0027569 0)
(1.00451 0.00310702 0)
(1.00523 0.00342073 0)
(1.00596 0.00372181 0)
(1.0069 0.00399182 0)
(1.00785 0.00425239 0)
(1.00894 0.00448647 0)
(1.00996 0.00470315 0)
(1.01095 0.00489717 0)
(1.01166 0.00507153 0)
(1.01199 0.00522734 0)
(1.01158 0.00536441 0)
(1.01013 0.00548414 0)
(1.00717 0.00558277 0)
(1.00007 0.000323369 0)
(1.00029 0.000869972 0)
(1.00118 0.0013917 0)
(1.00195 0.00186897 0)
(1.00288 0.00230202 0)
(1.00347 0.002662 0)
(1.00416 0.00297066 0)
(1.00469 0.00322325 0)
(1.00544 0.00343269 0)
(1.00618 0.00360551 0)
(1.00714 0.00374598 0)
(1.00811 0.00385819 0)
(1.00921 0.00395137 0)
(1.01024 0.00402388 0)
(1.01125 0.00408765 0)
(1.01197 0.0041386 0)
(1.01231 0.0041878 0)
(1.01191 0.00422959 0)
(1.01046 0.00427138 0)
(1.00746 0.00430611 0)
(1.00007 0.000392538 0)
(1.00027 0.00102611 0)
(1.00111 0.00154821 0)
(1.00182 0.00195155 0)
(1.00265 0.00223937 0)
(1.00316 0.00241954 0)
(1.00375 0.00252994 0)
(1.00418 0.00259936 0)
(1.0048 0.00264533 0)
(1.0054 0.00268433 0)
(1.00621 0.0027187 0)
(1.00704 0.00275246 0)
(1.00802 0.00278641 0)
(1.00896 0.00282055 0)
(1.0099 0.00285662 0)
(1.01059 0.00289304 0)
(1.01093 0.00293153 0)
(1.01055 0.00297046 0)
(1.00913 0.00301067 0)
(1.00617 0.00305016 0)
(1.0001 0.000781929 0)
(1.00008 0.00214675 0)
(1.00075 0.00317225 0)
(1.00117 0.00373991 0)
(1.0018 0.00401581 0)
(1.0021 0.0040344 0)
(1.0026 0.00394477 0)
(1.00299 0.00372921 0)
(1.00369 0.00344281 0)
(1.0044 0.00304607 0)
(1.0054 0.00257426 0)
(1.00639 0.00199931 0)
(1.00756 0.001362 0)
(1.00865 0.000652033 0)
(1.00975 -8.22071e-05 0)
(1.01056 -0.000833236 0)
(1.01103 -0.00154256 0)
(1.01074 -0.00218209 0)
(1.00942 -0.00267854 0)
(1.00652 -0.00298324 0)
(1.00008 0.000731863 0)
(0.9998 0.00200935 0)
(0.999495 0.0029623 0)
(0.99889 0.00347351 0)
(0.998598 0.0037054 0)
(0.998218 0.00369211 0)
(0.998033 0.00357938 0)
(0.997626 0.00334952 0)
(0.997227 0.00305516 0)
(0.996561 0.00265378 0)
(0.995859 0.00217714 0)
(0.994947 0.00159633 0)
(0.994044 0.000950729 0)
(0.99305 0.000230635 0)
(0.992196 -0.000515867 0)
(0.991487 -0.00128042 0)
(0.991235 -0.00200449 0)
(0.991629 -0.0026594 0)
(0.993148 -0.00317131 0)
(0.996144 -0.00349101 0)
(1.00009 0.00029808 0)
(0.999616 0.000755078 0)
(0.999107 0.00110664 0)
(0.998231 0.00134792 0)
(0.997696 0.00147822 0)
(0.997111 0.00151008 0)
(0.996839 0.00147984 0)
(0.996434 0.00141965 0)
(0.996138 0.00134779 0)
(0.995612 0.00128106 0)
(0.995086 0.00122069 0)
(0.994338 0.00117259 0)
(0.993596 0.0011342 0)
(0.992733 0.00110652 0)
(0.991995 0.00108787 0)
(0.991376 0.00107712 0)
(0.991209 0.00107348 0)
(0.991677 0.00107545 0)
(0.99327 0.00108246 0)
(0.996329 0.00109251 0)
(1.00007 0.000218229 0)
(0.999548 0.000562129 0)
(0.998862 0.000845903 0)
(0.997812 0.0010601 0)
(0.99704 0.00120461 0)
(0.996244 0.00127567 0)
(0.995728 0.00129612 0)
(0.995112 0.00127939 0)
(0.994585 0.00123888 0)
(0.993869 0.00118561 0)
(0.99316 0.00112549 0)
(0.992284 0.00106466 0)
(0.99144 0.00100657 0)
(0.990535 0.00095341 0)
(0.989784 0.000907528 0)
(0.9892 0.000868408 0)
(0.989086 0.000837362 0)
(0.989632 0.000812372 0)
(0.991301 0.000793847 0)
(0.994442 0.000779296 0)
(1.00006 0.00012019 0)
(0.999513 0.000294872 0)
(0.998734 0.000449942 0)
(0.997624 0.000581672 0)
(0.996743 0.000681853 0)
(0.995885 0.000746196 0)
(0.995296 0.000787047 0)
(0.994666 0.000814335 0)
(0.994128 0.000833345 0)
(0.993445 0.000852384 0)
(0.992763 0.000869901 0)
(0.991937 0.000889324 0)
(0.991128 0.000908274 0)
(0.990269 0.000927492 0)
(0.989546 0.000945888 0)
(0.988997 0.00096324 0)
(0.988902 0.000979543 0)
(0.989473 0.000994292 0)
(0.991154 0.00100796 0)
(0.994312 0.00102 0)
(1.00006 8.8507e-05 0)
(0.999496 0.000216702 0)
(0.998691 0.00033684 0)
(0.997547 0.00044652 0)
(0.996631 0.000538508 0)
(0.995737 0.000606649 0)
(0.995116 0.000658174 0)
(0.994455 0.000698081 0)
(0.993892 0.000728616 0)
(0.993187 0.000755095 0)
(0.992487 0.000776341 0)
(0.991646 0.000795492 0)
(0.990823 0.000811566 0)
(0.989952 0.000825857 0)
(0.98922 0.00083829 0)
(0.988663 0.000849114 0)
(0.988562 0.000858783 0)
(0.989128 0.000867054 0)
(0.990806 0.000874539 0)
(0.993959 0.000880817 0)
(1.00004 6.40532e-05 0)
(0.999501 0.000153025 0)
(0.998653 0.000240529 0)
(0.997514 0.000323211 0)
(0.996554 0.000395275 0)
(0.995658 0.000450092 0)
(0.995 0.000493836 0)
(0.994339 0.000529379 0)
(0.99375 0.000558662 0)
(0.993048 0.000585204 0)
(0.992331 0.000608075 0)
(0.991496 0.000629247 0)
(0.990665 0.000648021 0)
(0.989804 0.000665078 0)
(0.989069 0.000680497 0)
(0.988523 0.000694189 0)
(0.988421 0.000706675 0)
(0.988996 0.000717554 0)
(0.990673 0.000727495 0)
(0.993834 0.000736028 0)
(1.00004 4.86631e-05 0)
(0.999498 0.00011574 0)
(0.99864 0.000182871 0)
(0.997496 0.000248686 0)
(0.996524 0.000307242 0)
(0.995622 0.000353715 0)
(0.994955 0.00039186 0)
(0.99429 0.000424311 0)
(0.993696 0.000451647 0)
(0.992993 0.000477056 0)
(0.992273 0.000499052 0)
(0.991439 0.000519584 0)
(0.990606 0.000537567 0)
(0.989745 0.000553879 0)
(0.989009 0.000568238 0)
(0.988462 0.000580915 0)
(0.98836 0.000592129 0)
(0.988934 0.000601866 0)
(0.99061 0.000610524 0)
(0.993771 0.000617965 0)
(1.00003 3.74994e-05 0)
(0.999504 8.84876e-05 0)
(0.998628 0.000140574 0)
(0.997492 0.000191892 0)
(0.996505 0.000238367 0)
(0.995608 0.000275438 0)
(0.994928 0.000306458 0)
(0.994267 0.000332805 0)
(0.993663 0.000355276 0)
(0.992963 0.000375912 0)
(0.992236 0.000393878 0)
(0.991404 0.000410404 0)
(0.990566 0.000424933 0)
(0.989707 0.00043794 0)
(0.988965 0.000449448 0)
(0.98842 0.000459491 0)
(0.988312 0.000468433 0)
(0.988888 0.000476111 0)
(0.99056 0.000482987 0)
(0.99372 0.000488831 0)
(1.00003 2.78411e-05 0)
(0.999506 6.57761e-05 0)
(0.998622 0.000104441 0)
(0.99749 0.000143 0)
(0.996494 0.000177835 0)
(0.9956 0.000205917 0)
(0.994912 0.000229345 0)
(0.994253 0.000249475 0)
(0.993642 0.000266545 0)
(0.992943 0.000282356 0)
(0.99221 0.000296008 0)
(0.991379 0.000308657 0)
(0.990537 0.000319681 0)
(0.989678 0.000329635 0)
(0.988933 0.000338382 0)
(0.988388 0.000346102 0)
(0.988279 0.000352936 0)
(0.988855 0.000358877 0)
(0.990525 0.000364169 0)
(0.993686 0.000368723 0)
(1.00002 1.93764e-05 0)
(0.999509 4.55848e-05 0)
(0.998616 7.24789e-05 0)
(0.997488 9.92542e-05 0)
(0.996486 0.000123566 0)
(0.995594 0.000143109 0)
(0.994901 0.000159504 0)
(0.994243 0.000173556 0)
(0.993627 0.000185555 0)
(0.992929 0.000196645 0)
(0.992193 0.00020629 0)
(0.991363 0.000215206 0)
(0.990517 0.000223027 0)
(0.989659 0.000230069 0)
(0.988912 0.000236287 0)
(0.988368 0.000241754 0)
(0.988256 0.000246616 0)
(0.988833 0.000250825 0)
(0.990501 0.000254594 0)
(0.993663 0.000257825 0)
(1.00002 1.14928e-05 0)
(0.99951 2.70302e-05 0)
(0.998613 4.30081e-05 0)
(0.997487 5.89763e-05 0)
(0.99648 7.34999e-05 0)
(0.99559 8.52099e-05 0)
(0.994893 9.50423e-05 0)
(0.994236 0.000103487 0)
(0.993618 0.0001107 0)
(0.992921 0.000117374 0)
(0.992182 0.000123177 0)
(0.991352 0.000128547 0)
(0.990504 0.000133253 0)
(0.989647 0.000137492 0)
(0.988898 0.000141231 0)
(0.988354 0.000144519 0)
(0.988241 0.000147438 0)
(0.988818 0.000149964 0)
(0.990486 0.00015222 0)
(0.993648 0.00015415 0)
(1.00002 3.82437e-06 0)
(0.999512 8.99717e-06 0)
(0.998611 1.43307e-05 0)
(0.997488 1.96895e-05 0)
(0.996478 2.45719e-05 0)
(0.995589 2.85238e-05 0)
(0.99489 3.18412e-05 0)
(0.994235 3.46949e-05 0)
(0.993614 3.71284e-05 0)
(0.992918 3.93819e-05 0)
(0.992177 4.13383e-05 0)
(0.991349 4.31502e-05 0)
(0.990499 4.47357e-05 0)
(0.989642 4.61656e-05 0)
(0.988893 4.74244e-05 0)
(0.988349 4.85326e-05 0)
(0.988235 4.95142e-05 0)
(0.988812 5.03632e-05 0)
(0.990479 5.11191e-05 0)
(0.993641 5.17643e-05 0)
)
;

boundaryField
{
    top
    {
        type            fixedValue;
        value           uniform (1 0 0);
    }
    inlet
    {
        type            fixedValue;
        value           uniform (1 0 0);
    }
    outlet
    {
        type            zeroGradient;
    }
    plate
    {
        type            fixedValue;
        value           uniform (0 0 0);
    }
    symmBound
    {
        type            zeroGradient;
    }
    frontAndBack
    {
        type            empty;
    }
}


// ************************************************************************* //
