/*--------------------------------*- C++ -*----------------------------------*\
| =========                 |                                                 |
| \\      /  F ield         | OpenFOAM: The Open Source CFD Toolbox           |
|  \\    /   O peration     | Version:  1.4.1-dev                             |
|   \\  /    A nd           | Web:      http://www.openfoam.org               |
|    \\/     M anipulation  |                                                 |
\*---------------------------------------------------------------------------*/

FoamFile
{
    version 2.0;
    format ascii;

    root "/home/mjaworsk/OpenFOAM/mjaworsk-1.4.1-dev/run/FlatPlate-Blasius";
    case "icoHeatFoam-flatPlate2";
    instance "0.9";
    local "";

    class surfaceScalarField;
    object phi;
}

// * * * * * * * * * * * * * * * * * * * * * * * * * * * * * * * * * * * * * //

dimensions      [0 3 -1 0 0 0 0];

internalField   nonuniform List<scalar> 
4850
(
9.459e-09
5.44561e-09
-1.49046e-08
5.66167e-09
3.79733e-09
3.85077e-09
1.81089e-09
2.99124e-09
8.59538e-10
2.52896e-09
4.62276e-10
2.24033e-09
2.88635e-10
2.03192e-09
2.0841e-10
1.86708e-09
1.6484e-10
1.73101e-09
1.36062e-10
1.61604e-09
1.14975e-10
1.51709e-09
9.89456e-11
1.43061e-09
8.64858e-11
1.35406e-09
7.65444e-11
1.28556e-09
6.85001e-11
1.22377e-09
6.17928e-11
1.16753e-09
5.62433e-11
1.1161e-09
5.14308e-11
1.06866e-09
4.74392e-11
1.02484e-09
4.3816e-11
9.83967e-10
4.0874e-11
9.45942e-10
3.80242e-11
9.1011e-10
3.58323e-11
8.76633e-10
3.34768e-11
8.44787e-10
3.1846e-11
8.14993e-10
2.97948e-11
7.86343e-10
2.86495e-11
7.59547e-10
2.67964e-11
7.33425e-10
2.61218e-11
7.09073e-10
2.43517e-11
6.84926e-10
2.41469e-11
6.62555e-10
2.23714e-11
6.39882e-10
2.26726e-11
6.18936e-10
2.09462e-11
5.97338e-10
2.15982e-11
2.19638e-11
1.62833e-08
6.1283e-09
-1.6966e-08
1.3872e-08
6.20859e-09
1.16123e-08
4.07063e-09
9.84443e-09
2.62742e-09
8.50435e-09
1.80235e-09
7.52761e-09
1.26537e-09
6.80757e-09
9.28451e-10
6.24698e-09
7.25431e-10
5.78852e-09
5.94527e-10
5.40204e-09
5.01453e-10
5.06973e-09
4.31253e-10
4.77943e-09
3.76783e-10
4.52266e-09
3.33319e-10
4.29297e-09
2.98187e-10
4.08587e-09
2.68897e-10
3.89745e-09
2.44661e-10
3.72522e-09
2.23666e-10
3.56644e-09
2.06216e-10
3.41982e-09
1.90437e-10
3.28314e-09
1.77549e-10
3.156e-09
1.65168e-10
3.03631e-09
1.55523e-10
2.92447e-09
1.45319e-10
2.8182e-09
1.38112e-10
2.71872e-09
1.29272e-10
2.62318e-09
1.24191e-10
2.53379e-09
1.16184e-10
2.44675e-09
1.13168e-10
2.3657e-09
1.05398e-10
2.28526e-09
1.04586e-10
2.21116e-09
9.64771e-11
2.13547e-09
9.83591e-11
2.06684e-09
8.95732e-11
1.9941e-09
9.43403e-11
9.10966e-11
1.9181e-08
5.39369e-09
-1.84464e-08
1.86259e-08
6.76369e-09
1.74008e-08
5.29574e-09
1.60615e-08
3.96665e-09
1.47003e-08
3.16358e-09
1.34366e-08
2.52911e-09
1.23493e-08
2.01578e-09
1.14328e-08
1.64192e-09
1.06529e-08
1.37442e-09
9.97968e-09
1.17465e-09
9.39147e-09
1.01946e-09
8.87165e-09
8.96607e-10
8.40795e-09
7.97023e-10
7.99045e-09
7.1568e-10
7.61213e-09
6.47221e-10
7.26657e-09
5.90223e-10
6.94969e-09
5.4054e-10
6.65685e-09
4.99063e-10
6.38586e-09
4.61424e-10
6.13286e-09
4.30546e-10
5.89717e-09
4.0086e-10
5.6751e-09
3.77595e-10
5.46736e-09
3.53055e-10
5.26989e-09
3.35587e-10
5.08485e-09
3.14309e-10
4.9071e-09
3.01943e-10
4.7407e-09
2.82586e-10
4.57866e-09
2.75201e-10
4.42783e-09
2.56228e-10
4.27808e-09
2.54337e-10
4.14039e-09
2.34167e-10
3.99944e-09
2.39316e-10
3.87247e-09
2.16539e-10
3.73685e-09
2.29963e-10
2.16245e-10
2.09421e-08
4.60928e-09
-2.01577e-08
2.12893e-08
6.41658e-09
2.09588e-08
5.62615e-09
2.03805e-08
4.54502e-09
1.96026e-08
3.94146e-09
1.86694e-08
3.46234e-09
1.76938e-08
2.99136e-09
1.6748e-08
2.58772e-09
1.5857e-08
2.26534e-09
1.50286e-08
2.00305e-09
1.42649e-08
1.78322e-09
1.35631e-08
1.59839e-09
1.29189e-08
1.44124e-09
1.23261e-08
1.30851e-09
1.17797e-08
1.19357e-09
1.12739e-08
1.09603e-09
1.08051e-08
1.00934e-09
1.0368e-08
9.36164e-10
9.96064e-09
8.68775e-10
9.57803e-09
8.13148e-10
9.21986e-09
7.59033e-10
8.88096e-09
7.16497e-10
8.56283e-09
6.71186e-10
8.25948e-09
6.38935e-10
7.9745e-09
5.99289e-10
7.70013e-09
5.76315e-10
7.44281e-09
5.39907e-10
7.19187e-09
5.26135e-10
6.95804e-09
4.90064e-10
6.72567e-09
4.86703e-10
6.51195e-09
4.47893e-10
6.29305e-09
4.58215e-10
6.09599e-09
4.13594e-10
5.88559e-09
4.4037e-10
4.07933e-10
2.26236e-08
4.03953e-09
-2.20539e-08
2.32201e-08
5.82012e-09
2.33099e-08
5.53632e-09
2.3201e-08
4.6539e-09
2.29591e-08
4.18335e-09
2.25299e-08
3.89162e-09
2.19547e-08
3.56653e-09
2.12984e-08
3.24399e-09
2.05972e-08
2.96651e-09
1.98719e-08
2.72837e-09
1.91409e-08
2.51419e-09
1.84186e-08
2.3207e-09
1.77159e-08
2.14395e-09
1.70383e-08
1.98611e-09
1.63903e-08
1.84163e-09
1.57719e-08
1.71444e-09
1.51847e-08
1.59653e-09
1.4626e-08
1.49483e-09
1.40968e-08
1.39796e-09
1.35928e-08
1.3172e-09
1.31156e-08
1.23625e-09
1.26594e-08
1.17261e-09
1.22278e-08
1.1028e-09
1.18132e-08
1.05358e-09
1.14214e-08
9.91119e-10
1.1042e-08
9.55688e-10
1.06847e-08
8.97243e-10
1.03347e-08
8.76041e-10
1.00077e-08
8.17152e-10
9.68175e-09
8.12612e-10
9.38124e-09
7.48398e-10
9.07318e-09
7.6628e-10
8.79509e-09
6.91684e-10
8.49875e-09
7.36703e-10
6.76385e-10
2.44673e-08
3.64749e-09
-2.40753e-08
2.50809e-08
5.20661e-09
2.53197e-08
5.2975e-09
2.53764e-08
4.59717e-09
2.53975e-08
4.16227e-09
2.53109e-08
3.97825e-09
2.50925e-08
3.78488e-09
2.47758e-08
3.56071e-09
2.43847e-08
3.35758e-09
2.39278e-08
3.18534e-09
2.34149e-08
3.02707e-09
2.28577e-08
2.87789e-09
2.22698e-08
2.73181e-09
2.16616e-08
2.59437e-09
2.10442e-08
2.459e-09
2.04241e-08
2.33458e-09
1.98097e-08
2.21093e-09
1.92032e-08
2.1013e-09
1.86112e-08
1.98996e-09
1.80322e-08
1.89622e-09
1.74721e-08
1.79628e-09
1.69264e-08
1.71836e-09
1.64019e-08
1.62726e-09
1.58907e-08
1.5648e-09
1.54021e-08
1.4797e-09
1.49238e-08
1.43403e-09
1.44694e-08
1.35159e-09
1.40207e-08
1.32474e-09
1.35986e-08
1.23927e-09
1.31755e-08
1.23572e-09
1.27833e-08
1.1406e-09
1.23801e-08
1.16951e-09
1.20139e-08
1.05787e-09
1.16242e-08
1.12638e-09
1.02944e-09
2.64873e-08
3.36977e-09
-2.62096e-08
2.70528e-08
4.64108e-09
2.73588e-08
4.9916e-09
2.74569e-08
4.49904e-09
2.75502e-08
4.06891e-09
2.7612e-08
3.91646e-09
2.75897e-08
3.80716e-09
2.74932e-08
3.65721e-09
2.73417e-08
3.50912e-09
2.71356e-08
3.39146e-09
2.68726e-08
3.29006e-09
2.65523e-08
3.19821e-09
2.61799e-08
3.10416e-09
2.57593e-08
3.01499e-09
2.52988e-08
2.91954e-09
2.48028e-08
2.83055e-09
2.42813e-08
2.73242e-09
2.37376e-08
2.64498e-09
2.31821e-08
2.54544e-09
2.26154e-08
2.46293e-09
2.20482e-08
2.36354e-09
2.14772e-08
2.28932e-09
2.09143e-08
2.19015e-09
2.03518e-08
2.12734e-09
1.98038e-08
2.02766e-09
1.92568e-08
1.981e-09
1.87297e-08
1.87867e-09
1.82013e-08
1.8532e-09
1.76985e-08
1.74205e-09
1.71889e-08
1.74527e-09
1.67121e-08
1.61741e-09
1.62188e-08
1.66282e-09
1.57663e-08
1.51042e-09
1.52844e-08
1.60824e-09
1.469e-09
2.86824e-08
3.15562e-09
-2.84683e-08
2.91718e-08
4.15164e-09
2.95202e-08
4.64324e-09
2.96454e-08
4.37386e-09
2.97419e-08
3.97243e-09
2.98461e-08
3.81224e-09
2.99049e-08
3.74837e-09
2.99093e-08
3.65281e-09
2.98799e-08
3.5385e-09
2.98214e-08
3.44994e-09
2.97295e-08
3.38199e-09
2.95968e-08
3.33095e-09
2.94221e-08
3.27881e-09
2.92017e-08
3.2354e-09
2.89378e-08
3.18348e-09
2.86278e-08
3.14049e-09
2.82776e-08
3.08265e-09
2.78856e-08
3.03695e-09
2.7461e-08
2.97008e-09
2.70018e-08
2.92211e-09
2.65201e-08
2.84525e-09
2.60118e-08
2.79763e-09
2.54918e-08
2.71015e-09
2.4952e-08
2.66715e-09
2.44109e-08
2.56876e-09
2.38541e-08
2.53782e-09
2.33054e-08
2.42735e-09
2.27418e-08
2.41684e-09
2.21958e-08
2.28802e-09
2.16322e-08
2.30885e-09
2.10967e-08
2.15289e-09
2.05364e-08
2.22315e-09
2.00141e-08
2.0327e-09
1.94563e-08
2.1661e-09
1.98596e-09
3.10625e-08
2.97134e-09
-3.08782e-08
3.14665e-08
3.74755e-09
3.18313e-08
4.2785e-09
3.19937e-08
4.21146e-09
3.20844e-08
3.88169e-09
3.21919e-08
3.70475e-09
3.22818e-08
3.65852e-09
3.23277e-08
3.60688e-09
3.23462e-08
3.52002e-09
3.23497e-08
3.44644e-09
3.23397e-08
3.39192e-09
3.23089e-08
3.3618e-09
3.22556e-08
3.33213e-09
3.21733e-08
3.31761e-09
3.20624e-08
3.29441e-09
3.19155e-08
3.28742e-09
3.17347e-08
3.2634e-09
3.15129e-08
3.25882e-09
3.12555e-08
3.22745e-09
3.09553e-08
3.22232e-09
3.0622e-08
3.17853e-09
3.02473e-08
3.17232e-09
2.98457e-08
3.11174e-09
2.94062e-08
3.10668e-09
2.89486e-08
3.0264e-09
2.84566e-08
3.02978e-09
2.79565e-08
2.92739e-09
2.74242e-08
2.94923e-09
2.68947e-08
2.81745e-09
2.63329e-08
2.87072e-09
2.57864e-08
2.69936e-09
2.52044e-08
2.80514e-09
2.46486e-08
2.58854e-09
2.40515e-08
2.76317e-09
2.55492e-09
3.36449e-08
2.80142e-09
-3.3475e-08
3.3972e-08
3.42047e-09
3.43248e-08
3.92565e-09
3.4525e-08
4.01131e-09
3.46195e-08
3.78718e-09
3.47182e-08
3.60606e-09
3.48191e-08
3.55758e-09
3.48867e-08
3.53929e-09
3.49251e-08
3.48164e-09
3.49497e-08
3.42185e-09
3.49696e-08
3.37201e-09
3.498e-08
3.35144e-09
3.49813e-08
3.33081e-09
3.49678e-08
3.33114e-09
3.49414e-08
3.32076e-09
3.48943e-08
3.33449e-09
3.48288e-08
3.32892e-09
3.4735e-08
3.35265e-09
3.4617e-08
3.34544e-09
3.44635e-08
3.37582e-09
3.42819e-08
3.36014e-09
3.40593e-08
3.39488e-09
3.38077e-08
3.36335e-09
3.35121e-08
3.4023e-09
3.31901e-08
3.34845e-09
3.28229e-08
3.39693e-09
3.24348e-08
3.31548e-09
3.20011e-08
3.38293e-09
3.15541e-08
3.26444e-09
3.10614e-08
3.36345e-09
3.05655e-08
3.19529e-09
3.00246e-08
3.34597e-09
2.94887e-08
3.12444e-09
2.89093e-08
3.34265e-09
3.13208e-09
3.64528e-08
2.64279e-09
-3.62942e-08
3.67201e-08
3.15314e-09
3.70409e-08
3.60492e-09
3.72663e-08
3.78591e-09
3.73766e-08
3.67688e-09
3.74657e-08
3.51694e-09
3.75663e-08
3.45702e-09
3.76473e-08
3.45824e-09
3.76989e-08
3.43004e-09
3.77319e-08
3.38884e-09
3.7761e-08
3.34291e-09
3.77848e-08
3.32769e-09
3.78054e-08
3.31017e-09
3.78179e-08
3.31868e-09
3.78264e-08
3.3122e-09
3.78245e-08
3.33638e-09
3.78165e-08
3.33701e-09
3.77929e-08
3.37623e-09
3.77588e-08
3.37956e-09
3.77024e-08
3.43221e-09
3.76303e-08
3.43218e-09
3.75285e-08
3.49669e-09
3.74064e-08
3.4855e-09
3.72474e-08
3.56123e-09
3.70651e-08
3.53077e-09
3.68404e-08
3.62165e-09
3.65912e-08
3.56464e-09
3.62952e-08
3.67896e-09
3.59752e-08
3.58446e-09
3.56057e-08
3.73297e-09
3.52146e-08
3.58636e-09
3.47767e-08
3.78384e-09
3.4318e-08
3.58316e-09
3.38205e-08
3.8402e-09
3.66135e-09
3.95108e-08
2.49656e-09
-3.93646e-08
3.97351e-08
2.92883e-09
4.00159e-08
3.32416e-09
4.02494e-08
3.55238e-09
4.03817e-08
3.54457e-09
4.04673e-08
3.43133e-09
4.05609e-08
3.36345e-09
4.06484e-08
3.37075e-09
4.07114e-08
3.36704e-09
4.0751e-08
3.34922e-09
4.07833e-08
3.31057e-09
4.08109e-08
3.30015e-09
4.08372e-08
3.28382e-09
4.08577e-08
3.29819e-09
4.08772e-08
3.29274e-09
4.08907e-08
3.32283e-09
4.09037e-08
3.32402e-09
4.09089e-08
3.371e-09
4.0912e-08
3.37646e-09
4.09036e-08
3.44065e-09
4.08899e-08
3.44586e-09
4.08593e-08
3.52724e-09
4.08191e-08
3.52571e-09
4.07558e-08
3.62459e-09
4.06777e-08
3.60884e-09
4.05702e-08
3.72913e-09
4.04428e-08
3.6921e-09
4.028e-08
3.84176e-09
4.00909e-08
3.77351e-09
3.98621e-08
3.96183e-09
3.95997e-08
3.84868e-09
3.93005e-08
4.08303e-09
3.89584e-08
3.92528e-09
3.85912e-08
4.20741e-09
4.09082e-09
4.28407e-08
2.36338e-09
-4.27075e-08
4.30339e-08
2.73562e-09
4.32765e-08
3.08158e-09
4.35037e-08
3.32517e-09
4.36562e-08
3.39211e-09
4.37473e-08
3.34019e-09
4.38333e-08
3.27744e-09
4.39211e-08
3.28293e-09
4.39931e-08
3.29508e-09
4.40406e-08
3.30171e-09
4.40758e-08
3.2754e-09
4.41047e-08
3.27118e-09
4.41325e-08
3.25601e-09
4.41556e-08
3.27517e-09
4.41775e-08
3.27084e-09
4.41951e-08
3.30519e-09
4.42131e-08
3.306e-09
4.42271e-08
3.35699e-09
4.42416e-08
3.36197e-09
4.4251e-08
3.43131e-09
4.42596e-08
3.43724e-09
4.42609e-08
3.52594e-09
4.42587e-08
3.52788e-09
4.42461e-08
3.63719e-09
4.42257e-08
3.62926e-09
4.41913e-08
3.76347e-09
4.41431e-08
3.74035e-09
4.40772e-08
3.90769e-09
4.39881e-08
3.86259e-09
4.38781e-08
4.07184e-09
4.3731e-08
3.99572e-09
4.35662e-08
4.24784e-09
4.3347e-08
4.14451e-09
4.31221e-08
4.43225e-09
4.39285e-09
4.6461e-08
2.24262e-09
-4.63402e-08
4.66303e-08
2.56627e-09
4.68408e-08
2.87113e-09
4.70533e-08
3.11266e-09
4.7218e-08
3.22735e-09
4.73221e-08
3.23609e-09
4.74052e-08
3.19441e-09
4.749e-08
3.19814e-09
4.75674e-08
3.21759e-09
4.76241e-08
3.24511e-09
4.7664e-08
3.23544e-09
4.76951e-08
3.24005e-09
4.77236e-08
3.22752e-09
4.77484e-08
3.25043e-09
4.77709e-08
3.24836e-09
4.77899e-08
3.28611e-09
4.78081e-08
3.28784e-09
4.78242e-08
3.34092e-09
4.784e-08
3.34613e-09
4.78542e-08
3.41707e-09
4.78678e-08
3.42371e-09
4.78798e-08
3.51391e-09
4.78894e-08
3.51827e-09
4.78974e-08
3.62924e-09
4.78997e-08
3.62696e-09
4.79001e-08
3.76301e-09
4.78899e-08
3.75055e-09
4.78777e-08
3.9199e-09
4.78462e-08
3.89415e-09
4.78127e-08
4.10529e-09
4.77446e-08
4.06383e-09
4.76787e-08
4.31378e-09
4.75585e-08
4.26467e-09
4.74505e-08
4.54027e-09
4.57376e-09
5.03894e-08
2.1332e-09
-5.028e-08
5.05393e-08
2.41642e-09
5.07237e-08
2.68666e-09
5.09187e-08
2.91774e-09
5.10871e-08
3.05896e-09
5.12061e-08
3.1171e-09
5.12925e-08
3.10792e-09
5.13746e-08
3.11608e-09
5.14543e-08
3.1379e-09
5.15196e-08
3.17983e-09
5.15667e-08
3.18828e-09
5.16022e-08
3.20456e-09
5.16323e-08
3.19741e-09
5.16594e-08
3.22335e-09
5.1683e-08
3.22476e-09
5.17039e-08
3.26518e-09
5.1722e-08
3.26977e-09
5.17392e-08
3.32377e-09
5.17542e-08
3.3311e-09
5.17697e-08
3.40157e-09
5.17827e-08
3.41071e-09
5.17975e-08
3.49914e-09
5.18083e-08
3.50742e-09
5.18224e-08
3.61515e-09
5.183e-08
3.61934e-09
5.18427e-08
3.75032e-09
5.18452e-08
3.74809e-09
5.18551e-08
3.91001e-09
5.1848e-08
3.90119e-09
5.18516e-08
4.10168e-09
5.18253e-08
4.09014e-09
5.18146e-08
4.32453e-09
5.17572e-08
4.32204e-09
5.1722e-08
4.57548e-09
4.66533e-09
5.46467e-08
2.03422e-09
-5.45478e-08
5.478e-08
2.28317e-09
5.49432e-08
2.52347e-09
5.51208e-08
2.74014e-09
5.52862e-08
2.89354e-09
5.54168e-08
2.98649e-09
5.55119e-08
3.01286e-09
5.55941e-08
3.03382e-09
5.5674e-08
3.058e-09
5.5746e-08
3.1079e-09
5.58016e-08
3.13269e-09
5.58438e-08
3.16232e-09
5.58773e-08
3.16388e-09
5.59077e-08
3.19294e-09
5.59336e-08
3.19885e-09
5.59575e-08
3.2413e-09
5.59769e-08
3.2504e-09
5.59959e-08
3.30477e-09
5.6011e-08
3.31599e-09
5.60276e-08
3.38493e-09
5.604e-08
3.39836e-09
5.60557e-08
3.48344e-09
5.60657e-08
3.49736e-09
5.60812e-08
3.59973e-09
5.60888e-08
3.61172e-09
5.61042e-08
3.7349e-09
5.61089e-08
3.74334e-09
5.61248e-08
3.89416e-09
5.6125e-08
3.901e-09
5.6141e-08
4.08566e-09
5.61318e-08
4.0994e-09
5.61433e-08
4.31298e-09
5.61176e-08
4.34776e-09
5.61157e-08
4.57738e-09
4.70543e-09
5.92576e-08
1.94502e-09
-5.91684e-08
5.93765e-08
2.16431e-09
5.95219e-08
2.37806e-09
5.96836e-08
2.57846e-09
5.98422e-08
2.73497e-09
5.99789e-08
2.84977e-09
6.00842e-08
2.90754e-09
6.01703e-08
2.94767e-09
6.02504e-08
2.97794e-09
6.03265e-08
3.03183e-09
6.03899e-08
3.06922e-09
6.04405e-08
3.11182e-09
6.04794e-08
3.12492e-09
6.05141e-08
3.15822e-09
6.05435e-08
3.16951e-09
6.05712e-08
3.21361e-09
6.05933e-08
3.22822e-09
6.06152e-08
3.28292e-09
6.06319e-08
3.29926e-09
6.06505e-08
3.3664e-09
6.06636e-08
3.38526e-09
6.06804e-08
3.46657e-09
6.06907e-08
3.48714e-09
6.07067e-08
3.58369e-09
6.07142e-08
3.60417e-09
6.073e-08
3.71917e-09
6.07348e-08
3.7385e-09
6.07512e-08
3.87777e-09
6.07527e-08
3.89948e-09
6.07707e-08
4.06768e-09
6.07669e-08
4.10317e-09
6.07839e-08
4.29605e-09
6.07712e-08
4.36037e-09
6.07791e-08
4.56955e-09
4.72246e-09
6.42505e-08
1.86496e-09
-6.41704e-08
6.43569e-08
2.05789e-09
6.44873e-08
2.24763e-09
6.46347e-08
2.43104e-09
6.47847e-08
2.58505e-09
6.49226e-08
2.71183e-09
6.50364e-08
2.79372e-09
6.51292e-08
2.8549e-09
6.5211e-08
2.89616e-09
6.52895e-08
2.95333e-09
6.53591e-08
2.99961e-09
6.54179e-08
3.05297e-09
6.54639e-08
3.07892e-09
6.5504e-08
3.11817e-09
6.55376e-08
3.13587e-09
6.55696e-08
3.1816e-09
6.55957e-08
3.20215e-09
6.56212e-08
3.25738e-09
6.56409e-08
3.27962e-09
6.56621e-08
3.34519e-09
6.56772e-08
3.37011e-09
6.5696e-08
3.4478e-09
6.57077e-08
3.47547e-09
6.57249e-08
3.56645e-09
6.57335e-08
3.59563e-09
6.57498e-08
3.70286e-09
6.57552e-08
3.73307e-09
6.57716e-08
3.86138e-09
6.57736e-08
3.89745e-09
6.5791e-08
4.05026e-09
6.57892e-08
4.10503e-09
6.58057e-08
4.27955e-09
6.57983e-08
4.36772e-09
6.58065e-08
4.56143e-09
4.73122e-09
6.96565e-08
1.79299e-09
-6.95845e-08
6.97524e-08
1.96192e-09
6.98703e-08
2.12977e-09
7.00051e-08
2.29621e-09
7.01459e-08
2.44429e-09
7.02816e-08
2.5761e-09
7.04006e-08
2.67473e-09
7.05008e-08
2.75476e-09
7.05864e-08
2.81052e-09
7.0667e-08
2.87271e-09
7.0741e-08
2.92561e-09
7.08071e-08
2.98688e-09
7.08609e-08
3.02515e-09
7.09073e-08
3.07174e-09
7.0946e-08
3.09714e-09
7.09827e-08
3.14491e-09
7.10132e-08
3.17162e-09
7.10431e-08
3.22756e-09
7.10665e-08
3.25624e-09
7.1091e-08
3.32059e-09
7.11091e-08
3.35206e-09
7.11304e-08
3.42646e-09
7.11444e-08
3.46146e-09
7.11636e-08
3.54728e-09
7.1174e-08
3.58521e-09
7.11917e-08
3.68519e-09
7.11986e-08
3.72621e-09
7.12157e-08
3.84429e-09
7.12189e-08
3.89423e-09
7.12359e-08
4.03324e-09
7.12357e-08
4.10521e-09
7.12508e-08
4.26443e-09
7.12466e-08
4.37195e-09
7.12531e-08
4.55495e-09
4.73692e-09
7.55095e-08
1.72707e-09
-7.54435e-08
7.5597e-08
1.87435e-09
7.57044e-08
2.02239e-09
7.58283e-08
2.17229e-09
7.59601e-08
2.31253e-09
7.60916e-08
2.44461e-09
7.62126e-08
2.55375e-09
7.63189e-08
2.64843e-09
7.641e-08
2.71939e-09
7.64936e-08
2.78911e-09
7.6571e-08
2.84822e-09
7.66429e-08
2.91498e-09
7.67042e-08
2.96389e-09
7.67577e-08
3.01817e-09
7.68023e-08
3.05254e-09
7.68442e-08
3.10308e-09
7.68795e-08
3.13628e-09
7.69141e-08
3.19302e-09
7.69418e-08
3.22852e-09
7.69703e-08
3.29207e-09
7.69919e-08
3.33046e-09
7.70163e-08
3.40204e-09
7.70333e-08
3.44449e-09
7.70549e-08
3.52569e-09
7.70678e-08
3.57224e-09
7.70874e-08
3.66562e-09
7.70965e-08
3.71713e-09
7.71148e-08
3.826e-09
7.71201e-08
3.8889e-09
7.71372e-08
4.01618e-09
7.71394e-08
4.10303e-09
7.71534e-08
4.25039e-09
7.71522e-08
4.3732e-09
7.71575e-08
4.54961e-09
4.74052e-09
8.18458e-08
1.66414e-09
-8.17829e-08
8.19271e-08
1.793e-09
8.20259e-08
1.9236e-09
8.21404e-08
2.05786e-09
8.22637e-08
2.18918e-09
8.23899e-08
2.31839e-09
8.25105e-08
2.43312e-09
8.26211e-08
2.53791e-09
8.2718e-08
2.62242e-09
8.28059e-08
2.7012e-09
8.28867e-08
2.76743e-09
8.29633e-08
2.83843e-09
8.30311e-08
2.89604e-09
8.3092e-08
2.95727e-09
8.31433e-08
3.00129e-09
8.31908e-08
3.05553e-09
8.32314e-08
3.09569e-09
8.3271e-08
3.15349e-09
8.33035e-08
3.19593e-09
8.33364e-08
3.25919e-09
8.33622e-08
3.30468e-09
8.33901e-08
3.37417e-09
8.34106e-08
3.42394e-09
8.3435e-08
3.50137e-09
8.34511e-08
3.55608e-09
8.34728e-08
3.64389e-09
8.34849e-08
3.70508e-09
8.35046e-08
3.80631e-09
8.35128e-08
3.88065e-09
8.35302e-08
3.99882e-09
8.35354e-08
4.09784e-09
8.35488e-08
4.23702e-09
8.35507e-08
4.37125e-09
8.35558e-08
4.54452e-09
4.74186e-09
8.87044e-08
1.60098e-09
-8.86412e-08
8.87818e-08
1.71553e-09
8.88739e-08
1.8315e-09
8.898e-08
1.95179e-09
8.90957e-08
2.07353e-09
8.92162e-08
2.19781e-09
8.9335e-08
2.31439e-09
8.94477e-08
2.42516e-09
8.95498e-08
2.52032e-09
8.96429e-08
2.60813e-09
8.97278e-08
2.68253e-09
8.98085e-08
2.7577e-09
8.98821e-08
2.82248e-09
8.99499e-08
2.88948e-09
9.00083e-08
2.94288e-09
9.00621e-08
3.00169e-09
9.01086e-08
3.04924e-09
9.01534e-08
3.1087e-09
9.01914e-08
3.15792e-09
9.0229e-08
3.22161e-09
9.02596e-08
3.27402e-09
9.02913e-08
3.3425e-09
9.03161e-08
3.39915e-09
9.03434e-08
3.47405e-09
9.03634e-08
3.53609e-09
9.03874e-08
3.61983e-09
9.04031e-08
3.68938e-09
9.04243e-08
3.78509e-09
9.04362e-08
3.86881e-09
9.04541e-08
3.9809e-09
9.04628e-08
4.08919e-09
9.04761e-08
4.22371e-09
9.04813e-08
4.36605e-09
9.0487e-08
4.53881e-09
4.74067e-09
9.6127e-08
1.53545e-09
-9.60615e-08
9.6203e-08
1.63955e-09
9.62903e-08
1.74414e-09
9.63894e-08
1.85268e-09
9.64981e-08
1.96492e-09
9.6613e-08
2.08287e-09
9.67289e-08
2.19846e-09
9.68423e-08
2.3118e-09
9.69483e-08
2.41435e-09
9.70465e-08
2.50986e-09
9.71364e-08
2.59268e-09
9.72214e-08
2.67269e-09
9.73001e-08
2.74377e-09
9.7374e-08
2.81554e-09
9.74397e-08
2.87727e-09
9.75002e-08
2.94113e-09
9.75532e-08
2.99624e-09
9.76036e-08
3.05826e-09
9.76476e-08
3.11395e-09
9.76903e-08
3.17896e-09
9.77264e-08
3.23785e-09
9.77623e-08
3.30662e-09
9.7792e-08
3.3695e-09
9.78227e-08
3.44337e-09
9.78471e-08
3.51168e-09
9.78737e-08
3.59315e-09
9.78937e-08
3.66945e-09
9.79167e-08
3.76203e-09
9.79326e-08
3.85298e-09
9.79516e-08
3.9619e-09
9.79638e-08
4.0769e-09
9.79779e-08
4.2097e-09
9.79863e-08
4.3576e-09
9.79935e-08
4.53162e-09
4.73669e-09
1.0416e-07
1.46675e-09
-1.04091e-07
1.04236e-07
1.56346e-09
1.0432e-07
1.6597e-09
1.04414e-07
1.75888e-09
1.04516e-07
1.8625e-09
1.04626e-07
1.97328e-09
1.04739e-07
2.08578e-09
1.04851e-07
2.19899e-09
1.0496e-07
2.30583e-09
1.05063e-07
2.40708e-09
1.05158e-07
2.49753e-09
1.05248e-07
2.58296e-09
1.05331e-07
2.66003e-09
1.05411e-07
2.73606e-09
1.05483e-07
2.80478e-09
1.05551e-07
2.87372e-09
1.05611e-07
2.93611e-09
1.05667e-07
3.00171e-09
1.05718e-07
3.06353e-09
1.05766e-07
3.13083e-09
1.05808e-07
3.19562e-09
1.05849e-07
3.266e-09
1.05884e-07
3.33444e-09
1.05918e-07
3.40883e-09
1.05948e-07
3.48234e-09
1.05977e-07
3.56337e-09
1.06002e-07
3.64492e-09
1.06027e-07
3.73656e-09
1.06048e-07
3.83296e-09
1.06068e-07
3.94107e-09
1.06084e-07
4.0609e-09
1.061e-07
4.19407e-09
1.06112e-07
4.34589e-09
1.06121e-07
4.52213e-09
4.7296e-09
1.12853e-07
1.39516e-09
-1.12781e-07
1.12929e-07
1.48682e-09
1.13012e-07
1.57678e-09
1.13102e-07
1.66867e-09
1.132e-07
1.76494e-09
1.13305e-07
1.86854e-09
1.13414e-07
1.9765e-09
1.13525e-07
2.08754e-09
1.13635e-07
2.19596e-09
1.13742e-07
2.30083e-09
1.13842e-07
2.39735e-09
1.13936e-07
2.4882e-09
1.14025e-07
2.57111e-09
1.1411e-07
2.65135e-09
1.14189e-07
2.7259e-09
1.14263e-07
2.7996e-09
1.14331e-07
2.86862e-09
1.14394e-07
2.93853e-09
1.14451e-07
3.00621e-09
1.14505e-07
3.07675e-09
1.14554e-07
3.14693e-09
1.146e-07
3.22007e-09
1.14641e-07
3.29351e-09
1.1468e-07
3.36981e-09
1.14714e-07
3.44767e-09
1.14748e-07
3.52983e-09
1.14777e-07
3.61556e-09
1.14806e-07
3.70791e-09
1.1483e-07
3.80862e-09
1.14854e-07
3.91759e-09
1.14874e-07
4.04111e-09
1.14892e-07
4.1759e-09
1.14907e-07
4.33077e-09
1.14919e-07
4.50959e-09
4.71902e-09
1.22262e-07
1.32203e-09
-1.22188e-07
1.22339e-07
1.40966e-09
1.22421e-07
1.49453e-09
1.22509e-07
1.58067e-09
1.22603e-07
1.6708e-09
1.22704e-07
1.76782e-09
1.2281e-07
1.87048e-09
1.22919e-07
1.97798e-09
1.2303e-07
2.0858e-09
1.23138e-07
2.19228e-09
1.23242e-07
2.29298e-09
1.23342e-07
2.38856e-09
1.23436e-07
2.4769e-09
1.23526e-07
2.56145e-09
1.23611e-07
2.64102e-09
1.23692e-07
2.71908e-09
1.23766e-07
2.79383e-09
1.23837e-07
2.8684e-09
1.23901e-07
2.94166e-09
1.23962e-07
3.01624e-09
1.24017e-07
3.09146e-09
1.24069e-07
3.16825e-09
1.24116e-07
3.24635e-09
1.2416e-07
3.32561e-09
1.24201e-07
3.40738e-09
1.24239e-07
3.49174e-09
1.24273e-07
3.58118e-09
1.24306e-07
3.67535e-09
1.24334e-07
3.77977e-09
1.24361e-07
3.89069e-09
1.24385e-07
4.01736e-09
1.24407e-07
4.15438e-09
1.24425e-07
4.31194e-09
1.24442e-07
4.49331e-09
4.70448e-09
1.32446e-07
1.24925e-09
-1.32373e-07
1.32523e-07
1.33201e-09
1.32605e-07
1.41252e-09
1.32692e-07
1.4939e-09
1.32784e-07
1.57876e-09
1.32882e-07
1.66996e-09
1.32985e-07
1.76726e-09
1.33093e-07
1.87048e-09
1.33202e-07
1.97615e-09
1.33312e-07
2.08251e-09
1.3342e-07
2.1855e-09
1.33524e-07
2.28464e-09
1.33623e-07
2.37759e-09
1.33718e-07
2.46636e-09
1.33809e-07
2.55038e-09
1.33895e-07
2.63245e-09
1.33977e-07
2.71205e-09
1.34054e-07
2.7912e-09
1.34126e-07
2.86972e-09
1.34193e-07
2.94885e-09
1.34256e-07
3.02903e-09
1.34314e-07
3.11e-09
1.34368e-07
3.19266e-09
1.34418e-07
3.27557e-09
1.34464e-07
3.36114e-09
1.34507e-07
3.44841e-09
1.34547e-07
3.54143e-09
1.34584e-07
3.63829e-09
1.34618e-07
3.7461e-09
1.34649e-07
3.85969e-09
1.34677e-07
3.98936e-09
1.34702e-07
4.12884e-09
1.34725e-07
4.28896e-09
1.34746e-07
4.47274e-09
4.68544e-09
1.43468e-07
1.17813e-09
-1.43397e-07
1.43546e-07
1.25426e-09
1.43628e-07
1.3305e-09
1.43715e-07
1.40744e-09
1.43806e-07
1.48751e-09
1.43902e-07
1.5736e-09
1.44004e-07
1.66591e-09
1.44109e-07
1.76477e-09
1.44218e-07
1.86741e-09
1.44328e-07
1.97243e-09
1.44437e-07
2.07607e-09
1.44545e-07
2.17738e-09
1.44649e-07
2.27377e-09
1.44749e-07
2.36624e-09
1.44845e-07
2.45419e-09
1.44937e-07
2.53991e-09
1.45026e-07
2.62364e-09
1.4511e-07
2.70702e-09
1.45189e-07
2.79043e-09
1.45264e-07
2.87429e-09
1.45333e-07
2.95945e-09
1.45399e-07
3.04493e-09
1.45459e-07
3.1321e-09
1.45516e-07
3.21915e-09
1.45568e-07
3.30849e-09
1.45617e-07
3.39928e-09
1.45663e-07
3.49582e-09
1.45705e-07
3.59617e-09
1.45744e-07
3.7072e-09
1.4578e-07
3.82399e-09
1.45812e-07
3.95659e-09
1.45842e-07
4.09885e-09
1.4587e-07
4.26123e-09
1.45896e-07
4.44723e-09
4.66159e-09
1.55398e-07
1.10893e-09
-1.55329e-07
1.55475e-07
1.17798e-09
1.55557e-07
1.24833e-09
1.55644e-07
1.32023e-09
1.55736e-07
1.39568e-09
1.55832e-07
1.47723e-09
1.55933e-07
1.56508e-09
1.56038e-07
1.65994e-09
1.56146e-07
1.75944e-09
1.56256e-07
1.8625e-09
1.56366e-07
1.96559e-09
1.56476e-07
2.06775e-09
1.56583e-07
2.16623e-09
1.56688e-07
2.26151e-09
1.5679e-07
2.35267e-09
1.56888e-07
2.4416e-09
1.56983e-07
2.52889e-09
1.57074e-07
2.61609e-09
1.5716e-07
2.704e-09
1.57242e-07
2.79255e-09
1.57319e-07
2.8826e-09
1.57391e-07
2.97284e-09
1.57458e-07
3.0644e-09
1.57522e-07
3.15593e-09
1.57581e-07
3.24906e-09
1.57636e-07
3.34389e-09
1.57688e-07
3.44398e-09
1.57736e-07
3.54845e-09
1.5778e-07
3.66268e-09
1.57821e-07
3.78305e-09
1.5786e-07
3.91851e-09
1.57894e-07
4.06386e-09
1.57927e-07
4.2284e-09
1.57959e-07
4.41601e-09
4.63241e-09
1.68311e-07
1.04305e-09
-1.68245e-07
1.68383e-07
1.106e-09
1.68464e-07
1.1668e-09
1.68553e-07
1.2319e-09
1.68646e-07
1.30201e-09
1.68745e-07
1.37895e-09
1.68847e-07
1.46266e-09
1.68953e-07
1.55403e-09
1.69061e-07
1.65146e-09
1.6917e-07
1.75289e-09
1.69281e-07
1.85492e-09
1.69392e-07
1.95687e-09
1.69502e-07
2.05615e-09
1.69611e-07
2.15288e-09
1.69717e-07
2.2462e-09
1.69821e-07
2.33754e-09
1.69922e-07
2.4279e-09
1.7002e-07
2.51852e-09
1.70113e-07
2.61069e-09
1.70202e-07
2.70373e-09
1.70286e-07
2.79862e-09
1.70365e-07
2.89352e-09
1.7044e-07
2.98956e-09
1.70511e-07
3.08546e-09
1.70577e-07
3.18266e-09
1.70639e-07
3.28169e-09
1.70697e-07
3.38571e-09
1.70751e-07
3.49449e-09
1.70802e-07
3.61232e-09
1.70848e-07
3.73626e-09
1.70892e-07
3.87484e-09
1.70933e-07
4.02303e-09
1.70971e-07
4.18993e-09
1.71008e-07
4.37971e-09
4.5957e-09
6.55618e-07
7.81149e-10
-6.55356e-07
6.55886e-07
8.37633e-10
6.56152e-07
9.01561e-10
6.56421e-07
9.62852e-10
6.56698e-07
1.02445e-09
6.56988e-07
1.08909e-09
6.57293e-07
1.15751e-09
6.57616e-07
1.23147e-09
6.57956e-07
1.31088e-09
6.58313e-07
1.39615e-09
6.58682e-07
1.48553e-09
6.59061e-07
1.57812e-09
6.59445e-07
1.67258e-09
6.5983e-07
1.7681e-09
6.60211e-07
1.86495e-09
6.60586e-07
1.96206e-09
6.60953e-07
2.06148e-09
6.6131e-07
2.16093e-09
6.61657e-07
2.2638e-09
6.61995e-07
2.36605e-09
6.62321e-07
2.47206e-09
6.62638e-07
2.57718e-09
6.62941e-07
2.68635e-09
6.63231e-07
2.79572e-09
6.63504e-07
2.90903e-09
6.63762e-07
3.02422e-09
6.64003e-07
3.14429e-09
6.6423e-07
3.26787e-09
6.64443e-07
3.39928e-09
6.64645e-07
3.53387e-09
6.64836e-07
3.6841e-09
6.6502e-07
3.83911e-09
6.65193e-07
4.0171e-09
6.65364e-07
4.20867e-09
4.4123e-09
7.09168e-07
5.69666e-10
-7.08957e-07
7.09395e-07
6.11069e-10
7.09637e-07
6.58819e-10
7.09889e-07
7.11578e-10
7.10145e-07
7.67789e-10
7.10407e-07
8.27512e-10
7.10675e-07
8.89759e-10
7.10951e-07
9.54954e-10
7.1124e-07
1.02253e-09
7.11542e-07
1.09348e-09
7.11859e-07
1.16825e-09
7.1219e-07
1.24769e-09
7.1253e-07
1.3323e-09
7.12877e-07
1.42131e-09
7.13226e-07
1.51549e-09
7.13576e-07
1.61243e-09
7.13923e-07
1.7142e-09
7.14268e-07
1.81674e-09
7.14607e-07
1.92385e-09
7.14943e-07
2.03026e-09
7.15274e-07
2.14158e-09
7.15598e-07
2.25292e-09
7.15914e-07
2.37017e-09
7.1622e-07
2.48964e-09
7.16515e-07
2.61427e-09
7.16797e-07
2.7425e-09
7.17067e-07
2.87418e-09
7.17325e-07
3.00962e-09
7.17574e-07
3.15078e-09
7.17813e-07
3.29453e-09
7.18044e-07
3.4526e-09
7.18271e-07
3.61277e-09
7.18493e-07
3.7948e-09
7.18719e-07
3.98228e-09
4.19262e-09
7.6678e-07
3.75903e-10
-7.66586e-07
7.6699e-07
4.00986e-10
7.6721e-07
4.38639e-10
7.67436e-07
4.8553e-10
7.67665e-07
5.38665e-10
7.67896e-07
5.96582e-10
7.68131e-07
6.5519e-10
7.68373e-07
7.12857e-10
7.68625e-07
7.69964e-10
7.6889e-07
8.28777e-10
7.69167e-07
8.91432e-10
7.69454e-07
9.60229e-10
7.6975e-07
1.03647e-09
7.70052e-07
1.11923e-09
7.70359e-07
1.20885e-09
7.70669e-07
1.3022e-09
7.70982e-07
1.40088e-09
7.71299e-07
1.50057e-09
7.71617e-07
1.60542e-09
7.71936e-07
1.71093e-09
7.72255e-07
1.8232e-09
7.7257e-07
1.93757e-09
7.72881e-07
2.05902e-09
7.73187e-07
2.18379e-09
7.73487e-07
2.31382e-09
7.73782e-07
2.4483e-09
7.7407e-07
2.58586e-09
7.74352e-07
2.72767e-09
7.74628e-07
2.87452e-09
7.74899e-07
3.0238e-09
7.75166e-07
3.18566e-09
7.75431e-07
3.34792e-09
7.75696e-07
3.52904e-09
7.75965e-07
3.71375e-09
3.91489e-09
8.29158e-07
1.81275e-10
-8.28963e-07
8.29337e-07
2.21708e-10
8.29509e-07
2.67239e-10
8.29677e-07
3.16905e-10
8.2985e-07
3.66285e-10
8.30033e-07
4.13512e-10
8.3023e-07
4.5756e-10
8.30443e-07
5.00494e-10
8.30667e-07
5.4539e-10
8.309e-07
5.96308e-10
8.31137e-07
6.54368e-10
8.31377e-07
7.19518e-10
8.31623e-07
7.91403e-10
8.31873e-07
8.68427e-10
8.32131e-07
9.50925e-10
8.32397e-07
1.03642e-09
8.3267e-07
1.12744e-09
8.3295e-07
1.22074e-09
8.33235e-07
1.32089e-09
8.33523e-07
1.42327e-09
8.33812e-07
1.53338e-09
8.34104e-07
1.64595e-09
8.34397e-07
1.766e-09
8.34691e-07
1.88958e-09
8.34986e-07
2.01896e-09
8.35282e-07
2.1526e-09
8.35578e-07
2.28985e-09
8.35874e-07
2.43154e-09
8.3617e-07
2.57844e-09
8.36466e-07
2.72745e-09
8.36764e-07
2.88773e-09
8.37065e-07
3.04721e-09
8.37371e-07
3.22314e-09
8.37685e-07
3.3998e-09
3.58245e-09
8.97191e-07
9.48248e-11
-8.97105e-07
8.97281e-07
1.32143e-10
8.97376e-07
1.72592e-10
8.97478e-07
2.14533e-10
8.9759e-07
2.53803e-10
8.97714e-07
2.89539e-10
8.97849e-07
3.22561e-10
8.97991e-07
3.58727e-10
8.98136e-07
4.00707e-10
8.98285e-07
4.47388e-10
8.98441e-07
4.98382e-10
8.98606e-07
5.54363e-10
8.98781e-07
6.1578e-10
8.98968e-07
6.82019e-10
8.99165e-07
7.53818e-10
8.99372e-07
8.29176e-10
8.99589e-07
9.10391e-10
8.99816e-07
9.94448e-10
9.00051e-07
1.08564e-09
9.00295e-07
1.17953e-09
9.00546e-07
1.28146e-09
9.00806e-07
1.38626e-09
9.01073e-07
1.49895e-09
9.01348e-07
1.61516e-09
9.01629e-07
1.73769e-09
9.01917e-07
1.86484e-09
9.0221e-07
1.99642e-09
9.02509e-07
2.13254e-09
9.02814e-07
2.27363e-09
9.03124e-07
2.41695e-09
9.03442e-07
2.57025e-09
9.03767e-07
2.72226e-09
9.04102e-07
2.88806e-09
9.0445e-07
3.05188e-09
3.22182e-09
9.71793e-07
1.51079e-10
-9.71849e-07
9.71764e-07
1.60768e-10
9.71754e-07
1.82871e-10
9.71758e-07
2.11135e-10
9.71769e-07
2.42608e-10
9.71782e-07
2.76059e-10
9.71795e-07
3.09938e-10
9.7181e-07
3.43992e-10
9.71833e-07
3.77632e-10
9.71867e-07
4.12516e-10
9.71915e-07
4.50534e-10
9.71976e-07
4.93238e-10
9.72051e-07
5.41274e-10
9.72139e-07
5.94044e-10
9.7224e-07
6.52366e-10
9.72355e-07
7.14508e-10
9.72483e-07
7.82633e-10
9.72624e-07
8.53677e-10
9.72778e-07
9.31538e-10
9.72945e-07
1.01191e-09
9.73127e-07
1.09977e-09
9.73323e-07
1.19028e-09
9.73533e-07
1.28878e-09
9.73757e-07
1.39097e-09
9.73995e-07
1.4999e-09
9.74247e-07
1.61329e-09
9.74512e-07
1.73141e-09
9.7479e-07
1.85403e-09
9.75082e-07
1.98167e-09
9.75387e-07
2.11172e-09
9.75707e-07
2.25103e-09
9.7604e-07
2.38915e-09
9.76388e-07
2.53972e-09
9.76752e-07
2.68763e-09
2.84111e-09
1.05075e-06
2.02246e-10
-1.0508e-06
1.0507e-06
2.12934e-10
1.05066e-06
2.28604e-10
1.05062e-06
2.46817e-10
1.0506e-06
2.66982e-10
1.05058e-06
2.89208e-10
1.05058e-06
3.12887e-10
1.05059e-06
3.38203e-10
1.0506e-06
3.64794e-10
1.05062e-06
3.93284e-10
1.05064e-06
4.24069e-10
1.05068e-06
4.57786e-10
1.05073e-06
4.95147e-10
1.05078e-06
5.35926e-10
1.05085e-06
5.81266e-10
1.05094e-06
6.2971e-10
1.05104e-06
6.83439e-10
1.05115e-06
7.39716e-10
1.05128e-06
8.0222e-10
1.05143e-06
8.6696e-10
1.05159e-06
9.38956e-10
1.05176e-06
1.01367e-09
1.05196e-06
1.09637e-09
1.05217e-06
1.18276e-09
1.05239e-06
1.27597e-09
1.05263e-06
1.37327e-09
1.05288e-06
1.47569e-09
1.05316e-06
1.58232e-09
1.05344e-06
1.69448e-09
1.05375e-06
1.80882e-09
1.05407e-06
1.93243e-09
1.0544e-06
2.05436e-09
1.05475e-06
2.18848e-09
1.05512e-06
2.31861e-09
2.45477e-09
1.13562e-06
1.99167e-10
-1.13562e-06
1.13563e-06
2.10405e-10
1.13563e-06
2.22806e-10
1.13564e-06
2.36778e-10
1.13566e-06
2.522e-10
1.13568e-06
2.69481e-10
1.1357e-06
2.88349e-10
1.13573e-06
3.09061e-10
1.13576e-06
3.31288e-10
1.1358e-06
3.55282e-10
1.13584e-06
3.81067e-10
1.13589e-06
4.08853e-10
1.13595e-06
4.39161e-10
1.13601e-06
4.71745e-10
1.13609e-06
5.07802e-10
1.13617e-06
5.46206e-10
1.13626e-06
5.89118e-10
1.13637e-06
6.34174e-10
1.13649e-06
6.84723e-10
1.13662e-06
7.37207e-10
1.13676e-06
7.96175e-10
1.13692e-06
8.57443e-10
1.13709e-06
9.25696e-10
1.13727e-06
9.96905e-10
1.13747e-06
1.07432e-09
1.13769e-06
1.15533e-09
1.13793e-06
1.24143e-09
1.13818e-06
1.33139e-09
1.13844e-06
1.42696e-09
1.13873e-06
1.52436e-09
1.13903e-06
1.63053e-09
1.13935e-06
1.73473e-09
1.13969e-06
1.85047e-09
1.14005e-06
1.96177e-09
2.08038e-09
1.22773e-06
1.76712e-10
-1.22771e-06
1.22775e-06
1.86853e-10
1.22778e-06
1.97539e-10
1.22781e-06
2.09276e-10
1.22784e-06
2.22106e-10
1.22787e-06
2.36453e-10
1.2279e-06
2.52164e-10
1.22794e-06
2.69479e-10
1.22799e-06
2.88138e-10
1.22803e-06
3.08279e-10
1.22809e-06
3.29838e-10
1.22814e-06
3.52862e-10
1.2282e-06
3.77726e-10
1.22827e-06
4.0417e-10
1.22835e-06
4.33247e-10
1.22843e-06
4.6404e-10
1.22852e-06
4.98474e-10
1.22862e-06
5.34601e-10
1.22873e-06
5.75354e-10
1.22885e-06
6.17668e-10
1.22898e-06
6.65367e-10
1.22912e-06
7.14689e-10
1.22928e-06
7.6969e-10
1.22945e-06
8.26912e-10
1.22963e-06
8.89543e-10
1.22983e-06
9.55336e-10
1.23005e-06
1.02589e-09
1.23028e-06
1.09976e-09
1.23053e-06
1.17877e-09
1.23079e-06
1.25934e-09
1.23107e-06
1.34784e-09
1.23137e-06
1.43456e-09
1.23169e-06
1.53177e-09
1.23203e-06
1.62475e-09
1.72544e-09
1.32753e-06
1.48728e-10
-1.3275e-06
1.32756e-06
1.57381e-10
1.32759e-06
1.66184e-10
1.32762e-06
1.75716e-10
1.32766e-06
1.86119e-10
1.3277e-06
1.97804e-10
1.32774e-06
2.1067e-10
1.32778e-06
2.24897e-10
1.32783e-06
2.40234e-10
1.32788e-06
2.56748e-10
1.32794e-06
2.74338e-10
1.328e-06
2.93017e-10
1.32806e-06
3.13074e-10
1.32813e-06
3.3431e-10
1.32821e-06
3.57579e-10
1.32829e-06
3.82157e-10
1.32838e-06
4.09601e-10
1.32847e-06
4.38337e-10
1.32858e-06
4.70728e-10
1.32869e-06
5.04267e-10
1.32882e-06
5.4206e-10
1.32895e-06
5.81044e-10
1.32909e-06
6.24606e-10
1.32925e-06
6.69912e-10
1.32942e-06
7.19665e-10
1.32961e-06
7.71935e-10
1.3298e-06
8.28198e-10
1.33002e-06
8.87153e-10
1.33024e-06
9.50531e-10
1.33049e-06
1.01521e-09
1.33075e-06
1.08668e-09
1.33103e-06
1.15666e-09
1.33132e-06
1.23563e-09
1.33164e-06
1.31097e-09
1.39371e-09
1.43559e-06
1.18968e-10
-1.43556e-06
1.43563e-06
1.25821e-10
1.43566e-06
1.32797e-10
1.43569e-06
1.403e-10
1.43573e-06
1.48477e-10
1.43577e-06
1.57659e-10
1.43581e-06
1.67764e-10
1.43586e-06
1.78943e-10
1.43591e-06
1.91012e-10
1.43596e-06
2.04031e-10
1.43602e-06
2.17904e-10
1.43608e-06
2.32627e-10
1.43614e-06
2.48386e-10
1.43621e-06
2.65021e-10
1.43629e-06
2.83166e-10
1.43637e-06
3.02276e-10
1.43645e-06
3.23546e-10
1.43655e-06
3.4578e-10
1.43665e-06
3.70795e-10
1.43675e-06
3.9667e-10
1.43687e-06
4.25805e-10
1.437e-06
4.55847e-10
1.43713e-06
4.89404e-10
1.43728e-06
5.24276e-10
1.43743e-06
5.62545e-10
1.4376e-06
6.02742e-10
1.43778e-06
6.46036e-10
1.43798e-06
6.9146e-10
1.43819e-06
7.40369e-10
1.43842e-06
7.90363e-10
1.43866e-06
8.45751e-10
1.43891e-06
9.00073e-10
1.43919e-06
9.61638e-10
1.43948e-06
1.02043e-09
1.08557e-09
1.55255e-06
8.91152e-11
-1.55252e-06
1.55259e-06
9.44575e-11
1.55262e-06
9.9667e-11
1.55265e-06
1.05183e-10
1.55269e-06
1.11161e-10
1.55273e-06
1.17886e-10
1.55277e-06
1.25326e-10
1.55282e-06
1.33607e-10
1.55287e-06
1.4258e-10
1.55292e-06
1.52277e-10
1.55297e-06
1.62593e-10
1.55303e-06
1.73519e-10
1.5531e-06
1.85172e-10
1.55316e-06
1.97448e-10
1.55324e-06
2.108e-10
1.55331e-06
2.24852e-10
1.5534e-06
2.40461e-10
1.55349e-06
2.56772e-10
1.55358e-06
2.75095e-10
1.55368e-06
2.94047e-10
1.55379e-06
3.15357e-10
1.55391e-06
3.37325e-10
1.55404e-06
3.61826e-10
1.55418e-06
3.87283e-10
1.55432e-06
4.15185e-10
1.55448e-06
4.44516e-10
1.55465e-06
4.76071e-10
1.55484e-06
5.09239e-10
1.55503e-06
5.44931e-10
1.55524e-06
5.81522e-10
1.55546e-06
6.22063e-10
1.5557e-06
6.61941e-10
1.55596e-06
7.0714e-10
1.55623e-06
7.504e-10
7.98533e-10
1.67912e-06
5.95403e-11
-1.67909e-06
1.67915e-06
6.31628e-11
1.67918e-06
6.66525e-11
1.67921e-06
7.02945e-11
1.67925e-06
7.42178e-11
1.67929e-06
7.86363e-11
1.67933e-06
8.35409e-11
1.67938e-06
8.90284e-11
1.67943e-06
9.49938e-11
1.67948e-06
1.01452e-10
1.67953e-06
1.08319e-10
1.67959e-06
1.15587e-10
1.67965e-06
1.23324e-10
1.67972e-06
1.31471e-10
1.67979e-06
1.40316e-10
1.67986e-06
1.49627e-10
1.67994e-06
1.59954e-10
1.68003e-06
1.70751e-10
1.68012e-06
1.82856e-10
1.68022e-06
1.95379e-10
1.68033e-06
2.09434e-10
1.68044e-06
2.23926e-10
1.68056e-06
2.4006e-10
1.68069e-06
2.56836e-10
1.68083e-06
2.75189e-10
1.68098e-06
2.94503e-10
1.68114e-06
3.15239e-10
1.68131e-06
3.37075e-10
1.6815e-06
3.60522e-10
1.68169e-06
3.84623e-10
1.68191e-06
4.11267e-10
1.68213e-06
4.37563e-10
1.68237e-06
4.67316e-10
1.68262e-06
4.95926e-10
5.27676e-10
1.81606e-06
3.02488e-11
-1.81603e-06
1.81609e-06
3.18417e-11
1.81613e-06
3.34863e-11
1.81616e-06
3.52914e-11
1.8162e-06
3.73057e-11
1.81624e-06
3.96116e-11
1.81628e-06
4.21709e-11
1.81632e-06
4.50038e-11
1.81637e-06
4.80413e-11
1.81642e-06
5.12961e-11
1.81647e-06
5.47349e-11
1.81653e-06
5.83713e-11
1.81659e-06
6.22459e-11
1.81666e-06
6.63401e-11
1.81673e-06
7.07947e-11
1.8168e-06
7.54944e-11
1.81688e-06
8.07027e-11
1.81697e-06
8.61476e-11
1.81706e-06
9.22387e-11
1.81715e-06
9.85382e-11
1.81726e-06
1.05594e-10
1.81737e-06
1.12874e-10
1.81749e-06
1.20967e-10
1.81761e-06
1.29389e-10
1.81775e-06
1.38588e-10
1.8179e-06
1.48281e-10
1.81805e-06
1.58665e-10
1.81822e-06
1.69618e-10
1.8184e-06
1.81351e-10
1.81859e-06
1.93438e-10
1.8188e-06
2.0677e-10
1.81901e-06
2.1997e-10
1.81925e-06
2.34873e-10
1.81949e-06
2.4927e-10
2.65433e-10
1.96425e-06
-1.96422e-06
1.96428e-06
1.96432e-06
1.96435e-06
1.96439e-06
1.96443e-06
1.96447e-06
1.96452e-06
1.96456e-06
1.96462e-06
1.96467e-06
1.96473e-06
1.96479e-06
1.96486e-06
1.96493e-06
1.965e-06
1.96508e-06
1.96517e-06
1.96526e-06
1.96536e-06
1.96547e-06
1.96558e-06
1.9657e-06
1.96583e-06
1.96597e-06
1.96612e-06
1.96628e-06
1.96645e-06
1.96663e-06
1.96682e-06
1.96703e-06
1.96725e-06
1.96748e-06
1.96773e-06
1.68956e-08
-6.07375e-09
1.6792e-08
4.43718e-09
1.69038e-08
-3.56426e-09
1.68254e-08
2.31175e-09
1.69222e-08
-2.11437e-09
1.68367e-08
1.15635e-09
1.69099e-08
-1.18965e-09
1.68177e-08
5.6513e-10
1.68669e-08
-6.00495e-10
1.67715e-08
2.80884e-10
1.67929e-08
-2.15464e-10
1.66995e-08
1.6457e-10
1.66848e-08
4.94958e-11
1.65977e-08
1.38967e-10
1.65376e-08
2.48552e-10
1.64511e-08
1.63889e-10
1.63214e-08
4.03895e-10
1.61933e-08
2.57817e-10
1.57315e-08
7.62747e-10
1.03362e-09
1.8309e-08
-6.17343e-09
1.81887e-08
4.55744e-09
1.83274e-08
-3.70295e-09
1.82357e-08
2.40349e-09
1.83481e-08
-2.22684e-09
1.82494e-08
1.25509e-09
1.83308e-08
-1.27107e-09
1.82295e-08
6.664e-10
1.8279e-08
-6.50018e-10
1.81808e-08
3.79152e-10
1.81921e-08
-2.26758e-10
1.81059e-08
2.50766e-10
1.80636e-08
9.17503e-11
1.80029e-08
1.99677e-10
1.78794e-08
3.72086e-10
1.78571e-08
1.86201e-10
1.75888e-08
6.72144e-10
1.75692e-08
2.77416e-10
1.69714e-08
1.36053e-09
1.03906e-09
1.98037e-08
-6.26311e-09
1.97531e-08
4.6081e-09
1.98472e-08
-3.79706e-09
1.98176e-08
2.43307e-09
1.98683e-08
-2.27754e-09
1.98379e-08
1.28546e-09
1.98409e-08
-1.27402e-09
1.98206e-08
6.86711e-10
1.9773e-08
-6.02408e-10
1.97727e-08
3.79429e-10
1.9666e-08
-1.20037e-10
1.96946e-08
2.22091e-10
1.95184e-08
2.67983e-10
1.9575e-08
1.4309e-10
1.93278e-08
6.19227e-10
1.9377e-08
1.37083e-10
1.90577e-08
9.9136e-10
1.89741e-08
3.61074e-10
1.86301e-08
1.70455e-09
1.22275e-09
2.1401e-08
-6.32096e-09
2.14514e-08
4.55771e-09
2.1475e-08
-3.82064e-09
2.15335e-08
2.37451e-09
2.14973e-08
-2.2413e-09
2.15547e-08
1.22808e-09
2.14609e-08
-1.1803e-09
2.15284e-08
6.19217e-10
2.13824e-08
-4.56327e-10
2.14624e-08
2.99365e-10
2.12702e-08
7.2172e-11
2.13524e-08
1.39939e-10
2.11323e-08
4.88079e-10
2.11824e-08
9.29199e-11
2.09709e-08
8.3081e-10
2.09198e-08
1.88183e-10
2.07384e-08
1.17269e-09
2.04974e-08
6.02085e-10
2.04386e-08
1.76339e-09
1.50359e-09
2.31079e-08
-6.32195e-09
2.32682e-08
4.39739e-09
2.32074e-08
-3.75983e-09
2.33562e-08
2.22563e-09
2.32328e-08
-2.11783e-09
2.33658e-08
1.09508e-09
2.31949e-08
-1.00941e-09
2.3317e-08
4.9712e-10
2.31185e-08
-2.57891e-10
2.32201e-08
1.97765e-10
2.30177e-08
2.74658e-10
2.30733e-08
8.43325e-11
2.29003e-08
6.61035e-10
2.2868e-08
1.25204e-10
2.27553e-08
9.4357e-10
2.2587e-08
3.56448e-10
2.25247e-08
1.23502e-09
2.22298e-08
8.96929e-10
2.22702e-08
1.72301e-09
1.71995e-09
2.49419e-08
-6.24747e-09
2.51922e-08
4.14702e-09
2.50527e-08
-3.62029e-09
2.52673e-08
2.01099e-09
2.50833e-08
-1.93382e-09
2.52561e-08
9.2232e-10
2.50526e-08
-8.0592e-10
2.51833e-08
3.66371e-10
2.49876e-08
-6.21271e-11
2.50629e-08
1.22417e-10
2.49014e-08
4.36164e-10
2.48959e-08
8.98675e-11
2.4795e-08
7.61939e-10
2.46811e-08
2.39051e-10
2.46423e-08
9.82364e-10
2.44153e-08
5.83524e-10
2.44017e-08
1.24855e-09
2.41404e-08
1.15824e-09
2.41835e-08
1.67991e-09
1.82816e-09
2.693e-08
-6.09389e-09
2.72297e-08
3.8474e-09
2.70334e-08
-3.42401e-09
2.72759e-08
1.7685e-09
2.70677e-08
-1.72568e-09
2.72448e-08
7.453e-10
2.70466e-08
-6.0779e-10
2.71579e-08
2.55051e-10
2.69931e-08
1.02672e-10
2.70269e-08
8.86461e-11
2.69168e-08
5.46254e-10
2.68533e-08
1.53434e-10
2.68091e-08
8.06095e-10
2.66447e-08
4.03483e-10
2.66377e-08
9.89337e-10
2.64082e-08
8.13069e-10
2.63956e-08
1.26111e-09
2.62058e-08
1.34803e-09
2.62288e-08
1.6569e-09
1.84736e-09
2.91018e-08
-5.87394e-09
2.94088e-08
3.54036e-09
2.91799e-08
-3.19509e-09
2.94199e-08
1.52849e-09
2.92111e-08
-1.51688e-09
2.93749e-08
5.81465e-10
2.91956e-08
-4.28473e-10
2.92812e-08
1.6951e-10
2.91505e-08
2.33368e-10
2.9144e-08
9.51229e-11
2.90781e-08
6.12101e-10
2.89705e-08
2.61089e-10
2.89585e-08
8.18075e-10
2.87769e-08
5.85076e-10
2.87668e-08
9.994e-10
2.85718e-08
1.00806e-09
2.85387e-08
1.29425e-09
2.84252e-08
1.46151e-09
2.84336e-08
1.64848e-09
1.81275e-09
3.14794e-08
-5.60853e-09
3.1771e-08
3.24875e-09
3.15217e-08
-2.94577e-09
3.17486e-08
1.30159e-09
3.15421e-08
-1.31042e-09
3.16914e-08
4.32148e-10
3.15281e-08
-2.65189e-10
3.15881e-08
1.09518e-10
3.14879e-08
3.33593e-10
3.14437e-08
1.39364e-10
3.14107e-08
6.45112e-10
3.12762e-08
3.95528e-10
3.12707e-08
8.23554e-10
3.10995e-08
7.56273e-10
3.1065e-08
1.03396e-09
3.09197e-08
1.15334e-09
3.08677e-08
1.34629e-09
3.0813e-08
1.5162e-09
3.08202e-08
1.64131e-09
1.75473e-09
3.40745e-08
-5.31494e-09
3.43536e-08
2.96965e-09
3.4082e-08
-2.67422e-09
3.43011e-08
1.08253e-09
3.40901e-08
-1.09946e-09
3.4227e-08
2.95238e-10
3.40769e-08
-1.15069e-10
3.41079e-08
7.85044e-11
3.40362e-08
4.05287e-10
3.39577e-08
2.17885e-10
3.39426e-08
6.60211e-10
3.38002e-08
5.37931e-10
3.37797e-08
8.44022e-10
3.36348e-08
9.01162e-10
3.35727e-08
1.09613e-09
3.34717e-08
1.25428e-09
3.34156e-08
1.40241e-09
3.33954e-08
1.53642e-09
3.34111e-08
1.62561e-09
1.6908e-09
3.68935e-08
-5.00027e-09
3.71793e-08
2.68378e-09
3.68783e-08
-2.37324e-09
3.70983e-08
8.62545e-10
3.68799e-08
-8.8099e-10
3.70016e-08
1.73479e-10
3.68685e-08
1.80416e-11
3.68651e-08
8.1913e-11
3.68188e-08
4.5162e-10
3.67154e-08
3.21284e-10
3.6701e-08
6.74561e-10
3.65664e-08
6.72561e-10
3.65202e-08
8.90187e-10
3.64043e-08
1.01713e-09
3.63257e-08
1.17464e-09
3.6254e-08
1.32607e-09
3.62082e-08
1.44819e-09
3.62041e-08
1.54045e-09
3.62308e-08
1.59895e-09
1.62743e-09
3.9946e-08
-4.66344e-09
4.02588e-08
2.37101e-09
3.99253e-08
-2.03967e-09
4.01488e-08
6.38969e-10
3.99291e-08
-6.61258e-10
4.00277e-08
7.48286e-11
3.99197e-08
1.26112e-10
3.98801e-08
1.21509e-10
3.98518e-08
4.79923e-10
3.97374e-08
4.35636e-10
3.97097e-08
7.02247e-10
3.95916e-08
7.90725e-10
3.95218e-08
9.59963e-10
3.94276e-08
1.11134e-09
3.9348e-08
1.25424e-09
3.92934e-08
1.38066e-09
3.92637e-08
1.47795e-09
3.92681e-08
1.53601e-09
3.93029e-08
1.56409e-09
1.56583e-09
4.32495e-08
-4.30125e-09
4.36e-08
2.0205e-09
4.32386e-08
-1.67821e-09
4.34592e-08
4.18295e-10
4.32516e-08
-4.53559e-10
4.33173e-08
9.09089e-12
4.32402e-08
2.03162e-10
4.31706e-08
1.91142e-10
4.31487e-08
5.01779e-10
4.3037e-08
5.47413e-10
4.29894e-08
7.49857e-10
4.28886e-08
8.91503e-10
4.28055e-08
1.043e-09
4.27243e-08
1.19263e-09
4.26544e-08
1.32409e-09
4.26123e-08
1.42277e-09
4.25969e-08
1.49337e-09
4.26084e-08
1.52446e-09
4.26478e-08
1.52469e-09
1.50613e-09
4.68274e-08
-3.913e-09
4.72153e-08
1.6326e-09
4.68384e-08
-1.3013e-09
4.70416e-08
2.15066e-10
4.68616e-08
-2.73573e-10
4.68868e-08
-1.60358e-11
4.68399e-08
2.50039e-10
4.67531e-08
2.77918e-10
4.67257e-08
5.29187e-10
4.66254e-08
6.4776e-10
4.65594e-08
8.1581e-10
4.64713e-08
9.79595e-10
4.63868e-08
1.12757e-09
4.63138e-08
1.26555e-09
4.62582e-08
1.37971e-09
4.62276e-08
1.45339e-09
4.6223e-08
1.49798e-09
4.62412e-08
1.5062e-09
4.62828e-08
1.48318e-09
1.44868e-09
5.07065e-08
-3.50207e-09
5.11223e-08
1.21674e-09
5.07494e-08
-9.2842e-10
5.09155e-08
4.90467e-11
5.07763e-08
-1.34452e-10
5.07599e-08
3.60919e-13
5.07341e-08
2.75839e-10
5.06448e-08
3.67255e-10
5.06043e-08
5.69715e-10
5.05176e-08
7.34405e-10
5.04403e-08
8.93176e-10
5.03595e-08
1.06034e-09
5.02814e-08
1.20572e-09
5.02169e-08
1.33006e-09
5.01759e-08
1.42073e-09
5.01558e-08
1.47343e-09
5.01594e-08
1.49439e-09
5.01831e-08
1.48255e-09
5.02253e-08
1.44096e-09
1.39393e-09
5.49153e-08
-3.07581e-09
5.53425e-08
7.89596e-10
5.49997e-08
-5.85659e-10
5.51075e-08
-5.87879e-11
5.50143e-08
-4.1238e-11
5.49659e-08
4.87326e-11
5.49462e-08
2.95581e-10
5.48657e-08
4.47772e-10
5.48112e-08
6.24247e-10
5.47347e-08
8.10855e-10
5.46548e-08
9.73077e-10
5.45788e-08
1.13632e-09
5.45102e-08
1.27433e-09
5.44566e-08
1.38364e-09
5.44282e-08
1.44917e-09
5.44174e-08
1.48427e-09
5.44273e-08
1.48447e-09
5.44545e-08
1.45535e-09
5.44963e-08
1.39917e-09
1.34243e-09
5.94841e-08
-2.64506e-09
5.99001e-08
3.73578e-10
5.96186e-08
-3.04183e-10
5.96524e-08
-9.26099e-11
5.9597e-08
1.42182e-11
5.95321e-08
1.1362e-10
5.95059e-08
3.21746e-10
5.9439e-08
5.14677e-10
5.93747e-08
6.88545e-10
5.9304e-08
8.81551e-10
5.92285e-08
1.04864e-09
5.91581e-08
1.20664e-09
5.90995e-08
1.333e-09
5.90597e-08
1.4234e-09
5.904e-08
1.46886e-09
5.90371e-08
1.48721e-09
5.90516e-08
1.47e-09
5.90805e-08
1.42646e-09
5.91207e-08
1.3589e-09
1.29471e-09
6.44441e-08
-2.22313e-09
6.4823e-08
-5.31635e-12
6.46288e-08
-1.10064e-10
6.45897e-08
-5.34274e-11
6.45506e-08
5.32707e-11
6.44848e-08
1.79449e-10
6.44471e-08
3.59456e-10
6.43908e-08
5.70902e-10
6.43244e-08
7.54957e-10
6.42571e-08
9.48848e-10
6.41893e-08
1.11651e-09
6.41276e-08
1.26826e-09
6.40796e-08
1.38103e-09
6.40533e-08
1.44976e-09
6.40404e-08
1.4817e-09
6.40432e-08
1.48438e-09
6.40604e-08
1.45284e-09
6.40892e-08
1.39766e-09
6.41269e-08
1.32122e-09
1.25118e-09
6.98284e-08
-1.82518e-09
7.01416e-08
-3.18579e-10
7.00426e-08
-1.10098e-11
6.99575e-08
3.15862e-11
6.99117e-08
9.91588e-11
6.98516e-08
2.39513e-10
6.98037e-08
4.07308e-10
6.97515e-08
6.23161e-10
6.96892e-08
8.17219e-10
6.96259e-08
1.01214e-09
6.95667e-08
1.17573e-09
6.95165e-08
1.31846e-09
6.94818e-08
1.41578e-09
6.94646e-08
1.46695e-09
6.94588e-08
1.48744e-09
6.94656e-08
1.4776e-09
6.94836e-08
1.43489e-09
6.95107e-08
1.37053e-09
6.9545e-08
1.28686e-09
1.21173e-09
7.56685e-08
-1.46411e-09
7.5897e-08
-5.47027e-10
7.58826e-08
3.37018e-12
7.57905e-08
1.23703e-10
7.57222e-08
1.67382e-10
7.56642e-08
2.97589e-10
7.56093e-08
4.62146e-10
7.55553e-08
6.77166e-10
7.54973e-08
8.75203e-10
7.54399e-08
1.06955e-09
7.53894e-08
1.22628e-09
7.53505e-08
1.35734e-09
7.53299e-08
1.43632e-09
7.53199e-08
1.47697e-09
7.53207e-08
1.48664e-09
7.53312e-08
1.46717e-09
7.53497e-08
1.41631e-09
7.53753e-08
1.34493e-09
7.54069e-08
1.2553e-09
1.17509e-09
8.19984e-08
-1.15006e-09
8.21324e-08
-6.811e-10
8.21799e-08
-4.40985e-11
8.21136e-08
1.90009e-10
8.20304e-08
2.50585e-10
8.19581e-08
3.69912e-10
8.18973e-08
5.2288e-10
8.18377e-08
7.36846e-10
8.17795e-08
9.33387e-10
8.17269e-08
1.12213e-09
8.16839e-08
1.26924e-09
8.16546e-08
1.3867e-09
8.16428e-08
1.44806e-09
8.16408e-08
1.47898e-09
8.16488e-08
1.47863e-09
8.16649e-08
1.45109e-09
8.16871e-08
1.39408e-09
8.17146e-08
1.31746e-09
8.17465e-08
1.22341e-09
1.13873e-09
8.88526e-08
-8.88221e-10
8.88891e-08
-7.17607e-10
8.8975e-08
-1.29973e-10
8.8953e-08
2.1198e-10
8.88729e-08
3.30739e-10
8.87832e-08
4.59561e-10
8.87025e-08
6.03636e-10
8.86368e-08
8.02537e-10
8.85733e-08
9.96825e-10
8.85218e-08
1.1737e-09
8.84836e-08
1.30744e-09
8.84608e-08
1.40949e-09
8.84551e-08
1.45374e-09
8.84604e-08
1.47367e-09
8.84765e-08
1.46253e-09
8.85013e-08
1.4263e-09
8.85318e-08
1.36357e-09
8.85661e-08
1.28311e-09
8.86025e-08
1.18701e-09
1.10007e-09
9.62674e-08
-6.77015e-10
9.6232e-08
-6.82269e-10
9.63175e-08
-2.15427e-10
9.63435e-08
1.8597e-10
9.62751e-08
3.99169e-10
9.61798e-08
5.54772e-10
9.60768e-08
7.06672e-10
9.59913e-08
8.88012e-10
9.59246e-08
1.0636e-09
9.58717e-08
1.22653e-09
9.58366e-08
1.34261e-09
9.58204e-08
1.42568e-09
9.58215e-08
1.4526e-09
9.58337e-08
1.46145e-09
9.58582e-08
1.43808e-09
9.58925e-08
1.39194e-09
9.59329e-08
1.32317e-09
9.59762e-08
1.23981e-09
9.60194e-08
1.14386e-09
1.05798e-09
1.04284e-07
-5.09964e-10
1.04207e-07
-6.0541e-10
1.0426e-07
-2.68135e-10
1.04307e-07
1.3908e-10
1.04278e-07
4.28156e-10
1.04175e-07
6.57491e-10
1.04062e-07
8.19728e-10
1.03958e-07
9.91746e-10
1.03882e-07
1.14012e-09
1.03833e-07
1.2753e-09
1.03801e-07
1.3743e-09
1.03797e-07
1.43014e-09
1.03802e-07
1.44776e-09
1.03823e-07
1.44064e-09
1.03856e-07
1.40502e-09
1.03898e-07
1.34936e-09
1.03946e-07
1.27513e-09
1.03996e-07
1.18965e-09
1.04045e-07
1.09499e-09
1.01246e-09
1.12952e-07
-3.79477e-10
1.12856e-07
-5.09453e-10
1.12853e-07
-2.64887e-10
1.12882e-07
1.10014e-10
1.12871e-07
4.39337e-10
1.12806e-07
7.22819e-10
1.12692e-07
9.33252e-10
1.12588e-07
1.09571e-09
1.1251e-07
1.21786e-09
1.12462e-07
1.32349e-09
1.12443e-07
1.39352e-09
1.12442e-07
1.43075e-09
1.12456e-07
1.43376e-09
1.12486e-07
1.41142e-09
1.12526e-07
1.36452e-09
1.12575e-07
1.30083e-09
1.12627e-07
1.22251e-09
1.12681e-07
1.13591e-09
1.12733e-07
1.04324e-09
9.64135e-10
1.22327e-07
-2.78602e-10
1.22222e-07
-4.0435e-10
1.22173e-07
-2.16812e-10
1.22159e-07
1.24426e-10
1.22134e-07
4.64496e-10
1.22087e-07
7.69513e-10
1.22017e-07
1.00303e-09
1.21932e-07
1.18091e-09
1.21864e-07
1.28659e-09
1.21826e-07
1.36078e-09
1.21813e-07
1.40714e-09
1.21819e-07
1.42459e-09
1.21841e-07
1.41133e-09
1.21877e-07
1.37515e-09
1.21924e-07
1.31841e-09
1.21976e-07
1.24829e-09
1.22031e-07
1.16735e-09
1.22086e-07
1.08086e-09
1.22139e-07
9.90777e-10
9.14476e-10
1.32466e-07
-2.00233e-10
1.3236e-07
-2.97808e-10
1.32286e-07
-1.42912e-10
1.3224e-07
1.69948e-10
1.32196e-07
5.08345e-10
1.32148e-07
8.17454e-10
1.32098e-07
1.05343e-09
1.3205e-07
1.22915e-09
1.31999e-07
1.33691e-09
1.31978e-07
1.38273e-09
1.31974e-07
1.41022e-09
1.31989e-07
1.41038e-09
1.32017e-07
1.38325e-09
1.32056e-07
1.33575e-09
1.32104e-07
1.27062e-09
1.32157e-07
1.1948e-09
1.32213e-07
1.11128e-09
1.3227e-07
1.02479e-09
1.32323e-07
9.36979e-10
8.64962e-10
1.43436e-07
-1.38364e-10
1.43336e-07
-1.98058e-10
1.43252e-07
-5.93218e-11
1.43184e-07
2.3809e-10
1.43125e-07
5.67098e-10
1.43075e-07
8.68169e-10
1.43034e-07
1.09438e-09
1.43005e-07
1.2578e-09
1.42984e-07
1.35837e-09
1.42976e-07
1.39088e-09
1.42989e-07
1.39704e-09
1.43016e-07
1.38347e-09
1.43052e-07
1.34699e-09
1.43094e-07
1.29358e-09
1.4314e-07
1.2245e-09
1.4319e-07
1.14519e-09
1.43242e-07
1.05913e-09
1.43296e-07
9.71246e-10
1.43349e-07
8.83776e-10
8.16459e-10
1.55305e-07
-8.75019e-11
1.55229e-07
-1.21932e-10
1.55144e-07
2.58626e-11
1.55057e-07
3.24305e-10
1.54986e-07
6.38281e-10
1.54934e-07
9.20758e-10
1.54899e-07
1.12861e-09
1.54884e-07
1.27318e-09
1.54887e-07
1.35547e-09
1.54888e-07
1.3901e-09
1.54918e-07
1.36679e-09
1.5496e-07
1.34175e-09
1.5501e-07
1.29671e-09
1.55065e-07
1.23863e-09
1.5512e-07
1.16987e-09
1.55171e-07
1.09399e-09
1.55221e-07
1.00898e-09
1.55246e-07
9.46065e-10
1.55282e-07
8.47636e-10
7.6961e-10
1.68143e-07
-3.70155e-11
1.68034e-07
-1.23438e-11
1.67921e-07
1.38848e-10
1.67826e-07
4.19117e-10
1.67753e-07
7.10882e-10
1.67711e-07
9.63499e-10
1.67692e-07
1.14722e-09
1.67696e-07
1.26887e-09
1.67719e-07
1.33318e-09
1.67753e-07
1.35548e-09
1.678e-07
1.3201e-09
1.67861e-07
1.28104e-09
1.6793e-07
1.22764e-09
1.68004e-07
1.16412e-09
1.6808e-07
1.09437e-09
1.6812e-07
1.05334e-09
1.68144e-07
9.84958e-10
1.68182e-07
9.08639e-10
1.68202e-07
8.27778e-10
7.26488e-10
6.54334e-07
1.79751e-10
6.53846e-07
4.75542e-10
6.53295e-07
6.90108e-10
6.52881e-07
8.32832e-10
6.52626e-07
9.65748e-10
6.52511e-07
1.07855e-09
6.52506e-07
1.15234e-09
6.52585e-07
1.18965e-09
6.52729e-07
1.18999e-09
6.5292e-07
1.16373e-09
6.53124e-07
1.11679e-09
6.53347e-07
1.0577e-09
6.53585e-07
9.89782e-10
6.53831e-07
9.18011e-10
6.54081e-07
8.44425e-10
6.54362e-07
7.72146e-10
6.54645e-07
7.02269e-10
6.54917e-07
6.36794e-10
6.55168e-07
5.76324e-10
5.38446e-10
7.07866e-07
2.97597e-10
7.07591e-07
7.50858e-10
7.07316e-07
9.65421e-10
7.07062e-07
1.08622e-09
7.06894e-07
1.13375e-09
7.06829e-07
1.14338e-09
7.06854e-07
1.1275e-09
7.06947e-07
1.09681e-09
7.07085e-07
1.05201e-09
7.07251e-07
9.9802e-10
7.07431e-07
9.36241e-10
7.07618e-07
8.70478e-10
7.07807e-07
8.01378e-10
7.07993e-07
7.31463e-10
7.08175e-07
6.62568e-10
7.0835e-07
5.97536e-10
7.08515e-07
5.37193e-10
7.0867e-07
4.82217e-10
7.08814e-07
4.32264e-10
3.9544e-10
7.65706e-07
3.70529e-10
7.65538e-07
9.19179e-10
7.65295e-07
1.20824e-09
7.65096e-07
1.28551e-09
7.64952e-07
1.2773e-09
7.64878e-07
1.21779e-09
7.64871e-07
1.1339e-09
7.64927e-07
1.04106e-09
7.65032e-07
9.47436e-10
7.65173e-07
8.57169e-10
7.65334e-07
7.7501e-10
7.65493e-07
7.11636e-10
7.6564e-07
6.53599e-10
7.65789e-07
5.83185e-10
7.65934e-07
5.172e-10
7.66075e-07
4.57117e-10
7.66209e-07
4.03191e-10
7.66336e-07
3.5508e-10
7.66455e-07
3.12414e-10
2.65046e-10
8.28255e-07
4.07768e-10
8.28173e-07
1.00135e-09
8.28035e-07
1.34584e-09
8.27832e-07
1.48874e-09
8.27605e-07
1.50432e-09
8.27402e-07
1.4209e-09
8.27262e-07
1.27379e-09
8.27187e-07
1.11625e-09
8.27161e-07
9.73277e-10
8.27186e-07
8.3264e-10
8.27258e-07
7.02557e-10
8.27388e-07
5.81883e-10
8.27567e-07
4.74779e-10
8.2777e-07
3.8023e-10
8.27986e-07
3.01034e-10
8.28207e-07
2.36152e-10
8.28423e-07
1.86522e-10
8.28628e-07
1.50081e-10
8.28815e-07
1.26106e-10
1.16362e-10
8.95951e-07
3.65141e-10
8.96046e-07
9.06629e-10
8.96144e-07
1.24731e-09
8.96217e-07
1.41584e-09
8.96251e-07
1.47031e-09
8.96243e-07
1.42931e-09
8.96187e-07
1.32993e-09
8.96121e-07
1.18163e-09
8.961e-07
9.9483e-10
8.96155e-07
7.77328e-10
8.9624e-07
6.18232e-10
8.96344e-07
4.77918e-10
8.96458e-07
3.60558e-10
8.96574e-07
2.63681e-10
8.96687e-07
1.88774e-10
8.9679e-07
1.32215e-10
8.96884e-07
9.30612e-11
8.96967e-07
6.73495e-11
8.97039e-07
5.35165e-11
5.07989e-11
9.69153e-07
2.56837e-10
9.69436e-07
6.23986e-10
9.6984e-07
8.43032e-10
9.70312e-07
9.43624e-10
9.70815e-07
9.67881e-10
9.71307e-07
9.3734e-10
9.7176e-07
8.76035e-10
9.72146e-07
7.95695e-10
9.72429e-07
7.12167e-10
9.72549e-07
6.57699e-10
9.72585e-07
5.81803e-10
9.72564e-07
4.9884e-10
9.72503e-07
4.21623e-10
9.72415e-07
3.51863e-10
9.72312e-07
2.91894e-10
9.72203e-07
2.41073e-10
9.72096e-07
1.99689e-10
9.71997e-07
1.66155e-10
9.71911e-07
1.39629e-10
1.1291e-10
1.04825e-06
1.53318e-10
1.04849e-06
3.92438e-10
1.04879e-06
5.40704e-10
1.04911e-06
6.17431e-10
1.04944e-06
6.44163e-10
1.04974e-06
6.40575e-10
1.04998e-06
6.30114e-10
1.05018e-06
5.9525e-10
1.05035e-06
5.46085e-10
1.05051e-06
4.94205e-10
1.05065e-06
4.42709e-10
1.05075e-06
3.943e-10
1.05083e-06
3.497e-10
1.05087e-06
3.09603e-10
1.05089e-06
2.73643e-10
1.05089e-06
2.41709e-10
1.05087e-06
2.13075e-10
1.05085e-06
1.871e-10
1.05083e-06
1.57745e-10
1.42082e-10
1.13377e-06
9.62014e-11
1.13392e-06
2.49709e-10
1.13411e-06
3.49326e-10
1.13432e-06
4.0788e-10
1.13452e-06
4.35561e-10
1.13472e-06
4.46419e-10
1.1349e-06
4.46818e-10
1.13507e-06
4.31673e-10
1.1352e-06
4.08536e-10
1.13531e-06
3.82623e-10
1.1354e-06
3.54764e-10
1.13547e-06
3.26911e-10
1.13552e-06
2.99199e-10
1.13556e-06
2.72708e-10
1.13558e-06
2.47318e-10
1.1356e-06
2.23572e-10
1.13561e-06
2.01225e-10
1.13562e-06
1.80508e-10
1.13562e-06
1.61088e-10
1.39608e-10
1.2263e-06
6.18854e-11
1.22639e-06
1.62981e-10
1.2265e-06
2.31486e-10
1.22664e-06
2.75911e-10
1.22677e-06
3.00546e-10
1.2269e-06
3.13654e-10
1.22703e-06
3.17681e-10
1.22715e-06
3.18203e-10
1.22724e-06
3.10531e-10
1.22733e-06
2.98342e-10
1.2274e-06
2.82888e-10
1.22746e-06
2.66047e-10
1.22751e-06
2.4787e-10
1.22756e-06
2.2947e-10
1.22759e-06
2.10843e-10
1.22762e-06
1.92692e-10
1.22765e-06
1.7495e-10
1.22767e-06
1.58011e-10
1.22769e-06
1.41725e-10
1.23596e-10
1.32639e-06
4.12136e-11
1.32644e-06
1.09671e-10
1.32652e-06
1.57443e-10
1.3266e-06
1.90598e-10
1.32669e-06
2.10672e-10
1.32678e-06
2.23394e-10
1.32687e-06
2.28929e-10
1.32696e-06
2.30945e-10
1.32704e-06
2.29677e-10
1.32711e-06
2.2633e-10
1.32717e-06
2.18841e-10
1.32723e-06
2.09192e-10
1.32728e-06
1.97637e-10
1.32733e-06
1.85217e-10
1.32737e-06
1.71942e-10
1.3274e-06
1.58495e-10
1.32743e-06
1.44857e-10
1.32746e-06
1.31389e-10
1.32748e-06
1.17683e-10
1.03869e-10
1.43466e-06
2.79173e-11
1.43469e-06
7.4877e-11
1.43474e-06
1.08226e-10
1.4348e-06
1.32387e-10
1.43486e-06
1.477e-10
1.43493e-06
1.58366e-10
1.43499e-06
1.63944e-10
1.43506e-06
1.67081e-10
1.43512e-06
1.67195e-10
1.43518e-06
1.65717e-10
1.43524e-06
1.62117e-10
1.43529e-06
1.57062e-10
1.43534e-06
1.50107e-10
1.43538e-06
1.41975e-10
1.43542e-06
1.32637e-10
1.43545e-06
1.22675e-10
1.43549e-06
1.12159e-10
1.43552e-06
1.0169e-10
1.43554e-06
9.15242e-11
8.30485e-11
1.55177e-06
1.85761e-11
1.55179e-06
5.01182e-11
1.55183e-06
7.27349e-11
1.55187e-06
8.95239e-11
1.55192e-06
1.00388e-10
1.55197e-06
1.08316e-10
1.55202e-06
1.12756e-10
1.55207e-06
1.15617e-10
1.55212e-06
1.16311e-10
1.55217e-06
1.15875e-10
1.55222e-06
1.13812e-10
1.55227e-06
1.10757e-10
1.55231e-06
1.06418e-10
1.55235e-06
1.01299e-10
1.55239e-06
9.53012e-11
1.55242e-06
8.88552e-11
1.55245e-06
8.19733e-11
1.55248e-06
7.50113e-11
1.5525e-06
6.80205e-11
6.21301e-11
1.67844e-06
1.13201e-11
1.67846e-06
3.0705e-11
1.67849e-06
4.47426e-11
1.67852e-06
5.53756e-11
1.67856e-06
6.23574e-11
1.6786e-06
6.7618e-11
1.67864e-06
7.06919e-11
1.67869e-06
7.2846e-11
1.67873e-06
7.36325e-11
1.67877e-06
7.37468e-11
1.67881e-06
7.28112e-11
1.67885e-06
7.12436e-11
1.67889e-06
6.88052e-11
1.67893e-06
6.58244e-11
1.67896e-06
6.22085e-11
1.67899e-06
5.82493e-11
1.67902e-06
5.39446e-11
1.67904e-06
4.95403e-11
1.67907e-06
4.50691e-11
4.14566e-11
1.81546e-06
4.86128e-12
1.81547e-06
1.36672e-11
1.8155e-06
2.01581e-11
1.81553e-06
2.5216e-11
1.81556e-06
2.86304e-11
1.8156e-06
3.13567e-11
1.81564e-06
3.31126e-11
1.81568e-06
3.45291e-11
1.81571e-06
3.53423e-11
1.81575e-06
3.59019e-11
1.81579e-06
3.60019e-11
1.81582e-06
3.58955e-11
1.81586e-06
3.54689e-11
1.81589e-06
3.45527e-11
1.81592e-06
3.30232e-11
1.81594e-06
3.11215e-11
1.81597e-06
2.88853e-11
1.81599e-06
2.64458e-11
1.81601e-06
2.37715e-11
2.11527e-11
1.96366e-06
1.96367e-06
1.96369e-06
1.96372e-06
1.96374e-06
1.96378e-06
1.96381e-06
1.96384e-06
1.96388e-06
1.96392e-06
1.96395e-06
1.96399e-06
1.96402e-06
1.96406e-06
1.96409e-06
1.96412e-06
1.96415e-06
1.96418e-06
1.9642e-06
)
;

boundaryField
{
    top
    {
        type            calculated;
        value           uniform 0;
    }
    inlet
    {
        type            calculated;
        value           nonuniform List<scalar> 
45
(
-6.54551e-07
-7.07984e-07
-7.65779e-07
-8.28292e-07
-8.95909e-07
-9.69045e-07
-1.04815e-06
-1.13372e-06
-1.22626e-06
-1.32637e-06
-1.43464e-06
-1.55176e-06
-1.67843e-06
-1.81545e-06
-1.96365e-06
-1.68194e-08
-1.82093e-08
-1.9714e-08
-2.13431e-08
-2.31069e-08
-2.50163e-08
-2.70836e-08
-2.93217e-08
-3.17448e-08
-3.43681e-08
-3.72081e-08
-4.02829e-08
-4.36117e-08
-4.72157e-08
-5.11174e-08
-5.53416e-08
-5.99148e-08
-6.4866e-08
-7.02263e-08
-7.60296e-08
-8.23124e-08
-8.91144e-08
-9.64786e-08
-1.04451e-07
-1.13083e-07
-1.22428e-07
-1.32545e-07
-1.43498e-07
-1.55356e-07
-1.68194e-07
)
;
    }
    outlet
    {
        type            calculated;
        value           nonuniform List<scalar> 
45
(
6.65547e-07
7.18939e-07
7.76243e-07
8.38017e-07
9.0481e-07
9.77133e-07
1.05551e-06
1.14042e-06
1.23238e-06
1.33197e-06
1.43979e-06
1.55651e-06
1.6829e-06
1.81976e-06
1.968e-06
5.75374e-10
1.92497e-09
3.6117e-09
5.6939e-09
8.2303e-09
1.12712e-08
1.48448e-08
1.89393e-08
2.34825e-08
2.83321e-08
3.32912e-08
3.81617e-08
4.28201e-08
4.72696e-08
5.16304e-08
5.60756e-08
6.0762e-08
6.57977e-08
7.12474e-08
7.71539e-08
8.35545e-08
9.04882e-08
9.79975e-08
1.06128e-07
1.1493e-07
1.24456e-07
1.34765e-07
1.45919e-07
1.57988e-07
1.71044e-07
)
;
    }
    plate
    {
        type            calculated;
        value           uniform 0;
    }
    symmBound
    {
        type            calculated;
        value           nonuniform List<scalar> 
20
(
5.99755e-09
-4.3336e-09
3.45249e-09
-2.23333e-09
2.01753e-09
-1.07081e-09
1.11645e-09
-4.72942e-10
5.51273e-10
-1.85507e-10
1.94135e-10
-7.1226e-11
-3.4752e-11
-5.19057e-11
-1.88439e-10
-7.73846e-11
-2.74172e-10
-1.29721e-10
-3.00976e-10
-2.06727e-10
)
;
    }
    frontAndBack
    {
        type            empty;
    }
}


// ************************************************************************* //
