/*--------------------------------*- C++ -*----------------------------------*\
| =========                 |                                                 |
| \\      /  F ield         | OpenFOAM: The Open Source CFD Toolbox           |
|  \\    /   O peration     | Version:  1.4.1-dev                             |
|   \\  /    A nd           | Web:      http://www.openfoam.org               |
|    \\/     M anipulation  |                                                 |
\*---------------------------------------------------------------------------*/

FoamFile
{
    version 2.0;
    format ascii;

    root "/home/mjaworsk/OpenFOAM/mjaworsk-1.4.1-dev/run/FlatPlate-Blasius";
    case "icoHeatFoam-flatPlate2";
    instance "0.9";
    local "";

    class volVectorField;
    object U;
}

// * * * * * * * * * * * * * * * * * * * * * * * * * * * * * * * * * * * * * //

dimensions      [0 1 -1 0 0 0 0];

internalField   nonuniform List<vector> 
2475
(
(0.13256 0.00807163 0)
(0.0798352 0.00529963 0)
(0.0537484 0.00187902 0)
(0.0398733 0.000635699 0)
(0.0322411 0.000269483 0)
(0.0279714 0.000143797 0)
(0.0251827 0.000104707 0)
(0.0230493 8.6474e-05 0)
(0.0212977 7.09471e-05 0)
(0.0198282 5.78442e-05 0)
(0.0185699 4.76704e-05 0)
(0.01748 3.97926e-05 0)
(0.0165165 3.35717e-05 0)
(0.0156628 2.85987e-05 0)
(0.0148897 2.45402e-05 0)
(0.0141955 2.12376e-05 0)
(0.0135536 1.84561e-05 0)
(0.0129739 1.61792e-05 0)
(0.0124265 1.41926e-05 0)
(0.011933 1.25816e-05 0)
(0.0114552 1.1111e-05 0)
(0.0110297 9.95198e-06 0)
(0.0106036 8.82268e-06 0)
(0.0102345 7.97768e-06 0)
(0.0098464 7.07811e-06 0)
(0.00952706 6.46863e-06 0)
(0.00916442 5.73896e-06 0)
(0.00889184 5.31625e-06 0)
(0.00854096 4.70936e-06 0)
(0.008317 4.42714e-06 0)
(0.0079609 3.91735e-06 0)
(0.00779456 3.73375e-06 0)
(0.00740738 3.34469e-06 0)
(0.00731943 3.17068e-06 0)
(0.00685557 3.30041e-06 0)
(0.183147 0.016815 0)
(0.161966 0.0150227 0)
(0.139871 0.0082726 0)
(0.117935 0.00415269 0)
(0.0998055 0.00226932 0)
(0.0870023 0.00134922 0)
(0.0780419 0.000894633 0)
(0.0712715 0.000662745 0)
(0.0657994 0.000520679 0)
(0.0612331 0.000419045 0)
(0.0573277 0.000342887 0)
(0.0539478 0.000284834 0)
(0.0509612 0.000239499 0)
(0.0483168 0.00020356 0)
(0.0459224 0.000174351 0)
(0.043774 0.000150647 0)
(0.0417878 0.000130757 0)
(0.0399955 0.000114462 0)
(0.038303 0.000100333 0)
(0.0367788 8.8808e-05 0)
(0.0353026 7.84007e-05 0)
(0.0339894 7.00885e-05 0)
(0.0326742 6.21377e-05 0)
(0.0315364 5.60699e-05 0)
(0.0303394 4.97828e-05 0)
(0.0293558 4.54067e-05 0)
(0.0282379 4.02989e-05 0)
(0.0273992 3.72672e-05 0)
(0.026319 3.29485e-05 0)
(0.025631 3.10174e-05 0)
(0.0245371 2.72116e-05 0)
(0.0240266 2.62487e-05 0)
(0.0228418 2.28555e-05 0)
(0.0225696 2.26165e-05 0)
(0.0211657 2.13293e-05 0)
(0.190443 0.0169591 0)
(0.190042 0.0186543 0)
(0.183894 0.0130956 0)
(0.171455 0.00861599 0)
(0.15628 0.00598981 0)
(0.14211 0.00420021 0)
(0.13013 0.00296488 0)
(0.12012 0.00218593 0)
(0.111622 0.00169279 0)
(0.104335 0.00135343 0)
(0.0979857 0.00110424 0)
(0.0924209 0.000915652 0)
(0.087454 0.000769009 0)
(0.0830269 0.000653186 0)
(0.0789933 0.000559209 0)
(0.0753614 0.00048302 0)
(0.0719888 0.000419151 0)
(0.0689404 0.000366795 0)
(0.0660514 0.000321484 0)
(0.0634492 0.000284432 0)
(0.0609207 0.000251098 0)
(0.0586736 0.000224331 0)
(0.0564155 0.000198906 0)
(0.0544658 0.000179348 0)
(0.052407 0.000159294 0)
(0.0507201 0.00014518 0)
(0.0487949 0.000128869 0)
(0.0473563 0.000119083 0)
(0.0454955 0.000105196 0)
(0.0443161 9.90641e-05 0)
(0.0424334 8.66061e-05 0)
(0.0415587 8.39023e-05 0)
(0.0395251 7.22323e-05 0)
(0.0390549 7.25831e-05 0)
(0.0366668 6.56057e-05 0)
(0.190981 0.0143413 0)
(0.195818 0.0179773 0)
(0.198583 0.0145063 0)
(0.195718 0.0108407 0)
(0.188446 0.00860423 0)
(0.179438 0.00688977 0)
(0.170164 0.00540967 0)
(0.161137 0.00425909 0)
(0.152514 0.00341773 0)
(0.144465 0.00279093 0)
(0.136998 0.00230811 0)
(0.130166 0.00193092 0)
(0.123859 0.00163145 0)
(0.118107 0.00139198 0)
(0.112758 0.00119585 0)
(0.107881 0.00103582 0)
(0.103286 0.000900876 0)
(0.0991053 0.00078979 0)
(0.0950995 0.000693299 0)
(0.0914807 0.000614123 0)
(0.0879315 0.000542757 0)
(0.0847776 0.000485248 0)
(0.0815799 0.000430622 0)
(0.078826 0.000388443 0)
(0.0758912 0.000345273 0)
(0.0734983 0.000314744 0)
(0.0707403 0.000279517 0)
(0.0686941 0.000258281 0)
(0.06602 0.000228136 0)
(0.0643408 0.000214881 0)
(0.0616319 0.000187608 0)
(0.0603854 0.000182028 0)
(0.0574644 0.000155997 0)
(0.0567881 0.000157531 0)
(0.0533848 0.000139415 0)
(0.192116 0.0121937 0)
(0.196153 0.0161271 0)
(0.201136 0.0142505 0)
(0.202852 0.0112948 0)
(0.201055 0.00951755 0)
(0.197324 0.00825743 0)
(0.192597 0.00703509 0)
(0.187226 0.00593017 0)
(0.181307 0.00502287 0)
(0.175105 0.00428375 0)
(0.168736 0.00366623 0)
(0.162447 0.00314848 0)
(0.156232 0.00271271 0)
(0.15029 0.00234927 0)
(0.144506 0.00204141 0)
(0.139081 0.00178429 0)
(0.133805 0.00156296 0)
(0.128926 0.0013783 0)
(0.124136 0.00121566 0)
(0.119776 0.00108115 0)
(0.115411 0.000958672 0)
(0.111527 0.000859515 0)
(0.107513 0.000764598 0)
(0.104069 0.000691123 0)
(0.100329 0.000615447 0)
(0.097304 0.000561864 0)
(0.0937488 0.000499633 0)
(0.091143 0.000462124 0)
(0.0876675 0.000408481 0)
(0.0855193 0.000385005 0)
(0.0819818 0.000336133 0)
(0.0803822 0.000326374 0)
(0.0765658 0.000279323 0)
(0.0756887 0.000282385 0)
(0.0712689 0.000246853 0)
(0.193362 0.010847 0)
(0.196143 0.0143966 0)
(0.20066 0.0136211 0)
(0.203627 0.0111785 0)
(0.204134 0.00957086 0)
(0.203236 0.00861345 0)
(0.201609 0.00770913 0)
(0.199448 0.00680856 0)
(0.196607 0.00601494 0)
(0.19323 0.00534036 0)
(0.189278 0.00474677 0)
(0.18501 0.00421801 0)
(0.180354 0.00374254 0)
(0.175607 0.00332326 0)
(0.170621 0.00294834 0)
(0.165738 0.00262233 0)
(0.1607 0.00232996 0)
(0.155921 0.00207953 0)
(0.151 0.00185216 0)
(0.146465 0.00166116 0)
(0.141737 0.00148312 0)
(0.137522 0.00133784 0)
(0.133004 0.00119602 0)
(0.129153 0.00108601 0)
(0.124819 0.000970664 0)
(0.121362 0.000889205 0)
(0.117151 0.000792877 0)
(0.114129 0.000735202 0)
(0.109945 0.000651113 0)
(0.107428 0.000614733 0)
(0.103123 0.000537404 0)
(0.101236 0.000522252 0)
(0.096574 0.000447374 0)
(0.0955267 0.000452127 0)
(0.0901453 0.000392487 0)
(0.194183 0.00995154 0)
(0.19626 0.0128883 0)
(0.199866 0.0128815 0)
(0.202878 0.0109603 0)
(0.204102 0.009398 0)
(0.204247 0.00853714 0)
(0.203931 0.00783739 0)
(0.203446 0.00711184 0)
(0.202527 0.00643795 0)
(0.201275 0.00586313 0)
(0.199472 0.00535649 0)
(0.197369 0.00489782 0)
(0.194718 0.00446781 0)
(0.191863 0.00407423 0)
(0.188491 0.00370369 0)
(0.185059 0.00336936 0)
(0.181153 0.00305353 0)
(0.17736 0.00277465 0)
(0.173111 0.00250912 0)
(0.169163 0.00228152 0)
(0.16473 0.00206025 0)
(0.160797 0.00187795 0)
(0.156283 0.00169314 0)
(0.152501 0.00154979 0)
(0.147957 0.00139401 0)
(0.144433 0.00128499 0)
(0.139851 0.0011513 0)
(0.136686 0.00107267 0)
(0.132005 0.000953449 0)
(0.129318 0.000903217 0)
(0.12441 0.000791906 0)
(0.122371 0.000770919 0)
(0.117003 0.000662371 0)
(0.115856 0.000669071 0)
(0.10966 0.000579228 0)
(0.194639 0.00927795 0)
(0.196318 0.0115678 0)
(0.199133 0.0120239 0)
(0.201887 0.0106639 0)
(0.203331 0.00919469 0)
(0.203845 0.00833502 0)
(0.203915 0.00774165 0)
(0.204031 0.00714071 0)
(0.203902 0.00654757 0)
(0.203717 0.00603651 0)
(0.203119 0.00559541 0)
(0.202449 0.00520745 0)
(0.201281 0.00484113 0)
(0.200061 0.00450572 0)
(0.198256 0.0041799 0)
(0.19646 0.00388311 0)
(0.19401 0.00358938 0)
(0.191685 0.00332657 0)
(0.188644 0.0030619 0)
(0.185899 0.00283281 0)
(0.182361 0.00259632 0)
(0.17934 0.00240123 0)
(0.175404 0.00219095 0)
(0.172266 0.00202948 0)
(0.168012 0.00184274 0)
(0.164913 0.0017151 0)
(0.16038 0.00154804 0)
(0.157471 0.0014535 0)
(0.152637 0.00129955 0)
(0.150089 0.00123816 0)
(0.144866 0.00109093 0)
(0.142892 0.00106551 0)
(0.137083 0.000920298 0)
(0.135957 0.000929693 0)
(0.129222 0.00080605 0)
(0.194897 0.00870733 0)
(0.196304 0.0104504 0)
(0.198488 0.0111062 0)
(0.200902 0.0102668 0)
(0.202397 0.00898519 0)
(0.203122 0.00811518 0)
(0.203299 0.00756682 0)
(0.20359 0.00706022 0)
(0.203674 0.00653056 0)
(0.203895 0.00605517 0)
(0.203758 0.00564397 0)
(0.203772 0.00529683 0)
(0.203339 0.00497259 0)
(0.203098 0.00468447 0)
(0.202284 0.00440093 0)
(0.201706 0.00414958 0)
(0.200413 0.00389254 0)
(0.199436 0.0036679 0)
(0.197594 0.00342885 0)
(0.196204 0.00322657 0)
(0.193785 0.00300186 0)
(0.19202 0.00282156 0)
(0.189034 0.00260957 0)
(0.186982 0.00245293 0)
(0.183459 0.00225328 0)
(0.181249 0.0021242 0)
(0.177212 0.0019361 0)
(0.174996 0.00183768 0)
(0.170439 0.00165666 0)
(0.168398 0.0015919 0)
(0.163264 0.00141284 0)
(0.161631 0.00138728 0)
(0.155775 0.00120761 0)
(0.15483 0.00122125 0)
(0.147985 0.00106533 0)
(0.195095 0.00818762 0)
(0.196292 0.00952836 0)
(0.197982 0.0102105 0)
(0.200039 0.00978237 0)
(0.201471 0.00875719 0)
(0.202353 0.00791 0)
(0.202587 0.00736974 0)
(0.202946 0.00693197 0)
(0.203044 0.00646428 0)
(0.203409 0.00602097 0)
(0.203383 0.00562217 0)
(0.203665 0.0052936 0)
(0.203474 0.00498827 0)
(0.203681 0.00472718 0)
(0.203293 0.00446702 0)
(0.203387 0.00424718 0)
(0.202723 0.0040166 0)
(0.202639 0.00382673 0)
(0.201606 0.00361419 0)
(0.201284 0.00344609 0)
(0.199789 0.00324353 0)
(0.199192 0.00309307 0)
(0.197162 0.00289532 0)
(0.196292 0.00276194 0)
(0.193678 0.00256684 0)
(0.192582 0.00245434 0)
(0.189349 0.00226128 0)
(0.188119 0.00217443 0)
(0.184227 0.00197999 0)
(0.182996 0.00192353 0)
(0.178386 0.00172354 0)
(0.177348 0.00170472 0)
(0.171926 0.00149977 0)
(0.171319 0.0015198 0)
(0.164913 0.00134051 0)
(0.195327 0.00770551 0)
(0.196352 0.00876491 0)
(0.197658 0.00939023 0)
(0.199384 0.0092431 0)
(0.20067 0.00849229 0)
(0.201652 0.0077188 0)
(0.201931 0.00717514 0)
(0.202344 0.00677927 0)
(0.202406 0.0063699 0)
(0.202832 0.00596646 0)
(0.202802 0.00557917 0)
(0.203193 0.00526099 0)
(0.203033 0.00496239 0)
(0.203417 0.00471612 0)
(0.203138 0.00446511 0)
(0.203526 0.00426267 0)
(0.203092 0.00404364 0)
(0.20346 0.00387572 0)
(0.20281 0.00367823 0)
(0.203119 0.00353644 0)
(0.202171 0.00335086 0)
(0.202373 0.00322908 0)
(0.201037 0.00304754 0)
(0.201096 0.00294256 0)
(0.19928 0.00275998 0)
(0.19918 0.00267338 0)
(0.196804 0.00248726 0)
(0.19656 0.00242293 0)
(0.193542 0.00222921 0)
(0.193202 0.00219134 0)
(0.18946 0.00198545 0)
(0.189121 0.00198001 0)
(0.184586 0.00176518 0)
(0.184392 0.00179287 0)
(0.178982 0.00160651 0)
(0.195633 0.00726245 0)
(0.196513 0.00812063 0)
(0.197523 0.00866594 0)
(0.198965 0.00868684 0)
(0.200065 0.00818241 0)
(0.201085 0.0075273 0)
(0.201401 0.00699254 0)
(0.201868 0.00661718 0)
(0.201891 0.00625467 0)
(0.202344 0.00589742 0)
(0.202286 0.00552829 0)
(0.202727 0.00522078 0)
(0.202547 0.00492481 0)
(0.202996 0.00468856 0)
(0.202715 0.00444081 0)
(0.203207 0.00424866 0)
(0.202822 0.00403244 0)
(0.203361 0.00387651 0)
(0.202843 0.00368373 0)
(0.203422 0.00355751 0)
(0.202724 0.00337943 0)
(0.20332 0.00327702 0)
(0.20238 0.00310542 0)
(0.202961 0.00302274 0)
(0.201702 0.00285125 0)
(0.202233 0.00278818 0)
(0.200575 0.00261286 0)
(0.201028 0.00257182 0)
(0.198881 0.00238789 0)
(0.199232 0.00237128 0)
(0.196502 0.00217342 0)
(0.196745 0.0021831 0)
(0.193374 0.00197573 0)
(0.193533 0.00200939 0)
(0.189502 0.00183533 0)
(0.196005 0.00686032 0)
(0.196762 0.00756613 0)
(0.197546 0.00803486 0)
(0.198754 0.00814484 0)
(0.199668 0.00783409 0)
(0.200669 0.00731992 0)
(0.201015 0.00681963 0)
(0.201527 0.00645641 0)
(0.201535 0.00612575 0)
(0.20199 0.00581408 0)
(0.201916 0.0054708 0)
(0.202371 0.00517808 0)
(0.202182 0.00488509 0)
(0.20264 0.00465693 0)
(0.202356 0.0044113 0)
(0.202857 0.00422678 0)
(0.202488 0.00401094 0)
(0.203049 0.00386193 0)
(0.202586 0.00366937 0)
(0.203212 0.00355123 0)
(0.202637 0.00337483 0)
(0.203326 0.00328258 0)
(0.20261 0.00311503 0)
(0.203346 0.00304483 0)
(0.202448 0.0028801 0)
(0.203206 0.00283128 0)
(0.202078 0.00266547 0)
(0.202821 0.00263971 0)
(0.201403 0.00246858 0)
(0.202079 0.00246693 0)
(0.200298 0.00228577 0)
(0.200837 0.00230533 0)
(0.198649 0.00211889 0)
(0.198987 0.002153 0)
(0.196399 0.00200642 0)
(0.196413 0.00649698 0)
(0.19706 0.00708202 0)
(0.197676 0.00748366 0)
(0.198689 0.00763545 0)
(0.199445 0.00746237 0)
(0.20038 0.0070869 0)
(0.200751 0.00664668 0)
(0.201291 0.00630042 0)
(0.201318 0.00599003 0)
(0.201754 0.00571704 0)
(0.20169 0.00540453 0)
(0.202125 0.00513166 0)
(0.201962 0.00484505 0)
(0.20239 0.00462403 0)
(0.202139 0.00438137 0)
(0.202592 0.00420308 0)
(0.202271 0.00398862 0)
(0.202769 0.00384399 0)
(0.202379 0.00365167 0)
(0.202931 0.00353724 0)
(0.202468 0.00336148 0)
(0.203077 0.00327307 0)
(0.202535 0.00310769 0)
(0.203194 0.00304174 0)
(0.202563 0.00288163 0)
(0.203255 0.00283735 0)
(0.202519 0.00267935 0)
(0.203219 0.00265827 0)
(0.202356 0.0024997 0)
(0.203018 0.00250234 0)
(0.201991 0.00234082 0)
(0.202534 0.00236091 0)
(0.201316 0.00220142 0)
(0.201651 0.00222886 0)
(0.200254 0.00211525 0)
(0.196825 0.00616825 0)
(0.197369 0.00665501 0)
(0.197866 0.0069981 0)
(0.198708 0.00716506 0)
(0.199344 0.00708341 0)
(0.200183 0.00682729 0)
(0.200575 0.00646322 0)
(0.201115 0.0061458 0)
(0.201195 0.00585188 0)
(0.201594 0.00560808 0)
(0.20157 0.00532715 0)
(0.201956 0.00507783 0)
(0.201854 0.00480293 0)
(0.202222 0.00458903 0)
(0.202042 0.00435122 0)
(0.202414 0.00417784 0)
(0.202179 0.00396703 0)
(0.202573 0.00382519 0)
(0.202289 0.00363511 0)
(0.202712 0.00352176 0)
(0.202385 0.00334819 0)
(0.202839 0.00325977 0)
(0.202472 0.00309764 0)
(0.202953 0.0030307 0)
(0.20255 0.00287569 0)
(0.203047 0.00282933 0)
(0.20261 0.00267893 0)
(0.203109 0.00265458 0)
(0.202638 0.00250772 0)
(0.20311 0.00250562 0)
(0.202598 0.0023629 0)
(0.202983 0.00237533 0)
(0.202416 0.00224204 0)
(0.202647 0.00225766 0)
(0.202028 0.00217328 0)
(0.197221 0.00587065 0)
(0.197666 0.00627562 0)
(0.198081 0.00656698 0)
(0.198771 0.00673336 0)
(0.19932 0.00670992 0)
(0.200047 0.00654688 0)
(0.200456 0.00626267 0)
(0.20097 0.00598598 0)
(0.201118 0.00571207 0)
(0.201473 0.00548975 0)
(0.201509 0.00523788 0)
(0.201833 0.00501312 0)
(0.201808 0.00475539 0)
(0.202103 0.00454976 0)
(0.202016 0.00431919 0)
(0.202297 0.00414974 0)
(0.202165 0.00394481 0)
(0.202447 0.0038048 0)
(0.202283 0.00361928 0)
(0.202572 0.0035055 0)
(0.202383 0.00333622 0)
(0.202681 0.00324566 0)
(0.202474 0.0030886 0)
(0.202776 0.00301801 0)
(0.202559 0.00286943 0)
(0.202858 0.00281783 0)
(0.202639 0.00267554 0)
(0.202928 0.00264412 0)
(0.202711 0.00250827 0)
(0.202979 0.00249683 0)
(0.202768 0.00237054 0)
(0.202981 0.00237131 0)
(0.202769 0.00225999 0)
(0.202889 0.00226249 0)
(0.20267 0.00219937 0)
(0.197593 0.00560232 0)
(0.197945 0.00593745 0)
(0.1983 0.00618228 0)
(0.198859 0.00633794 0)
(0.199344 0.00634992 0)
(0.19996 0.00625456 0)
(0.200376 0.00604414 0)
(0.200846 0.00581554 0)
(0.20106 0.00556862 0)
(0.201374 0.00536445 0)
(0.201472 0.00513777 0)
(0.201736 0.00493611 0)
(0.201784 0.00469932 0)
(0.202015 0.00450401 0)
(0.202013 0.00428325 0)
(0.202218 0.00411749 0)
(0.202179 0.00392006 0)
(0.202371 0.00378157 0)
(0.202309 0.00360241 0)
(0.202494 0.0034877 0)
(0.202417 0.00332427 0)
(0.202596 0.00323079 0)
(0.202512 0.00308007 0)
(0.202682 0.00300498 0)
(0.202597 0.00286369 0)
(0.202756 0.00280608 0)
(0.202673 0.00267219 0)
(0.20282 0.00263286 0)
(0.202744 0.00250744 0)
(0.202875 0.00248561 0)
(0.202811 0.00237339 0)
(0.202911 0.00236205 0)
(0.202854 0.00226817 0)
(0.202904 0.00225917 0)
(0.202841 0.00221004 0)
(0.197935 0.00536194 0)
(0.198205 0.00563601 0)
(0.198512 0.00583787 0)
(0.198963 0.00597613 0)
(0.199397 0.00600744 0)
(0.199915 0.00595886 0)
(0.200324 0.00581072 0)
(0.200748 0.00563167 0)
(0.201009 0.00541826 0)
(0.201292 0.00523304 0)
(0.20144 0.00502851 0)
(0.20166 0.00484723 0)
(0.201762 0.00463275 0)
(0.201949 0.00444995 0)
(0.20201 0.00424144 0)
(0.202165 0.00408007 0)
(0.202194 0.00389125 0)
(0.202328 0.00375449 0)
(0.202337 0.00358284 0)
(0.202458 0.00346742 0)
(0.202454 0.00331081 0)
(0.202563 0.00321449 0)
(0.202554 0.00307075 0)
(0.202651 0.00299127 0)
(0.20264 0.00285759 0)
(0.202725 0.00279418 0)
(0.202713 0.00266878 0)
(0.202788 0.00262187 0)
(0.202778 0.00250644 0)
(0.202842 0.00247478 0)
(0.202838 0.00237484 0)
(0.202884 0.00235266 0)
(0.202881 0.00227267 0)
(0.202901 0.00225487 0)
(0.202883 0.00221503 0)
(0.198247 0.0051482 0)
(0.198447 0.00536802 0)
(0.19871 0.00552936 0)
(0.199079 0.0056459 0)
(0.199467 0.00568479 0)
(0.199907 0.00566682 0)
(0.200297 0.0055678 0)
(0.200678 0.0054348 0)
(0.200962 0.00525853 0)
(0.201227 0.00509503 0)
(0.201407 0.00491151 0)
(0.201603 0.00474796 0)
(0.201736 0.00455523 0)
(0.201899 0.00438635 0)
(0.201999 0.00419221 0)
(0.202131 0.00403654 0)
(0.2022 0.00385732 0)
(0.202307 0.00372277 0)
(0.202356 0.00355946 0)
(0.202447 0.00344382 0)
(0.202483 0.00329474 0)
(0.202561 0.00319603 0)
(0.202589 0.00305965 0)
(0.202655 0.00297619 0)
(0.202679 0.00285027 0)
(0.202735 0.0027815 0)
(0.202754 0.00266459 0)
(0.202802 0.00261066 0)
(0.202818 0.00250491 0)
(0.202857 0.00246443 0)
(0.202873 0.00237543 0)
(0.202901 0.00234414 0)
(0.202913 0.00227541 0)
(0.202923 0.00225145 0)
(0.202916 0.00221819 0)
(0.198529 0.00495756 0)
(0.198669 0.00512949 0)
(0.19889 0.00525296 0)
(0.1992 0.00534551 0)
(0.199548 0.00538376 0)
(0.199931 0.00538404 0)
(0.200293 0.00532178 0)
(0.200639 0.00522814 0)
(0.200925 0.00508909 0)
(0.201179 0.00494985 0)
(0.201375 0.00478776 0)
(0.201561 0.00464019 0)
(0.20171 0.00446774 0)
(0.201864 0.00431303 0)
(0.201983 0.00413475 0)
(0.202108 0.00398619 0)
(0.202199 0.00381768 0)
(0.202299 0.00368594 0)
(0.202369 0.00353167 0)
(0.20245 0.00341636 0)
(0.202506 0.00327541 0)
(0.202574 0.00317485 0)
(0.20262 0.00304619 0)
(0.202677 0.00295922 0)
(0.202715 0.00284116 0)
(0.202763 0.00276755 0)
(0.202794 0.002659 0)
(0.202835 0.00259877 0)
(0.202862 0.00250224 0)
(0.202894 0.00245418 0)
(0.202918 0.00237482 0)
(0.20294 0.00233634 0)
(0.202957 0.00227665 0)
(0.202966 0.00224876 0)
(0.202963 0.00222042 0)
(0.198781 0.00478015 0)
(0.198867 0.00491162 0)
(0.19905 0.00500164 0)
(0.199319 0.00507047 0)
(0.199634 0.00510324 0)
(0.199977 0.00511292 0)
(0.20031 0.00507707 0)
(0.200626 0.00501505 0)
(0.200902 0.00491052 0)
(0.201145 0.00479664 0)
(0.201347 0.00465711 0)
(0.201529 0.00452504 0)
(0.201686 0.0043715 0)
(0.201837 0.00423044 0)
(0.201967 0.00406875 0)
(0.202092 0.00392847 0)
(0.202196 0.00377183 0)
(0.202297 0.00364365 0)
(0.202379 0.00349905 0)
(0.20246 0.0033847 0)
(0.202527 0.00325234 0)
(0.202593 0.00315063 0)
(0.202649 0.00302985 0)
(0.202704 0.00294014 0)
(0.202751 0.00282974 0)
(0.202798 0.00275215 0)
(0.202836 0.00265153 0)
(0.202876 0.00258601 0)
(0.202909 0.00249791 0)
(0.202939 0.00244384 0)
(0.202968 0.00237259 0)
(0.202989 0.00232901 0)
(0.20301 0.00227628 0)
(0.203019 0.00224629 0)
(0.203022 0.00222166 0)
(0.199007 0.00460296 0)
(0.199039 0.0047027 0)
(0.199187 0.00476581 0)
(0.199428 0.00481381 0)
(0.199721 0.00483932 0)
(0.200036 0.00485274 0)
(0.200344 0.0048352 0)
(0.200634 0.00479746 0)
(0.200893 0.00472305 0)
(0.201124 0.00463401 0)
(0.201324 0.00451794 0)
(0.201504 0.00440184 0)
(0.201663 0.00426654 0)
(0.201815 0.00413854 0)
(0.201951 0.00399355 0)
(0.202079 0.00386257 0)
(0.202192 0.00371877 0)
(0.202296 0.00359527 0)
(0.202387 0.00346084 0)
(0.202471 0.00334845 0)
(0.202545 0.00322487 0)
(0.202614 0.00312312 0)
(0.202676 0.00301006 0)
(0.202733 0.00291881 0)
(0.202786 0.00281557 0)
(0.202834 0.00273517 0)
(0.202878 0.0026418 0)
(0.202918 0.00257236 0)
(0.202957 0.00249155 0)
(0.202987 0.00243337 0)
(0.203021 0.00236856 0)
(0.203042 0.00232195 0)
(0.203067 0.00227437 0)
(0.203076 0.00224363 0)
(0.203086 0.00222175 0)
(0.19921 0.00441914 0)
(0.199187 0.00449575 0)
(0.199303 0.00453946 0)
(0.199524 0.00457127 0)
(0.199803 0.00458985 0)
(0.200101 0.00460368 0)
(0.20039 0.00459819 0)
(0.200658 0.00457817 0)
(0.200899 0.00452859 0)
(0.201115 0.00446222 0)
(0.201307 0.00436936 0)
(0.201482 0.00426991 0)
(0.201642 0.00415257 0)
(0.201794 0.0040374 0)
(0.201934 0.00390858 0)
(0.202065 0.00378767 0)
(0.202185 0.00365713 0)
(0.202294 0.00353976 0)
(0.202392 0.00341572 0)
(0.20248 0.0033067 0)
(0.202561 0.00319183 0)
(0.202632 0.00309153 0)
(0.202701 0.00298584 0)
(0.20276 0.00289448 0)
(0.202819 0.00279786 0)
(0.202868 0.00271602 0)
(0.202918 0.00262902 0)
(0.202959 0.0025574 0)
(0.203003 0.00248248 0)
(0.203034 0.00242228 0)
(0.203073 0.00236244 0)
(0.203093 0.00231464 0)
(0.203124 0.0022709 0)
(0.203133 0.00224045 0)
(0.203151 0.00222062 0)
(0.199393 0.00422871 0)
(0.199314 0.00428954 0)
(0.1994 0.0043209 0)
(0.199606 0.00434181 0)
(0.199878 0.00435507 0)
(0.200166 0.00436782 0)
(0.200442 0.00436975 0)
(0.200692 0.00436196 0)
(0.200914 0.00433166 0)
(0.201113 0.00428481 0)
(0.201295 0.0042135 0)
(0.201462 0.00413099 0)
(0.201621 0.00403121 0)
(0.201771 0.00392899 0)
(0.201915 0.00381542 0)
(0.202048 0.00370511 0)
(0.202174 0.00358759 0)
(0.202287 0.00347766 0)
(0.202392 0.00336397 0)
(0.202484 0.00325972 0)
(0.202572 0.00315335 0)
(0.202646 0.00305599 0)
(0.202721 0.00295728 0)
(0.202782 0.00286726 0)
(0.202846 0.00277658 0)
(0.202897 0.00269487 0)
(0.202953 0.00261307 0)
(0.202994 0.00254112 0)
(0.203045 0.00247076 0)
(0.203076 0.00241011 0)
(0.20312 0.00235412 0)
(0.20314 0.00230645 0)
(0.203178 0.00226567 0)
(0.203186 0.00223623 0)
(0.203213 0.00221809 0)
(0.199558 0.00402819 0)
(0.199425 0.00407914 0)
(0.199482 0.00410404 0)
(0.199676 0.00411916 0)
(0.199944 0.0041295 0)
(0.200227 0.00414132 0)
(0.200495 0.00414788 0)
(0.200731 0.00414854 0)
(0.200937 0.00413281 0)
(0.201118 0.00410229 0)
(0.201287 0.00405019 0)
(0.201444 0.00398447 0)
(0.201599 0.00390184 0)
(0.201747 0.00381305 0)
(0.201892 0.00371399 0)
(0.202027 0.00361469 0)
(0.202158 0.00350977 0)
(0.202273 0.00340837 0)
(0.202386 0.00330497 0)
(0.20248 0.00320688 0)
(0.202575 0.00310887 0)
(0.202651 0.00301598 0)
(0.202732 0.00292393 0)
(0.202795 0.00283676 0)
(0.202866 0.00275137 0)
(0.202917 0.00267144 0)
(0.20298 0.00259396 0)
(0.203022 0.00252313 0)
(0.203079 0.00245671 0)
(0.20311 0.00239671 0)
(0.203161 0.00234388 0)
(0.203181 0.0022972 0)
(0.203224 0.00225877 0)
(0.203233 0.00223065 0)
(0.203269 0.00221393 0)
(0.199709 0.0038187 0)
(0.199524 0.00386357 0)
(0.199554 0.0038857 0)
(0.199736 0.00389865 0)
(0.200003 0.00390815 0)
(0.200284 0.00391982 0)
(0.200548 0.00392955 0)
(0.200772 0.00393623 0)
(0.200965 0.00393142 0)
(0.201129 0.00391436 0)
(0.201283 0.00387891 0)
(0.201428 0.00382924 0)
(0.201577 0.00376321 0)
(0.201719 0.00368831 0)
(0.201865 0.00360337 0)
(0.202 0.0035155 0)
(0.202135 0.00342278 0)
(0.202253 0.00333081 0)
(0.202371 0.00323763 0)
(0.202468 0.00314702 0)
(0.202569 0.00305731 0)
(0.202648 0.00297033 0)
(0.202735 0.00288488 0)
(0.202799 0.00280194 0)
(0.202876 0.00272155 0)
(0.202928 0.00264462 0)
(0.202997 0.00257131 0)
(0.20304 0.00250249 0)
(0.203103 0.00243991 0)
(0.203135 0.00238156 0)
(0.203192 0.00233147 0)
(0.203212 0.00228652 0)
(0.203262 0.00225022 0)
(0.203271 0.00222373 0)
(0.203316 0.00220818 0)
(0.199849 0.00360947 0)
(0.199615 0.00364947 0)
(0.199618 0.00366992 0)
(0.199789 0.00368207 0)
(0.200054 0.00369152 0)
(0.200336 0.00370339 0)
(0.200597 0.00371526 0)
(0.200813 0.00372621 0)
(0.200995 0.00372949 0)
(0.201144 0.00372325 0)
(0.201284 0.00370183 0)
(0.201415 0.00366689 0)
(0.201554 0.00361643 0)
(0.20169 0.00355553 0)
(0.201835 0.00348431 0)
(0.201968 0.00340818 0)
(0.202106 0.00332717 0)
(0.202226 0.00324518 0)
(0.202349 0.00316198 0)
(0.202448 0.00307976 0)
(0.202555 0.00299838 0)
(0.202635 0.00291826 0)
(0.202728 0.0028396 0)
(0.202793 0.0027618 0)
(0.202876 0.00268647 0)
(0.202929 0.00261321 0)
(0.203004 0.00254419 0)
(0.203047 0.00247815 0)
(0.203117 0.00241916 0)
(0.203149 0.00236343 0)
(0.203212 0.002316 0)
(0.203232 0.00227313 0)
(0.20329 0.00223913 0)
(0.203298 0.00221441 0)
(0.203352 0.00220047 0)
(0.199974 0.00340948 0)
(0.199695 0.00344438 0)
(0.199673 0.00346246 0)
(0.199834 0.00347332 0)
(0.200099 0.00348212 0)
(0.200381 0.00349367 0)
(0.200643 0.00350651 0)
(0.200854 0.00352019 0)
(0.201026 0.00352911 0)
(0.201161 0.0035313 0)
(0.201287 0.00352128 0)
(0.201403 0.00349934 0)
(0.201533 0.00346306 0)
(0.201659 0.00341586 0)
(0.201801 0.00335797 0)
(0.201931 0.00329383 0)
(0.202072 0.00322434 0)
(0.202191 0.00315268 0)
(0.202319 0.00307959 0)
(0.20242 0.00300628 0)
(0.202532 0.00293363 0)
(0.202613 0.00286095 0)
(0.202711 0.00278956 0)
(0.202776 0.00271762 0)
(0.202865 0.00264766 0)
(0.202918 0.00257858 0)
(0.203 0.00251386 0)
(0.203043 0.00245124 0)
(0.20312 0.00239558 0)
(0.203152 0.00234264 0)
(0.203221 0.00229814 0)
(0.203241 0.00225703 0)
(0.203306 0.00222535 0)
(0.203314 0.00220211 0)
(0.203377 0.00218982 0)
(0.200084 0.00321995 0)
(0.199763 0.00325045 0)
(0.199717 0.00326572 0)
(0.199869 0.00327459 0)
(0.200134 0.00328187 0)
(0.200419 0.00329235 0)
(0.200683 0.00330502 0)
(0.200891 0.00332 0)
(0.201057 0.00333244 0)
(0.20118 0.00334069 0)
(0.201294 0.00333943 0)
(0.201395 0.00332832 0)
(0.201513 0.0033044 0)
(0.201629 0.00326991 0)
(0.201765 0.00322477 0)
(0.201891 0.00317253 0)
(0.202032 0.00311457 0)
(0.202151 0.00305347 0)
(0.202283 0.00299071 0)
(0.202385 0.00292685 0)
(0.202501 0.00286326 0)
(0.202582 0.00279881 0)
(0.202684 0.0027349 0)
(0.20275 0.00266997 0)
(0.202843 0.00260569 0)
(0.202897 0.0025419 0)
(0.202984 0.00248151 0)
(0.203028 0.00242331 0)
(0.203111 0.00237095 0)
(0.203143 0.00232129 0)
(0.203219 0.00227943 0)
(0.203239 0.00224096 0)
(0.20331 0.00221058 0)
(0.203319 0.0021895 0)
(0.20339 0.00217751 0)
(0.200184 0.00302208 0)
(0.19982 0.00305115 0)
(0.19975 0.00306547 0)
(0.199893 0.00307369 0)
(0.200159 0.00308036 0)
(0.200448 0.00309039 0)
(0.200716 0.00310295 0)
(0.200923 0.00311875 0)
(0.201086 0.0031334 0)
(0.201198 0.00314579 0)
(0.201302 0.00315078 0)
(0.201388 0.00314803 0)
(0.201495 0.00313418 0)
(0.201599 0.00311088 0)
(0.201729 0.00307746 0)
(0.201849 0.0030369 0)
(0.201989 0.00299038 0)
(0.202107 0.0029403 0)
(0.202241 0.00288814 0)
(0.202343 0.00283445 0)
(0.202462 0.00278031 0)
(0.202544 0.00272499 0)
(0.202649 0.00266913 0)
(0.202714 0.00261217 0)
(0.202811 0.0025547 0)
(0.202865 0.00249744 0)
(0.202958 0.00244247 0)
(0.203003 0.00238975 0)
(0.203092 0.00234167 0)
(0.203124 0.00229617 0)
(0.203205 0.00225747 0)
(0.203224 0.00222243 0)
(0.203302 0.00219424 0)
(0.203311 0.0021753 0)
(0.20339 0.00216443 0)
(0.200413 0.0025406 0)
(0.199941 0.00256831 0)
(0.199812 0.00258744 0)
(0.19993 0.00260345 0)
(0.200199 0.00261838 0)
(0.200497 0.00263563 0)
(0.200776 0.00265409 0)
(0.200984 0.00267466 0)
(0.20114 0.00269416 0)
(0.201234 0.00271214 0)
(0.201314 0.00272521 0)
(0.201371 0.00273302 0)
(0.201451 0.00273372 0)
(0.201527 0.00272754 0)
(0.20164 0.00271492 0)
(0.201744 0.00269611 0)
(0.20188 0.00267358 0)
(0.201992 0.00264643 0)
(0.20213 0.00261821 0)
(0.20223 0.00258609 0)
(0.202355 0.00255387 0)
(0.202434 0.0025177 0)
(0.202546 0.00248132 0)
(0.202608 0.00244156 0)
(0.202713 0.00240182 0)
(0.202766 0.00236039 0)
(0.202871 0.00232071 0)
(0.202915 0.00228118 0)
(0.203018 0.00224544 0)
(0.203048 0.00220949 0)
(0.203144 0.00218036 0)
(0.203161 0.00215168 0)
(0.203254 0.00213173 0)
(0.203262 0.00211629 0)
(0.203359 0.00211015 0)
(0.200435 0.00187013 0)
(0.199927 0.00189831 0)
(0.199774 0.00192623 0)
(0.199878 0.00195526 0)
(0.200142 0.00198399 0)
(0.200433 0.00201365 0)
(0.200707 0.00204248 0)
(0.200901 0.0020713 0)
(0.201042 0.00209826 0)
(0.201111 0.0021237 0)
(0.201167 0.00214638 0)
(0.201194 0.00216624 0)
(0.201251 0.00218343 0)
(0.201301 0.0021971 0)
(0.201396 0.00220907 0)
(0.20148 0.00221695 0)
(0.201606 0.00222414 0)
(0.201703 0.00222624 0)
(0.201835 0.00222806 0)
(0.201922 0.00222374 0)
(0.202044 0.00221902 0)
(0.202112 0.00220819 0)
(0.202222 0.00219688 0)
(0.202276 0.00218129 0)
(0.202386 0.00216517 0)
(0.202434 0.00214726 0)
(0.202549 0.00212884 0)
(0.202591 0.00210961 0)
(0.202705 0.00209121 0)
(0.202733 0.00207069 0)
(0.202842 0.00205525 0)
(0.202859 0.00203741 0)
(0.202969 0.00202853 0)
(0.202978 0.00201959 0)
(0.203097 0.0020189 0)
(0.200354 0.0013224 0)
(0.19986 0.00135675 0)
(0.199713 0.00139541 0)
(0.19981 0.00143722 0)
(0.20006 0.00147846 0)
(0.200331 0.00151897 0)
(0.200583 0.00155636 0)
(0.200752 0.00159174 0)
(0.200871 0.00162407 0)
(0.200915 0.00165489 0)
(0.200952 0.00168421 0)
(0.200959 0.00171285 0)
(0.201002 0.00174152 0)
(0.201036 0.00176929 0)
(0.201122 0.00179774 0)
(0.20119 0.00182375 0)
(0.201305 0.00185016 0)
(0.201383 0.00187182 0)
(0.201502 0.00189292 0)
(0.201568 0.00190747 0)
(0.201679 0.001921 0)
(0.201729 0.00192859 0)
(0.201836 0.0019354 0)
(0.201878 0.00193878 0)
(0.201991 0.00194082 0)
(0.202032 0.00194136 0)
(0.202152 0.00193945 0)
(0.202186 0.00193591 0)
(0.202307 0.00193094 0)
(0.20233 0.00192276 0)
(0.20245 0.001918 0)
(0.202464 0.00190949 0)
(0.202591 0.00190799 0)
(0.202597 0.0019047 0)
(0.202734 0.00190632 0)
(0.200274 0.000762444 0)
(0.199858 0.000810081 0)
(0.199742 0.000871712 0)
(0.19983 0.000938896 0)
(0.200044 0.00100288 0)
(0.200264 0.00106037 0)
(0.200467 0.00110883 0)
(0.20059 0.00115034 0)
(0.200677 0.00118643 0)
(0.2007 0.00122081 0)
(0.200728 0.00125564 0)
(0.200727 0.00129249 0)
(0.200768 0.00133228 0)
(0.200794 0.00137314 0)
(0.200873 0.00141565 0)
(0.200925 0.00145555 0)
(0.201026 0.00149521 0)
(0.201081 0.00152941 0)
(0.201182 0.00156287 0)
(0.201224 0.00159005 0)
(0.201321 0.00161702 0)
(0.201355 0.00163892 0)
(0.201456 0.00166077 0)
(0.201488 0.00167936 0)
(0.201599 0.00169663 0)
(0.20163 0.00171166 0)
(0.20175 0.00172332 0)
(0.201775 0.00173219 0)
(0.201898 0.00173875 0)
(0.201915 0.00174147 0)
(0.202044 0.00174639 0)
(0.202054 0.00174648 0)
(0.202193 0.00175138 0)
(0.202197 0.00175275 0)
(0.202348 0.00175668 0)
(0.200264 0.000216941 0)
(0.20016 0.000283164 0)
(0.200164 0.000371661 0)
(0.200218 0.000465606 0)
(0.20031 0.000550767 0)
(0.200381 0.000622449 0)
(0.20045 0.000679442 0)
(0.200478 0.000726609 0)
(0.200514 0.00076814 0)
(0.200521 0.000809653 0)
(0.200557 0.000853752 0)
(0.20057 0.000901827 0)
(0.200621 0.000953693 0)
(0.200644 0.0010069 0)
(0.200708 0.00106112 0)
(0.200736 0.00111217 0)
(0.200809 0.00116202 0)
(0.200837 0.00120611 0)
(0.200915 0.00124949 0)
(0.200939 0.00128743 0)
(0.201023 0.00132609 0)
(0.201046 0.00136033 0)
(0.201139 0.00139493 0)
(0.201162 0.00142585 0)
(0.201266 0.00145522 0)
(0.201288 0.00148125 0)
(0.201399 0.00150358 0)
(0.201417 0.00152246 0)
(0.201537 0.00153874 0)
(0.201549 0.00155071 0)
(0.201679 0.00156388 0)
(0.201687 0.0015711 0)
(0.201829 0.00158165 0)
(0.201832 0.00158667 0)
(0.201988 0.00159323 0)
(0.200513 0.000285803 0)
(0.200818 0.000334702 0)
(0.200929 0.000397199 0)
(0.200878 0.000462468 0)
(0.20077 0.000521065 0)
(0.200637 0.000570905 0)
(0.200553 0.00061153 0)
(0.200495 0.000647017 0)
(0.200501 0.000680009 0)
(0.200511 0.000714345 0)
(0.20056 0.000751138 0)
(0.200581 0.000790961 0)
(0.200628 0.00083332 0)
(0.200635 0.000876236 0)
(0.200673 0.000919894 0)
(0.20067 0.000961098 0)
(0.200711 0.0010022 0)
(0.20071 0.0010392 0)
(0.200763 0.00107688 0)
(0.200769 0.00111059 0)
(0.200835 0.00114598 0)
(0.200843 0.0011778 0)
(0.200921 0.00121069 0)
(0.20093 0.00124039 0)
(0.201018 0.00126898 0)
(0.201026 0.00129466 0)
(0.201124 0.00131749 0)
(0.201132 0.00133782 0)
(0.201242 0.00135585 0)
(0.201249 0.00137029 0)
(0.201373 0.00138521 0)
(0.201378 0.0013947 0)
(0.201515 0.00140632 0)
(0.201517 0.00141251 0)
(0.20167 0.00141892 0)
(0.200431 0.000592869 0)
(0.200802 0.000607117 0)
(0.200935 0.000623689 0)
(0.200873 0.000642034 0)
(0.200732 0.000660079 0)
(0.200563 0.000678159 0)
(0.200448 0.000695213 0)
(0.200371 0.000712415 0)
(0.200367 0.000729458 0)
(0.200379 0.000747573 0)
(0.200432 0.000766763 0)
(0.20046 0.000787347 0)
(0.200507 0.000809539 0)
(0.200512 0.000832225 0)
(0.20054 0.000856411 0)
(0.200528 0.000879603 0)
(0.200556 0.000904486 0)
(0.200547 0.000927394 0)
(0.20059 0.000952666 0)
(0.200591 0.000975441 0)
(0.200649 0.00100093 0)
(0.200655 0.0010239 0)
(0.200724 0.00104894 0)
(0.200729 0.00107159 0)
(0.200807 0.00109449 0)
(0.200811 0.00111557 0)
(0.2009 0.00113552 0)
(0.200905 0.00115382 0)
(0.201006 0.00117104 0)
(0.201012 0.00118513 0)
(0.201126 0.00120029 0)
(0.20113 0.00121014 0)
(0.201258 0.00122249 0)
(0.20126 0.00122903 0)
(0.201404 0.00123623 0)
(0.200263 0.00058206 0)
(0.200647 0.00058763 0)
(0.200791 0.000593233 0)
(0.20074 0.000599948 0)
(0.200607 0.000607245 0)
(0.200445 0.000616004 0)
(0.200334 0.000625474 0)
(0.200261 0.000636297 0)
(0.20026 0.000647748 0)
(0.200275 0.000660219 0)
(0.20033 0.000673368 0)
(0.200362 0.000687171 0)
(0.200409 0.000701995 0)
(0.200416 0.000717028 0)
(0.200443 0.000733642 0)
(0.200431 0.000749863 0)
(0.200456 0.000768333 0)
(0.200445 0.000785683 0)
(0.200483 0.000805772 0)
(0.200482 0.000824036 0)
(0.200533 0.000845101 0)
(0.200535 0.000864008 0)
(0.200595 0.000885037 0)
(0.200596 0.000904091 0)
(0.200663 0.00092398 0)
(0.200663 0.000942499 0)
(0.200741 0.000960598 0)
(0.200743 0.000977247 0)
(0.200832 0.000993433 0)
(0.200835 0.00100669 0)
(0.200936 0.00102134 0)
(0.200938 0.00103088 0)
(0.201053 0.00104317 0)
(0.201054 0.00104954 0)
(0.201183 0.00105704 0)
(0.200168 0.00053307 0)
(0.200537 0.000537439 0)
(0.200676 0.000540831 0)
(0.200629 0.000544629 0)
(0.200504 0.00054885 0)
(0.200353 0.000554457 0)
(0.20025 0.000560951 0)
(0.200184 0.000568791 0)
(0.200185 0.000577278 0)
(0.200202 0.000586521 0)
(0.200255 0.000596127 0)
(0.200286 0.000605912 0)
(0.20033 0.000616238 0)
(0.200338 0.000626403 0)
(0.200362 0.000637769 0)
(0.200351 0.000648684 0)
(0.200373 0.000661581 0)
(0.200364 0.000673546 0)
(0.200397 0.000688013 0)
(0.200395 0.000700956 0)
(0.20044 0.000716451 0)
(0.200441 0.00073011 0)
(0.200492 0.000745864 0)
(0.200492 0.00076009 0)
(0.200549 0.000775473 0)
(0.200549 0.000789834 0)
(0.200616 0.000804245 0)
(0.200616 0.00081753 0)
(0.200694 0.000830852 0)
(0.200695 0.000841743 0)
(0.200783 0.000854285 0)
(0.200784 0.000862377 0)
(0.200884 0.000873307 0)
(0.200885 0.000878815 0)
(0.200998 0.000885793 0)
(0.200111 0.000457547 0)
(0.200451 0.000460764 0)
(0.200577 0.000462638 0)
(0.200533 0.000464633 0)
(0.200417 0.000467035 0)
(0.20028 0.000470766 0)
(0.200187 0.000475446 0)
(0.20013 0.000481392 0)
(0.200133 0.000487934 0)
(0.200151 0.000495052 0)
(0.2002 0.000502341 0)
(0.200229 0.000509607 0)
(0.200268 0.000517143 0)
(0.200275 0.000524406 0)
(0.200296 0.000532564 0)
(0.200288 0.000540317 0)
(0.200307 0.000549711 0)
(0.2003 0.000558358 0)
(0.200329 0.000569112 0)
(0.200328 0.00057862 0)
(0.200367 0.000590306 0)
(0.200368 0.000600505 0)
(0.200412 0.000612577 0)
(0.200411 0.000623407 0)
(0.200461 0.000635361 0)
(0.20046 0.000646472 0)
(0.200517 0.000657858 0)
(0.200517 0.000668344 0)
(0.200584 0.000679114 0)
(0.200584 0.000687873 0)
(0.20066 0.000698248 0)
(0.20066 0.000704875 0)
(0.200746 0.000714142 0)
(0.200747 0.000718719 0)
(0.200844 0.000724908 0)
(0.200077 0.000375128 0)
(0.200382 0.000377453 0)
(0.200493 0.000378403 0)
(0.200451 0.000379371 0)
(0.200347 0.000380757 0)
(0.200224 0.000383367 0)
(0.200143 0.000386891 0)
(0.200095 0.000391526 0)
(0.2001 0.000396655 0)
(0.200118 0.000402198 0)
(0.200161 0.00040778 0)
(0.200187 0.000413244 0)
(0.200221 0.000418819 0)
(0.200226 0.000424121 0)
(0.200245 0.000430082 0)
(0.200238 0.000435716 0)
(0.200255 0.000442627 0)
(0.200249 0.000448948 0)
(0.200276 0.000456912 0)
(0.200275 0.000463886 0)
(0.200309 0.000472571 0)
(0.200309 0.000480082 0)
(0.200348 0.000489079 0)
(0.200347 0.0004971 0)
(0.20039 0.000506046 0)
(0.200388 0.000514367 0)
(0.200438 0.000522986 0)
(0.200437 0.000530946 0)
(0.200494 0.000539229 0)
(0.200494 0.000545962 0)
(0.200559 0.000554103 0)
(0.200559 0.000559266 0)
(0.200633 0.000566684 0)
(0.200633 0.000570297 0)
(0.200717 0.000575378 0)
(0.200055 0.000290845 0)
(0.200323 0.00029245 0)
(0.20042 0.000292846 0)
(0.200381 0.000293237 0)
(0.200288 0.000294022 0)
(0.200181 0.000295852 0)
(0.20011 0.000298467 0)
(0.20007 0.00030198 0)
(0.200076 0.000305859 0)
(0.200093 0.000310017 0)
(0.200131 0.000314136 0)
(0.200154 0.000318122 0)
(0.200183 0.000322146 0)
(0.200187 0.00032596 0)
(0.200203 0.000330258 0)
(0.200197 0.000334321 0)
(0.200213 0.00033933 0)
(0.200209 0.000343893 0)
(0.200232 0.000349667 0)
(0.200232 0.000354689 0)
(0.200261 0.000360979 0)
(0.200262 0.000366388 0)
(0.200295 0.000372906 0)
(0.200294 0.000378711 0)
(0.200331 0.000385212 0)
(0.20033 0.00039128 0)
(0.200373 0.000397566 0)
(0.200372 0.000403412 0)
(0.200421 0.000409499 0)
(0.200421 0.000414483 0)
(0.200477 0.000420536 0)
(0.200477 0.000424389 0)
(0.20054 0.000429968 0)
(0.20054 0.000432683 0)
(0.200613 0.000436553 0)
(0.200041 0.000206679 0)
(0.200277 0.000207736 0)
(0.20036 0.00020787 0)
(0.200325 0.000208002 0)
(0.200242 0.000208456 0)
(0.200148 0.000209707 0)
(0.200088 0.000211551 0)
(0.200054 0.000214051 0)
(0.200061 0.000216795 0)
(0.200076 0.000219721 0)
(0.20011 0.000222586 0)
(0.200129 0.000225348 0)
(0.200154 0.000228116 0)
(0.200158 0.000230748 0)
(0.200171 0.00023371 0)
(0.200167 0.000236522 0)
(0.200181 0.000239978 0)
(0.200178 0.000243129 0)
(0.200198 0.000247098 0)
(0.200198 0.000250547 0)
(0.200224 0.000254857 0)
(0.200225 0.000258563 0)
(0.200254 0.000263024 0)
(0.200253 0.000267006 0)
(0.200286 0.000271449 0)
(0.200285 0.000275615 0)
(0.200323 0.000279904 0)
(0.200322 0.000283922 0)
(0.200365 0.000288076 0)
(0.200364 0.000291511 0)
(0.200413 0.000295657 0)
(0.200413 0.000298325 0)
(0.200469 0.000302167 0)
(0.200468 0.000304064 0)
(0.200531 0.000306729 0)
(0.200032 0.000124763 0)
(0.200243 0.000125347 0)
(0.200316 0.000125322 0)
(0.200284 0.000125293 0)
(0.20021 0.000125485 0)
(0.200126 0.000126195 0)
(0.200073 0.000127291 0)
(0.200044 0.000128799 0)
(0.200051 0.00013045 0)
(0.200065 0.000132202 0)
(0.200095 0.000133899 0)
(0.200112 0.000135525 0)
(0.200134 0.000137141 0)
(0.200137 0.00013868 0)
(0.200149 0.000140408 0)
(0.200145 0.000142055 0)
(0.200158 0.000144076 0)
(0.200156 0.000145921 0)
(0.200174 0.000148238 0)
(0.200175 0.000150251 0)
(0.200198 0.00015276 0)
(0.200199 0.00015492 0)
(0.200225 0.000157513 0)
(0.200224 0.000159835 0)
(0.200254 0.000162413 0)
(0.200253 0.000164845 0)
(0.200287 0.000167326 0)
(0.200286 0.000169675 0)
(0.200325 0.000172076 0)
(0.200324 0.000174086 0)
(0.200368 0.000176489 0)
(0.200368 0.000178056 0)
(0.200418 0.000180286 0)
(0.200418 0.000181405 0)
(0.200474 0.000182939 0)
(0.200029 4.21049e-05 0)
(0.200224 4.22805e-05 0)
(0.200291 4.22309e-05 0)
(0.200261 4.21765e-05 0)
(0.200192 4.22046e-05 0)
(0.200115 4.24206e-05 0)
(0.200066 4.27779e-05 0)
(0.20004 4.32818e-05 0)
(0.200047 4.38353e-05 0)
(0.20006 4.44216e-05 0)
(0.200088 4.49837e-05 0)
(0.200103 4.55194e-05 0)
(0.200124 4.60474e-05 0)
(0.200126 4.65496e-05 0)
(0.200138 4.71134e-05 0)
(0.200134 4.76527e-05 0)
(0.200146 4.83152e-05 0)
(0.200144 4.89212e-05 0)
(0.200162 4.96822e-05 0)
(0.200162 5.03437e-05 0)
(0.200184 5.11672e-05 0)
(0.200185 5.1877e-05 0)
(0.200209 5.27271e-05 0)
(0.200209 5.34907e-05 0)
(0.200236 5.43346e-05 0)
(0.200236 5.51353e-05 0)
(0.200267 5.59461e-05 0)
(0.200267 5.67196e-05 0)
(0.200303 5.75029e-05 0)
(0.200302 5.8165e-05 0)
(0.200343 5.89484e-05 0)
(0.200343 5.94644e-05 0)
(0.20039 6.01903e-05 0)
(0.20039 6.05595e-05 0)
(0.200442 6.10551e-05 0)
(0.171891 -0.00240506 0)
(0.22759 0.00197508 0)
(0.173889 -0.00178053 0)
(0.225844 0.00130426 0)
(0.176341 -0.00133431 0)
(0.22418 0.00081259 0)
(0.177989 -0.000948022 0)
(0.222523 0.000477724 0)
(0.178893 -0.000603098 0)
(0.220919 0.000262495 0)
(0.179025 -0.000276361 0)
(0.219429 0.00015251 0)
(0.178276 5.73596e-05 0)
(0.218137 0.000160704 0)
(0.176359 0.000408809 0)
(0.217101 0.00030808 0)
(0.172572 0.000809762 0)
(0.216112 0.000698568 0)
(0.165092 0.00156525 0)
(0.214684 0.00234753 0)
(0.173035 -0.00244229 0)
(0.226531 0.00202218 0)
(0.175484 -0.00184461 0)
(0.22462 0.00135089 0)
(0.17824 -0.0014045 0)
(0.222658 0.000878876 0)
(0.180222 -0.00101757 0)
(0.220579 0.000571381 0)
(0.181587 -0.000666643 0)
(0.218373 0.000392486 0)
(0.182412 -0.000318509 0)
(0.215971 0.000322235 0)
(0.18278 8.12565e-05 0)
(0.213178 0.000341384 0)
(0.182796 0.000628946 0)
(0.209502 0.000417665 0)
(0.182546 0.00152164 0)
(0.203719 0.000634694 0)
(0.181924 0.00370985 0)
(0.193645 0.00287502 0)
(0.175358 -0.0024868 0)
(0.224211 0.00207246 0)
(0.17862 -0.00191448 0)
(0.22201 0.00139746 0)
(0.181916 -0.00147143 0)
(0.219545 0.000941962 0)
(0.184452 -0.0010684 0)
(0.216803 0.000649644 0)
(0.186491 -0.000683726 0)
(0.213756 0.000477803 0)
(0.188178 -0.000263858 0)
(0.210302 0.000388705 0)
(0.189608 0.0002834 0)
(0.206276 0.00033415 0)
(0.190755 0.00111736 0)
(0.201462 0.000317942 0)
(0.191256 0.00245419 0)
(0.195538 0.00073467 0)
(0.190404 0.00541698 0)
(0.189051 0.00429681 0)
(0.178754 -0.00251943 0)
(0.220605 0.0020797 0)
(0.182875 -0.0019491 0)
(0.218097 0.0013957 0)
(0.186687 -0.00148034 0)
(0.215165 0.00093826 0)
(0.189631 -0.00103238 0)
(0.211929 0.000630004 0)
(0.191995 -0.00057542 0)
(0.208472 0.000420946 0)
(0.193842 -3.95209e-05 0)
(0.204859 0.00026982 0)
(0.195085 0.000674019 0)
(0.201189 0.000174537 0)
(0.195471 0.00166534 0)
(0.197533 0.000300263 0)
(0.194587 0.00307283 0)
(0.19381 0.00138524 0)
(0.192341 0.00601673 0)
(0.190862 0.00582022 0)
(0.18293 -0.00253161 0)
(0.216008 0.00203177 0)
(0.187549 -0.00193826 0)
(0.21335 0.00133399 0)
(0.191513 -0.00142344 0)
(0.210298 0.000862095 0)
(0.194361 -0.000912264 0)
(0.207145 0.000526818 0)
(0.196353 -0.000374837 0)
(0.204105 0.00028667 0)
(0.197498 0.000253987 0)
(0.201324 0.000132655 0)
(0.197721 0.00103721 0)
(0.198856 0.000148701 0)
(0.196952 0.00199074 0)
(0.196548 0.000632496 0)
(0.195183 0.00329648 0)
(0.194154 0.00236643 0)
(0.192922 0.0060544 0)
(0.192442 0.0068139 0)
(0.187399 -0.0025157 0)
(0.211028 0.00193449 0)
(0.191846 -0.00188372 0)
(0.208541 0.00122275 0)
(0.195397 -0.00131658 0)
(0.205888 0.000739734 0)
(0.197593 -0.000746932 0)
(0.203426 0.000394795 0)
(0.198729 -0.000154876 0)
(0.201325 0.000167461 0)
(0.198925 0.000509466 0)
(0.199573 9.41331e-05 0)
(0.1983 0.00125879 0)
(0.197996 0.000327315 0)
(0.196997 0.00209394 0)
(0.196308 0.00118272 0)
(0.19519 0.00334059 0)
(0.194443 0.00329051 0)
(0.193489 0.00597266 0)
(0.193285 0.00731096 0)
(0.191585 -0.00246759 0)
(0.206431 0.0018041 0)
(0.195154 -0.0017949 0)
(0.204456 0.00108416 0)
(0.197819 -0.00118482 0)
(0.202583 0.000604343 0)
(0.199104 -0.00057602 0)
(0.201033 0.000276374 0)
(0.199403 3.83643e-05 0)
(0.199792 0.000102507 0)
(0.198967 0.000688305 0)
(0.198684 0.000164241 0)
(0.198003 0.00134937 0)
(0.197481 0.000637735 0)
(0.196663 0.00209484 0)
(0.196024 0.00176732 0)
(0.195114 0.00337676 0)
(0.194516 0.0039853 0)
(0.193924 0.00592275 0)
(0.193816 0.0074672 0)
(0.194995 -0.00239016 0)
(0.202852 0.00166194 0)
(0.197254 -0.00168498 0)
(0.201564 0.000941106 0)
(0.198882 -0.00104838 0)
(0.200495 0.000476912 0)
(0.199373 -0.000418811 0)
(0.199654 0.000184072 0)
(0.199156 0.000194625 0)
(0.198903 9.15839e-05 0)
(0.198474 0.000792365 0)
(0.198057 0.000316046 0)
(0.197479 0.00136489 0)
(0.196981 0.000993922 0)
(0.19626 0.00209867 0)
(0.195685 0.00227154 0)
(0.194985 0.00347922 0)
(0.194516 0.00443111 0)
(0.194179 0.00591822 0)
(0.194178 0.00739473 0)
(0.197384 -0.00229148 0)
(0.200547 0.00152493 0)
(0.198325 -0.00156316 0)
(0.199874 0.00080605 0)
(0.19909 -0.000913667 0)
(0.199357 0.000361839 0)
(0.199079 -0.000276566 0)
(0.19888 0.000116444 0)
(0.198639 0.000314395 0)
(0.198313 0.000130586 0)
(0.197916 0.000839758 0)
(0.197541 0.000517017 0)
(0.196982 0.00136312 0)
(0.196531 0.00133007 0)
(0.195897 0.00216299 0)
(0.195397 0.00265532 0)
(0.19486 0.00364403 0)
(0.194528 0.00468353 0)
(0.194345 0.00591946 0)
(0.19444 0.00719453 0)
(0.198798 -0.0021797 0)
(0.199359 0.00139779 0)
(0.198747 -0.00143058 0)
(0.199082 0.00067861 0)
(0.198965 -0.000777097 0)
(0.198819 0.000256473 0)
(0.198706 -0.000146474 0)
(0.198457 7.48888e-05 0)
(0.198192 0.000397556 0)
(0.197923 0.000214549 0)
(0.197488 0.000856063 0)
(0.197164 0.000733595 0)
(0.196621 0.00138942 0)
(0.196213 0.00161143 0)
(0.195656 0.00229273 0)
(0.195243 0.00293509 0)
(0.194822 0.00382525 0)
(0.194617 0.00481435 0)
(0.194521 0.0058879 0)
(0.194683 0.0069433 0)
(0.199488 -0.00205911 0)
(0.198905 0.00127347 0)
(0.198865 -0.00128344 0)
(0.198813 0.000552407 0)
(0.198816 -0.00063505 0)
(0.198621 0.000160819 0)
(0.198452 -3.00113e-05 0)
(0.198262 6.56117e-05 0)
(0.197921 0.000448857 0)
(0.19771 0.000332228 0)
(0.197246 0.000869645 0)
(0.196957 0.000936183 0)
(0.196437 0.00146155 0)
(0.196075 0.00183892 0)
(0.19558 0.00246138 0)
(0.195261 0.00314595 0)
(0.194923 0.00398092 0)
(0.194822 0.00487428 0)
(0.194774 0.00581086 0)
(0.194974 0.0066807 0)
(0.199755 -0.00192989 0)
(0.198816 0.0011405 0)
(0.198885 -0.00111876 0)
(0.198787 0.000423239 0)
(0.198736 -0.000489717 0)
(0.198599 7.96206e-05 0)
(0.198339 6.77858e-05 0)
(0.198215 9.23257e-05 0)
(0.197816 0.000478444 0)
(0.197645 0.000466418 0)
(0.197172 0.000903334 0)
(0.196911 0.00111228 0)
(0.196418 0.00157289 0)
(0.196112 0.00203014 0)
(0.195669 0.0026368 0)
(0.195441 0.00331411 0)
(0.195167 0.00409433 0)
(0.195146 0.00488958 0)
(0.195123 0.00569736 0)
(0.195341 0.00642159 0)
(0.199831 -0.00179047 0)
(0.198858 0.00099032 0)
(0.198885 -0.000937631 0)
(0.198845 0.000293017 0)
(0.198716 -0.000349192 0)
(0.198653 2.05591e-05 0)
(0.198323 0.000140162 0)
(0.198249 0.000150783 0)
(0.197824 0.000500252 0)
(0.197678 0.00059716 0)
(0.197216 0.000964126 0)
(0.196986 0.00126491 0)
(0.196524 0.00170654 0)
(0.196279 0.00219959 0)
(0.195889 0.00279766 0)
(0.19574 0.00345019 0)
(0.195519 0.00416654 0)
(0.195555 0.00487217 0)
(0.195547 0.0055622 0)
(0.195768 0.00617068 0)
(0.199846 -0.00163992 0)
(0.19893 0.000820418 0)
(0.198888 -0.000745414 0)
(0.19892 0.000169416 0)
(0.198731 -0.00022443 0)
(0.198728 -9.87361e-06 0)
(0.198363 0.000184751 0)
(0.198316 0.000229634 0)
(0.197897 0.000529294 0)
(0.197766 0.000713903 0)
(0.197329 0.00104729 0)
(0.197133 0.00140189 0)
(0.196712 0.00184588 0)
(0.196525 0.00235336 0)
(0.196191 0.00293595 0)
(0.196106 0.00355623 0)
(0.195934 0.00420438 0)
(0.196005 0.00482866 0)
(0.196008 0.005416 0)
(0.196221 0.00592968 0)
(0.199856 -0.00147884 0)
(0.199002 0.000634051 0)
(0.198903 -0.000551017 0)
(0.198986 6.32567e-05 0)
(0.198769 -0.000123718 0)
(0.198798 -1.24429e-05 0)
(0.198436 0.00020773 0)
(0.198392 0.000311352 0)
(0.198002 0.000572595 0)
(0.197879 0.000816762 0)
(0.197484 0.0011442 0)
(0.197317 0.00152896 0)
(0.196951 0.00198015 0)
(0.196811 0.0024909 0)
(0.196539 0.00305046 0)
(0.196499 0.00363308 0)
(0.196373 0.00421453 0)
(0.19646 0.00476486 0)
(0.196473 0.00526497 0)
(0.196665 0.00569973 0)
(0.199875 -0.00130935 0)
(0.199073 0.000438621 0)
(0.198934 -0.00036657 0)
(0.199041 -1.36446e-05 0)
(0.198828 -5.20145e-05 0)
(0.198858 1.57622e-05 0)
(0.198533 0.000225121 0)
(0.198473 0.00038405 0)
(0.19813 0.000628516 0)
(0.198008 0.000909681 0)
(0.197668 0.00124589 0)
(0.197523 0.00164845 0)
(0.197223 0.00210394 0)
(0.197116 0.00260989 0)
(0.196911 0.00314181 0)
(0.196896 0.00368329 0)
(0.196813 0.00420298 0)
(0.196899 0.00468691 0)
(0.196922 0.00511382 0)
(0.197083 0.00548241 0)
(0.199904 -0.00113538 0)
(0.199146 0.000245376 0)
(0.198983 -0.000207796 0)
(0.199086 -5.17249e-05 0)
(0.198905 -6.72403e-06 0)
(0.198914 6.49539e-05 0)
(0.198644 0.000249387 0)
(0.198561 0.000447026 0)
(0.198276 0.000692521 0)
(0.198151 0.000996729 0)
(0.197876 0.00134595 0)
(0.197748 0.00175982 0)
(0.197519 0.00221432 0)
(0.197436 0.00270906 0)
(0.197294 0.00321102 0)
(0.197291 0.00371069 0)
(0.197246 0.00417536 0)
(0.197318 0.00460103 0)
(0.197349 0.00496715 0)
(0.197473 0.00528011 0)
(0.199935 -0.000964788 0)
(0.199227 7.10855e-05 0)
(0.199047 -8.93751e-05 0)
(0.199127 -4.47397e-05 0)
(0.198996 2.01244e-05 0)
(0.198976 0.000110278 0)
(0.198765 0.000277691 0)
(0.198664 0.000500105 0)
(0.198437 0.000756825 0)
(0.198313 0.00107795 0)
(0.198104 0.00143887 0)
(0.197994 0.00185907 0)
(0.197833 0.00230769 0)
(0.197771 0.00278643 0)
(0.197683 0.00325814 0)
(0.197685 0.00371829 0)
(0.197667 0.00413581 0)
(0.197721 0.00451219 0)
(0.197752 0.00482858 0)
(0.197837 0.00509502 0)
(0.199962 -0.000799547 0)
(0.19932 -8.46136e-05 0)
(0.199126 -1.96304e-05 0)
(0.199173 -5.57823e-06 0)
(0.199089 4.42863e-05 0)
(0.19905 0.000148657 0)
(0.198893 0.000310073 0)
(0.198787 0.000546464 0)
(0.198612 0.000817375 0)
(0.198499 0.00115221 0)
(0.19835 0.00152145 0)
(0.198264 0.00194252 0)
(0.198162 0.00238116 0)
(0.198122 0.00284029 0)
(0.198077 0.00328301 0)
(0.198082 0.00370817 0)
(0.19808 0.00408693 0)
(0.198113 0.00442345 0)
(0.198134 0.00470012 0)
(0.198179 0.00492826 0)
(0.199981 -0.000643575 0)
(0.199423 -0.00021504 0)
(0.199219 6.53154e-06 0)
(0.199229 5.22162e-05 0)
(0.199181 8.79519e-05 0)
(0.199139 0.000194326 0)
(0.199026 0.000352525 0)
(0.198929 0.000594216 0)
(0.198801 0.000875761 0)
(0.198709 0.00121987 0)
(0.198612 0.00159269 0)
(0.198555 0.00200899 0)
(0.198503 0.00243374 0)
(0.198487 0.00287096 0)
(0.198474 0.00328645 0)
(0.198484 0.00368144 0)
(0.198488 0.00402905 0)
(0.1985 0.00433433 0)
(0.1985 0.00458005 0)
(0.198502 0.00477732 0)
(0.199992 -0.000509432 0)
(0.199532 -0.000291772 0)
(0.199327 -6.50755e-06 0)
(0.199299 0.000102909 0)
(0.19927 0.000146506 0)
(0.199237 0.000250534 0)
(0.199161 0.00040622 0)
(0.199087 0.000648202 0)
(0.199001 0.000934445 0)
(0.198939 0.00128163 0)
(0.198887 0.0016524 0)
(0.198864 0.00205851 0)
(0.198854 0.00246591 0)
(0.198864 0.00287972 0)
(0.198876 0.00326916 0)
(0.198892 0.003637 0)
(0.198895 0.00395842 0)
(0.198885 0.00423832 0)
(0.198853 0.00445966 0)
(0.198807 0.00463224 0)
(0.199997 -0.000397978 0)
(0.199635 -0.000317372 0)
(0.199441 -4.90091e-05 0)
(0.199385 0.000119583 0)
(0.199361 0.000200962 0)
(0.199341 0.000315726 0)
(0.199299 0.000472755 0)
(0.199256 0.000713786 0)
(0.199211 0.000999586 0)
(0.199184 0.00134246 0)
(0.199173 0.00170494 0)
(0.199186 0.0020953 0)
(0.199211 0.0024822 0)
(0.199248 0.00287068 0)
(0.199281 0.00323378 0)
(0.199303 0.00357466 0)
(0.1993 0.00387124 0)
(0.199267 0.00412771 0)
(0.199197 0.00432801 0)
(0.199095 0.00448018 0)
(0.199999 -0.00030717 0)
(0.199726 -0.000308848 0)
(0.199556 -9.81669e-05 0)
(0.199486 0.000109798 0)
(0.199459 0.000242085 0)
(0.19945 0.000386277 0)
(0.199439 0.000555818 0)
(0.199431 0.000796727 0)
(0.199425 0.00107928 0)
(0.199437 0.00141124 0)
(0.199464 0.00175952 0)
(0.199511 0.00212867 0)
(0.19957 0.00249185 0)
(0.199632 0.00285236 0)
(0.199683 0.00318729 0)
(0.199711 0.0034993 0)
(0.199701 0.00376972 0)
(0.199642 0.00400185 0)
(0.19953 0.00418174 0)
(0.199367 0.00431569 0)
(0.2 -0.000234262 0)
(0.1998 -0.000279707 0)
(0.199664 -0.000130332 0)
(0.199596 8.45234e-05 0)
(0.199568 0.000261672 0)
(0.19957 0.000447476 0)
(0.199584 0.000643884 0)
(0.19961 0.000891181 0)
(0.199643 0.00117034 0)
(0.199691 0.00148887 0)
(0.199756 0.00181923 0)
(0.199836 0.00216404 0)
(0.199924 0.0025006 0)
(0.200009 0.00283045 0)
(0.200076 0.00313484 0)
(0.200107 0.00341567 0)
(0.200087 0.00365795 0)
(0.200003 0.00386429 0)
(0.199846 0.00402347 0)
(0.199621 0.00414044 0)
(0.2 -0.000175474 0)
(0.199859 -0.000241912 0)
(0.199762 -0.000135676 0)
(0.199709 6.27037e-05 0)
(0.199691 0.000267751 0)
(0.199704 0.00049271 0)
(0.19974 0.000722202 0)
(0.199794 0.000981015 0)
(0.199862 0.00125801 0)
(0.199945 0.0015623 0)
(0.200044 0.00187294 0)
(0.200155 0.00219159 0)
(0.200269 0.00249935 0)
(0.200374 0.00279673 0)
(0.200452 0.00306903 0)
(0.200485 0.00331754 0)
(0.200453 0.00353088 0)
(0.200342 0.00371123 0)
(0.200142 0.00385019 0)
(0.199856 0.0039517 0)
(0.2 -0.000130362 0)
(0.199907 -0.000197639 0)
(0.199848 -0.000120017 0)
(0.19982 6.12748e-05 0)
(0.199822 0.000279099 0)
(0.199852 0.000528475 0)
(0.199908 0.0007839 0)
(0.199986 0.00105388 0)
(0.200083 0.00132937 0)
(0.200196 0.00161904 0)
(0.200325 0.00190916 0)
(0.200463 0.00220054 0)
(0.2006 0.00247889 0)
(0.20072 0.00274402 0)
(0.200806 0.00298473 0)
(0.200838 0.00320193 0)
(0.200794 0.00338747 0)
(0.200656 0.00354334 0)
(0.200416 0.00366364 0)
(0.200073 0.00375153 0)
(0.2 -9.54192e-05 0)
(0.199945 -0.000151405 0)
(0.199925 -8.84418e-05 0)
(0.199929 8.30821e-05 0)
(0.199957 0.000305014 0)
(0.200009 0.000565826 0)
(0.200086 0.000832259 0)
(0.200184 0.00110774 0)
(0.200305 0.00137887 0)
(0.200444 0.00165386 0)
(0.200598 0.00192319 0)
(0.200758 0.00218818 0)
(0.200913 0.0024386 0)
(0.201045 0.00267417 0)
(0.201137 0.00288639 0)
(0.201164 0.00307587 0)
(0.201107 0.0032368 0)
(0.200944 0.00337107 0)
(0.200666 0.00347475 0)
(0.200272 0.00355058 0)
(0.200001 -6.80982e-05 0)
(0.199976 -0.000107997 0)
(0.199995 -4.82994e-05 0)
(0.200035 0.000118789 0)
(0.200095 0.000341577 0)
(0.200171 0.000605147 0)
(0.200269 0.000872796 0)
(0.200386 0.00114458 0)
(0.200527 0.00140682 0)
(0.200686 0.00166615 0)
(0.200862 0.00191459 0)
(0.20104 0.00215487 0)
(0.20121 0.00237949 0)
(0.201351 0.00258935 0)
(0.201444 0.00277751 0)
(0.201466 0.00294483 0)
(0.201394 0.0030861 0)
(0.201207 0.00320324 0)
(0.200894 0.00329301 0)
(0.200452 0.00335848 0)
(0.200001 -4.51667e-05 0)
(0.200003 -7.04512e-05 0)
(0.20006 -7.66739e-06 0)
(0.200139 0.00015888 0)
(0.200234 0.000382096 0)
(0.200335 0.00064288 0)
(0.200454 0.000905251 0)
(0.200588 0.00116684 0)
(0.200746 0.0014159 0)
(0.200922 0.00165725 0)
(0.201114 0.0018844 0)
(0.201306 0.00210112 0)
(0.201489 0.00230151 0)
(0.201638 0.00248788 0)
(0.201734 0.00265486 0)
(0.201749 0.00280408 0)
(0.201662 0.00293057 0)
(0.20145 0.00303572 0)
(0.201101 0.00311622 0)
(0.200614 0.00317478 0)
(0.200002 -2.35974e-05 0)
(0.200026 -3.29896e-05 0)
(0.200123 3.68183e-05 0)
(0.200243 0.000202322 0)
(0.200374 0.000421065 0)
(0.200499 0.000671342 0)
(0.200637 0.000921657 0)
(0.200786 0.00116771 0)
(0.200959 0.00140018 0)
(0.201147 0.00162172 0)
(0.201353 0.00182797 0)
(0.201557 0.00202172 0)
(0.20175 0.0021989 0)
(0.201906 0.00236204 0)
(0.202005 0.00250805 0)
(0.202017 0.00263909 0)
(0.201918 0.00275203 0)
(0.201683 0.00284787 0)
(0.201301 0.00292327 0)
(0.200767 0.00297897 0)
(0.200003 2.9865e-05 0)
(0.200071 0.000109498 0)
(0.200258 0.000223072 0)
(0.200472 0.000382307 0)
(0.200684 0.000567229 0)
(0.200867 0.000769615 0)
(0.201048 0.00097143 0)
(0.201228 0.00116916 0)
(0.201431 0.00135492 0)
(0.201644 0.00152928 0)
(0.201875 0.00168838 0)
(0.202097 0.00183392 0)
(0.202306 0.00196367 0)
(0.202472 0.00208008 0)
(0.202577 0.00218193 0)
(0.202587 0.00227175 0)
(0.202477 0.00234848 0)
(0.202208 0.00241393 0)
(0.201763 0.00246636 0)
(0.201125 0.00250664 0)
(0.200004 9.46359e-05 0)
(0.200092 0.000285843 0)
(0.200305 0.000452202 0)
(0.200552 0.000598153 0)
(0.200812 0.000729495 0)
(0.201042 0.000857879 0)
(0.20127 0.000981587 0)
(0.201482 0.00110282 0)
(0.20171 0.00121591 0)
(0.201933 0.00132118 0)
(0.202166 0.00141475 0)
(0.202381 0.00149836 0)
(0.202577 0.00157018 0)
(0.202724 0.00163265 0)
(0.202807 0.00168503 0)
(0.20279 0.00172987 0)
(0.202649 0.00176682 0)
(0.202347 0.00179824 0)
(0.201865 0.00182401 0)
(0.201188 0.00184626 0)
(0.200006 0.000130993 0)
(0.200071 0.000375886 0)
(0.200245 0.000570326 0)
(0.200448 0.000712894 0)
(0.200692 0.000813912 0)
(0.200922 0.000889758 0)
(0.201166 0.00094957 0)
(0.201396 0.00100185 0)
(0.201639 0.00104726 0)
(0.201869 0.00108783 0)
(0.202104 0.0011226 0)
(0.202314 0.00115302 0)
(0.202502 0.00117871 0)
(0.202636 0.0012012 0)
(0.202708 0.00122031 0)
(0.202679 0.0012375 0)
(0.20253 0.00125284 0)
(0.202223 0.00126783 0)
(0.201747 0.00128278 0)
(0.201086 0.00129918 0)
(0.200008 0.00015228 0)
(0.200038 0.000430142 0)
(0.200147 0.000655759 0)
(0.200266 0.000818533 0)
(0.200432 0.000931099 0)
(0.200599 0.000998955 0)
(0.200803 0.00103645 0)
(0.201006 0.00104815 0)
(0.201232 0.00104374 0)
(0.201448 0.00102519 0)
(0.201674 0.000998659 0)
(0.201877 0.000964399 0)
(0.202066 0.000926896 0)
(0.202203 0.000886411 0)
(0.202284 0.000846867 0)
(0.202269 0.000809167 0)
(0.202148 0.000777464 0)
(0.201883 0.000753375 0)
(0.201471 0.000741008 0)
(0.200899 0.000741669 0)
(0.200009 0.000150989 0)
(0.200017 0.000424485 0)
(0.200078 0.00065855 0)
(0.200123 0.000838782 0)
(0.200207 0.000979269 0)
(0.200277 0.00107209 0)
(0.200378 0.0011287 0)
(0.200468 0.00114225 0)
(0.200586 0.0011242 0)
(0.200694 0.00107078 0)
(0.200814 0.00099389 0)
(0.20091 0.000892657 0)
(0.200997 0.000779836 0)
(0.201042 0.000657222 0)
(0.201057 0.000537934 0)
(0.201019 0.000424998 0)
(0.200941 0.000330367 0)
(0.20081 0.000256255 0)
(0.200647 0.000211709 0)
(0.20045 0.000195571 0)
(0.20001 0.000123006 0)
(0.200016 0.000344874 0)
(0.200066 0.000533827 0)
(0.200083 0.000682384 0)
(0.200119 0.000798776 0)
(0.20011 0.000878231 0)
(0.200097 0.00092759 0)
(0.200028 0.000942854 0)
(0.199942 0.000931454 0)
(0.199804 0.00089126 0)
(0.199654 0.000831671 0)
(0.199476 0.000753722 0)
(0.199316 0.000667909 0)
(0.199168 0.000576835 0)
(0.199081 0.000490525 0)
(0.199057 0.000411399 0)
(0.199137 0.00034762 0)
(0.199319 0.000299971 0)
(0.199628 0.000273803 0)
(0.200044 0.000266962 0)
(0.200009 8.27519e-05 0)
(0.199996 0.000232028 0)
(0.200008 0.000354114 0)
(0.199975 0.00044843 0)
(0.199952 0.000518148 0)
(0.199876 0.000566514 0)
(0.199792 0.000596891 0)
(0.199654 0.000613108 0)
(0.199505 0.000618554 0)
(0.199316 0.000616679 0)
(0.199133 0.000610361 0)
(0.198939 0.000602221 0)
(0.198779 0.000593856 0)
(0.198646 0.000586661 0)
(0.198587 0.000581077 0)
(0.198601 0.000577624 0)
(0.19873 0.000576163 0)
(0.198973 0.000576891 0)
(0.199358 0.000579587 0)
(0.199864 0.000584363 0)
(0.200009 5.05206e-05 0)
(0.199983 0.000143407 0)
(0.199973 0.00022133 0)
(0.199919 0.000285862 0)
(0.199871 0.000337659 0)
(0.199773 0.000380357 0)
(0.199667 0.000414346 0)
(0.199511 0.000442831 0)
(0.199345 0.000465821 0)
(0.199143 0.000485473 0)
(0.198947 0.00050151 0)
(0.198743 0.000515525 0)
(0.198577 0.000527157 0)
(0.198442 0.000537635 0)
(0.198382 0.000546474 0)
(0.198398 0.000554595 0)
(0.198531 0.000561449 0)
(0.19878 0.000567735 0)
(0.199171 0.00057291 0)
(0.199686 0.000577502 0)
(0.200008 3.20781e-05 0)
(0.199979 9.26473e-05 0)
(0.199962 0.000145559 0)
(0.199904 0.000192436 0)
(0.199849 0.00023284 0)
(0.19975 0.000269486 0)
(0.199641 0.00030169 0)
(0.199486 0.000331708 0)
(0.19932 0.000358673 0)
(0.19912 0.000384105 0)
(0.198925 0.000407 0)
(0.198724 0.0004284 0)
(0.198557 0.000447373 0)
(0.198423 0.000464802 0)
(0.198361 0.00047992 0)
(0.198375 0.0004935 0)
(0.198502 0.000504873 0)
(0.198742 0.000514669 0)
(0.199119 0.000522274 0)
(0.199614 0.000528208 0)
(0.200007 2.09693e-05 0)
(0.19998 6.14791e-05 0)
(0.199963 9.79646e-05 0)
(0.199908 0.000132046 0)
(0.199857 0.000162861 0)
(0.199765 0.00019263 0)
(0.199664 0.000220208 0)
(0.19952 0.000247431 0)
(0.199365 0.000273095 0)
(0.199177 0.000298344 0)
(0.198991 0.000321906 0)
(0.198799 0.000344515 0)
(0.198637 0.000365036 0)
(0.198506 0.000384114 0)
(0.198442 0.000400852 0)
(0.198452 0.000415866 0)
(0.198567 0.00042842 0)
(0.19879 0.00043905 0)
(0.199139 0.000447118 0)
(0.199598 0.000453111 0)
(0.200006 1.40912e-05 0)
(0.199982 4.18377e-05 0)
(0.199967 6.73434e-05 0)
(0.19992 9.20606e-05 0)
(0.199876 0.000115044 0)
(0.199796 0.000138157 0)
(0.199706 0.000160242 0)
(0.199578 0.000182825 0)
(0.199438 0.000204707 0)
(0.199267 0.000226823 0)
(0.199096 0.000247938 0)
(0.198917 0.000268619 0)
(0.198764 0.000287728 0)
(0.198638 0.00030573 0)
(0.198575 0.000321694 0)
(0.19858 0.000336074 0)
(0.198682 0.000348119 0)
(0.198883 0.000358247 0)
(0.1992 0.000365838 0)
(0.199615 0.000371325 0)
(0.200005 9.48898e-06 0)
(0.199985 2.84528e-05 0)
(0.199973 4.61076e-05 0)
(0.199934 6.36084e-05 0)
(0.199896 8.01304e-05 0)
(0.199828 9.71565e-05 0)
(0.199751 0.00011372 0)
(0.19964 0.000131071 0)
(0.199517 0.000148213 0)
(0.199365 0.000165915 0)
(0.19921 0.000183117 0)
(0.199047 0.000200255 0)
(0.198906 0.000216316 0)
(0.198789 0.000231621 0)
(0.198728 0.000245311 0)
(0.198728 0.000257697 0)
(0.198817 0.000268083 0)
(0.198996 0.000276781 0)
(0.199278 0.000283237 0)
(0.199646 0.000287821 0)
(0.200004 6.10495e-06 0)
(0.199987 1.84511e-05 0)
(0.199978 3.00476e-05 0)
(0.199945 4.17079e-05 0)
(0.199913 5.28115e-05 0)
(0.199855 6.44267e-05 0)
(0.19979 7.58447e-05 0)
(0.199694 8.79925e-05 0)
(0.199586 0.000100148 0)
(0.199451 0.000112897 0)
(0.199313 0.000125453 0)
(0.199166 0.000138133 0)
(0.199036 0.00015015 0)
(0.198928 0.000161709 0)
(0.19887 0.000172121 0)
(0.198867 0.000181578 0)
(0.198945 0.000189518 0)
(0.199103 0.000196152 0)
(0.199353 0.000201045 0)
(0.199679 0.000204482 0)
(0.200004 3.2832e-06 0)
(0.199989 1.00334e-05 0)
(0.199981 1.64352e-05 0)
(0.199953 2.29786e-05 0)
(0.199926 2.92597e-05 0)
(0.199876 3.59421e-05 0)
(0.199818 4.25826e-05 0)
(0.199734 4.97724e-05 0)
(0.199638 5.70643e-05 0)
(0.199517 6.48412e-05 0)
(0.199392 7.26064e-05 0)
(0.199258 8.0562e-05 0)
(0.199139 8.81926e-05 0)
(0.199039 9.56119e-05 0)
(0.198983 0.00010235 0)
(0.198979 0.000108504 0)
(0.199047 0.000113685 0)
(0.199189 0.000118011 0)
(0.199414 0.000121187 0)
(0.199708 0.000123396 0)
(0.200003 9.71867e-07 0)
(0.19999 3.01274e-06 0)
(0.199983 4.96638e-06 0)
(0.199957 7.00137e-06 0)
(0.199933 8.96952e-06 0)
(0.199887 1.11062e-05 0)
(0.199834 1.32564e-05 0)
(0.199757 1.56329e-05 0)
(0.199668 1.80795e-05 0)
(0.199557 2.07351e-05 0)
(0.19944 2.34226e-05 0)
(0.199315 2.62131e-05 0)
(0.199204 2.89182e-05 0)
(0.19911 3.15733e-05 0)
(0.199057 3.40021e-05 0)
(0.199052 3.62316e-05 0)
(0.199115 3.81143e-05 0)
(0.199247 3.9686e-05 0)
(0.199456 4.08363e-05 0)
(0.199728 4.16288e-05 0)
)
;

boundaryField
{
    top
    {
        type            fixedValue;
        value           uniform (0.2 0 0);
    }
    inlet
    {
        type            fixedValue;
        value           uniform (0.2 0 0);
    }
    outlet
    {
        type            zeroGradient;
    }
    plate
    {
        type            fixedValue;
        value           uniform (0 0 0);
    }
    symmBound
    {
        type            zeroGradient;
    }
    frontAndBack
    {
        type            empty;
    }
}


// ************************************************************************* //
