/*--------------------------------*- C++ -*----------------------------------*\
| =========                 |                                                 |
| \\      /  F ield         | OpenFOAM: The Open Source CFD Toolbox           |
|  \\    /   O peration     | Version:  1.4.1-dev                             |
|   \\  /    A nd           | Web:      http://www.openfoam.org               |
|    \\/     M anipulation  |                                                 |
\*---------------------------------------------------------------------------*/

FoamFile
{
    version 2.0;
    format ascii;

    root "/home/mjaworsk/OpenFOAM/mjaworsk-1.4.1-dev/run/FlatPlate-Blasius";
    case "icoHeatFoam-flatPlate2";
    instance "0.8";
    local "";

    class volVectorField;
    object U;
}

// * * * * * * * * * * * * * * * * * * * * * * * * * * * * * * * * * * * * * //

dimensions      [0 1 -1 0 0 0 0];

internalField   nonuniform List<vector> 
2475
(
(0.132562 0.00806829 0)
(0.0798454 0.00529887 0)
(0.0537605 0.00187897 0)
(0.0398855 0.000635737 0)
(0.0322532 0.00026951 0)
(0.027983 0.000143828 0)
(0.0251938 0.000104748 0)
(0.0230593 8.65281e-05 0)
(0.0213069 7.10025e-05 0)
(0.0198361 5.78999e-05 0)
(0.0185771 4.77155e-05 0)
(0.0174862 3.98281e-05 0)
(0.0165228 3.35895e-05 0)
(0.0156687 2.86043e-05 0)
(0.0148966 2.45314e-05 0)
(0.0142022 2.12264e-05 0)
(0.0135617 1.84447e-05 0)
(0.0129813 1.61814e-05 0)
(0.0124347 1.42057e-05 0)
(0.0119394 1.2611e-05 0)
(0.0114618 1.11411e-05 0)
(0.0110337 9.98211e-06 0)
(0.0106083 8.83893e-06 0)
(0.0102368 7.99256e-06 0)
(0.00985 7.08588e-06 0)
(0.00952825 6.48145e-06 0)
(0.00916714 5.74802e-06 0)
(0.00889208 5.32565e-06 0)
(0.00854305 4.71423e-06 0)
(0.00831676 4.42994e-06 0)
(0.00796265 3.91936e-06 0)
(0.00779403 3.73829e-06 0)
(0.00740894 3.33844e-06 0)
(0.00731977 3.16954e-06 0)
(0.0068568 3.30058e-06 0)
(0.183148 0.0168116 0)
(0.161977 0.0150211 0)
(0.139891 0.008272 0)
(0.11796 0.00415259 0)
(0.099834 0.00226942 0)
(0.0870304 0.00134945 0)
(0.0780692 0.000894937 0)
(0.0712959 0.000663095 0)
(0.0658217 0.000521023 0)
(0.0612515 0.000419347 0)
(0.0573447 0.000343099 0)
(0.0539621 0.000284945 0)
(0.0509767 0.000239498 0)
(0.0483316 0.000203477 0)
(0.045941 0.000174214 0)
(0.0437929 0.000150517 0)
(0.0418112 0.000130671 0)
(0.0400171 0.000114468 0)
(0.0383272 0.000100424 0)
(0.0367975 8.89782e-05 0)
(0.0353224 7.85818e-05 0)
(0.0340021 7.02589e-05 0)
(0.0326891 6.22496e-05 0)
(0.0315442 5.61668e-05 0)
(0.0303509 4.98458e-05 0)
(0.02936 4.54797e-05 0)
(0.028247 4.03463e-05 0)
(0.027401 3.73125e-05 0)
(0.0263267 3.29693e-05 0)
(0.0256317 3.10369e-05 0)
(0.0245439 2.72194e-05 0)
(0.0240268 2.62662e-05 0)
(0.0228485 2.28127e-05 0)
(0.0225723 2.26204e-05 0)
(0.0211714 2.13116e-05 0)
(0.190443 0.0169534 0)
(0.19005 0.0186505 0)
(0.183911 0.0130929 0)
(0.171481 0.00861437 0)
(0.156312 0.00598918 0)
(0.142146 0.0042004 0)
(0.130167 0.00296557 0)
(0.120154 0.00218688 0)
(0.111654 0.00169379 0)
(0.104362 0.00135431 0)
(0.0980101 0.00110484 0)
(0.0924405 0.000915903 0)
(0.0874754 0.000768901 0)
(0.0830471 0.000652795 0)
(0.0790201 0.000558676 0)
(0.0753888 0.000482513 0)
(0.0720243 0.000418825 0)
(0.0689736 0.000366751 0)
(0.0660901 0.000321724 0)
(0.0634798 0.000284887 0)
(0.0609542 0.00025161 0)
(0.0586959 0.000224809 0)
(0.0564417 0.000199258 0)
(0.05448 0.00017965 0)
(0.0524273 0.000159508 0)
(0.0507281 0.00014539 0)
(0.0488112 0.000128995 0)
(0.0473607 0.000119196 0)
(0.0455101 0.000105242 0)
(0.0443192 9.91247e-05 0)
(0.0424466 8.662e-05 0)
(0.0415612 8.39386e-05 0)
(0.0395383 7.20974e-05 0)
(0.0390618 7.2608e-05 0)
(0.0366786 6.5525e-05 0)
(0.190981 0.0143335 0)
(0.195823 0.0179713 0)
(0.198596 0.0145014 0)
(0.195737 0.0108369 0)
(0.188474 0.00860185 0)
(0.179471 0.00688892 0)
(0.170202 0.00541009 0)
(0.161175 0.00426037 0)
(0.152553 0.00341946 0)
(0.144498 0.00279265 0)
(0.137029 0.00230943 0)
(0.13019 0.00193155 0)
(0.123884 0.00163132 0)
(0.118129 0.00139118 0)
(0.112788 0.00119469 0)
(0.107911 0.00103462 0)
(0.103328 0.00090003 0)
(0.0991448 0.000789493 0)
(0.0951486 0.000693612 0)
(0.0915208 0.000614886 0)
(0.0879778 0.000543699 0)
(0.0848096 0.000486165 0)
(0.0816183 0.000431361 0)
(0.0788478 0.000389094 0)
(0.0759212 0.000345756 0)
(0.0735108 0.000315177 0)
(0.0707644 0.000279761 0)
(0.0687019 0.000258489 0)
(0.0660421 0.000228209 0)
(0.0643471 0.000215007 0)
(0.0616522 0.00018762 0)
(0.0603913 0.000182084 0)
(0.0574849 0.000155708 0)
(0.0568003 0.000157587 0)
(0.0534039 0.000139218 0)
(0.192115 0.0121844 0)
(0.196155 0.0161193 0)
(0.201145 0.0142438 0)
(0.202866 0.0112892 0)
(0.201078 0.00951334 0)
(0.197351 0.00825502 0)
(0.192632 0.00703451 0)
(0.187262 0.00593109 0)
(0.181347 0.00502487 0)
(0.175141 0.00428616 0)
(0.168773 0.00366843 0)
(0.162476 0.00314982 0)
(0.156262 0.00271293 0)
(0.150312 0.00234829 0)
(0.144535 0.00203964 0)
(0.139107 0.00178223 0)
(0.133845 0.00156127 0)
(0.128964 0.00137738 0)
(0.124189 0.00121573 0)
(0.119821 0.00108201 0)
(0.115467 0.000959959 0)
(0.111568 0.000860889 0)
(0.107564 0.000765825 0)
(0.1041 0.000692275 0)
(0.10037 0.000616349 0)
(0.097322 0.000562644 0)
(0.0937806 0.000500053 0)
(0.0911543 0.000462457 0)
(0.0876965 0.000408574 0)
(0.0855291 0.000385215 0)
(0.0820088 0.000336128 0)
(0.0803921 0.000326448 0)
(0.0765934 0.000278809 0)
(0.0757065 0.000282465 0)
(0.0712957 0.00024648 0)
(0.19336 0.0108363 0)
(0.196145 0.0143874 0)
(0.200668 0.0136129 0)
(0.203638 0.0111713 0)
(0.204153 0.00956505 0)
(0.203258 0.00860945 0)
(0.20164 0.00770721 0)
(0.19948 0.00680855 0)
(0.196647 0.00601657 0)
(0.193267 0.00534295 0)
(0.189319 0.00474963 0)
(0.185043 0.0042202 0)
(0.180388 0.00374352 0)
(0.175631 0.00332265 0)
(0.170649 0.00294645 0)
(0.165759 0.00261963 0)
(0.160733 0.00232737 0)
(0.155949 0.00207766 0)
(0.151046 0.0018515 0)
(0.146504 0.00166162 0)
(0.141795 0.00148435 0)
(0.137567 0.00133944 0)
(0.133064 0.00119767 0)
(0.129191 0.00108776 0)
(0.12487 0.000972154 0)
(0.121387 0.000890517 0)
(0.11719 0.000793583 0)
(0.114143 0.000735726 0)
(0.109979 0.000651216 0)
(0.10744 0.000615041 0)
(0.103156 0.000537355 0)
(0.10125 0.000522345 0)
(0.0966071 0.000446563 0)
(0.0955495 0.000452201 0)
(0.0901789 0.000391875 0)
(0.19418 0.0099395 0)
(0.196259 0.0128774 0)
(0.199872 0.0128718 0)
(0.202886 0.0109516 0)
(0.204118 0.0093907 0)
(0.204265 0.00853159 0)
(0.203959 0.00783401 0)
(0.203474 0.00711058 0)
(0.202565 0.00643871 0)
(0.201311 0.00586531 0)
(0.199516 0.00535951 0)
(0.197405 0.00490062 0)
(0.194759 0.00446972 0)
(0.19189 0.00407452 0)
(0.188522 0.00370244 0)
(0.185075 0.00336677 0)
(0.181178 0.00305051 0)
(0.177374 0.00277191 0)
(0.173145 0.00250741 0)
(0.169189 0.00228098 0)
(0.16478 0.00206073 0)
(0.160838 0.00187919 0)
(0.156348 0.00169484 0)
(0.152546 0.00155203 0)
(0.148018 0.00139619 0)
(0.144465 0.00128708 0)
(0.139898 0.0011525 0)
(0.136703 0.00107354 0)
(0.132042 0.000953577 0)
(0.129333 0.000903632 0)
(0.124446 0.000791781 0)
(0.122387 0.000771033 0)
(0.117039 0.000661204 0)
(0.115882 0.000669087 0)
(0.109698 0.000578309 0)
(0.194636 0.00926458 0)
(0.196315 0.0115553 0)
(0.199137 0.0120126 0)
(0.201892 0.0106536 0)
(0.203345 0.00918585 0)
(0.203859 0.00832789 0)
(0.20394 0.00773674 0)
(0.204055 0.00713802 0)
(0.203938 0.00654714 0)
(0.20375 0.00603784 0)
(0.203163 0.00559808 0)
(0.202486 0.00521045 0)
(0.201326 0.0048438 0)
(0.200092 0.00450714 0)
(0.198292 0.00417988 0)
(0.196476 0.00388153 0)
(0.194033 0.00358686 0)
(0.19169 0.00332365 0)
(0.188665 0.00305935 0)
(0.185909 0.002831 0)
(0.182397 0.00259537 0)
(0.179369 0.00240126 0)
(0.175464 0.00219189 0)
(0.172311 0.0020317 0)
(0.168081 0.00184543 0)
(0.164952 0.00171815 0)
(0.160434 0.00155001 0)
(0.157492 0.001455 0)
(0.152676 0.0012998 0)
(0.150104 0.00123871 0)
(0.144902 0.00109069 0)
(0.142909 0.00106565 0)
(0.137119 0.000918755 0)
(0.135982 0.00092959 0)
(0.129261 0.000804752 0)
(0.194893 0.00869271 0)
(0.196299 0.0104365 0)
(0.198491 0.0110933 0)
(0.200905 0.010255 0)
(0.202409 0.00897479 0)
(0.203133 0.00810645 0)
(0.203321 0.00756029 0)
(0.20361 0.00705596 0)
(0.203707 0.00652871 0)
(0.203924 0.00605533 0)
(0.2038 0.00564587 0)
(0.203807 0.0052996 0)
(0.203386 0.00497564 0)
(0.203131 0.00468688 0)
(0.202325 0.00440234 0)
(0.201725 0.0041496 0)
(0.200438 0.0038914 0)
(0.199438 0.00366579 0)
(0.197608 0.00342626 0)
(0.1962 0.00322388 0)
(0.193807 0.0029993 0)
(0.192033 0.00281974 0)
(0.189082 0.00260878 0)
(0.187022 0.00245423 0)
(0.183529 0.00225588 0)
(0.181294 0.00212814 0)
(0.177273 0.00193909 0)
(0.175022 0.00184029 0)
(0.170478 0.00165729 0)
(0.168412 0.00159269 0)
(0.163296 0.00141248 0)
(0.161646 0.00138741 0)
(0.155808 0.00120572 0)
(0.154852 0.00122101 0)
(0.14802 0.00106359 0)
(0.195091 0.00817188 0)
(0.196286 0.00951314 0)
(0.197984 0.0101961 0)
(0.200039 0.00976906 0)
(0.20148 0.00874528 0)
(0.20236 0.0078997 0)
(0.202605 0.00736158 0)
(0.20296 0.00692609 0)
(0.203073 0.00646086 0)
(0.203433 0.00601974 0)
(0.203422 0.00562296 0)
(0.203697 0.00529574 0)
(0.203519 0.00499125 0)
(0.203714 0.00473022 0)
(0.203337 0.00446965 0)
(0.20341 0.00424891 0)
(0.202754 0.00401725 0)
(0.202644 0.0038262 0)
(0.20162 0.00361246 0)
(0.201276 0.00344337 0)
(0.199801 0.00323983 0)
(0.199192 0.00308937 0)
(0.197197 0.00289219 0)
(0.196321 0.00276142 0)
(0.193742 0.00256836 0)
(0.192631 0.0024587 0)
(0.189414 0.00226528 0)
(0.188152 0.0021786 0)
(0.184265 0.00198145 0)
(0.183008 0.00192478 0)
(0.178413 0.00172313 0)
(0.177359 0.00170481 0)
(0.171956 0.00149763 0)
(0.171335 0.00151951 0)
(0.164941 0.00133835 0)
(0.195323 0.00768875 0)
(0.196345 0.00874856 0)
(0.197659 0.00937465 0)
(0.199381 0.00922847 0)
(0.200677 0.00847899 0)
(0.201655 0.00770706 0)
(0.201945 0.00716543 0)
(0.202354 0.00677181 0)
(0.20243 0.00636488 0)
(0.20285 0.00596375 0)
(0.202835 0.00557862 0)
(0.203219 0.00526218 0)
(0.203074 0.00496486 0)
(0.203447 0.00471931 0)
(0.203181 0.00446848 0)
(0.203551 0.00426579 0)
(0.203127 0.00404599 0)
(0.203471 0.00387702 0)
(0.202831 0.0036779 0)
(0.203114 0.0035345 0)
(0.202182 0.00334681 0)
(0.202367 0.00322411 0)
(0.20106 0.00304208 0)
(0.201113 0.00293974 0)
(0.199333 0.00275946 0)
(0.199226 0.00267738 0)
(0.196868 0.00249185 0)
(0.1966 0.0024289 0)
(0.193581 0.00223206 0)
(0.193215 0.00219337 0)
(0.189483 0.00198523 0)
(0.189128 0.00198002 0)
(0.184611 0.00176281 0)
(0.184403 0.00179274 0)
(0.179 0.00160406 0)
(0.195628 0.00724474 0)
(0.196505 0.00810326 0)
(0.197523 0.00864924 0)
(0.198961 0.00867107 0)
(0.20007 0.00816789 0)
(0.201085 0.00751432 0)
(0.201412 0.00698145 0)
(0.201873 0.0066083 0)
(0.201909 0.00624813 0)
(0.202356 0.00589323 0)
(0.202314 0.00552629 0)
(0.202748 0.0052208 0)
(0.202582 0.00492642 0)
(0.203022 0.00469143 0)
(0.202756 0.00444437 0)
(0.203232 0.00425261 0)
(0.202859 0.00403601 0)
(0.203378 0.0038794 0)
(0.20287 0.00368487 0)
(0.203425 0.00355681 0)
(0.202741 0.00337573 0)
(0.203316 0.00327164 0)
(0.202399 0.00309819 0)
(0.202971 0.00301786 0)
(0.201742 0.00284818 0)
(0.202274 0.00279111 0)
(0.200632 0.00261735 0)
(0.201072 0.00257935 0)
(0.198921 0.00239254 0)
(0.199247 0.00237442 0)
(0.196523 0.00217373 0)
(0.196749 0.00218314 0)
(0.193393 0.00197307 0)
(0.193542 0.00200967 0)
(0.18951 0.00183289 0)
(0.196 0.0068417 0)
(0.196754 0.00754782 0)
(0.197545 0.00801713 0)
(0.198749 0.00812808 0)
(0.199672 0.00781853 0)
(0.200667 0.00730593 0)
(0.201023 0.0068074 0)
(0.20153 0.00644634 0)
(0.201549 0.00611785 0)
(0.201998 0.00580854 0)
(0.201937 0.00546737 0)
(0.202386 0.00517683 0)
(0.202211 0.00488558 0)
(0.202662 0.0046591 0)
(0.202392 0.00441452 0)
(0.202881 0.00423094 0)
(0.202525 0.00401511 0)
(0.203069 0.00386587 0)
(0.202618 0.00367165 0)
(0.203224 0.00355181 0)
(0.20266 0.00337181 0)
(0.20333 0.0032776 0)
(0.202628 0.00310679 0)
(0.203356 0.00303867 0)
(0.202477 0.00287459 0)
(0.203239 0.00283282 0)
(0.202124 0.00266922 0)
(0.202864 0.00264812 0)
(0.201443 0.00247514 0)
(0.202096 0.0024713 0)
(0.200321 0.00228691 0)
(0.200841 0.0023057 0)
(0.198663 0.00211582 0)
(0.198998 0.00215384 0)
(0.196402 0.00200437 0)
(0.196408 0.00647737 0)
(0.197052 0.00706276 0)
(0.197675 0.00746493 0)
(0.198684 0.00761778 0)
(0.199447 0.00744588 0)
(0.200379 0.00707207 0)
(0.200757 0.00663349 0)
(0.201293 0.00628936 0)
(0.201329 0.00598097 0)
(0.20176 0.00571031 0)
(0.201707 0.00539978 0)
(0.202136 0.00512915 0)
(0.201986 0.00484433 0)
(0.202408 0.00462524 0)
(0.20217 0.00438388 0)
(0.202615 0.00420692 0)
(0.202306 0.00399278 0)
(0.202792 0.00384839 0)
(0.202413 0.00365455 0)
(0.20295 0.00353887 0)
(0.202497 0.00335913 0)
(0.20309 0.00326904 0)
(0.202555 0.00309912 0)
(0.203207 0.00303531 0)
(0.202582 0.00287431 0)
(0.203282 0.0028376 0)
(0.202552 0.00268211 0)
(0.203256 0.00266666 0)
(0.202394 0.00250793 0)
(0.203036 0.0025078 0)
(0.202016 0.00234282 0)
(0.202542 0.00236205 0)
(0.201326 0.00219791 0)
(0.201665 0.0022302 0)
(0.200255 0.00211396 0)
(0.196819 0.00614753 0)
(0.197362 0.00663472 0)
(0.197865 0.00697834 0)
(0.198704 0.00714651 0)
(0.199346 0.00706605 0)
(0.200182 0.00681171 0)
(0.20058 0.0064492 0)
(0.201117 0.00613389 0)
(0.201203 0.0058418 0)
(0.201599 0.00560028 0)
(0.201584 0.0053212 0)
(0.201966 0.0050741 0)
(0.201874 0.00480098 0)
(0.202237 0.00458914 0)
(0.202069 0.00435276 0)
(0.202435 0.00418099 0)
(0.202211 0.0039707 0)
(0.202597 0.00382953 0)
(0.202324 0.00363805 0)
(0.202737 0.00352411 0)
(0.202416 0.00334632 0)
(0.20286 0.00325699 0)
(0.202493 0.00308924 0)
(0.20297 0.00302488 0)
(0.202563 0.00286745 0)
(0.203069 0.00282867 0)
(0.202631 0.00268087 0)
(0.203137 0.00266211 0)
(0.202672 0.00251705 0)
(0.203128 0.00251188 0)
(0.202623 0.00236544 0)
(0.202998 0.00237763 0)
(0.202424 0.00223827 0)
(0.202663 0.0022593 0)
(0.202031 0.00217296 0)
(0.197216 0.00584861 0)
(0.19766 0.00625417 0)
(0.19808 0.00654615 0)
(0.198769 0.00671394 0)
(0.199323 0.00669175 0)
(0.200048 0.0065306 0)
(0.200461 0.0062479 0)
(0.200973 0.0059733 0)
(0.201126 0.00570108 0)
(0.201479 0.00548098 0)
(0.201521 0.00523082 0)
(0.201842 0.00500824 0)
(0.201825 0.00475224 0)
(0.202119 0.00454872 0)
(0.20204 0.00431965 0)
(0.202317 0.00415197 0)
(0.202194 0.00394767 0)
(0.202472 0.00380873 0)
(0.202316 0.00362188 0)
(0.2026 0.00350832 0)
(0.202414 0.00333458 0)
(0.202707 0.00324423 0)
(0.202495 0.0030807 0)
(0.202796 0.00301336 0)
(0.20257 0.00286116 0)
(0.202876 0.00281666 0)
(0.202653 0.00267709 0)
(0.202948 0.00265033 0)
(0.202739 0.00251796 0)
(0.202998 0.0025036 0)
(0.202791 0.00237316 0)
(0.203002 0.00237488 0)
(0.202775 0.00225638 0)
(0.202905 0.0022642 0)
(0.202674 0.00220002 0)
(0.197587 0.0055785 0)
(0.19794 0.00591452 0)
(0.198299 0.00616025 0)
(0.198858 0.00631762 0)
(0.199347 0.00633097 0)
(0.199962 0.00623761 0)
(0.200381 0.00602866 0)
(0.20085 0.00580212 0)
(0.201069 0.00555676 0)
(0.201381 0.00535473 0)
(0.201484 0.00512966 0)
(0.201746 0.00493012 0)
(0.2018 0.00469499 0)
(0.202031 0.00450183 0)
(0.202035 0.00428258 0)
(0.202239 0.00411874 0)
(0.202207 0.00392198 0)
(0.202397 0.00378495 0)
(0.20234 0.00360442 0)
(0.202524 0.00349081 0)
(0.202447 0.00332273 0)
(0.202625 0.00323066 0)
(0.202533 0.00307293 0)
(0.202704 0.00300172 0)
(0.202607 0.00285613 0)
(0.20277 0.00280472 0)
(0.202684 0.00267374 0)
(0.202833 0.00263775 0)
(0.202767 0.00251673 0)
(0.202894 0.00249268 0)
(0.202831 0.00237574 0)
(0.202935 0.00236673 0)
(0.202861 0.00226522 0)
(0.202919 0.00226088 0)
(0.202846 0.00221157 0)
(0.197929 0.00533549 0)
(0.198201 0.00561095 0)
(0.198512 0.00581424 0)
(0.198964 0.0059547 0)
(0.199401 0.00598764 0)
(0.199918 0.0059412 0)
(0.20033 0.0057945 0)
(0.200753 0.00561748 0)
(0.201017 0.0054055 0)
(0.2013 0.00522238 0)
(0.201452 0.00501934 0)
(0.201672 0.00484018 0)
(0.201778 0.00462728 0)
(0.201965 0.00444668 0)
(0.202031 0.00423965 0)
(0.202187 0.00408036 0)
(0.202219 0.00389216 0)
(0.202355 0.00375729 0)
(0.202366 0.00358421 0)
(0.202488 0.00347071 0)
(0.202482 0.00330938 0)
(0.202592 0.0032155 0)
(0.202574 0.0030646 0)
(0.202672 0.00298932 0)
(0.202651 0.00285123 0)
(0.202736 0.00279292 0)
(0.202723 0.00267048 0)
(0.202798 0.00262578 0)
(0.202795 0.00251477 0)
(0.202862 0.00248197 0)
(0.202854 0.00237683 0)
(0.202908 0.00235807 0)
(0.202888 0.00227078 0)
(0.202913 0.00225668 0)
(0.202887 0.0022173 0)
(0.198241 0.00511831 0)
(0.198444 0.00534026 0)
(0.198711 0.00550377 0)
(0.199081 0.00562318 0)
(0.199472 0.0056641 0)
(0.199912 0.00564848 0)
(0.200303 0.00555087 0)
(0.200685 0.00541988 0)
(0.200971 0.00524489 0)
(0.201236 0.00508348 0)
(0.201419 0.00490131 0)
(0.201616 0.00473991 0)
(0.201752 0.00454865 0)
(0.201916 0.00438209 0)
(0.202019 0.00418935 0)
(0.202153 0.00403598 0)
(0.202224 0.00385725 0)
(0.202334 0.00372503 0)
(0.202383 0.00356026 0)
(0.202477 0.0034472 0)
(0.202509 0.00329355 0)
(0.202588 0.00319795 0)
(0.20261 0.00305474 0)
(0.202675 0.00297538 0)
(0.202691 0.00284532 0)
(0.202744 0.00278065 0)
(0.202763 0.0026664 0)
(0.20281 0.00261411 0)
(0.20283 0.00251205 0)
(0.202876 0.00247157 0)
(0.202885 0.00237719 0)
(0.202922 0.00234996 0)
(0.202919 0.00227477 0)
(0.202932 0.00225352 0)
(0.202918 0.00222112 0)
(0.198524 0.00492331 0)
(0.198667 0.00509818 0)
(0.198893 0.00522473 0)
(0.199204 0.00532096 0)
(0.199554 0.00536175 0)
(0.199936 0.00536472 0)
(0.2003 0.00530389 0)
(0.200646 0.00521231 0)
(0.200934 0.00507438 0)
(0.201188 0.00493727 0)
(0.201387 0.00477639 0)
(0.201574 0.00463109 0)
(0.201725 0.00445996 0)
(0.201881 0.0043078 0)
(0.202003 0.00413081 0)
(0.20213 0.00398486 0)
(0.202222 0.00381672 0)
(0.202325 0.0036877 0)
(0.202394 0.00353206 0)
(0.202479 0.00341978 0)
(0.20253 0.00327469 0)
(0.202599 0.0031775 0)
(0.20264 0.00304268 0)
(0.202694 0.00295947 0)
(0.202728 0.00283756 0)
(0.202771 0.00276736 0)
(0.202803 0.00266084 0)
(0.202843 0.00260214 0)
(0.20287 0.00250825 0)
(0.202911 0.00246119 0)
(0.202926 0.0023765 0)
(0.202957 0.00234236 0)
(0.202962 0.00227732 0)
(0.202972 0.00225124 0)
(0.202963 0.00222395 0)
(0.198777 0.00474152 0)
(0.198867 0.00487658 0)
(0.199055 0.00497044 0)
(0.199324 0.00504369 0)
(0.199641 0.00507952 0)
(0.199982 0.00509228 0)
(0.200317 0.00505794 0)
(0.200633 0.00499807 0)
(0.20091 0.00489451 0)
(0.201154 0.00478285 0)
(0.201358 0.00464436 0)
(0.201541 0.00451472 0)
(0.2017 0.00436231 0)
(0.201853 0.00422406 0)
(0.201985 0.00406355 0)
(0.202113 0.00392631 0)
(0.202217 0.00376998 0)
(0.202322 0.00364487 0)
(0.202401 0.00349912 0)
(0.202486 0.00338813 0)
(0.202549 0.00325223 0)
(0.202616 0.00315393 0)
(0.202667 0.0030278 0)
(0.202719 0.00294145 0)
(0.202763 0.00282745 0)
(0.202805 0.00275273 0)
(0.202843 0.00265343 0)
(0.202883 0.00258957 0)
(0.202913 0.00250291 0)
(0.202953 0.00245078 0)
(0.202973 0.00237435 0)
(0.203001 0.00233507 0)
(0.203013 0.0022783 0)
(0.203022 0.00224932 0)
(0.203019 0.00222578 0)
(0.199004 0.00456205 0)
(0.199042 0.00466559 0)
(0.199194 0.00473289 0)
(0.199435 0.00478571 0)
(0.199728 0.00481459 0)
(0.200041 0.00483137 0)
(0.20035 0.00481539 0)
(0.20064 0.00477988 0)
(0.2009 0.00470626 0)
(0.201132 0.00461944 0)
(0.201333 0.00450415 0)
(0.201514 0.00439059 0)
(0.201676 0.0042561 0)
(0.20183 0.00413113 0)
(0.201967 0.00398708 0)
(0.202098 0.00385957 0)
(0.20221 0.00371605 0)
(0.202318 0.00359597 0)
(0.202407 0.00346062 0)
(0.202494 0.0033519 0)
(0.202565 0.00322545 0)
(0.202634 0.00312706 0)
(0.202692 0.0030095 0)
(0.202746 0.00292117 0)
(0.202796 0.00281466 0)
(0.20284 0.00273659 0)
(0.202883 0.00264377 0)
(0.202923 0.00257638 0)
(0.202958 0.00249566 0)
(0.202997 0.00244029 0)
(0.203021 0.00237056 0)
(0.203048 0.00232786 0)
(0.203066 0.00227758 0)
(0.203074 0.00224731 0)
(0.203079 0.00222648 0)
(0.199207 0.00437704 0)
(0.199192 0.00445731 0)
(0.199313 0.0045051 0)
(0.199533 0.00454179 0)
(0.199811 0.00456384 0)
(0.200106 0.00458129 0)
(0.200395 0.00457748 0)
(0.200662 0.0045599 0)
(0.200904 0.00451099 0)
(0.20112 0.00444699 0)
(0.201314 0.00435466 0)
(0.20149 0.00425796 0)
(0.201653 0.00414107 0)
(0.201806 0.00402914 0)
(0.201948 0.00390098 0)
(0.202082 0.00378397 0)
(0.202201 0.00365373 0)
(0.202313 0.00354013 0)
(0.20241 0.00341536 0)
(0.2025 0.00331022 0)
(0.202578 0.0031932 0)
(0.202649 0.00309612 0)
(0.202714 0.00298682 0)
(0.20277 0.00289793 0)
(0.202826 0.00279846 0)
(0.202872 0.00271864 0)
(0.20292 0.00263123 0)
(0.202962 0.00256231 0)
(0.203001 0.00248624 0)
(0.203039 0.00242929 0)
(0.203069 0.00236503 0)
(0.203094 0.0023205 0)
(0.203118 0.00227505 0)
(0.203127 0.00224476 0)
(0.20314 0.00222593 0)
(0.199389 0.00418631 0)
(0.199321 0.00425043 0)
(0.199412 0.00428537 0)
(0.199617 0.0043109 0)
(0.199886 0.00432747 0)
(0.200171 0.00434404 0)
(0.200445 0.00434773 0)
(0.200693 0.0043427 0)
(0.200917 0.00431302 0)
(0.201116 0.00426877 0)
(0.201299 0.00419777 0)
(0.201468 0.00411822 0)
(0.201629 0.00401859 0)
(0.201781 0.00391978 0)
(0.201926 0.00380655 0)
(0.202061 0.00370046 0)
(0.202187 0.00358334 0)
(0.202301 0.00347758 0)
(0.202406 0.00336336 0)
(0.202499 0.00326309 0)
(0.202584 0.00315524 0)
(0.202658 0.00306089 0)
(0.202729 0.00295931 0)
(0.202788 0.0028714 0)
(0.20285 0.00277819 0)
(0.202898 0.00269859 0)
(0.202952 0.0026155 0)
(0.202994 0.00254672 0)
(0.203039 0.00247463 0)
(0.203075 0.00241735 0)
(0.203112 0.00235751 0)
(0.203135 0.00231283 0)
(0.203166 0.00227081 0)
(0.203175 0.00224124 0)
(0.203197 0.002224 0)
(0.199553 0.00398707 0)
(0.199433 0.00404071 0)
(0.199495 0.00406836 0)
(0.199688 0.00408755 0)
(0.199953 0.0041008 0)
(0.200231 0.00411646 0)
(0.200497 0.0041248 0)
(0.20073 0.0041285 0)
(0.200937 0.0041134 0)
(0.201118 0.00408569 0)
(0.201288 0.00403375 0)
(0.201446 0.00397116 0)
(0.201603 0.00388846 0)
(0.201752 0.00380323 0)
(0.201899 0.00370425 0)
(0.202036 0.00360948 0)
(0.202166 0.00350509 0)
(0.202283 0.00340843 0)
(0.202395 0.00330478 0)
(0.20249 0.00321075 0)
(0.202583 0.00311173 0)
(0.202658 0.00302166 0)
(0.202736 0.00292713 0)
(0.202797 0.00284171 0)
(0.202865 0.00275386 0)
(0.202915 0.00267607 0)
(0.202975 0.00259682 0)
(0.203017 0.00252902 0)
(0.203068 0.00246057 0)
(0.203104 0.00240419 0)
(0.203147 0.00234759 0)
(0.203169 0.00230422 0)
(0.203207 0.00226497 0)
(0.203215 0.0022363 0)
(0.203247 0.00222051 0)
(0.199702 0.00377991 0)
(0.199531 0.00382672 0)
(0.199566 0.00385071 0)
(0.199748 0.00386704 0)
(0.20001 0.00387892 0)
(0.200287 0.00389429 0)
(0.200546 0.00390574 0)
(0.200768 0.00391566 0)
(0.200961 0.00391148 0)
(0.201125 0.00389738 0)
(0.20128 0.00386191 0)
(0.201426 0.00381548 0)
(0.201576 0.00374909 0)
(0.20172 0.00367791 0)
(0.201868 0.00359272 0)
(0.202004 0.00350966 0)
(0.202139 0.00341751 0)
(0.202258 0.00333093 0)
(0.202375 0.00323796 0)
(0.202473 0.00315157 0)
(0.202571 0.00306133 0)
(0.202648 0.0029771 0)
(0.202733 0.0028896 0)
(0.202795 0.00280803 0)
(0.202869 0.00272543 0)
(0.202921 0.0026504 0)
(0.202987 0.00257531 0)
(0.20303 0.00250927 0)
(0.203087 0.00244379 0)
(0.203122 0.00238952 0)
(0.203171 0.00233541 0)
(0.203193 0.00229377 0)
(0.203238 0.00225742 0)
(0.203246 0.0022295 0)
(0.203287 0.00221507 0)
(0.199837 0.00357228 0)
(0.199618 0.00361358 0)
(0.199627 0.00363512 0)
(0.199799 0.00365002 0)
(0.20006 0.00366135 0)
(0.200336 0.00367676 0)
(0.200593 0.00369027 0)
(0.200806 0.00370466 0)
(0.200986 0.00370857 0)
(0.201135 0.00370546 0)
(0.201275 0.00368382 0)
(0.201407 0.00365218 0)
(0.201548 0.00360111 0)
(0.201685 0.00354403 0)
(0.201832 0.00347236 0)
(0.201967 0.00340116 0)
(0.202105 0.00332087 0)
(0.202224 0.00324469 0)
(0.202347 0.00316244 0)
(0.202446 0.00308461 0)
(0.202551 0.00300315 0)
(0.202628 0.00292568 0)
(0.202718 0.00284549 0)
(0.202782 0.0027688 0)
(0.202863 0.00269176 0)
(0.202915 0.00262046 0)
(0.202987 0.00254981 0)
(0.203031 0.00248707 0)
(0.203095 0.0024242 0)
(0.203128 0.00237268 0)
(0.203184 0.00232145 0)
(0.203205 0.00228133 0)
(0.203258 0.00224796 0)
(0.203265 0.00222104 0)
(0.203316 0.00220765 0)
(0.199956 0.00337479 0)
(0.199694 0.00341063 0)
(0.199678 0.00342938 0)
(0.19984 0.00344267 0)
(0.200101 0.00345308 0)
(0.200378 0.00346808 0)
(0.200635 0.00348255 0)
(0.200842 0.00349976 0)
(0.201012 0.00350936 0)
(0.201146 0.00351465 0)
(0.201273 0.00350422 0)
(0.201389 0.00348535 0)
(0.20152 0.00344818 0)
(0.201648 0.0034046 0)
(0.201792 0.0033461 0)
(0.201924 0.00328675 0)
(0.202065 0.003218 0)
(0.202184 0.00315232 0)
(0.202311 0.00308056 0)
(0.20241 0.00301193 0)
(0.20252 0.00293912 0)
(0.202598 0.00286893 0)
(0.202693 0.00279595 0)
(0.202757 0.00272492 0)
(0.202844 0.00265319 0)
(0.202897 0.00258641 0)
(0.202976 0.00251978 0)
(0.203019 0.00246132 0)
(0.203089 0.00240154 0)
(0.203122 0.00235245 0)
(0.203185 0.00230476 0)
(0.203205 0.00226665 0)
(0.203265 0.00223589 0)
(0.203272 0.00221053 0)
(0.203332 0.00219829 0)
(0.200059 0.00318332 0)
(0.199755 0.00321487 0)
(0.199717 0.00323101 0)
(0.199871 0.00324245 0)
(0.200133 0.0032516 0)
(0.200412 0.00326574 0)
(0.20067 0.00328038 0)
(0.200874 0.00329915 0)
(0.201037 0.00331259 0)
(0.201158 0.00332409 0)
(0.201271 0.00332248 0)
(0.201373 0.0033144 0)
(0.201492 0.0032895 0)
(0.201609 0.00325872 0)
(0.201748 0.00321294 0)
(0.201876 0.00316579 0)
(0.202018 0.00310852 0)
(0.202137 0.00305387 0)
(0.202267 0.00299256 0)
(0.202366 0.00293395 0)
(0.202479 0.00287012 0)
(0.202557 0.00280804 0)
(0.202657 0.00274252 0)
(0.202721 0.0026783 0)
(0.202813 0.00261212 0)
(0.202867 0.00255065 0)
(0.202952 0.0024881 0)
(0.202995 0.0024339 0)
(0.203071 0.00237779 0)
(0.203103 0.00233098 0)
(0.203173 0.00228587 0)
(0.203193 0.00225044 0)
(0.203259 0.00222124 0)
(0.203267 0.00219759 0)
(0.203335 0.00218574 0)
(0.20015 0.00298281 0)
(0.199805 0.00301326 0)
(0.199745 0.00302905 0)
(0.19989 0.00304039 0)
(0.200154 0.0030495 0)
(0.200437 0.00306358 0)
(0.200699 0.00307849 0)
(0.200901 0.00309827 0)
(0.201059 0.00311409 0)
(0.201169 0.00312974 0)
(0.201271 0.00313438 0)
(0.201358 0.00313458 0)
(0.201465 0.00311971 0)
(0.201571 0.00310017 0)
(0.201703 0.00306627 0)
(0.201826 0.00303108 0)
(0.201968 0.00298551 0)
(0.202084 0.00294213 0)
(0.202217 0.00289172 0)
(0.202314 0.00284352 0)
(0.202431 0.00278954 0)
(0.202507 0.00273643 0)
(0.202611 0.00267929 0)
(0.202673 0.00262316 0)
(0.202771 0.00256397 0)
(0.202825 0.00250918 0)
(0.202916 0.00245213 0)
(0.202959 0.00240319 0)
(0.203041 0.00235169 0)
(0.203071 0.00230904 0)
(0.203148 0.00226655 0)
(0.203167 0.00223437 0)
(0.203241 0.00220723 0)
(0.203248 0.00218513 0)
(0.203324 0.00217364 0)
(0.200355 0.00248702 0)
(0.199909 0.00251817 0)
(0.199793 0.00254203 0)
(0.199916 0.00256418 0)
(0.200182 0.00258472 0)
(0.200474 0.00260787 0)
(0.200744 0.00263039 0)
(0.200944 0.00265513 0)
(0.201093 0.00267625 0)
(0.201181 0.00269676 0)
(0.201257 0.00270963 0)
(0.201313 0.00271975 0)
(0.201394 0.00271996 0)
(0.201473 0.00271752 0)
(0.20159 0.0027053 0)
(0.201697 0.00269215 0)
(0.201836 0.00267089 0)
(0.201947 0.00265025 0)
(0.202082 0.00262293 0)
(0.202174 0.00259587 0)
(0.202295 0.0025627 0)
(0.202367 0.00252914 0)
(0.202477 0.00249073 0)
(0.202536 0.00245313 0)
(0.202644 0.00241122 0)
(0.202696 0.00237297 0)
(0.202801 0.00233038 0)
(0.202842 0.00229455 0)
(0.202937 0.00225511 0)
(0.202964 0.00222267 0)
(0.203056 0.0021913 0)
(0.203074 0.00216424 0)
(0.203164 0.00214619 0)
(0.203169 0.00212703 0)
(0.203265 0.00212004 0)
(0.200381 0.00178515 0)
(0.199924 0.00182045 0)
(0.199797 0.00185934 0)
(0.199907 0.00190047 0)
(0.200159 0.00194101 0)
(0.200432 0.00198049 0)
(0.200682 0.00201675 0)
(0.200857 0.00205064 0)
(0.20098 0.00208031 0)
(0.201038 0.00210797 0)
(0.201089 0.00213149 0)
(0.201116 0.00215435 0)
(0.201176 0.00217322 0)
(0.201232 0.00219265 0)
(0.201334 0.00220736 0)
(0.201422 0.00222283 0)
(0.20155 0.00223186 0)
(0.201642 0.00224102 0)
(0.201769 0.0022422 0)
(0.201844 0.00224314 0)
(0.201959 0.00223596 0)
(0.202019 0.00222926 0)
(0.202131 0.00221549 0)
(0.202183 0.00220392 0)
(0.202298 0.00218547 0)
(0.202346 0.00217073 0)
(0.20246 0.00214842 0)
(0.202498 0.0021313 0)
(0.202606 0.00210887 0)
(0.202631 0.00209077 0)
(0.202739 0.0020744 0)
(0.202759 0.00205579 0)
(0.202869 0.00204723 0)
(0.202876 0.00203294 0)
(0.202994 0.0020291 0)
(0.200347 0.00124553 0)
(0.199963 0.00128804 0)
(0.199867 0.00134013 0)
(0.199967 0.00139614 0)
(0.200186 0.00145063 0)
(0.200409 0.00150091 0)
(0.200611 0.00154502 0)
(0.200736 0.00158399 0)
(0.200824 0.00161794 0)
(0.200852 0.00165021 0)
(0.200886 0.00168049 0)
(0.200899 0.00171267 0)
(0.200953 0.00174374 0)
(0.200996 0.00177774 0)
(0.201089 0.00180848 0)
(0.201158 0.00184109 0)
(0.201269 0.00186714 0)
(0.201335 0.00189373 0)
(0.201444 0.00191168 0)
(0.201497 0.00193025 0)
(0.201601 0.00194051 0)
(0.201646 0.00195253 0)
(0.201755 0.00195712 0)
(0.201799 0.00196437 0)
(0.201914 0.00196366 0)
(0.201954 0.00196627 0)
(0.202072 0.0019598 0)
(0.202103 0.00195772 0)
(0.20222 0.00194899 0)
(0.202242 0.00194351 0)
(0.202363 0.00193853 0)
(0.202379 0.00192942 0)
(0.202508 0.00192741 0)
(0.202513 0.00191792 0)
(0.202651 0.00191597 0)
(0.200334 0.000808453 0)
(0.200097 0.00085802 0)
(0.200058 0.00092137 0)
(0.200136 0.000988369 0)
(0.200289 0.00105105 0)
(0.200428 0.00110582 0)
(0.200552 0.00115189 0)
(0.200616 0.00119166 0)
(0.200667 0.00122733 0)
(0.200676 0.00126287 0)
(0.200707 0.00129878 0)
(0.200719 0.00133804 0)
(0.200773 0.00137766 0)
(0.200807 0.00142022 0)
(0.200886 0.00145994 0)
(0.200932 0.00150067 0)
(0.201022 0.00153538 0)
(0.201063 0.00157033 0)
(0.201152 0.00159846 0)
(0.201186 0.00162754 0)
(0.201279 0.00165053 0)
(0.201312 0.00167496 0)
(0.201415 0.00169343 0)
(0.201448 0.00171314 0)
(0.201559 0.00172575 0)
(0.201589 0.00174006 0)
(0.201705 0.00174607 0)
(0.201728 0.00175504 0)
(0.20185 0.00175755 0)
(0.201867 0.00176177 0)
(0.201996 0.00176577 0)
(0.202008 0.00176427 0)
(0.202148 0.00176826 0)
(0.202152 0.00176238 0)
(0.202303 0.00176306 0)
(0.200398 0.000589238 0)
(0.200398 0.000636414 0)
(0.200428 0.00069567 0)
(0.200454 0.000756803 0)
(0.200494 0.000812286 0)
(0.200513 0.000859657 0)
(0.200543 0.000899352 0)
(0.200549 0.000934492 0)
(0.200576 0.000967737 0)
(0.200581 0.00100243 0)
(0.200616 0.00103875 0)
(0.200629 0.00107839 0)
(0.200679 0.00111848 0)
(0.200699 0.00116056 0)
(0.200759 0.00120004 0)
(0.200779 0.00124004 0)
(0.200844 0.00127544 0)
(0.200863 0.0013115 0)
(0.200933 0.001343 0)
(0.200953 0.00137594 0)
(0.201033 0.00140464 0)
(0.201054 0.00143464 0)
(0.201144 0.00145981 0)
(0.201166 0.00148579 0)
(0.201265 0.00150543 0)
(0.201285 0.00152665 0)
(0.201393 0.00154018 0)
(0.20141 0.00155674 0)
(0.201528 0.00156661 0)
(0.201541 0.00157799 0)
(0.20167 0.00158797 0)
(0.201678 0.00159238 0)
(0.20182 0.00160099 0)
(0.201824 0.00159844 0)
(0.201979 0.00160123 0)
(0.200459 0.000621472 0)
(0.200608 0.000651053 0)
(0.200666 0.00068626 0)
(0.200639 0.000722215 0)
(0.200592 0.000755339 0)
(0.200528 0.000784751 0)
(0.2005 0.000810984 0)
(0.200477 0.00083575 0)
(0.200496 0.00086047 0)
(0.200505 0.000886765 0)
(0.200545 0.000914531 0)
(0.200559 0.000944567 0)
(0.200601 0.00097491 0)
(0.200607 0.00100659 0)
(0.200648 0.00103664 0)
(0.200651 0.00106764 0)
(0.200698 0.00109619 0)
(0.200703 0.00112619 0)
(0.200761 0.00115363 0)
(0.200771 0.0011828 0)
(0.20084 0.0012092 0)
(0.200851 0.00123699 0)
(0.20093 0.00126124 0)
(0.200942 0.00128661 0)
(0.20103 0.00130698 0)
(0.201041 0.00132935 0)
(0.201141 0.0013452 0)
(0.201151 0.00136425 0)
(0.201262 0.00137718 0)
(0.20127 0.00139153 0)
(0.201394 0.00140423 0)
(0.2014 0.00141153 0)
(0.201537 0.00142246 0)
(0.20154 0.00142198 0)
(0.20169 0.00142588 0)
(0.200392 0.00065966 0)
(0.200583 0.000673123 0)
(0.200651 0.000688254 0)
(0.200613 0.000704166 0)
(0.200545 0.00072012 0)
(0.200461 0.000735887 0)
(0.200418 0.000751645 0)
(0.200388 0.000767674 0)
(0.200405 0.00078435 0)
(0.200417 0.000802044 0)
(0.200458 0.000820588 0)
(0.200472 0.000840424 0)
(0.200509 0.000860528 0)
(0.20051 0.000881933 0)
(0.200542 0.000902829 0)
(0.200538 0.000925296 0)
(0.200576 0.000946714 0)
(0.200576 0.000970033 0)
(0.200625 0.000991887 0)
(0.20063 0.00101562 0)
(0.200689 0.00103749 0)
(0.200695 0.00106089 0)
(0.200763 0.00108181 0)
(0.200769 0.00110418 0)
(0.200846 0.00112288 0)
(0.200852 0.00114375 0)
(0.200941 0.00115946 0)
(0.200947 0.00117818 0)
(0.201048 0.00119185 0)
(0.201053 0.00120671 0)
(0.201166 0.00122032 0)
(0.20117 0.00122871 0)
(0.201297 0.00124051 0)
(0.201299 0.00124134 0)
(0.20144 0.00124613 0)
(0.200288 0.000620083 0)
(0.200485 0.000627388 0)
(0.200556 0.000634879 0)
(0.20052 0.000642883 0)
(0.200453 0.000651641 0)
(0.200371 0.000661153 0)
(0.200328 0.000671574 0)
(0.2003 0.000682685 0)
(0.200317 0.000694547 0)
(0.20033 0.000707015 0)
(0.200369 0.000719978 0)
(0.200383 0.000733689 0)
(0.200417 0.000747637 0)
(0.200418 0.00076274 0)
(0.200446 0.000777777 0)
(0.200441 0.00079443 0)
(0.200474 0.000810573 0)
(0.200472 0.000828578 0)
(0.200515 0.000845596 0)
(0.200516 0.000864445 0)
(0.200568 0.000881952 0)
(0.20057 0.000901066 0)
(0.20063 0.00091838 0)
(0.200632 0.000937249 0)
(0.2007 0.000953384 0)
(0.200703 0.000971609 0)
(0.200781 0.000985832 0)
(0.200784 0.00100272 0)
(0.200874 0.00101567 0)
(0.200876 0.00102959 0)
(0.200978 0.00104269 0)
(0.20098 0.00105101 0)
(0.201094 0.00106247 0)
(0.201095 0.00106401 0)
(0.201223 0.00106901 0)
(0.200206 0.000541761 0)
(0.200388 0.000546992 0)
(0.200455 0.000551715 0)
(0.200424 0.000556681 0)
(0.200363 0.00056247 0)
(0.20029 0.000569203 0)
(0.200252 0.000577018 0)
(0.200228 0.000585573 0)
(0.200244 0.000594804 0)
(0.200256 0.00060442 0)
(0.200293 0.000614321 0)
(0.200306 0.000624664 0)
(0.200337 0.000635134 0)
(0.200338 0.000646488 0)
(0.200363 0.000657814 0)
(0.200359 0.000670495 0)
(0.200388 0.000682829 0)
(0.200386 0.000696786 0)
(0.200423 0.000710036 0)
(0.200424 0.000724924 0)
(0.200469 0.000738821 0)
(0.20047 0.000754189 0)
(0.200521 0.000768222 0)
(0.200522 0.000783686 0)
(0.200581 0.000797066 0)
(0.200582 0.000812303 0)
(0.200651 0.000824427 0)
(0.200652 0.000838849 0)
(0.20073 0.000850204 0)
(0.200731 0.000862345 0)
(0.20082 0.000874014 0)
(0.200821 0.000881522 0)
(0.200922 0.000891844 0)
(0.200923 0.000893506 0)
(0.201036 0.000898186 0)
(0.20015 0.000452397 0)
(0.200309 0.000456506 0)
(0.200366 0.000459876 0)
(0.200339 0.000463363 0)
(0.200287 0.000467605 0)
(0.200225 0.000472769 0)
(0.200193 0.000478954 0)
(0.200174 0.000485818 0)
(0.200189 0.000493245 0)
(0.2002 0.000500932 0)
(0.200232 0.000508772 0)
(0.200244 0.000516875 0)
(0.200271 0.000525 0)
(0.200273 0.000533778 0)
(0.200295 0.000542498 0)
(0.200292 0.000552315 0)
(0.200317 0.000561863 0)
(0.200315 0.000572766 0)
(0.200348 0.000583117 0)
(0.200348 0.000594836 0)
(0.200387 0.000605779 0)
(0.200388 0.000617961 0)
(0.200432 0.00062912 0)
(0.200432 0.000641496 0)
(0.200484 0.000652272 0)
(0.200484 0.000664618 0)
(0.200543 0.000674528 0)
(0.200543 0.000686381 0)
(0.200611 0.000695808 0)
(0.200611 0.00070596 0)
(0.200688 0.000715767 0)
(0.200689 0.00072219 0)
(0.200776 0.000730934 0)
(0.200777 0.000732464 0)
(0.200875 0.00073656 0)
(0.200112 0.0003609 0)
(0.200244 0.00036416 0)
(0.200292 0.000366726 0)
(0.200269 0.000369372 0)
(0.200226 0.000372663 0)
(0.200175 0.000376751 0)
(0.20015 0.000381694 0)
(0.200134 0.000387198 0)
(0.200147 0.000393137 0)
(0.200158 0.000399252 0)
(0.200185 0.000405448 0)
(0.200195 0.000411814 0)
(0.200218 0.000418166 0)
(0.20022 0.000425016 0)
(0.200239 0.000431807 0)
(0.200237 0.000439465 0)
(0.200259 0.0004469 0)
(0.200258 0.00045541 0)
(0.200286 0.000463471 0)
(0.200287 0.000472625 0)
(0.20032 0.000481159 0)
(0.200321 0.000490695 0)
(0.200359 0.000499431 0)
(0.200359 0.000509154 0)
(0.200403 0.000517643 0)
(0.200403 0.000527401 0)
(0.200454 0.000535275 0)
(0.200454 0.000544722 0)
(0.200512 0.000552274 0)
(0.200512 0.000560441 0)
(0.200579 0.000568313 0)
(0.200579 0.000573542 0)
(0.200654 0.000580563 0)
(0.200655 0.000581886 0)
(0.20074 0.0005852 0)
(0.200086 0.000271849 0)
(0.200195 0.00027443 0)
(0.200234 0.000276471 0)
(0.200215 0.000278583 0)
(0.20018 0.000281192 0)
(0.200138 0.000284419 0)
(0.200118 0.000288291 0)
(0.200106 0.000292588 0)
(0.200118 0.000297199 0)
(0.200127 0.000301938 0)
(0.20015 0.000306726 0)
(0.200158 0.000311641 0)
(0.200178 0.000316538 0)
(0.200179 0.000321813 0)
(0.200196 0.000327033 0)
(0.200194 0.000332906 0)
(0.200214 0.000338593 0)
(0.200213 0.000345093 0)
(0.200238 0.000351231 0)
(0.200238 0.000358203 0)
(0.200267 0.000364687 0)
(0.200267 0.000371939 0)
(0.2003 0.000378571 0)
(0.2003 0.000385964 0)
(0.200338 0.000392413 0)
(0.200338 0.000399842 0)
(0.200382 0.000405836 0)
(0.200382 0.000413047 0)
(0.200432 0.000418804 0)
(0.200432 0.000425062 0)
(0.200489 0.000431063 0)
(0.200489 0.000435101 0)
(0.200555 0.000440451 0)
(0.200555 0.000441505 0)
(0.200628 0.000444002 0)
(0.20007 0.000189089 0)
(0.20016 0.000190987 0)
(0.200193 0.000192514 0)
(0.200177 0.000194097 0)
(0.200148 0.00019603 0)
(0.200113 0.000198396 0)
(0.200097 0.000201207 0)
(0.200087 0.00020431 0)
(0.200098 0.000207626 0)
(0.200105 0.00021103 0)
(0.200125 0.000214465 0)
(0.200132 0.000217992 0)
(0.200149 0.000221506 0)
(0.20015 0.000225286 0)
(0.200164 0.000229022 0)
(0.200163 0.000233215 0)
(0.20018 0.000237266 0)
(0.200179 0.000241886 0)
(0.200201 0.000246239 0)
(0.200201 0.00025118 0)
(0.200226 0.000255765 0)
(0.200227 0.000260897 0)
(0.200256 0.000265578 0)
(0.200255 0.000270802 0)
(0.200289 0.00027535 0)
(0.200288 0.000280595 0)
(0.200327 0.000284818 0)
(0.200326 0.000289914 0)
(0.20037 0.000293965 0)
(0.20037 0.000298401 0)
(0.20042 0.000302617 0)
(0.20042 0.000305495 0)
(0.200477 0.000309241 0)
(0.200477 0.000310007 0)
(0.200541 0.000311731 0)
(0.20006 0.000112268 0)
(0.200138 0.000113409 0)
(0.200166 0.000114323 0)
(0.200152 0.000115274 0)
(0.200127 0.000116438 0)
(0.200097 0.000117866 0)
(0.200084 0.000119562 0)
(0.200076 0.000121434 0)
(0.200085 0.00012343 0)
(0.200091 0.000125479 0)
(0.200109 0.000127545 0)
(0.200114 0.000129667 0)
(0.200129 0.000131779 0)
(0.20013 0.000134054 0)
(0.200143 0.000136299 0)
(0.200142 0.000138819 0)
(0.200157 0.000141251 0)
(0.200157 0.000144024 0)
(0.200176 0.000146632 0)
(0.200176 0.000149595 0)
(0.200199 0.000152339 0)
(0.200199 0.000155412 0)
(0.200224 0.000158212 0)
(0.200224 0.000161338 0)
(0.200254 0.000164054 0)
(0.200254 0.000167191 0)
(0.200288 0.00016971 0)
(0.200288 0.000172758 0)
(0.200327 0.00017517 0)
(0.200327 0.000177825 0)
(0.200371 0.000180328 0)
(0.200371 0.000182054 0)
(0.200422 0.000184268 0)
(0.200422 0.000184732 0)
(0.200479 0.00018573 0)
(0.200055 3.75296e-05 0)
(0.200125 3.79037e-05 0)
(0.20015 3.81961e-05 0)
(0.200138 3.85009e-05 0)
(0.200116 3.88795e-05 0)
(0.200089 3.93511e-05 0)
(0.200077 3.99148e-05 0)
(0.20007 4.054e-05 0)
(0.200078 4.12067e-05 0)
(0.200084 4.18912e-05 0)
(0.2001 4.25797e-05 0)
(0.200105 4.32872e-05 0)
(0.200119 4.39903e-05 0)
(0.200119 4.47482e-05 0)
(0.200132 4.54956e-05 0)
(0.200131 4.63359e-05 0)
(0.200145 4.71456e-05 0)
(0.200144 4.80706e-05 0)
(0.200162 4.89392e-05 0)
(0.200162 4.99274e-05 0)
(0.200183 5.08407e-05 0)
(0.200183 5.18658e-05 0)
(0.200208 5.27968e-05 0)
(0.200207 5.38392e-05 0)
(0.200235 5.47418e-05 0)
(0.200235 5.57875e-05 0)
(0.200267 5.66237e-05 0)
(0.200266 5.76394e-05 0)
(0.200303 5.8439e-05 0)
(0.200303 5.93241e-05 0)
(0.200344 6.01534e-05 0)
(0.200344 6.07286e-05 0)
(0.200392 6.14603e-05 0)
(0.200392 6.16139e-05 0)
(0.200445 6.1938e-05 0)
(0.171886 -0.00239554 0)
(0.227563 0.00197017 0)
(0.17389 -0.00178703 0)
(0.225864 0.00129917 0)
(0.176281 -0.00132348 0)
(0.224188 0.000818527 0)
(0.177931 -0.000938566 0)
(0.222501 0.000489241 0)
(0.178857 -0.000597373 0)
(0.220885 0.000271056 0)
(0.179005 -0.000276725 0)
(0.219397 0.000153442 0)
(0.178263 5.10169e-05 0)
(0.21811 0.000154951 0)
(0.176352 0.000399872 0)
(0.217083 0.000298707 0)
(0.172569 0.000800701 0)
(0.216102 0.000688 0)
(0.165092 0.00155776 0)
(0.214681 0.00233767 0)
(0.17303 -0.00243224 0)
(0.226505 0.00201727 0)
(0.175483 -0.00185209 0)
(0.22464 0.0013471 0)
(0.17818 -0.00139346 0)
(0.222665 0.000884982 0)
(0.180166 -0.00100738 0)
(0.220556 0.000582221 0)
(0.181553 -0.000660604 0)
(0.218338 0.000400096 0)
(0.182393 -0.000319015 0)
(0.215937 0.000322495 0)
(0.18277 7.40901e-05 0)
(0.213151 0.000335437 0)
(0.18279 0.000619612 0)
(0.209483 0.000408831 0)
(0.182543 0.0015125 0)
(0.203708 0.000625086 0)
(0.181924 0.00370275 0)
(0.193642 0.00286649 0)
(0.175352 -0.0024761 0)
(0.224186 0.00206743 0)
(0.178615 -0.00192306 0)
(0.222028 0.00139542 0)
(0.181859 -0.00146018 0)
(0.219549 0.000948321 0)
(0.1844 -0.00105736 0)
(0.216778 0.000659746 0)
(0.18646 -0.000677305 0)
(0.213721 0.000484553 0)
(0.18816 -0.000264411 0)
(0.210268 0.000388245 0)
(0.189596 0.000275712 0)
(0.20625 0.0003272 0)
(0.190746 0.00110769 0)
(0.201444 0.000308208 0)
(0.19125 0.00244453 0)
(0.195529 0.000724308 0)
(0.1904 0.0054088 0)
(0.189049 0.00428774 0)
(0.178748 -0.00250813 0)
(0.220584 0.00207463 0)
(0.182866 -0.00195863 0)
(0.218111 0.00139514 0)
(0.186636 -0.00146883 0)
(0.215164 0.000944807 0)
(0.189585 -0.00102058 0)
(0.211902 0.000639488 0)
(0.191967 -0.000568692 0)
(0.208438 0.000427031 0)
(0.193824 -4.01387e-05 0)
(0.204828 0.000268556 0)
(0.195071 0.000666407 0)
(0.201165 0.000166802 0)
(0.195458 0.00165538 0)
(0.197517 0.000289491 0)
(0.194577 0.0030622 0)
(0.193802 0.00137396 0)
(0.192336 0.00600689 0)
(0.190859 0.00581032 0)
(0.182924 -0.00251978 0)
(0.21599 0.00202683 0)
(0.187537 -0.00194855 0)
(0.213358 0.00133452 0)
(0.191471 -0.00141155 0)
(0.210291 0.000868755 0)
(0.194323 -0.00089977 0)
(0.207117 0.000535854 0)
(0.196327 -0.00036799 0)
(0.204074 0.000292317 0)
(0.197478 0.000253091 0)
(0.201297 0.000130882 0)
(0.197704 0.00102955 0)
(0.198836 0.000140315 0)
(0.196936 0.00198027 0)
(0.196533 0.000620989 0)
(0.195172 0.00328485 0)
(0.194144 0.00235442 0)
(0.192916 0.00604322 0)
(0.192437 0.0068031 0)
(0.187396 -0.00250344 0)
(0.211014 0.00192984 0)
(0.191834 -0.00189449 0)
(0.20854 0.00122403 0)
(0.195364 -0.00130425 0)
(0.205876 0.000746511 0)
(0.197562 -0.000733928 0)
(0.203398 0.000403622 0)
(0.198706 -0.000148126 0)
(0.201297 0.000172798 0)
(0.198905 0.000508316 0)
(0.199549 9.19034e-05 0)
(0.198282 0.0012511 0)
(0.197977 0.000318165 0)
(0.196981 0.00208284 0)
(0.196293 0.00117056 0)
(0.195179 0.00332806 0)
(0.194432 0.00327778 0)
(0.193482 0.00596037 0)
(0.193279 0.0072992 0)
(0.191585 -0.00245507 0)
(0.206422 0.00179983 0)
(0.195144 -0.00180574 0)
(0.204446 0.00108589 0)
(0.197794 -0.00117208 0)
(0.202565 0.000611319 0)
(0.199078 -0.000562775 0)
(0.201006 0.000285206 0)
(0.199382 4.4942e-05 0)
(0.199767 0.000107567 0)
(0.198948 0.00068708 0)
(0.198662 0.000161413 0)
(0.197985 0.00134161 0)
(0.197463 0.000627885 0)
(0.196648 0.00208321 0)
(0.196009 0.0017546 0)
(0.195103 0.00336345 0)
(0.194505 0.00397179 0)
(0.193916 0.00590945 0)
(0.193808 0.00745436 0)
(0.194999 -0.00237758 0)
(0.202845 0.00165814 0)
(0.197248 -0.00169541 0)
(0.201545 0.000943094 0)
(0.198863 -0.00103535 0)
(0.200473 0.000484187 0)
(0.199351 -0.000405613 0)
(0.199628 0.000193024 0)
(0.199136 0.000200974 0)
(0.19888 9.64044e-05 0)
(0.198456 0.000791136 0)
(0.198036 0.000312573 0)
(0.197463 0.00135705 0)
(0.196964 0.000983576 0)
(0.196246 0.0020866 0)
(0.19567 0.00225834 0)
(0.194973 0.00346526 0)
(0.194504 0.00441681 0)
(0.194171 0.00590396 0)
(0.19417 0.00738075 0)
(0.197393 -0.00227905 0)
(0.200542 0.0015217 0)
(0.198324 -0.00157275 0)
(0.199848 0.000808272 0)
(0.199074 -0.000900542 0)
(0.199332 0.000369508 0)
(0.199059 -0.000263675 0)
(0.198853 0.000125515 0)
(0.198621 0.000320427 0)
(0.19829 0.000135117 0)
(0.1979 0.000838486 0)
(0.197521 0.000512941 0)
(0.196968 0.00135519 0)
(0.196513 0.00131941 0)
(0.195885 0.00215053 0)
(0.195383 0.00264163 0)
(0.194849 0.00362949 0)
(0.194516 0.00466848 0)
(0.194337 0.00590431 0)
(0.194431 0.00717947 0)
(0.198812 -0.00216763 0)
(0.199354 0.00139522 0)
(0.198748 -0.00143901 0)
(0.199051 0.000681195 0)
(0.19895 -0.000764049 0)
(0.198792 0.000264629 0)
(0.198687 -0.000134072 0)
(0.19843 8.40317e-05 0)
(0.198176 0.00040324 0)
(0.197899 0.000218672 0)
(0.197473 0.000854705 0)
(0.197144 0.000728986 0)
(0.196608 0.00138138 0)
(0.196196 0.00160054 0)
(0.195644 0.0022799 0)
(0.195229 0.0029209 0)
(0.194812 0.00381015 0)
(0.194605 0.00479859 0)
(0.194513 0.00587192 0)
(0.194674 0.00692727 0)
(0.199505 -0.00204755 0)
(0.198899 0.00127168 0)
(0.19887 -0.00129052 0)
(0.19878 0.00055555 0)
(0.1988 -0.000622141 0)
(0.198592 0.00016932 0)
(0.198433 -1.77656e-05 0)
(0.198233 7.5024e-05 0)
(0.197905 0.000454211 0)
(0.197686 0.000335833 0)
(0.197231 0.00086818 0)
(0.196937 0.000931067 0)
(0.196424 0.00145328 0)
(0.196058 0.00182779 0)
(0.195569 0.00244816 0)
(0.195246 0.00313124 0)
(0.194914 0.00396524 0)
(0.19481 0.00485786 0)
(0.194767 0.00579412 0)
(0.194965 0.0066638 0)
(0.199774 -0.00191893 0)
(0.198808 0.00113962 0)
(0.19889 -0.00112442 0)
(0.198752 0.000427129 0)
(0.19872 -0.000476965 0)
(0.198569 8.84789e-05 0)
(0.19832 7.96531e-05 0)
(0.198185 0.000101956 0)
(0.197799 0.000483447 0)
(0.19762 0.000469399 0)
(0.197157 0.000901693 0)
(0.196891 0.00110665 0)
(0.196405 0.00156418 0)
(0.196094 0.00201867 0)
(0.195658 0.00262317 0)
(0.195426 0.00329889 0)
(0.195157 0.00407805 0)
(0.195133 0.00487253 0)
(0.195115 0.00567987 0)
(0.195331 0.00640388 0)
(0.199851 -0.00178019 0)
(0.198849 0.000990521 0)
(0.19889 -0.000941845 0)
(0.198812 0.000297806 0)
(0.198699 -0.00033666 0)
(0.198622 2.99101e-05 0)
(0.198303 0.000151173 0)
(0.198219 0.000160339 0)
(0.197806 0.000504856 0)
(0.197653 0.000599432 0)
(0.197199 0.000962169 0)
(0.196965 0.00125875 0)
(0.19651 0.00169717 0)
(0.196261 0.00218764 0)
(0.195877 0.00278355 0)
(0.195725 0.00343445 0)
(0.195509 0.0041496 0)
(0.195543 0.00485443 0)
(0.195539 0.00554392 0)
(0.195758 0.00615216 0)
(0.199866 -0.00163037 0)
(0.198921 0.000821912 0)
(0.198892 -0.000748238 0)
(0.198888 0.00017526 0)
(0.198713 -0.000211744 0)
(0.198697 -9.26897e-07 0)
(0.198342 0.000194864 0)
(0.198285 0.000238993 0)
(0.197877 0.000533578 0)
(0.19774 0.000715468 0)
(0.197311 0.00104485 0)
(0.197111 0.0013952 0)
(0.196697 0.00183569 0)
(0.196507 0.00234072 0)
(0.196178 0.00292117 0)
(0.196091 0.00353986 0)
(0.195923 0.00418666 0)
(0.195993 0.00481011 0)
(0.195999 0.00539681 0)
(0.196211 0.00591025 0)
(0.199873 -0.00147005 0)
(0.198995 0.000636989 0)
(0.198904 -0.000552527 0)
(0.198957 7.04608e-05 0)
(0.198749 -0.000111166 0)
(0.198768 -1.02344e-06 0)
(0.198413 0.00021797 0)
(0.198361 0.000320648 0)
(0.19798 0.000576609 0)
(0.197853 0.000817564 0)
(0.197464 0.00114103 0)
(0.197294 0.00152169 0)
(0.196934 0.00196904 0)
(0.196792 0.00247735 0)
(0.196525 0.00303472 0)
(0.196483 0.00361582 0)
(0.196361 0.00419582 0)
(0.196447 0.00474531 0)
(0.196464 0.00524469 0)
(0.196655 0.00567924 0)
(0.199888 -0.00130117 0)
(0.199068 0.000442945 0)
(0.198931 -0.000366658 0)
(0.199015 -5.66759e-06 0)
(0.198805 -3.8353e-05 0)
(0.198829 2.95849e-05 0)
(0.198507 0.000235766 0)
(0.198441 0.000393476 0)
(0.198105 0.000632451 0)
(0.19798 0.00090983 0)
(0.197645 0.0012419 0)
(0.197498 0.00164058 0)
(0.197203 0.00209188 0)
(0.197097 0.00259518 0)
(0.196895 0.00312472 0)
(0.19688 0.00366471 0)
(0.1968 0.00418289 0)
(0.196886 0.00466601 0)
(0.196912 0.00509215 0)
(0.197074 0.00546059 0)
(0.199912 -0.00112814 0)
(0.199145 0.00025212 0)
(0.198977 -0.000207087 0)
(0.199062 -4.2528e-05 0)
(0.198881 6.34409e-06 0)
(0.198885 7.71766e-05 0)
(0.198616 0.000259227 0)
(0.198529 0.000456245 0)
(0.198248 0.000696416 0)
(0.198121 0.000996368 0)
(0.197849 0.00134115 0)
(0.197721 0.00175126 0)
(0.197496 0.00220128 0)
(0.197415 0.00269293 0)
(0.197277 0.00319213 0)
(0.197274 0.00369019 0)
(0.197231 0.00415328 0)
(0.197304 0.00457817 0)
(0.197338 0.00494352 0)
(0.197463 0.00525641 0)
(0.199938 -0.000958311 0)
(0.199229 7.90884e-05 0)
(0.199039 -8.52759e-05 0)
(0.199106 -3.49756e-05 0)
(0.198969 3.10589e-05 0)
(0.198946 0.000121689 0)
(0.198735 0.000286667 0)
(0.19863 0.000508486 0)
(0.198406 0.000760096 0)
(0.198282 0.0010767 0)
(0.198075 0.00143286 0)
(0.197965 0.00184938 0)
(0.197808 0.00229334 0)
(0.197748 0.00276856 0)
(0.197664 0.003237 0)
(0.197666 0.00369519 0)
(0.197651 0.00411089 0)
(0.197706 0.00448638 0)
(0.19774 0.00480197 0)
(0.197827 0.00506844 0)
(0.199961 -0.000793131 0)
(0.199324 -7.59419e-05 0)
(0.199116 -1.13967e-05 0)
(0.199151 7.43031e-06 0)
(0.199061 5.93771e-05 0)
(0.199019 0.000163085 0)
(0.198861 0.000320705 0)
(0.19875 0.000555584 0)
(0.198578 0.000821293 0)
(0.198464 0.00115122 0)
(0.198317 0.00151522 0)
(0.198231 0.00193248 0)
(0.198133 0.00236635 0)
(0.198095 0.00282155 0)
(0.198054 0.00326035 0)
(0.198061 0.00368277 0)
(0.198062 0.00405906 0)
(0.198097 0.00439417 0)
(0.198121 0.00466977 0)
(0.198169 0.0048979 0)
(0.199978 -0.000639103 0)
(0.199428 -0.000200935 0)
(0.199209 1.2958e-05 0)
(0.199207 6.6186e-05 0)
(0.199152 0.00010476 0)
(0.199105 0.00020977 0)
(0.19899 0.000363575 0)
(0.19889 0.000603128 0)
(0.198762 0.000879859 0)
(0.19867 0.00121898 0)
(0.198575 0.00158637 0)
(0.198519 0.00199868 0)
(0.19847 0.00241884 0)
(0.198456 0.00285189 0)
(0.198447 0.00326285 0)
(0.198459 0.00365412 0)
(0.198466 0.00399826 0)
(0.198481 0.0043012 0)
(0.198485 0.00454525 0)
(0.198491 0.00474226 0)
(0.199987 -0.000504378 0)
(0.199535 -0.000277782 0)
(0.199316 3.13651e-06 0)
(0.199278 0.000118564 0)
(0.19924 0.000164529 0)
(0.199201 0.000266508 0)
(0.199122 0.000417291 0)
(0.199045 0.000656134 0)
(0.198959 0.000937715 0)
(0.198896 0.00127981 0)
(0.198846 0.00164511 0)
(0.198824 0.00204701 0)
(0.198816 0.00245007 0)
(0.198828 0.00285969 0)
(0.198843 0.00324434 0)
(0.198861 0.00360777 0)
(0.198867 0.00392491 0)
(0.198861 0.00420161 0)
(0.198835 0.00442062 0)
(0.198795 0.00459261 0)
(0.199992 -0.000392476 0)
(0.199637 -0.000303568 0)
(0.199431 -3.35681e-05 0)
(0.199363 0.000139369 0)
(0.199328 0.000222256 0)
(0.199301 0.000333739 0)
(0.199256 0.00048471 0)
(0.199209 0.000720747 0)
(0.199164 0.00100125 0)
(0.199136 0.00133883 0)
(0.199127 0.00169579 0)
(0.19914 0.00208176 0)
(0.199168 0.00246444 0)
(0.199205 0.0028489 0)
(0.199241 0.00320739 0)
(0.199265 0.00354388 0)
(0.199266 0.00383608 0)
(0.199238 0.00408913 0)
(0.199175 0.00428688 0)
(0.199081 0.00443829 0)
(0.199994 -0.000303155 0)
(0.199726 -0.000290487 0)
(0.199545 -8.09203e-05 0)
(0.199462 0.000130245 0)
(0.199424 0.000264109 0)
(0.199407 0.000404249 0)
(0.199391 0.000566315 0)
(0.19938 0.00080032 0)
(0.199373 0.00107661 0)
(0.199383 0.0014031 0)
(0.199413 0.0017459 0)
(0.199461 0.00211064 0)
(0.199521 0.00246964 0)
(0.199584 0.00282644 0)
(0.199637 0.00315732 0)
(0.199666 0.00346558 0)
(0.199659 0.00373226 0)
(0.199606 0.00396152 0)
(0.199502 0.00413925 0)
(0.19935 0.00427265 0)
(0.199996 -0.000228979 0)
(0.199798 -0.000260912 0)
(0.199651 -0.000109393 0)
(0.199571 0.000108149 0)
(0.19953 0.00028718 0)
(0.199522 0.000467559 0)
(0.19953 0.000654848 0)
(0.199552 0.000892905 0)
(0.199584 0.00116405 0)
(0.199632 0.00147624 0)
(0.199698 0.00180077 0)
(0.199779 0.00214092 0)
(0.199869 0.00247321 0)
(0.199955 0.00279962 0)
(0.200022 0.00310063 0)
(0.200055 0.00337863 0)
(0.200039 0.00361816 0)
(0.19996 0.00382259 0)
(0.199813 0.00398031 0)
(0.199602 0.00409714 0)
(0.199997 -0.000169821 0)
(0.199856 -0.000222016 0)
(0.199747 -0.000110341 0)
(0.199682 8.88435e-05 0)
(0.199649 0.000293681 0)
(0.199649 0.000512819 0)
(0.199678 0.000732457 0)
(0.199729 0.000981435 0)
(0.199795 0.00124952 0)
(0.199878 0.0015468 0)
(0.199978 0.00185132 0)
(0.20009 0.00216518 0)
(0.200207 0.00246872 0)
(0.200312 0.00276308 0)
(0.200392 0.00303263 0)
(0.200426 0.00327925 0)
(0.200398 0.00349077 0)
(0.200293 0.00367013 0)
(0.200104 0.00380822 0)
(0.199834 0.0039099 0)
(0.199998 -0.000123903 0)
(0.199902 -0.000176484 0)
(0.199831 -9.16437e-05 0)
(0.199789 8.781e-05 0)
(0.199775 0.000302613 0)
(0.199791 0.000545622 0)
(0.199838 0.000792618 0)
(0.199911 0.00105317 0)
(0.200007 0.00132033 0)
(0.200121 0.00160319 0)
(0.200251 0.00188722 0)
(0.200391 0.00217398 0)
(0.200529 0.0024483 0)
(0.200651 0.00271077 0)
(0.200739 0.00294914 0)
(0.200772 0.00316505 0)
(0.200732 0.0033493 0)
(0.200602 0.00350467 0)
(0.200373 0.00362434 0)
(0.200047 0.00371244 0)
(0.199999 -8.77763e-05 0)
(0.199938 -0.000129494 0)
(0.199904 -5.80516e-05 0)
(0.199892 0.000109086 0)
(0.199904 0.000325828 0)
(0.19994 0.000578902 0)
(0.200007 0.000837966 0)
(0.2001 0.00110544 0)
(0.20022 0.00136919 0)
(0.200359 0.00163837 0)
(0.200514 0.00190227 0)
(0.200677 0.00216313 0)
(0.200834 0.00240974 0)
(0.200968 0.00264283 0)
(0.201061 0.0028528 0)
(0.201091 0.00304113 0)
(0.201038 0.00320081 0)
(0.200883 0.00333466 0)
(0.200617 0.00343763 0)
(0.20024 0.00351353 0)
(0.199999 -5.96129e-05 0)
(0.199968 -8.41879e-05 0)
(0.19997 -1.75711e-05 0)
(0.199991 0.000144111 0)
(0.200033 0.00035959 0)
(0.200093 0.000614592 0)
(0.20018 0.000874464 0)
(0.200292 0.00114001 0)
(0.200431 0.00139624 0)
(0.200591 0.00165116 0)
(0.200767 0.00189535 0)
(0.200948 0.0021324 0)
(0.20112 0.00235358 0)
(0.201264 0.00256105 0)
(0.20136 0.00274687 0)
(0.201384 0.00291299 0)
(0.201317 0.00305299 0)
(0.201138 0.00316968 0)
(0.200837 0.0032587 0)
(0.200413 0.00332417 0)
(0.2 -3.47585e-05 0)
(0.199992 -4.4614e-05 0)
(0.200029 2.53782e-05 0)
(0.200086 0.000184014 0)
(0.200162 0.000397436 0)
(0.200247 0.000647132 0)
(0.200355 0.000901351 0)
(0.200483 0.00115704 0)
(0.200639 0.00140155 0)
(0.200816 0.0016398 0)
(0.201009 0.00186375 0)
(0.201204 0.00207805 0)
(0.201389 0.00227532 0)
(0.20154 0.00245931 0)
(0.201639 0.0026236 0)
(0.201658 0.00277115 0)
(0.201576 0.00289597 0)
(0.201372 0.00300033 0)
(0.201036 0.00307994 0)
(0.200567 0.00313844 0)
(0.200001 -1.24353e-05 0)
(0.200012 -4.36475e-06 0)
(0.200085 7.52523e-05 0)
(0.200178 0.000232222 0)
(0.200288 0.000439171 0)
(0.200398 0.000676658 0)
(0.200526 0.000917606 0)
(0.200669 0.00115762 0)
(0.200841 0.00138548 0)
(0.20103 0.00160408 0)
(0.201236 0.0018071 0)
(0.201443 0.00199839 0)
(0.201637 0.00217252 0)
(0.201795 0.00233319 0)
(0.201897 0.00247636 0)
(0.201913 0.0026053 0)
(0.201819 0.00271604 0)
(0.201593 0.00281053 0)
(0.201224 0.0028846 0)
(0.200711 0.00293994 0)
(0.200002 4.16143e-05 0)
(0.200051 0.000141203 0)
(0.200202 0.000267405 0)
(0.200377 0.000423922 0)
(0.200561 0.000600578 0)
(0.200726 0.000791799 0)
(0.200899 0.000982917 0)
(0.201077 0.00117258 0)
(0.201279 0.00135049 0)
(0.201494 0.00151872 0)
(0.201724 0.00167131 0)
(0.201948 0.00181124 0)
(0.202157 0.00193516 0)
(0.202325 0.00204637 0)
(0.202432 0.00214306 0)
(0.202445 0.00222838 0)
(0.20234 0.00230091 0)
(0.202082 0.00236314 0)
(0.201652 0.00241312 0)
(0.201038 0.00245249 0)
(0.200005 0.00010664 0)
(0.200065 0.00031476 0)
(0.200231 0.000498499 0)
(0.200424 0.00065153 0)
(0.200641 0.000785562 0)
(0.200844 0.000910871 0)
(0.201058 0.00102749 0)
(0.201266 0.00114034 0)
(0.20149 0.00124253 0)
(0.201712 0.00133682 0)
(0.201941 0.0014182 0)
(0.202154 0.00148945 0)
(0.202348 0.00154852 0)
(0.202493 0.00159819 0)
(0.202577 0.00163821 0)
(0.202563 0.00167118 0)
(0.202431 0.00169777 0)
(0.202147 0.00172043 0)
(0.201697 0.0017403 0)
(0.201072 0.00175969 0)
(0.200007 0.000134946 0)
(0.200049 0.000382129 0)
(0.20018 0.000590551 0)
(0.200327 0.000746743 0)
(0.200518 0.000866468 0)
(0.200708 0.000958294 0)
(0.200922 0.00102865 0)
(0.20113 0.0010856 0)
(0.201354 0.00112875 0)
(0.201569 0.00116274 0)
(0.201786 0.00118669 0)
(0.201979 0.00120303 0)
(0.20215 0.0012121 0)
(0.202268 0.00121551 0)
(0.202329 0.00121489 0)
(0.202297 0.00121184 0)
(0.202161 0.00120892 0)
(0.201892 0.0012079 0)
(0.201487 0.00121168 0)
(0.20094 0.00122179 0)
(0.200008 0.000140315 0)
(0.200032 0.000392661 0)
(0.200125 0.000608288 0)
(0.200217 0.000772228 0)
(0.200353 0.000898116 0)
(0.200483 0.000987373 0)
(0.200646 0.00104676 0)
(0.200803 0.00108158 0)
(0.200983 0.0010954 0)
(0.201152 0.00109156 0)
(0.201329 0.0010734 0)
(0.201479 0.00104271 0)
(0.201611 0.00100401 0)
(0.201694 0.000958816 0)
(0.201731 0.00091284 0)
(0.201692 0.000867857 0)
(0.20158 0.00083009 0)
(0.201374 0.00080119 0)
(0.201088 0.000786604 0)
(0.200716 0.000786383 0)
(0.200009 0.000126857 0)
(0.200022 0.00035291 0)
(0.200089 0.000548449 0)
(0.20014 0.000701328 0)
(0.200225 0.000822928 0)
(0.200293 0.000912352 0)
(0.200384 0.000973064 0)
(0.200457 0.00100715 0)
(0.200543 0.00101659 0)
(0.200603 0.00100323 0)
(0.200662 0.000971131 0)
(0.200688 0.000922615 0)
(0.200705 0.000864424 0)
(0.200689 0.0007994 0)
(0.200662 0.000735515 0)
(0.200612 0.000675365 0)
(0.200561 0.000626445 0)
(0.200501 0.000589939 0)
(0.200455 0.000571275 0)
(0.200415 0.000568726 0)
(0.200009 0.000101079 0)
(0.200014 0.000279809 0)
(0.200063 0.000433533 0)
(0.200088 0.000555124 0)
(0.200138 0.00065199 0)
(0.200157 0.000725422 0)
(0.200185 0.00077568 0)
(0.200176 0.000806759 0)
(0.200163 0.000818082 0)
(0.200111 0.000814035 0)
(0.200054 0.000796546 0)
(0.199968 0.000769807 0)
(0.19989 0.000737588 0)
(0.199808 0.000703136 0)
(0.199758 0.000670621 0)
(0.199735 0.000641959 0)
(0.199771 0.000620553 0)
(0.199858 0.000606642 0)
(0.200015 0.000602267 0)
(0.200222 0.00060581 0)
(0.200009 7.28243e-05 0)
(0.200005 0.000201176 0)
(0.200034 0.000311207 0)
(0.200033 0.00039841 0)
(0.20005 0.000467478 0)
(0.200031 0.000522156 0)
(0.200015 0.000561167 0)
(0.199959 0.000590912 0)
(0.199899 0.00060923 0)
(0.199803 0.000621925 0)
(0.199709 0.000627984 0)
(0.199597 0.000631506 0)
(0.199504 0.000632288 0)
(0.19942 0.00063273 0)
(0.199382 0.000632936 0)
(0.199384 0.000634049 0)
(0.199458 0.000636175 0)
(0.199595 0.000639645 0)
(0.199811 0.000644483 0)
(0.200086 0.000650473 0)
(0.200008 4.94716e-05 0)
(0.199997 0.000137264 0)
(0.200012 0.000214197 0)
(0.199998 0.000277057 0)
(0.199998 0.000328987 0)
(0.199964 0.000373766 0)
(0.199933 0.000409303 0)
(0.199865 0.000441484 0)
(0.199793 0.000467089 0)
(0.19969 0.000490996 0)
(0.199589 0.000510573 0)
(0.199472 0.00052891 0)
(0.199375 0.00054432 0)
(0.19929 0.000558642 0)
(0.199252 0.000570898 0)
(0.199257 0.000582118 0)
(0.199333 0.000591729 0)
(0.199475 0.000600299 0)
(0.199696 0.000607504 0)
(0.199977 0.000613671 0)
(0.200007 3.39674e-05 0)
(0.199994 9.51089e-05 0)
(0.200002 0.000150424 0)
(0.199983 0.000197269 0)
(0.199976 0.000237574 0)
(0.199939 0.000274447 0)
(0.199905 0.000305424 0)
(0.199838 0.000335411 0)
(0.199768 0.000361019 0)
(0.199669 0.000386306 0)
(0.199572 0.000408505 0)
(0.199462 0.000430215 0)
(0.199369 0.000449487 0)
(0.199289 0.000467799 0)
(0.199251 0.000483852 0)
(0.199254 0.000498467 0)
(0.199325 0.000510807 0)
(0.199455 0.000521376 0)
(0.19966 0.000529676 0)
(0.199919 0.000536124 0)
(0.200006 2.38547e-05 0)
(0.199993 6.73158e-05 0)
(0.199998 0.000107706 0)
(0.199979 0.000142846 0)
(0.19997 0.00017398 0)
(0.199936 0.000203561 0)
(0.199904 0.000229245 0)
(0.199845 0.000255011 0)
(0.199782 0.000277779 0)
(0.199695 0.000300858 0)
(0.199609 0.000321734 0)
(0.199511 0.000342529 0)
(0.199428 0.000361402 0)
(0.199355 0.000379532 0)
(0.19932 0.00039562 0)
(0.199322 0.000410304 0)
(0.199382 0.000422704 0)
(0.199496 0.000433228 0)
(0.199674 0.000441336 0)
(0.1999 0.000447436 0)
(0.200005 1.70669e-05 0)
(0.199993 4.84641e-05 0)
(0.199997 7.82183e-05 0)
(0.19998 0.000104565 0)
(0.199973 0.000128338 0)
(0.199944 0.000151409 0)
(0.199917 0.000171786 0)
(0.199867 0.000192596 0)
(0.199814 0.000211293 0)
(0.19974 0.000230505 0)
(0.199667 0.000248123 0)
(0.199583 0.000265834 0)
(0.199511 0.00028207 0)
(0.199448 0.000297763 0)
(0.199417 0.000311771 0)
(0.199417 0.000324586 0)
(0.199467 0.000335412 0)
(0.199562 0.000344571 0)
(0.199712 0.000351574 0)
(0.199902 0.000356782 0)
(0.200005 1.21554e-05 0)
(0.199994 3.46551e-05 0)
(0.199998 5.62329e-05 0)
(0.199983 7.55076e-05 0)
(0.199978 9.30619e-05 0)
(0.199954 0.000110258 0)
(0.199932 0.000125546 0)
(0.199891 0.000141269 0)
(0.199848 0.000155474 0)
(0.199786 0.000170156 0)
(0.199725 0.000183699 0)
(0.199654 0.00019739 0)
(0.199594 0.000210008 0)
(0.199539 0.000222256 0)
(0.199512 0.000233229 0)
(0.19951 0.000243291 0)
(0.199551 0.000251802 0)
(0.19963 0.000259006 0)
(0.199755 0.000264511 0)
(0.199912 0.000268608 0)
(0.200004 8.22626e-06 0)
(0.199995 2.35152e-05 0)
(0.199998 3.82791e-05 0)
(0.199986 5.15199e-05 0)
(0.199982 6.3633e-05 0)
(0.199962 7.55404e-05 0)
(0.199945 8.61479e-05 0)
(0.199911 9.7082e-05 0)
(0.199875 0.00010697 0)
(0.199824 0.000117213 0)
(0.199773 0.000126678 0)
(0.199713 0.000136275 0)
(0.199662 0.000145148 0)
(0.199615 0.000153789 0)
(0.199592 0.000161555 0)
(0.19959 0.000168695 0)
(0.199623 0.000174748 0)
(0.199689 0.000179881 0)
(0.199793 0.000183811 0)
(0.199925 0.000186747 0)
(0.200004 4.76805e-06 0)
(0.199996 1.36609e-05 0)
(0.199999 2.22864e-05 0)
(0.199989 3.00422e-05 0)
(0.199986 3.71537e-05 0)
(0.199969 4.41663e-05 0)
(0.199955 5.04225e-05 0)
(0.199925 5.68935e-05 0)
(0.199895 6.2758e-05 0)
(0.199851 6.88564e-05 0)
(0.199807 7.45108e-05 0)
(0.199755 8.02681e-05 0)
(0.199711 8.56106e-05 0)
(0.19967 9.08332e-05 0)
(0.199649 9.55404e-05 0)
(0.199647 9.98784e-05 0)
(0.199676 0.00010356 0)
(0.199732 0.000106683 0)
(0.199822 0.000109072 0)
(0.199935 0.000110853 0)
(0.200003 1.55304e-06 0)
(0.199996 4.45733e-06 0)
(0.199999 7.28119e-06 0)
(0.19999 9.82396e-06 0)
(0.199988 1.21568e-05 0)
(0.199972 1.44651e-05 0)
(0.19996 1.65274e-05 0)
(0.199933 1.86727e-05 0)
(0.199906 2.06249e-05 0)
(0.199867 2.2669e-05 0)
(0.199827 2.45757e-05 0)
(0.19978 2.653e-05 0)
(0.19974 2.83541e-05 0)
(0.199703 3.01463e-05 0)
(0.199684 3.17681e-05 0)
(0.199682 3.32668e-05 0)
(0.199708 3.45401e-05 0)
(0.199759 3.56199e-05 0)
(0.19984 3.64428e-05 0)
(0.199942 3.70529e-05 0)
)
;

boundaryField
{
    top
    {
        type            fixedValue;
        value           uniform (0.2 0 0);
    }
    inlet
    {
        type            fixedValue;
        value           uniform (0.2 0 0);
    }
    outlet
    {
        type            zeroGradient;
    }
    plate
    {
        type            fixedValue;
        value           uniform (0 0 0);
    }
    symmBound
    {
        type            zeroGradient;
    }
    frontAndBack
    {
        type            empty;
    }
}


// ************************************************************************* //
