/*--------------------------------*- C++ -*----------------------------------*\
| =========                 |                                                 |
| \\      /  F ield         | OpenFOAM: The Open Source CFD Toolbox           |
|  \\    /   O peration     | Version:  5.x                                   |
|   \\  /    A nd           | Web:      www.OpenFOAM.org                      |
|    \\/     M anipulation  |                                                 |
\*---------------------------------------------------------------------------*/
FoamFile
{
    version     2.0;
    format      ascii;
    class       surfaceScalarField;
    location    "0.6";
    object      phi;
}
// * * * * * * * * * * * * * * * * * * * * * * * * * * * * * * * * * * * * * //

dimensions      [0 3 -1 0 0 0 0];

internalField   nonuniform List<scalar> 
4850
(
7.34412e-08
6.94181e-09
-8.0383e-08
6.46348e-08
8.80642e-09
5.57091e-08
8.92563e-09
4.68342e-08
8.87495e-09
3.81931e-08
8.64109e-09
3.04018e-08
7.79128e-09
2.43264e-08
6.07537e-09
2.03742e-08
3.95226e-09
1.80925e-08
2.28163e-09
1.67037e-08
1.38886e-09
1.57373e-08
9.66375e-10
1.49654e-08
7.71944e-10
1.42715e-08
6.93869e-10
1.36119e-08
6.59632e-10
1.29837e-08
6.28168e-10
1.23922e-08
5.91482e-10
1.18452e-08
5.47003e-10
1.13412e-08
5.04051e-10
1.08797e-08
4.61468e-10
1.04517e-08
4.28037e-10
1.00552e-08
3.96495e-10
9.68286e-09
3.72301e-10
9.33572e-09
3.47144e-10
9.00382e-09
3.31898e-10
8.6934e-09
3.10421e-10
8.39509e-09
2.98315e-10
8.11615e-09
2.78934e-10
7.84503e-09
2.7112e-10
7.59345e-09
2.51584e-10
7.34466e-09
2.48787e-10
7.1149e-09
2.29759e-10
6.88237e-09
2.32536e-10
6.6702e-09
2.12173e-10
6.4499e-09
2.20297e-10
2.12948e-10
8.82368e-08
6.48095e-09
-8.77759e-08
8.71837e-08
9.85953e-09
8.50415e-08
1.10678e-08
8.22006e-08
1.17159e-08
7.86236e-08
1.2218e-08
7.43273e-08
1.20876e-08
6.95837e-08
1.0819e-08
6.49545e-08
8.58152e-09
6.08567e-08
6.3794e-09
5.72307e-08
5.01483e-09
5.39225e-08
4.27458e-09
5.08906e-08
3.80384e-09
4.81291e-08
3.45544e-09
4.56315e-08
3.1572e-09
4.33846e-08
2.8751e-09
4.13534e-08
2.62264e-09
3.95144e-08
2.38604e-09
3.78342e-08
2.18423e-09
3.62957e-08
1.99996e-09
3.48668e-08
1.85694e-09
3.35415e-08
1.7218e-09
3.22951e-08
1.61871e-09
3.11307e-08
1.51152e-09
3.00226e-08
1.44001e-09
2.89865e-08
1.34656e-09
2.79925e-08
1.29225e-09
2.70636e-08
1.20787e-09
2.6162e-08
1.17272e-09
2.53242e-08
1.08941e-09
2.44967e-08
1.07625e-09
2.37351e-08
9.91375e-10
2.29634e-08
1.00422e-09
2.22662e-08
9.09395e-10
2.15345e-08
9.5197e-10
8.85605e-10
9.60013e-08
6.08713e-09
-9.56075e-08
9.64176e-08
9.4432e-09
9.63336e-08
1.11518e-08
9.60643e-08
1.19853e-08
9.56203e-08
1.2662e-08
9.47454e-08
1.29625e-08
9.32471e-08
1.23173e-08
9.12408e-08
1.05878e-08
8.90679e-08
8.55231e-09
8.68732e-08
7.20952e-09
8.45951e-08
6.55275e-09
8.21989e-08
6.20006e-09
7.97232e-08
5.93109e-09
7.72067e-08
5.67371e-09
7.46941e-08
5.38773e-09
7.22035e-08
5.11321e-09
6.97681e-08
4.82143e-09
6.73976e-08
4.55474e-09
6.51172e-08
4.28038e-09
6.29133e-08
4.06082e-09
6.08056e-08
3.82952e-09
5.87727e-08
3.65158e-09
5.68363e-08
3.44791e-09
5.4966e-08
3.31035e-09
5.31965e-08
3.11603e-09
5.14829e-08
3.00591e-09
4.98687e-08
2.82201e-09
4.82901e-08
2.75135e-09
4.68125e-08
2.56695e-09
4.53452e-08
2.54357e-09
4.39891e-08
2.3475e-09
4.26105e-08
2.38286e-09
4.13619e-08
2.15793e-09
4.00486e-08
2.26527e-09
2.07268e-09
1.04255e-07
5.96284e-09
-1.04131e-07
1.04801e-07
8.89744e-09
1.05106e-07
1.08468e-08
1.05341e-07
1.17502e-08
1.05684e-07
1.23194e-08
1.05979e-07
1.26669e-08
1.0596e-07
1.23365e-08
1.05502e-07
1.10457e-08
1.04772e-07
9.28256e-09
1.03961e-07
8.02069e-09
1.03058e-07
7.4552e-09
1.01999e-07
7.25964e-09
1.00787e-07
7.14308e-09
9.94284e-08
7.03181e-09
9.79478e-08
6.86834e-09
9.63408e-08
6.72025e-09
9.46322e-08
6.53002e-09
9.28245e-08
6.36238e-09
9.09568e-08
6.14817e-09
8.90212e-08
5.99633e-09
8.7056e-08
5.79474e-09
8.50411e-08
5.66651e-09
8.30149e-08
5.47407e-09
8.09476e-08
5.37766e-09
7.89045e-08
5.1591e-09
7.68457e-08
5.06472e-09
7.48506e-08
4.81716e-09
7.28441e-08
4.75784e-09
7.09234e-08
4.48766e-09
6.89734e-08
4.49352e-09
6.71392e-08
4.18169e-09
6.52501e-08
4.27198e-09
6.35119e-08
3.89611e-09
6.1674e-08
4.10326e-09
3.74538e-09
1.13323e-07
5.97345e-09
-1.13333e-07
1.13809e-07
8.41104e-09
1.14255e-07
1.04007e-08
1.14581e-07
1.14238e-08
1.15e-07
1.19008e-08
1.15491e-07
1.21756e-08
1.15858e-07
1.19701e-08
1.15914e-07
1.09895e-08
1.15725e-07
9.47157e-09
1.15486e-07
8.25977e-09
1.15242e-07
7.69896e-09
1.14926e-07
7.57538e-09
1.14523e-07
7.54599e-09
1.14021e-07
7.53363e-09
1.13436e-07
7.45415e-09
1.12744e-07
7.41239e-09
1.11955e-07
7.31895e-09
1.11047e-07
7.2699e-09
1.10049e-07
7.14651e-09
1.08938e-07
7.10737e-09
1.07748e-07
6.98414e-09
1.06447e-07
6.96757e-09
1.05066e-07
6.85537e-09
1.03551e-07
6.89263e-09
1.0196e-07
6.74993e-09
1.00245e-07
6.77946e-09
9.85044e-08
6.55817e-09
9.66668e-08
6.59545e-09
9.48399e-08
6.31457e-09
9.28998e-08
6.43363e-09
9.10029e-08
6.07849e-09
8.89886e-08
6.28633e-09
8.70685e-08
5.81619e-09
8.50095e-08
6.16232e-09
5.68929e-09
1.23161e-07
6.05086e-09
-1.23238e-07
1.2356e-07
8.01199e-09
1.24083e-07
9.87723e-09
1.24487e-07
1.10196e-08
1.24895e-07
1.1493e-08
1.25372e-07
1.16989e-08
1.25804e-07
1.15381e-08
1.26002e-07
1.07916e-08
1.25962e-07
9.51181e-09
1.25865e-07
8.35624e-09
1.25808e-07
7.75566e-09
1.25743e-07
7.64085e-09
1.25643e-07
7.6457e-09
1.25492e-07
7.6849e-09
1.2531e-07
7.63569e-09
1.25079e-07
7.64363e-09
1.24808e-07
7.58998e-09
1.24468e-07
7.60969e-09
1.2408e-07
7.53478e-09
1.23615e-07
7.57207e-09
1.23103e-07
7.49655e-09
1.22507e-07
7.56328e-09
1.21852e-07
7.51013e-09
1.21076e-07
7.66939e-09
1.20207e-07
7.61866e-09
1.19186e-07
7.80013e-09
1.18088e-07
7.65615e-09
1.16863e-07
7.82051e-09
1.15598e-07
7.57965e-09
1.14184e-07
7.84816e-09
1.12715e-07
7.54667e-09
1.11092e-07
7.91026e-09
1.09449e-07
7.45869e-09
1.07662e-07
7.94886e-09
7.5048e-09
1.33751e-07
6.14098e-09
-1.33841e-07
1.34084e-07
7.6786e-09
1.34632e-07
9.32958e-09
1.35115e-07
1.05364e-08
1.35534e-07
1.10737e-08
1.35979e-07
1.12544e-08
1.36411e-07
1.1106e-08
1.36666e-07
1.05363e-08
1.36689e-07
9.48895e-09
1.36621e-07
8.42456e-09
1.36594e-07
7.7823e-09
1.36591e-07
7.64429e-09
1.36576e-07
7.66052e-09
1.36527e-07
7.734e-09
1.36466e-07
7.69584e-09
1.36389e-07
7.72148e-09
1.36306e-07
7.67276e-09
1.36197e-07
7.71865e-09
1.36075e-07
7.65619e-09
1.3592e-07
7.7272e-09
1.35752e-07
7.66504e-09
1.35548e-07
7.76732e-09
1.35324e-07
7.73377e-09
1.35038e-07
7.95542e-09
1.34693e-07
7.9637e-09
1.34244e-07
8.24886e-09
1.33719e-07
8.18101e-09
1.33103e-07
8.4372e-09
1.32443e-07
8.23941e-09
1.31688e-07
8.60318e-09
1.30828e-07
8.40683e-09
1.29844e-07
8.89397e-09
1.28754e-07
8.54874e-09
1.27577e-07
9.12586e-09
8.83993e-09
1.45147e-07
6.20685e-09
-1.45213e-07
1.45412e-07
7.41325e-09
1.45948e-07
8.79399e-09
1.46484e-07
1.00005e-08
1.46937e-07
1.06203e-08
1.47366e-07
1.08257e-08
1.47782e-07
1.06903e-08
1.4807e-07
1.02475e-08
1.48149e-07
9.41077e-09
1.481e-07
8.47292e-09
1.48072e-07
7.81018e-09
1.48085e-07
7.63201e-09
1.48098e-07
7.64751e-09
1.48084e-07
7.74812e-09
1.48056e-07
7.7237e-09
1.48022e-07
7.75537e-09
1.47992e-07
7.70221e-09
1.4796e-07
7.75153e-09
1.47926e-07
7.68957e-09
1.47883e-07
7.76984e-09
1.47837e-07
7.71129e-09
1.47785e-07
7.81931e-09
1.47728e-07
7.7906e-09
1.47658e-07
8.02604e-09
1.47555e-07
8.06644e-09
1.4741e-07
8.3943e-09
1.47208e-07
8.3822e-09
1.46967e-07
8.6791e-09
1.46691e-07
8.5147e-09
1.46404e-07
8.89072e-09
1.46013e-07
8.79765e-09
1.45563e-07
9.34347e-09
1.44986e-07
9.12572e-09
1.444e-07
9.71276e-09
9.61523e-09
1.57425e-07
6.20704e-09
-1.57425e-07
1.57643e-07
7.19548e-09
1.58116e-07
8.32068e-09
1.58674e-07
9.44258e-09
1.59166e-07
1.01285e-08
1.59597e-07
1.03941e-08
1.59994e-07
1.02941e-08
1.60299e-07
9.94167e-09
1.60428e-07
9.28236e-09
1.60409e-07
8.49197e-09
1.6038e-07
7.83904e-09
1.60396e-07
7.61603e-09
1.60425e-07
7.61878e-09
1.60435e-07
7.73757e-09
1.60424e-07
7.73469e-09
1.60409e-07
7.7701e-09
1.60398e-07
7.71367e-09
1.60394e-07
7.75555e-09
1.6039e-07
7.69313e-09
1.60389e-07
7.77169e-09
1.60379e-07
7.72058e-09
1.60376e-07
7.82287e-09
1.60364e-07
7.80186e-09
1.60362e-07
8.02838e-09
1.6034e-07
8.08894e-09
1.60311e-07
8.4227e-09
1.60247e-07
8.44619e-09
1.60175e-07
8.75107e-09
1.60073e-07
8.61664e-09
1.60008e-07
8.95604e-09
1.59867e-07
8.93895e-09
1.59714e-07
9.4959e-09
1.59458e-07
9.38208e-09
1.5924e-07
9.93057e-09
9.97971e-09
1.70662e-07
6.11352e-09
-1.70568e-07
1.70869e-07
6.98865e-09
1.7127e-07
7.91917e-09
1.71811e-07
8.90231e-09
1.7233e-07
9.60894e-09
1.72778e-07
9.94618e-09
1.73161e-07
9.91063e-09
1.7347e-07
9.63274e-09
1.73638e-07
9.11505e-09
1.73655e-07
8.47469e-09
1.73632e-07
7.86232e-09
1.73646e-07
7.6015e-09
1.73685e-07
7.57993e-09
1.73717e-07
7.70588e-09
1.73723e-07
7.72886e-09
1.73721e-07
7.77137e-09
1.7372e-07
7.71515e-09
1.73729e-07
7.74614e-09
1.7374e-07
7.68256e-09
1.73756e-07
7.75521e-09
1.73762e-07
7.71535e-09
1.73774e-07
7.8109e-09
1.73774e-07
7.80173e-09
1.73787e-07
8.01476e-09
1.73788e-07
8.08815e-09
1.73796e-07
8.41454e-09
1.73784e-07
8.45818e-09
1.73777e-07
8.7579e-09
1.7374e-07
8.65374e-09
1.73748e-07
8.94837e-09
1.73706e-07
8.98084e-09
1.73676e-07
9.52644e-09
1.73571e-07
9.48659e-09
1.73519e-07
9.98291e-09
1.01278e-08
1.84946e-07
5.95366e-09
-1.84786e-07
1.85167e-07
6.76746e-09
1.85521e-07
7.56493e-09
1.86021e-07
8.40271e-09
1.86544e-07
9.08607e-09
1.87012e-07
9.47827e-09
1.87396e-07
9.5266e-09
1.87702e-07
9.32643e-09
1.87896e-07
8.92132e-09
1.87953e-07
8.41703e-09
1.87943e-07
7.87233e-09
1.87956e-07
7.5891e-09
1.88e-07
7.53542e-09
1.88048e-07
7.65806e-09
1.88072e-07
7.70458e-09
1.88083e-07
7.76077e-09
1.88089e-07
7.70908e-09
1.88104e-07
7.73094e-09
1.88122e-07
7.66429e-09
1.88148e-07
7.72943e-09
1.88163e-07
7.70103e-09
1.88181e-07
7.79275e-09
1.88186e-07
7.79609e-09
1.88203e-07
7.99834e-09
1.88212e-07
8.07895e-09
1.88232e-07
8.39462e-09
1.8824e-07
8.44958e-09
1.88259e-07
8.7395e-09
1.88247e-07
8.66577e-09
1.8827e-07
8.92498e-09
1.88259e-07
8.99196e-09
1.88271e-07
9.51497e-09
1.88227e-07
9.53066e-09
1.8823e-07
9.97904e-09
1.01879e-08
2.00384e-07
5.75876e-09
-2.00189e-07
2.00628e-07
6.52329e-09
2.00961e-07
7.23185e-09
2.01416e-07
7.94792e-09
2.01922e-07
8.57959e-09
2.024e-07
9.00086e-09
2.02796e-07
9.13073e-09
2.03103e-07
9.01897e-09
2.03315e-07
8.70972e-09
2.03411e-07
8.32128e-09
2.03422e-07
7.86134e-09
2.03435e-07
7.57547e-09
2.03482e-07
7.48893e-09
2.03541e-07
7.59844e-09
2.03584e-07
7.66194e-09
2.03608e-07
7.73654e-09
2.03622e-07
7.69551e-09
2.0364e-07
7.71289e-09
2.03661e-07
7.64253e-09
2.03692e-07
7.69864e-09
2.03713e-07
7.68004e-09
2.03736e-07
7.77044e-09
2.03746e-07
7.78574e-09
2.03764e-07
7.98008e-09
2.03777e-07
8.06585e-09
2.03803e-07
8.36871e-09
2.0382e-07
8.43274e-09
2.0385e-07
8.70978e-09
2.03849e-07
8.6663e-09
2.03875e-07
8.89966e-09
2.03871e-07
8.99579e-09
2.03897e-07
9.48833e-09
2.03877e-07
9.55147e-09
2.03895e-07
9.96039e-09
1.02175e-08
2.17086e-07
5.54761e-09
-2.16875e-07
2.17352e-07
6.25812e-09
2.17679e-07
6.90456e-09
2.18096e-07
7.53082e-09
2.18577e-07
8.09884e-09
2.19049e-07
8.52854e-09
2.19458e-07
8.72161e-09
2.19775e-07
8.70201e-09
2.20001e-07
8.48374e-09
2.2013e-07
8.1929e-09
2.20167e-07
7.82369e-09
2.20188e-07
7.55472e-09
2.20235e-07
7.4419e-09
2.20303e-07
7.53029e-09
2.20362e-07
7.60301e-09
2.20403e-07
7.69549e-09
2.20426e-07
7.67248e-09
2.20448e-07
7.69106e-09
2.20471e-07
7.61959e-09
2.20505e-07
7.66463e-09
2.20531e-07
7.65392e-09
2.20558e-07
7.74356e-09
2.20573e-07
7.77099e-09
2.20594e-07
7.95831e-09
2.2061e-07
8.05051e-09
2.20641e-07
8.33786e-09
2.20661e-07
8.41262e-09
2.20696e-07
8.67402e-09
2.20702e-07
8.6607e-09
2.20728e-07
8.87361e-09
2.20726e-07
8.99782e-09
2.20759e-07
9.45521e-09
2.20749e-07
9.56187e-09
2.2077e-07
9.93942e-09
1.02358e-08
2.35167e-07
5.32794e-09
-2.34947e-07
2.35445e-07
5.98e-09
2.35771e-07
6.57776e-09
2.36163e-07
7.13949e-09
2.36614e-07
7.64801e-09
2.37071e-07
8.07128e-09
2.37486e-07
8.30648e-09
2.37818e-07
8.36976e-09
2.38059e-07
8.24256e-09
2.38216e-07
8.03679e-09
2.38283e-07
7.75623e-09
2.38317e-07
7.52065e-09
2.38366e-07
7.39264e-09
2.38441e-07
7.45586e-09
2.38513e-07
7.53083e-09
2.38573e-07
7.63582e-09
2.38608e-07
7.63668e-09
2.38637e-07
7.66242e-09
2.38661e-07
7.59533e-09
2.38698e-07
7.62813e-09
2.38728e-07
7.62369e-09
2.3876e-07
7.71148e-09
2.38779e-07
7.75174e-09
2.38806e-07
7.93163e-09
2.38824e-07
8.03278e-09
2.38859e-07
8.30226e-09
2.38882e-07
8.39026e-09
2.38922e-07
8.63422e-09
2.38931e-07
8.65097e-09
2.38959e-07
8.84631e-09
2.38959e-07
8.99779e-09
2.38995e-07
9.41926e-09
2.38991e-07
9.56561e-09
2.39011e-07
9.91922e-09
1.02481e-08
2.54739e-07
5.10302e-09
-2.54514e-07
2.55022e-07
5.697e-09
2.55348e-07
6.25152e-09
2.55723e-07
6.76469e-09
2.56145e-07
7.22619e-09
2.56583e-07
7.63318e-09
2.56995e-07
7.89442e-09
2.57342e-07
8.02232e-09
2.57602e-07
7.98331e-09
2.57782e-07
7.85611e-09
2.57881e-07
7.65751e-09
2.57934e-07
7.46799e-09
2.57988e-07
7.33803e-09
2.58068e-07
7.37641e-09
2.5815e-07
7.44826e-09
2.58227e-07
7.55896e-09
2.5828e-07
7.58423e-09
2.58319e-07
7.62332e-09
2.58347e-07
7.56745e-09
2.58386e-07
7.58915e-09
2.58419e-07
7.58993e-09
2.58457e-07
7.67402e-09
2.58481e-07
7.72746e-09
2.58513e-07
7.8993e-09
2.58535e-07
8.01151e-09
2.58575e-07
8.26209e-09
2.586e-07
8.36487e-09
2.58643e-07
8.59117e-09
2.58657e-07
8.63729e-09
2.58686e-07
8.81775e-09
2.58689e-07
8.99418e-09
2.58726e-07
9.38218e-09
2.58729e-07
9.56332e-09
2.58748e-07
9.90017e-09
1.02554e-08
2.75926e-07
4.87583e-09
-2.75699e-07
2.76209e-07
5.41437e-09
2.76532e-07
5.92806e-09
2.76895e-07
6.40221e-09
2.77292e-07
6.82832e-09
2.77711e-07
7.21491e-09
2.78113e-07
7.49171e-09
2.78471e-07
7.66524e-09
2.78749e-07
7.70467e-09
2.78953e-07
7.65237e-09
2.79083e-07
7.52738e-09
2.79159e-07
7.39192e-09
2.79223e-07
7.27431e-09
2.79307e-07
7.29183e-09
2.79399e-07
7.35714e-09
2.7949e-07
7.4678e-09
2.79561e-07
7.51293e-09
2.79614e-07
7.57006e-09
2.79649e-07
7.53284e-09
2.79691e-07
7.54698e-09
2.79728e-07
7.55286e-09
2.79771e-07
7.63144e-09
2.79801e-07
7.69727e-09
2.79839e-07
7.86089e-09
2.79866e-07
7.98514e-09
2.7991e-07
8.21753e-09
2.7994e-07
8.33523e-09
2.79986e-07
8.54531e-09
2.80004e-07
8.61897e-09
2.80034e-07
8.78816e-09
2.80042e-07
8.98557e-09
2.8008e-07
9.34463e-09
2.80088e-07
9.55479e-09
2.80107e-07
9.88176e-09
1.0258e-08
2.98859e-07
4.64804e-09
-2.98631e-07
2.99139e-07
5.13494e-09
2.99458e-07
5.60902e-09
2.9981e-07
6.05006e-09
3.00189e-07
6.44925e-09
3.00588e-07
6.81563e-09
3.00979e-07
7.10121e-09
3.01338e-07
7.30596e-09
3.01634e-07
7.40828e-09
3.01861e-07
7.42583e-09
3.02021e-07
7.36709e-09
3.02125e-07
7.28848e-09
3.02202e-07
7.19668e-09
3.02294e-07
7.20054e-09
3.02392e-07
7.25845e-09
3.02495e-07
7.36494e-09
3.02584e-07
7.42412e-09
3.02654e-07
7.49951e-09
3.02699e-07
7.4882e-09
3.02746e-07
7.49966e-09
3.02788e-07
7.51166e-09
3.02835e-07
7.5842e-09
3.02872e-07
7.66016e-09
3.02917e-07
7.81603e-09
3.0295e-07
7.95209e-09
3.02999e-07
8.16869e-09
3.03034e-07
8.30032e-09
3.03082e-07
8.49701e-09
3.03106e-07
8.59513e-09
3.03137e-07
8.75736e-09
3.03151e-07
8.97093e-09
3.03189e-07
9.30668e-09
3.03204e-07
9.53999e-09
3.03223e-07
9.86318e-09
1.02554e-08
3.23686e-07
4.42016e-09
-3.23458e-07
3.23961e-07
4.85989e-09
3.24274e-07
5.29616e-09
3.24615e-07
5.7085e-09
3.24979e-07
6.0857e-09
3.2536e-07
6.43441e-09
3.25737e-07
6.72366e-09
3.26094e-07
6.94982e-09
3.26403e-07
7.0986e-09
3.26652e-07
7.17727e-09
3.26839e-07
7.17962e-09
3.26973e-07
7.1546e-09
3.2707e-07
7.10017e-09
3.2717e-07
7.10055e-09
3.27277e-07
7.15167e-09
3.27389e-07
7.25234e-09
3.27493e-07
7.32073e-09
3.27582e-07
7.40967e-09
3.27641e-07
7.42953e-09
3.27696e-07
7.44443e-09
3.27743e-07
7.46454e-09
3.27795e-07
7.53278e-09
3.27839e-07
7.61586e-09
3.27891e-07
7.76465e-09
3.27932e-07
7.91101e-09
3.27985e-07
8.1152e-09
3.28026e-07
8.25899e-09
3.28077e-07
8.44618e-09
3.28107e-07
8.565e-09
3.2814e-07
8.72495e-09
3.28161e-07
8.94974e-09
3.282e-07
9.26789e-09
3.28221e-07
9.51902e-09
3.28241e-07
9.84332e-09
1.02476e-08
3.50565e-07
4.1928e-09
-3.50338e-07
3.50833e-07
4.59191e-09
3.51137e-07
4.99256e-09
3.51466e-07
5.37857e-09
3.51816e-07
5.73589e-09
3.52182e-07
6.06914e-09
3.52547e-07
6.35819e-09
3.52898e-07
6.59869e-09
3.53216e-07
6.78096e-09
3.53485e-07
6.90847e-09
3.53697e-07
6.96746e-09
3.53862e-07
6.98937e-09
3.53983e-07
6.9796e-09
3.54094e-07
6.98884e-09
3.54211e-07
7.03537e-09
3.54332e-07
7.13102e-09
3.54447e-07
7.20539e-09
3.54555e-07
7.30196e-09
3.54631e-07
7.35295e-09
3.54697e-07
7.37924e-09
3.54752e-07
7.409e-09
3.54809e-07
7.47641e-09
3.54861e-07
7.56391e-09
3.54919e-07
7.70624e-09
3.54969e-07
7.86074e-09
3.55028e-07
8.05652e-09
3.55076e-07
8.21064e-09
3.5513e-07
8.39261e-09
3.55167e-07
8.52815e-09
3.55202e-07
8.68978e-09
3.5523e-07
8.92167e-09
3.5527e-07
9.2276e-09
3.55297e-07
9.4924e-09
3.55319e-07
9.8207e-09
1.02344e-08
3.79668e-07
3.96676e-09
-3.79442e-07
3.79927e-07
4.3334e-09
3.8022e-07
4.69964e-09
3.80539e-07
5.05916e-09
3.80876e-07
5.39871e-09
3.81229e-07
5.71685e-09
3.81583e-07
6.0041e-09
3.81928e-07
6.25346e-09
3.82249e-07
6.4602e-09
3.82533e-07
6.62368e-09
3.82768e-07
6.73256e-09
3.82961e-07
6.79649e-09
3.83109e-07
6.832e-09
3.83237e-07
6.86102e-09
3.83365e-07
6.90744e-09
3.83495e-07
7.00069e-09
3.83621e-07
7.07941e-09
3.83745e-07
7.17816e-09
3.83841e-07
7.25624e-09
3.8392e-07
7.30104e-09
3.83987e-07
7.34194e-09
3.8405e-07
7.41297e-09
3.84109e-07
7.50462e-09
3.84174e-07
7.64115e-09
3.84234e-07
7.80108e-09
3.84299e-07
7.99168e-09
3.84355e-07
8.15435e-09
3.84413e-07
8.3348e-09
3.84457e-07
8.48427e-09
3.84496e-07
8.65074e-09
3.84531e-07
8.8871e-09
3.84573e-07
9.18466e-09
3.84606e-07
9.46011e-09
3.84632e-07
9.7945e-09
1.02151e-08
4.11177e-07
3.7465e-09
-4.10956e-07
4.11428e-07
4.0821e-09
4.1171e-07
4.41795e-09
4.12018e-07
4.75068e-09
4.12344e-07
5.07288e-09
4.12684e-07
5.37684e-09
4.13027e-07
5.661e-09
4.13366e-07
5.91478e-09
4.13687e-07
6.13849e-09
4.13983e-07
6.32763e-09
4.1424e-07
6.47651e-09
4.14456e-07
6.57994e-09
4.14635e-07
6.65334e-09
4.14783e-07
6.71263e-09
4.14925e-07
6.76568e-09
4.15067e-07
6.85906e-09
4.15202e-07
6.94364e-09
4.15339e-07
7.04158e-09
4.15455e-07
7.14038e-09
4.15549e-07
7.20708e-09
4.15629e-07
7.26139e-09
4.15703e-07
7.33956e-09
4.1577e-07
7.43678e-09
4.15843e-07
7.5686e-09
4.15913e-07
7.7312e-09
4.15985e-07
7.91948e-09
4.1605e-07
8.08976e-09
4.16112e-07
8.27207e-09
4.16163e-07
8.43327e-09
4.16208e-07
8.6062e-09
4.1625e-07
8.84542e-09
4.16296e-07
9.1381e-09
4.16334e-07
9.42229e-09
4.16365e-07
9.7635e-09
1.01892e-08
4.45294e-07
3.53292e-09
-4.4508e-07
4.45541e-07
3.83527e-09
4.45812e-07
4.14644e-09
4.46109e-07
4.45347e-09
4.46424e-07
4.7579e-09
4.46752e-07
5.04882e-09
4.47086e-07
5.32758e-09
4.47418e-07
5.58309e-09
4.47739e-07
5.81689e-09
4.48042e-07
6.02497e-09
4.48316e-07
6.20256e-09
4.48553e-07
6.34232e-09
4.4876e-07
6.44713e-09
4.48934e-07
6.53837e-09
4.4909e-07
6.60913e-09
4.49245e-07
6.70461e-09
4.49392e-07
6.79674e-09
4.4954e-07
6.89364e-09
4.49674e-07
7.00648e-09
4.49786e-07
7.09493e-09
4.49883e-07
7.16421e-09
4.49969e-07
7.2536e-09
4.50047e-07
7.35863e-09
4.50127e-07
7.48821e-09
4.50207e-07
7.65154e-09
4.50287e-07
7.83963e-09
4.50361e-07
8.01609e-09
4.5043e-07
8.20257e-09
4.50489e-07
8.374e-09
4.50541e-07
8.55494e-09
4.50589e-07
8.79652e-09
4.5064e-07
9.08717e-09
4.50684e-07
9.37871e-09
4.50722e-07
9.72561e-09
1.01569e-08
4.82257e-07
3.32184e-09
-4.82046e-07
4.82495e-07
3.59745e-09
4.82757e-07
3.88455e-09
4.83042e-07
4.16854e-09
4.83345e-07
4.45482e-09
4.83661e-07
4.73249e-09
4.83986e-07
5.00302e-09
4.8431e-07
5.25835e-09
4.84631e-07
5.49642e-09
4.84938e-07
5.71785e-09
4.85226e-07
5.91458e-09
4.85484e-07
6.08449e-09
4.85713e-07
6.21746e-09
4.85915e-07
6.33705e-09
4.86091e-07
6.43329e-09
4.86261e-07
6.53401e-09
4.86422e-07
6.63634e-09
4.8658e-07
6.73541e-09
4.8673e-07
6.85582e-09
4.86861e-07
6.96452e-09
4.86975e-07
7.05041e-09
4.87076e-07
7.15251e-09
4.87166e-07
7.26801e-09
4.87256e-07
7.39822e-09
4.87346e-07
7.56207e-09
4.87435e-07
7.75083e-09
4.87518e-07
7.93288e-09
4.87595e-07
8.12499e-09
4.87663e-07
8.30648e-09
4.87722e-07
8.49568e-09
4.87779e-07
8.74008e-09
4.87835e-07
9.03051e-09
4.87885e-07
9.32859e-09
4.8793e-07
9.68134e-09
1.01162e-08
5.22276e-07
3.11453e-09
-5.22069e-07
5.22505e-07
3.36894e-09
5.22758e-07
3.63173e-09
5.23031e-07
3.89508e-09
5.23324e-07
4.16191e-09
5.2363e-07
4.42615e-09
5.23948e-07
4.68589e-09
5.24267e-07
4.93866e-09
5.24586e-07
5.1773e-09
5.24897e-07
5.40701e-09
5.25195e-07
5.61696e-09
5.2547e-07
5.809e-09
5.2572e-07
5.96789e-09
5.25947e-07
6.10988e-09
5.26146e-07
6.23392e-09
5.26334e-07
6.34605e-09
5.26511e-07
6.45971e-09
5.26681e-07
6.56556e-09
5.26847e-07
6.68958e-09
5.26996e-07
6.81555e-09
5.27129e-07
6.91774e-09
5.27248e-07
7.03349e-09
5.27354e-07
7.16211e-09
5.27455e-07
7.29684e-09
5.27555e-07
7.46247e-09
5.27653e-07
7.65245e-09
5.27747e-07
7.8393e-09
5.27834e-07
8.03725e-09
5.27912e-07
8.22857e-09
5.27981e-07
8.42693e-09
5.28046e-07
8.67559e-09
5.28109e-07
8.96683e-09
5.28167e-07
9.27062e-09
5.2822e-07
9.62898e-09
1.00661e-08
5.6559e-07
2.91502e-09
-5.6539e-07
5.65813e-07
3.14564e-09
5.66058e-07
3.38676e-09
5.66323e-07
3.63031e-09
5.66607e-07
3.87798e-09
5.66905e-07
4.12838e-09
5.67214e-07
4.37612e-09
5.67529e-07
4.62366e-09
5.67846e-07
4.86081e-09
5.68159e-07
5.0941e-09
5.68463e-07
5.31265e-09
5.68753e-07
5.51877e-09
5.69022e-07
5.69956e-09
5.69271e-07
5.86062e-09
5.69497e-07
6.00835e-09
5.69705e-07
6.13781e-09
5.69899e-07
6.26514e-09
5.70084e-07
6.38132e-09
5.70265e-07
6.50797e-09
5.70432e-07
6.64878e-09
5.70583e-07
6.76641e-09
5.70722e-07
6.89515e-09
5.70845e-07
7.03852e-09
5.7096e-07
7.1818e-09
5.71072e-07
7.35025e-09
5.71182e-07
7.54292e-09
5.71287e-07
7.73411e-09
5.71386e-07
7.93866e-09
5.71475e-07
8.13934e-09
5.71555e-07
8.34741e-09
5.7163e-07
8.60056e-09
5.71702e-07
8.89452e-09
5.71768e-07
9.20437e-09
5.71832e-07
9.56546e-09
1.00065e-08
6.12479e-07
2.71992e-09
-6.12284e-07
6.12697e-07
2.92789e-09
6.12936e-07
3.14783e-09
6.13193e-07
3.37302e-09
6.13468e-07
3.60264e-09
6.13758e-07
3.83896e-09
6.14059e-07
4.07463e-09
6.14369e-07
4.31393e-09
6.14682e-07
4.54729e-09
6.14997e-07
4.7792e-09
6.15308e-07
5.00212e-09
6.1561e-07
5.2161e-09
6.15896e-07
5.41394e-09
6.16165e-07
5.59165e-09
6.16415e-07
5.75874e-09
6.16645e-07
5.90736e-09
6.1686e-07
6.05031e-09
6.17061e-07
6.17982e-09
6.17258e-07
6.31134e-09
6.17443e-07
6.4636e-09
6.17613e-07
6.59699e-09
6.17771e-07
6.73691e-09
6.17914e-07
6.89538e-09
6.18046e-07
7.0499e-09
6.18172e-07
7.224e-09
6.18294e-07
7.42098e-09
6.18411e-07
7.61755e-09
6.18522e-07
7.82765e-09
6.18623e-07
8.03765e-09
6.18716e-07
8.25466e-09
6.18802e-07
8.51467e-09
6.18885e-07
8.81135e-09
6.18962e-07
9.12801e-09
6.19035e-07
9.49194e-09
9.93364e-09
6.63234e-07
2.52693e-09
-6.63041e-07
6.63447e-07
2.71458e-09
6.6368e-07
2.91463e-09
6.63931e-07
3.12237e-09
6.64198e-07
3.33545e-09
6.64481e-07
3.5564e-09
6.64776e-07
3.77945e-09
6.65082e-07
4.00718e-09
6.65395e-07
4.2345e-09
6.65713e-07
4.46141e-09
6.66029e-07
4.68632e-09
6.66341e-07
4.9038e-09
6.66641e-07
5.11387e-09
6.66928e-07
5.30511e-09
6.67198e-07
5.48833e-09
6.67451e-07
5.65467e-09
6.67689e-07
5.81265e-09
6.67909e-07
5.95895e-09
6.68122e-07
6.09879e-09
6.68327e-07
6.25873e-09
6.68515e-07
6.40918e-09
6.68693e-07
6.55867e-09
6.68857e-07
6.73166e-09
6.69007e-07
6.89967e-09
6.69148e-07
7.0824e-09
6.69285e-07
7.28432e-09
6.69414e-07
7.48823e-09
6.69539e-07
7.70278e-09
6.69654e-07
7.92287e-09
6.69761e-07
8.14769e-09
6.69859e-07
8.41649e-09
6.69955e-07
8.71527e-09
6.70044e-07
9.03903e-09
6.70127e-07
9.40873e-09
9.84521e-09
7.18169e-07
2.33397e-09
-7.17976e-07
7.1838e-07
2.50324e-09
7.18608e-07
2.68612e-09
7.18854e-07
2.87719e-09
7.19116e-07
3.07349e-09
7.19394e-07
3.27785e-09
7.19686e-07
3.48737e-09
7.19991e-07
3.7023e-09
7.20304e-07
3.92213e-09
7.20622e-07
4.14278e-09
7.20942e-07
4.36676e-09
7.21261e-07
4.58491e-09
7.21573e-07
4.80121e-09
7.21875e-07
5.0032e-09
7.22166e-07
5.19753e-09
7.2244e-07
5.38027e-09
7.22703e-07
5.55048e-09
7.22945e-07
5.71621e-09
7.23176e-07
5.86793e-09
7.234e-07
6.03512e-09
7.23607e-07
6.20179e-09
7.23803e-07
6.36241e-09
7.23989e-07
6.54622e-09
7.24158e-07
6.73047e-09
7.24319e-07
6.92157e-09
7.24471e-07
7.13226e-09
7.24617e-07
7.34267e-09
7.24754e-07
7.56538e-09
7.24885e-07
7.79195e-09
7.25005e-07
8.0273e-09
7.2512e-07
8.30154e-09
7.25227e-07
8.60841e-09
7.25333e-07
8.93333e-09
7.25429e-07
9.31203e-09
9.74385e-09
7.77627e-07
2.13703e-09
-7.7743e-07
7.77836e-07
2.29456e-09
7.78061e-07
2.46134e-09
7.78303e-07
2.63473e-09
7.78563e-07
2.81332e-09
7.7884e-07
3.00087e-09
7.79131e-07
3.19696e-09
7.79433e-07
3.40004e-09
7.79745e-07
3.61032e-09
7.80064e-07
3.82317e-09
7.80389e-07
4.04195e-09
7.80715e-07
4.2591e-09
7.8104e-07
4.47635e-09
7.81356e-07
4.68714e-09
7.81665e-07
4.8886e-09
7.81959e-07
5.08607e-09
7.82243e-07
5.2665e-09
7.82508e-07
5.45096e-09
7.8276e-07
5.61631e-09
7.83002e-07
5.7928e-09
7.83231e-07
5.97338e-09
7.83446e-07
6.14757e-09
7.83653e-07
6.33867e-09
7.83843e-07
6.54093e-09
7.84024e-07
6.7406e-09
7.84192e-07
6.96386e-09
7.84355e-07
7.17948e-09
7.84507e-07
7.41316e-09
7.84657e-07
7.64264e-09
7.84792e-07
7.89246e-09
7.84924e-07
8.16861e-09
7.85043e-07
8.48997e-09
7.85162e-07
8.81385e-09
7.85284e-07
9.19058e-09
9.63371e-09
8.41977e-07
1.95345e-09
-8.41793e-07
8.42169e-07
2.10223e-09
8.42387e-07
2.24318e-09
8.4263e-07
2.39154e-09
8.42895e-07
2.5491e-09
8.43178e-07
2.71761e-09
8.43476e-07
2.89842e-09
8.43787e-07
3.08904e-09
8.44107e-07
3.29106e-09
8.44432e-07
3.49823e-09
8.44761e-07
3.71276e-09
8.45091e-07
3.9285e-09
8.45422e-07
4.14586e-09
8.45747e-07
4.36217e-09
8.46066e-07
4.56909e-09
8.46377e-07
4.77525e-09
8.46679e-07
4.96523e-09
8.46968e-07
5.16105e-09
8.47243e-07
5.34141e-09
8.47508e-07
5.52778e-09
8.47758e-07
5.72329e-09
8.47995e-07
5.91134e-09
8.4822e-07
6.11311e-09
8.48432e-07
6.32937e-09
8.48631e-07
6.54148e-09
8.48821e-07
6.77371e-09
8.49001e-07
6.99913e-09
8.49173e-07
7.24153e-09
8.49336e-07
7.47998e-09
8.49491e-07
7.73735e-09
8.49638e-07
8.02095e-09
8.4978e-07
8.34817e-09
8.49918e-07
8.6763e-09
8.50038e-07
9.06988e-09
9.48095e-09
3.2771e-06
1.26008e-09
-3.27641e-06
3.27786e-06
1.34151e-09
3.27866e-06
1.44438e-09
3.27949e-06
1.55725e-09
3.28036e-06
1.68172e-09
3.28126e-06
1.81603e-09
3.2822e-06
1.96188e-09
3.28317e-06
2.11631e-09
3.28418e-06
2.28127e-09
3.28523e-06
2.45264e-09
3.28631e-06
2.63137e-09
3.28742e-06
2.81384e-09
3.28857e-06
3.00192e-09
3.28973e-06
3.19638e-09
3.2909e-06
3.39727e-09
3.29207e-06
3.60731e-09
3.29321e-06
3.82395e-09
3.29432e-06
4.05055e-09
3.29537e-06
4.29711e-09
3.29637e-06
4.52981e-09
3.29732e-06
4.76645e-09
3.29824e-06
4.99746e-09
3.29911e-06
5.23881e-09
3.29996e-06
5.48359e-09
3.30076e-06
5.73713e-09
3.30154e-06
5.99597e-09
3.30228e-06
6.25866e-09
3.303e-06
6.52417e-09
3.30368e-06
6.79766e-09
3.30434e-06
7.07728e-09
3.30496e-06
7.40109e-09
3.30557e-06
7.74308e-09
3.30614e-06
8.10204e-09
3.30673e-06
8.47868e-09
8.84561e-09
3.54065e-06
7.755e-11
-3.53947e-06
3.54189e-06
1.0055e-10
3.54313e-06
2.02862e-10
3.54434e-06
3.49718e-10
3.5455e-06
5.24469e-10
3.5466e-06
7.10849e-10
3.54767e-06
8.97373e-10
3.54871e-06
1.07783e-09
3.54974e-06
1.25247e-09
3.55076e-06
1.42951e-09
3.55178e-06
1.61421e-09
3.55283e-06
1.76072e-09
3.55395e-06
1.88291e-09
3.5551e-06
2.04391e-09
3.55626e-06
2.23677e-09
3.55741e-06
2.4582e-09
3.55853e-06
2.70113e-09
3.55962e-06
2.96213e-09
3.56069e-06
3.23232e-09
3.56171e-06
3.5065e-09
3.56269e-06
3.782e-09
3.56364e-06
4.05439e-09
3.56455e-06
4.32682e-09
3.56543e-06
4.59796e-09
3.5663e-06
4.87394e-09
3.56714e-06
5.15578e-09
3.56796e-06
5.43679e-09
3.56876e-06
5.72885e-09
3.56953e-06
6.02323e-09
3.57028e-06
6.32828e-09
3.57101e-06
6.66866e-09
3.57172e-06
7.03023e-09
3.57243e-06
7.39555e-09
3.57312e-06
7.78731e-09
8.27704e-09
3.83129e-06
-1.17907e-09
-3.83004e-06
3.83234e-06
-9.46721e-10
3.8333e-06
-7.56259e-10
3.83419e-06
-5.37864e-10
3.83503e-06
-3.17784e-10
3.83586e-06
-1.2174e-10
3.83669e-06
7.15431e-11
3.8375e-06
2.67864e-10
3.83836e-06
3.9121e-10
3.83931e-06
4.78381e-10
3.84036e-06
5.63062e-10
3.84145e-06
6.76348e-10
3.8425e-06
8.25848e-10
3.84353e-06
1.01169e-09
3.84454e-06
1.2335e-09
3.84551e-06
1.48791e-09
3.84644e-06
1.76474e-09
3.84735e-06
2.05514e-09
3.84824e-06
2.34863e-09
3.8491e-06
2.63841e-09
3.84996e-06
2.92233e-09
3.85082e-06
3.19576e-09
3.85168e-06
3.46987e-09
3.85253e-06
3.74245e-09
3.85338e-06
4.02349e-09
3.85423e-06
4.31309e-09
3.85506e-06
4.60801e-09
3.85587e-06
4.91371e-09
3.85667e-06
5.2249e-09
3.85745e-06
5.54404e-09
3.85823e-06
5.89704e-09
3.859e-06
6.26002e-09
3.85977e-06
6.61811e-09
3.86059e-06
6.9747e-09
7.27901e-09
4.15109e-06
-4.32655e-10
-4.15183e-06
4.15065e-06
-5.06643e-10
4.15032e-06
-4.28204e-10
4.15006e-06
-2.78557e-10
4.14983e-06
-8.66515e-11
4.14964e-06
7.10259e-11
4.14952e-06
1.91944e-10
4.14947e-06
3.08695e-10
4.14945e-06
4.18397e-10
4.1494e-06
5.27563e-10
4.14932e-06
6.44369e-10
4.14926e-06
7.35431e-10
4.14927e-06
8.10779e-10
4.14936e-06
9.24375e-10
4.14953e-06
1.06786e-09
4.14977e-06
1.23964e-09
4.1501e-06
1.43512e-09
4.15051e-06
1.65163e-09
4.15097e-06
1.88134e-09
4.15149e-06
2.12097e-09
4.15205e-06
2.36786e-09
4.15262e-06
2.61773e-09
4.15322e-06
2.87438e-09
4.15383e-06
3.13317e-09
4.15445e-06
3.4011e-09
4.15509e-06
3.67532e-09
4.15575e-06
3.95098e-09
4.15642e-06
4.237e-09
4.15712e-06
4.5258e-09
4.15784e-06
4.82344e-09
4.15859e-06
5.15321e-09
4.15935e-06
5.4956e-09
4.16013e-06
5.83565e-09
4.16092e-06
6.18605e-09
6.60035e-09
4.49121e-06
2.98937e-10
-4.49195e-06
4.49039e-06
3.15706e-10
4.48962e-06
3.39684e-10
4.48898e-06
3.68716e-10
4.48849e-06
4.03217e-10
4.48811e-06
4.43e-10
4.48782e-06
4.8836e-10
4.48759e-06
5.38876e-10
4.48741e-06
5.95422e-10
4.48728e-06
6.57492e-10
4.4872e-06
7.26432e-10
4.48713e-06
8.0219e-10
4.48706e-06
8.86898e-10
4.487e-06
9.81643e-10
4.48698e-06
1.08786e-09
4.48701e-06
1.20683e-09
4.48711e-06
1.33808e-09
4.48728e-06
1.48366e-09
4.48752e-06
1.64209e-09
4.48782e-06
1.81422e-09
4.48819e-06
1.99987e-09
4.48861e-06
2.19801e-09
4.48907e-06
2.41691e-09
4.48955e-06
2.64921e-09
4.49007e-06
2.88456e-09
4.49062e-06
3.12826e-09
4.49119e-06
3.37586e-09
4.49179e-06
3.63352e-09
4.49242e-06
3.89466e-09
4.49308e-06
4.16362e-09
4.49378e-06
4.46203e-09
4.4945e-06
4.76901e-09
4.49527e-06
5.07069e-09
4.49608e-06
5.37117e-09
5.64112e-09
4.84962e-06
3.46231e-10
-4.84966e-06
4.84957e-06
3.67457e-10
4.84952e-06
3.87327e-10
4.84948e-06
4.09677e-10
4.84944e-06
4.35569e-10
4.84942e-06
4.65307e-10
4.84941e-06
5.00056e-10
4.84941e-06
5.39537e-10
4.84942e-06
5.85019e-10
4.84944e-06
6.35803e-10
4.84947e-06
6.93326e-10
4.84952e-06
7.56725e-10
4.84958e-06
8.27407e-10
4.84966e-06
9.04934e-10
4.84975e-06
9.90362e-10
4.84988e-06
1.08429e-09
4.85003e-06
1.1869e-09
4.85021e-06
1.29962e-09
4.85043e-06
1.42229e-09
4.85069e-06
1.55593e-09
4.85099e-06
1.70254e-09
4.85132e-06
1.86002e-09
4.85171e-06
2.03466e-09
4.85214e-06
2.21964e-09
4.8526e-06
2.42141e-09
4.8531e-06
2.63311e-09
4.85362e-06
2.85114e-09
4.85418e-06
3.07757e-09
4.85476e-06
3.30787e-09
4.85538e-06
3.54361e-09
4.85604e-06
3.80599e-09
4.85673e-06
4.07317e-09
4.85747e-06
4.33687e-09
4.85824e-06
4.59658e-09
4.8348e-09
5.24491e-06
3.31699e-10
-5.2449e-06
5.24493e-06
3.50508e-10
5.24494e-06
3.73891e-10
5.24495e-06
3.99362e-10
5.24496e-06
4.27174e-10
5.24497e-06
4.57515e-10
5.24498e-06
4.9088e-10
5.24499e-06
5.27331e-10
5.24501e-06
5.67638e-10
5.24503e-06
6.11736e-10
5.24506e-06
6.60556e-10
5.24511e-06
7.14059e-10
5.24516e-06
7.73018e-10
5.24523e-06
8.37779e-10
5.24531e-06
9.08391e-10
5.24541e-06
9.86038e-10
5.24553e-06
1.06963e-09
5.24566e-06
1.16134e-09
5.24583e-06
1.25962e-09
5.24602e-06
1.36673e-09
5.24624e-06
1.48304e-09
5.24649e-06
1.60865e-09
5.24677e-06
1.74788e-09
5.2471e-06
1.89739e-09
5.24746e-06
2.06108e-09
5.24785e-06
2.23603e-09
5.24829e-06
2.41639e-09
5.24876e-06
2.60704e-09
5.24927e-06
2.80025e-09
5.24981e-06
3.00137e-09
5.25039e-06
3.22447e-09
5.25101e-06
3.4556e-09
5.25166e-06
3.68357e-09
5.25234e-06
3.91735e-09
4.18355e-09
5.67107e-06
2.97428e-10
-5.67103e-06
5.6711e-06
3.19363e-10
5.67113e-06
3.40563e-10
5.67117e-06
3.63293e-10
5.67121e-06
3.8784e-10
5.67125e-06
4.14308e-10
5.6713e-06
4.43188e-10
5.67135e-06
4.74438e-10
5.67141e-06
5.08786e-10
5.67148e-06
5.46055e-10
5.67155e-06
5.87146e-10
5.67163e-06
6.31854e-10
5.67172e-06
6.80974e-10
5.67183e-06
7.34549e-10
5.67194e-06
7.92806e-10
5.67207e-06
8.56423e-10
5.67222e-06
9.24719e-10
5.67238e-06
9.99156e-10
5.67256e-06
1.07874e-09
5.67276e-06
1.16503e-09
5.67299e-06
1.25873e-09
5.67324e-06
1.35965e-09
5.67351e-06
1.47199e-09
5.67382e-06
1.59252e-09
5.67415e-06
1.72545e-09
5.67452e-06
1.86769e-09
5.67492e-06
2.01543e-09
5.67536e-06
2.17201e-09
5.67582e-06
2.33187e-09
5.67633e-06
2.49836e-09
5.67687e-06
2.68389e-09
5.67745e-06
2.8744e-09
5.67807e-06
3.06036e-09
5.67875e-06
3.24406e-09
3.40188e-09
6.13325e-06
2.46806e-10
-6.1332e-06
6.1333e-06
2.64781e-10
6.13336e-06
2.82948e-10
6.13342e-06
3.02435e-10
6.13348e-06
3.23372e-10
6.13355e-06
3.45652e-10
6.13363e-06
3.69491e-10
6.13371e-06
3.95673e-10
6.13379e-06
4.24525e-10
6.13388e-06
4.55843e-10
6.13398e-06
4.90293e-10
6.13408e-06
5.27714e-10
6.13419e-06
5.68699e-10
6.13431e-06
6.13305e-10
6.13445e-06
6.61636e-10
6.13459e-06
7.14278e-10
6.13474e-06
7.70577e-10
6.13491e-06
8.31777e-10
6.13509e-06
8.96947e-10
6.13529e-06
9.67421e-10
6.1355e-06
1.04367e-09
6.13574e-06
1.12564e-09
6.13599e-06
1.21663e-09
6.13627e-06
1.31417e-09
6.13658e-06
1.42162e-09
6.13691e-06
1.53662e-09
6.13727e-06
1.65597e-09
6.13766e-06
1.78274e-09
6.13807e-06
1.91225e-09
6.13853e-06
2.04783e-09
6.13901e-06
2.19982e-09
6.13953e-06
2.35757e-09
6.14007e-06
2.51411e-09
6.14064e-06
2.6742e-09
2.85541e-09
6.63349e-06
2.00462e-10
-6.63345e-06
6.63355e-06
2.13496e-10
6.6336e-06
2.28338e-10
6.63366e-06
2.44353e-10
6.63372e-06
2.61658e-10
6.63379e-06
2.80312e-10
6.63385e-06
3.00577e-10
6.63393e-06
3.22445e-10
6.63401e-06
3.46336e-10
6.63409e-06
3.7216e-10
6.63418e-06
4.00434e-10
6.63428e-06
4.3106e-10
6.63438e-06
4.64464e-10
6.63449e-06
5.00717e-10
6.63461e-06
5.3984e-10
6.63475e-06
5.82338e-10
6.63489e-06
6.27601e-10
6.63504e-06
6.76684e-10
6.63521e-06
7.28735e-10
6.6354e-06
7.84924e-10
6.63559e-06
8.45547e-10
6.63581e-06
9.10794e-10
6.63604e-06
9.8386e-10
6.63629e-06
1.06187e-09
6.63657e-06
1.1473e-09
6.63687e-06
1.23863e-09
6.63719e-06
1.33321e-09
6.63754e-06
1.43375e-09
6.63791e-06
1.53626e-09
6.63832e-06
1.64367e-09
6.63875e-06
1.76384e-09
6.63922e-06
1.88811e-09
6.63973e-06
2.00983e-09
6.64027e-06
2.13172e-09
2.24184e-09
7.17463e-06
1.55936e-10
-7.17458e-06
7.17467e-06
1.66584e-10
7.17472e-06
1.78238e-10
7.17478e-06
1.90795e-10
7.17483e-06
2.04374e-10
7.1749e-06
2.19019e-10
7.17496e-06
2.34944e-10
7.17503e-06
2.52118e-10
7.17511e-06
2.70873e-10
7.17519e-06
2.91106e-10
7.17528e-06
3.13237e-10
7.17537e-06
3.37151e-10
7.17547e-06
3.6321e-10
7.17558e-06
3.91433e-10
7.1757e-06
4.21875e-10
7.17583e-06
4.54881e-10
7.17596e-06
4.90028e-10
7.17611e-06
5.28074e-10
7.17627e-06
5.68421e-10
7.17645e-06
6.11902e-10
7.17663e-06
6.58789e-10
7.17683e-06
7.09048e-10
7.17705e-06
7.64734e-10
7.17729e-06
8.24231e-10
7.17755e-06
8.89623e-10
7.17783e-06
9.59376e-10
7.17813e-06
1.03154e-09
7.17845e-06
1.10808e-09
7.1788e-06
1.18613e-09
7.17918e-06
1.26786e-09
7.17958e-06
1.35976e-09
7.18002e-06
1.45507e-09
7.18048e-06
1.54936e-09
7.18096e-06
1.64522e-09
1.74842e-09
7.76003e-06
1.14165e-10
-7.75999e-06
7.76008e-06
1.22104e-10
7.76012e-06
1.30704e-10
7.76017e-06
1.39949e-10
7.76023e-06
1.49913e-10
7.76029e-06
1.60655e-10
7.76035e-06
1.72321e-10
7.76042e-06
1.84919e-10
7.76049e-06
1.98668e-10
7.76057e-06
2.13527e-10
7.76065e-06
2.29769e-10
7.76074e-06
2.47347e-10
7.76084e-06
2.66478e-10
7.76094e-06
2.87223e-10
7.76105e-06
3.09562e-10
7.76117e-06
3.33804e-10
7.76131e-06
3.59562e-10
7.76145e-06
3.87461e-10
7.7616e-06
4.16961e-10
7.76176e-06
4.4876e-10
7.76194e-06
4.82926e-10
7.76213e-06
5.19551e-10
7.76233e-06
5.60004e-10
7.76255e-06
6.03284e-10
7.76279e-06
6.50797e-10
7.76305e-06
7.01637e-10
7.76333e-06
7.54186e-10
7.76362e-06
8.10118e-10
7.76394e-06
8.67061e-10
7.76428e-06
9.26927e-10
7.76465e-06
9.94133e-10
7.76504e-06
1.0641e-09
7.76546e-06
1.13322e-09
7.7659e-06
1.20385e-09
1.27642e-09
8.39331e-06
7.51904e-11
-8.39327e-06
8.39335e-06
8.02713e-11
8.3934e-06
8.59357e-11
8.39344e-06
9.20353e-11
8.39349e-06
9.86197e-11
8.39355e-06
1.05712e-10
8.39361e-06
1.13416e-10
8.39367e-06
1.21725e-10
8.39374e-06
1.30798e-10
8.39381e-06
1.40596e-10
8.39389e-06
1.51316e-10
8.39398e-06
1.62911e-10
8.39407e-06
1.75546e-10
8.39416e-06
1.89235e-10
8.39427e-06
2.0399e-10
8.39438e-06
2.19982e-10
8.39451e-06
2.36986e-10
8.39464e-06
2.55374e-10
8.39478e-06
2.74827e-10
8.39493e-06
2.95757e-10
8.3951e-06
3.18262e-10
8.39528e-06
3.42344e-10
8.39547e-06
3.6897e-10
8.39567e-06
3.97407e-10
8.39589e-06
4.28665e-10
8.39613e-06
4.62055e-10
8.39639e-06
4.96614e-10
8.39667e-06
5.33328e-10
8.39696e-06
5.70756e-10
8.39728e-06
6.10021e-10
8.39762e-06
6.54177e-10
8.39799e-06
7.00019e-10
8.39837e-06
7.45319e-10
8.39879e-06
7.91325e-10
8.37748e-10
9.07833e-06
3.78742e-11
-9.0783e-06
9.07837e-06
4.03397e-11
9.07842e-06
4.31535e-11
9.07846e-06
4.62007e-11
9.07851e-06
4.95051e-11
9.07857e-06
5.30773e-11
9.07862e-06
5.69635e-11
9.07868e-06
6.11593e-11
9.07875e-06
6.57403e-11
9.07882e-06
7.06856e-11
9.07889e-06
7.60886e-11
9.07897e-06
8.19259e-11
9.07906e-06
8.82767e-11
9.07915e-06
9.51511e-11
9.07926e-06
1.02553e-10
9.07937e-06
1.10574e-10
9.07948e-06
1.19097e-10
9.07961e-06
1.28317e-10
9.07975e-06
1.3807e-10
9.07989e-06
1.48569e-10
9.08005e-06
1.59856e-10
9.08022e-06
1.71939e-10
9.08041e-06
1.85293e-10
9.0806e-06
1.99559e-10
9.08082e-06
2.15229e-10
9.08105e-06
2.31967e-10
9.0813e-06
2.4927e-10
9.08156e-06
2.67652e-10
9.08185e-06
2.86365e-10
9.08215e-06
3.05997e-10
9.08248e-06
3.28058e-10
9.08282e-06
3.50964e-10
9.0832e-06
3.73576e-10
9.08359e-06
3.96573e-10
4.20462e-10
9.81935e-06
-9.81932e-06
9.8194e-06
9.81944e-06
9.81948e-06
9.81953e-06
9.81959e-06
9.81964e-06
9.81971e-06
9.81977e-06
9.81984e-06
9.81992e-06
9.82e-06
9.82009e-06
9.82018e-06
9.82029e-06
9.8204e-06
9.82052e-06
9.82064e-06
9.82078e-06
9.82093e-06
9.82109e-06
9.82126e-06
9.82145e-06
9.82165e-06
9.82186e-06
9.82209e-06
9.82234e-06
9.82261e-06
9.8229e-06
9.8232e-06
9.82353e-06
9.82388e-06
9.82426e-06
9.82465e-06
8.46982e-08
9.64962e-09
8.37091e-08
-7.11398e-09
8.43402e-08
5.98749e-09
8.3492e-08
-6.35531e-09
8.39614e-08
6.53778e-09
8.32694e-08
-1.1105e-09
8.37927e-08
4.18727e-09
8.31505e-08
-2.06928e-09
8.35773e-08
2.53314e-09
8.31532e-08
-1.80465e-09
8.33705e-08
1.88036e-09
8.30664e-08
-1.81956e-09
8.3113e-08
1.6076e-09
8.2985e-08
-7.30106e-10
8.29984e-08
1.88844e-09
8.29698e-08
1.06119e-10
8.27644e-08
1.69634e-09
8.25543e-08
5.25505e-10
8.15183e-08
2.16594e-09
1.7991e-09
9.13051e-08
9.39094e-09
9.07148e-08
-6.52369e-09
9.09395e-08
5.76286e-09
9.05048e-08
-5.92069e-09
9.05299e-08
6.51276e-09
9.03543e-08
-9.3493e-10
9.04055e-08
4.13605e-09
9.02579e-08
-1.92164e-09
9.02541e-08
2.53695e-09
9.01933e-08
-1.74392e-09
9.01e-08
1.97367e-09
8.99734e-08
-1.69289e-09
8.98419e-08
1.73909e-09
8.97172e-08
-6.05422e-10
8.96002e-08
2.0054e-09
8.94639e-08
2.4249e-10
8.91444e-08
2.01583e-09
8.87187e-08
9.51165e-10
8.82831e-08
2.6016e-09
2.30621e-09
9.84791e-08
9.48205e-09
9.82894e-08
-6.33403e-09
9.8194e-08
5.85833e-09
9.80727e-08
-5.79948e-09
9.7903e-08
6.68251e-09
9.79548e-08
-9.86748e-10
9.79084e-08
4.18246e-09
9.78624e-08
-1.87568e-09
9.78788e-08
2.52057e-09
9.77497e-08
-1.61478e-09
9.7841e-08
1.88236e-09
9.74897e-08
-1.34167e-09
9.7649e-08
1.57987e-09
9.71911e-08
-1.47582e-10
9.73962e-08
1.80034e-09
9.6853e-08
7.85707e-10
9.68779e-08
1.99089e-09
9.61526e-08
1.67643e-09
9.60482e-08
2.70607e-09
2.74691e-09
1.06512e-07
9.68567e-09
1.06489e-07
-6.31107e-09
1.0638e-07
5.96755e-09
1.06254e-07
-5.6733e-09
1.06254e-07
6.68206e-09
1.06195e-07
-9.27731e-10
1.06353e-07
4.02421e-09
1.06131e-07
-1.65335e-09
1.06376e-07
2.27526e-09
1.06016e-07
-1.25452e-09
1.06349e-07
1.55003e-09
1.05792e-07
-7.85284e-10
1.06111e-07
1.26062e-09
1.05534e-07
4.29313e-10
1.05758e-07
1.57712e-09
1.05189e-07
1.3546e-09
1.05144e-07
2.03522e-09
1.04571e-07
2.24987e-09
1.04439e-07
2.83768e-09
3.05564e-09
1.15497e-07
9.72304e-09
1.15376e-07
-6.19016e-09
1.15471e-07
5.87294e-09
1.15165e-07
-5.36801e-09
1.15447e-07
6.40038e-09
1.15201e-07
-6.81731e-10
1.15571e-07
3.65418e-09
1.15166e-07
-1.24833e-09
1.15573e-07
1.86792e-09
1.15069e-07
-7.50197e-10
1.15486e-07
1.13293e-09
1.1491e-07
-2.09054e-10
1.15197e-07
9.7352e-10
1.14694e-07
9.32007e-10
1.14745e-07
1.52651e-09
1.14261e-07
1.83868e-09
1.14066e-07
2.22999e-09
1.13743e-07
2.57263e-09
1.13533e-07
3.04814e-09
3.25537e-09
1.25292e-07
9.51232e-09
1.24998e-07
-5.89532e-09
1.25309e-07
5.56161e-09
1.24836e-07
-4.89524e-09
1.25342e-07
5.89503e-09
1.24954e-07
-2.94123e-10
1.25464e-07
3.14441e-09
1.24945e-07
-7.29307e-10
1.25409e-07
1.4031e-09
1.24893e-07
-2.33884e-10
1.25255e-07
7.71158e-10
1.24818e-07
2.28159e-10
1.24965e-07
8.26171e-10
1.24657e-07
1.24006e-09
1.24448e-07
1.73601e-09
1.23993e-07
2.29347e-09
1.23565e-07
2.65774e-09
1.23339e-07
2.79905e-09
1.23386e-07
3.00057e-09
3.4035e-09
1.35812e-07
9.11819e-09
1.35366e-07
-5.44879e-09
1.35851e-07
5.07667e-09
1.35253e-07
-4.29763e-09
1.35923e-07
5.22486e-09
1.35438e-07
1.90745e-10
1.36024e-07
2.5586e-09
1.3548e-07
-1.84837e-10
1.35897e-07
9.85651e-10
1.35501e-07
1.62532e-10
1.3571e-07
5.62144e-10
1.35495e-07
4.42679e-10
1.35476e-07
8.45361e-10
1.35361e-07
1.35486e-09
1.35264e-07
1.8329e-09
1.35225e-07
2.33306e-09
1.35143e-07
2.73922e-09
1.34835e-07
3.10727e-09
1.34155e-07
3.68099e-09
3.71729e-09
1.47113e-07
8.61417e-09
1.46535e-07
-4.87122e-09
1.47168e-07
4.44369e-09
1.46467e-07
-3.59695e-09
1.47257e-07
4.43495e-09
1.46719e-07
7.29341e-10
1.47317e-07
1.96033e-09
1.46828e-07
3.03637e-10
1.4714e-07
6.73978e-10
1.46938e-07
3.64862e-10
1.46986e-07
5.13552e-10
1.46882e-07
5.46796e-10
1.46836e-07
8.9163e-10
1.46868e-07
1.32322e-09
1.46892e-07
1.80864e-09
1.46793e-07
2.43154e-09
1.46358e-07
3.17444e-09
1.45767e-07
3.69886e-09
1.45429e-07
4.01818e-09
3.9339e-09
1.59299e-07
8.03885e-09
1.58601e-07
-4.17346e-09
1.59364e-07
3.68096e-09
1.58585e-07
-2.81745e-09
1.59438e-07
3.58133e-09
1.58911e-07
1.25675e-09
1.59446e-07
1.42485e-09
1.59093e-07
6.56736e-10
1.5927e-07
4.9694e-10
1.59203e-07
4.31775e-10
1.59223e-07
4.94366e-10
1.59177e-07
5.92776e-10
1.59043e-07
1.02497e-09
1.58545e-07
1.8214e-09
1.5795e-07
2.40329e-09
1.57451e-07
2.93088e-09
1.57227e-07
3.39826e-09
1.57227e-07
3.69959e-09
1.57436e-07
3.80828e-09
3.94513e-09
1.72471e-07
7.40838e-09
1.71667e-07
-3.36961e-09
1.72532e-07
2.81581e-09
1.71721e-07
-2.00649e-09
1.7256e-07
2.74205e-09
1.7214e-07
1.67737e-09
1.72527e-07
1.03726e-09
1.72411e-07
7.72688e-10
1.72437e-07
4.70931e-10
1.72443e-07
4.26657e-10
1.72352e-07
5.85134e-10
1.71896e-07
1.04875e-09
1.7137e-07
1.55097e-09
1.71041e-07
2.15032e-09
1.70796e-07
2.64806e-09
1.70567e-07
3.16042e-09
1.7051e-07
3.45479e-09
1.70507e-07
3.70213e-09
1.70509e-07
3.80696e-09
3.88555e-09
1.86717e-07
6.73151e-09
1.85831e-07
-2.48264e-09
1.86752e-07
1.89476e-09
1.85983e-07
-1.23839e-09
1.8672e-07
2.0055e-09
1.86516e-07
1.88093e-09
1.86688e-07
8.65807e-10
1.86767e-07
6.93979e-10
1.8671e-07
5.27246e-10
1.86472e-07
6.64957e-10
1.86033e-07
1.02455e-09
1.85661e-07
1.4204e-09
1.85347e-07
1.86498e-09
1.85089e-07
2.40787e-09
1.8488e-07
2.85727e-09
1.84776e-07
3.26482e-09
1.84703e-07
3.52726e-09
1.84684e-07
3.72182e-09
1.84705e-07
3.7858e-09
3.80441e-09
2.02127e-07
6.01846e-09
2.01192e-07
-1.54756e-09
2.02095e-07
9.91638e-10
2.01465e-07
-6.08273e-10
2.02023e-07
1.4482e-09
2.02111e-07
1.79299e-09
2.02132e-07
8.44085e-10
2.02134e-07
6.92655e-10
2.01782e-07
8.78547e-10
2.01435e-07
1.01198e-09
2.01146e-07
1.31404e-09
2.00852e-07
1.7145e-09
2.0057e-07
2.14637e-09
2.00349e-07
2.62897e-09
2.00186e-07
3.0205e-09
2.00094e-07
3.3564e-09
2.00039e-07
3.58257e-09
2.00045e-07
3.71604e-09
2.00094e-07
3.73633e-09
3.70977e-09
2.1879e-07
5.28681e-09
2.17858e-07
-6.15238e-10
2.18623e-07
2.26407e-10
2.18226e-07
-2.11214e-10
2.18581e-07
1.09315e-09
2.18831e-07
1.5436e-09
2.18745e-07
9.29787e-10
2.18458e-07
9.79062e-10
2.18167e-07
1.16999e-09
2.17887e-07
1.29209e-09
2.17624e-07
1.57714e-09
2.1735e-07
1.9882e-09
2.17095e-07
2.40195e-09
2.16898e-07
2.82541e-09
2.16765e-07
3.15337e-09
2.16691e-07
3.43075e-09
2.16665e-07
3.60876e-09
2.16695e-07
3.68532e-09
2.16769e-07
3.66275e-09
3.60343e-09
2.36804e-07
4.56064e-09
2.35933e-07
2.56158e-10
2.36322e-07
-1.62614e-10
2.36269e-07
-1.58393e-10
2.36411e-07
9.51453e-10
2.365e-07
1.45456e-09
2.36394e-07
1.0353e-09
2.36242e-07
1.13114e-09
2.36019e-07
1.39293e-09
2.35751e-07
1.56019e-09
2.35493e-07
1.83568e-09
2.35243e-07
2.23844e-09
2.35014e-07
2.6304e-09
2.34836e-07
3.00358e-09
2.34731e-07
3.25796e-09
2.34683e-07
3.47883e-09
2.34686e-07
3.60597e-09
2.34738e-07
3.63329e-09
2.34831e-07
3.57034e-09
3.48711e-09
2.56284e-07
3.86329e-09
2.5553e-07
1.01017e-09
2.55653e-07
-2.85465e-10
2.55727e-07
-2.31892e-10
2.55826e-07
8.52135e-10
2.55881e-07
1.39944e-09
2.55764e-07
1.15197e-09
2.55597e-07
1.29873e-09
2.55375e-07
1.61444e-09
2.55115e-07
1.821e-09
2.54865e-07
2.08564e-09
2.54634e-07
2.46889e-09
2.54434e-07
2.8308e-09
2.54284e-07
3.15356e-09
2.54204e-07
3.33753e-09
2.54184e-07
3.49946e-09
2.54213e-07
3.57626e-09
2.54284e-07
3.56251e-09
2.5439e-07
3.46475e-09
3.36269e-09
2.77357e-07
3.21374e-09
2.76753e-07
1.61505e-09
2.76679e-07
-2.12277e-10
2.76747e-07
-2.99051e-10
2.76847e-07
7.5135e-10
2.76875e-07
1.37189e-09
2.7675e-07
1.27662e-09
2.76571e-07
1.47754e-09
2.76351e-07
1.83528e-09
2.76098e-07
2.07351e-09
2.75859e-07
2.32471e-09
2.75652e-07
2.67629e-09
2.75481e-07
3.00163e-09
2.75364e-07
3.27022e-09
2.75313e-07
3.38903e-09
2.75316e-07
3.49646e-09
2.75367e-07
3.525e-09
2.75454e-07
3.47581e-09
2.75568e-07
3.35007e-09
3.23211e-09
3.00156e-07
2.63154e-09
2.99738e-07
2.03335e-09
2.99513e-07
1.29381e-11
2.99508e-07
-2.94575e-10
2.99593e-07
6.66223e-10
2.99613e-07
1.35231e-09
2.99485e-07
1.40512e-09
2.99295e-07
1.66702e-09
2.99077e-07
2.05383e-09
2.98837e-07
2.31333e-09
2.98613e-07
2.54828e-09
2.9843e-07
2.8596e-09
2.9829e-07
3.14179e-09
2.98213e-07
3.34687e-09
2.98186e-07
3.41605e-09
2.98209e-07
3.47389e-09
2.98276e-07
3.45787e-09
2.98375e-07
3.37628e-09
2.98496e-07
3.22891e-09
3.09702e-09
3.24835e-07
2.12679e-09
3.24673e-07
2.19516e-09
3.24323e-07
3.62699e-10
3.24182e-07
-1.53393e-10
3.24224e-07
6.24437e-10
3.24241e-07
1.33481e-09
3.2411e-07
1.53631e-09
3.23911e-07
1.86568e-09
3.23698e-07
2.26704e-09
3.23476e-07
2.53591e-09
3.23274e-07
2.7496e-09
3.23117e-07
3.01665e-09
3.23003e-07
3.25558e-09
3.22973e-07
3.37762e-09
3.22962e-07
3.42713e-09
3.23002e-07
3.43367e-09
3.23082e-07
3.37761e-09
3.23192e-07
3.26626e-09
3.23319e-07
3.10159e-09
2.95861e-09
3.51561e-07
1.6974e-09
3.51796e-07
1.96047e-09
3.51322e-07
8.3642e-10
3.5095e-07
2.18962e-10
3.50921e-07
6.53261e-10
3.50924e-07
1.33167e-09
3.50779e-07
1.68075e-09
3.50576e-07
2.06861e-09
3.50375e-07
2.46892e-09
3.50176e-07
2.73412e-09
3.50001e-07
2.92492e-09
3.49872e-07
3.14531e-09
3.49795e-07
3.33258e-09
3.49784e-07
3.3893e-09
3.49797e-07
3.41359e-09
3.49854e-07
3.37679e-09
3.49946e-07
3.28535e-09
3.50065e-07
3.148e-09
3.50197e-07
2.96907e-09
2.81824e-09
3.80513e-07
1.33205e-09
3.80638e-07
1.83541e-09
3.80382e-07
1.09319e-09
3.80004e-07
5.96907e-10
3.79897e-07
7.5933e-10
3.79843e-07
1.38585e-09
3.79672e-07
1.85171e-09
3.79466e-07
2.27505e-09
3.7928e-07
2.65434e-09
3.79111e-07
2.90382e-09
3.78962e-07
3.07387e-09
3.78864e-07
3.24357e-09
3.78822e-07
3.37406e-09
3.78825e-07
3.38638e-09
3.78863e-07
3.37565e-09
3.78937e-07
3.30257e-09
3.79041e-07
3.18124e-09
3.79166e-07
3.02339e-09
3.79301e-07
2.83376e-09
2.67728e-09
4.1189e-07
1.00456e-09
4.12359e-07
1.36588e-09
4.12517e-07
9.35705e-10
4.12029e-07
1.08414e-09
4.11512e-07
1.27665e-09
4.1121e-07
1.68783e-09
4.10953e-07
2.10917e-09
4.10753e-07
2.4742e-09
4.10603e-07
2.80454e-09
4.10468e-07
3.03889e-09
4.10347e-07
3.19548e-09
4.10278e-07
3.31231e-09
4.10275e-07
3.37671e-09
4.10293e-07
3.36828e-09
4.10351e-07
3.31812e-09
4.10439e-07
3.21394e-09
4.10552e-07
3.06818e-09
4.10681e-07
2.89481e-09
4.10817e-07
2.69771e-09
2.53803e-09
4.4584e-07
7.36888e-10
4.46636e-07
5.69278e-10
4.47027e-07
5.4559e-10
4.46963e-07
1.14775e-09
4.4611e-07
2.12931e-09
4.45239e-07
2.55881e-09
4.44849e-07
2.49951e-09
4.44666e-07
2.65692e-09
4.44548e-07
2.92273e-09
4.44447e-07
3.14015e-09
4.44348e-07
3.29436e-09
4.44323e-07
3.33762e-09
4.44341e-07
3.35885e-09
4.44379e-07
3.32986e-09
4.44453e-07
3.24363e-09
4.44554e-07
3.1133e-09
4.44674e-07
2.94825e-09
4.44806e-07
2.76274e-09
4.44943e-07
2.56088e-09
2.40062e-09
4.82548e-07
5.81985e-10
4.82524e-07
5.93031e-10
4.82176e-07
8.93925e-10
4.81951e-07
1.37252e-09
4.81992e-07
2.08799e-09
4.81926e-07
2.6249e-09
4.81667e-07
2.75834e-09
4.81467e-07
2.85717e-09
4.81344e-07
3.04539e-09
4.81263e-07
3.22135e-09
4.81211e-07
3.34698e-09
4.81209e-07
3.33888e-09
4.81243e-07
3.32512e-09
4.81307e-07
3.26537e-09
4.81399e-07
3.15249e-09
4.81511e-07
3.00097e-09
4.81637e-07
2.822e-09
4.81772e-07
2.62756e-09
4.81909e-07
2.42418e-09
2.26384e-09
5.22359e-07
4.79438e-10
5.22128e-07
8.23766e-10
5.21963e-07
1.05889e-09
5.21795e-07
1.54074e-09
5.21715e-07
2.16757e-09
5.21656e-07
2.68374e-09
5.21502e-07
2.91308e-09
5.21332e-07
3.02645e-09
5.21215e-07
3.16258e-09
5.21147e-07
3.28923e-09
5.21138e-07
3.35664e-09
5.21158e-07
3.3182e-09
5.21213e-07
3.27067e-09
5.21299e-07
3.17965e-09
5.21406e-07
3.04534e-09
5.21529e-07
2.87758e-09
5.21661e-07
2.68993e-09
5.21798e-07
2.49052e-09
5.21934e-07
2.28827e-09
2.12887e-09
5.65474e-07
4.18912e-10
5.65368e-07
9.29787e-10
5.65139e-07
1.28843e-09
5.64941e-07
1.73877e-09
5.64797e-07
2.31173e-09
5.64717e-07
2.76312e-09
5.64615e-07
3.01542e-09
5.64489e-07
3.15211e-09
5.64394e-07
3.25788e-09
5.64355e-07
3.32841e-09
5.64375e-07
3.33668e-09
5.6442e-07
3.27316e-09
5.64494e-07
3.19644e-09
5.64596e-07
3.07708e-09
5.64717e-07
2.92482e-09
5.64849e-07
2.7456e-09
5.64986e-07
2.55299e-09
5.65124e-07
2.35252e-09
5.65259e-07
2.15302e-09
1.99759e-09
6.12161e-07
3.95563e-10
6.12084e-07
1.00666e-09
6.11876e-07
1.49701e-09
6.11644e-07
1.97006e-09
6.11489e-07
2.46709e-09
6.11391e-07
2.86132e-09
6.11303e-07
3.10335e-09
6.11216e-07
3.23931e-09
6.11154e-07
3.31948e-09
6.1115e-07
3.33287e-09
6.11198e-07
3.28791e-09
6.1126e-07
3.21109e-09
6.11354e-07
3.10313e-09
6.1147e-07
2.96067e-09
6.11601e-07
2.79347e-09
6.1174e-07
2.60663e-09
6.11882e-07
2.41175e-09
6.12021e-07
2.21358e-09
6.12155e-07
2.01874e-09
1.86869e-09
6.62718e-07
4.00386e-10
6.62625e-07
1.09937e-09
6.62435e-07
1.68679e-09
6.62217e-07
2.18804e-09
6.62054e-07
2.63033e-09
6.61945e-07
2.9703e-09
6.61868e-07
3.18028e-09
6.61814e-07
3.29354e-09
6.61791e-07
3.34219e-09
6.61826e-07
3.29772e-09
6.61887e-07
3.22725e-09
6.61974e-07
3.12378e-09
6.62085e-07
2.9923e-09
6.62213e-07
2.83308e-09
6.62351e-07
2.65499e-09
6.62495e-07
2.46305e-09
6.62639e-07
2.26765e-09
6.62779e-07
2.07378e-09
6.62913e-07
1.88499e-09
1.74065e-09
7.17462e-07
4.26065e-10
7.17324e-07
1.23791e-09
7.1716e-07
1.85011e-09
7.16966e-07
2.38205e-09
7.16803e-07
2.7938e-09
7.16691e-07
3.08186e-09
7.16628e-07
3.24381e-09
7.16603e-07
3.3184e-09
7.16618e-07
3.32746e-09
7.16677e-07
3.23886e-09
7.16761e-07
3.14327e-09
7.16871e-07
3.01347e-09
7.17002e-07
2.86109e-09
7.17144e-07
2.69158e-09
7.17288e-07
2.51059e-09
7.17428e-07
2.32356e-09
7.1757e-07
2.12537e-09
7.17711e-07
1.93229e-09
7.17846e-07
1.74981e-09
1.61146e-09
7.76742e-07
4.62448e-10
7.76653e-07
1.32689e-09
7.76449e-07
2.05459e-09
7.76238e-07
2.59308e-09
7.76073e-07
2.95909e-09
7.75964e-07
3.19087e-09
7.75913e-07
3.29459e-09
7.75915e-07
3.31599e-09
7.75962e-07
3.28048e-09
7.76043e-07
3.15856e-09
7.76152e-07
3.03371e-09
7.76285e-07
2.88053e-09
7.76437e-07
2.70927e-09
7.76598e-07
2.53005e-09
7.76772e-07
2.33749e-09
7.76892e-07
2.20343e-09
7.76998e-07
2.01947e-09
7.77149e-07
1.78042e-09
7.77295e-07
1.60445e-09
1.47589e-09
8.40913e-07
5.18975e-10
8.40751e-07
1.48872e-09
8.40573e-07
2.23253e-09
8.40386e-07
2.77963e-09
8.40232e-07
3.1132e-09
8.40136e-07
3.28706e-09
8.40101e-07
3.32943e-09
8.40129e-07
3.28874e-09
8.40216e-07
3.1928e-09
8.40321e-07
3.05369e-09
8.40461e-07
2.89335e-09
8.40624e-07
2.71781e-09
8.40804e-07
2.52937e-09
8.40994e-07
2.34056e-09
8.41179e-07
2.15169e-09
8.41354e-07
2.02861e-09
8.41518e-07
1.85571e-09
8.41606e-07
1.69244e-09
8.41674e-07
1.53686e-09
1.35629e-09
3.27243e-06
8.38831e-10
3.27171e-06
2.21345e-09
3.27086e-06
3.08219e-09
3.27012e-06
3.51633e-09
3.26958e-06
3.65585e-09
3.26927e-06
3.60111e-09
3.26916e-06
3.43566e-09
3.26926e-06
3.18778e-09
3.26962e-06
2.83106e-09
3.27012e-06
2.56052e-09
3.2707e-06
2.30852e-09
3.27134e-06
2.07431e-09
3.27201e-06
1.85951e-09
3.27269e-06
1.66482e-09
3.27335e-06
1.48939e-09
3.27405e-06
1.33206e-09
3.27471e-06
1.19137e-09
3.27534e-06
1.06565e-09
3.27592e-06
9.53649e-10
8.72756e-10
3.53964e-06
1.1181e-09
3.53874e-06
3.1151e-09
3.53753e-06
4.29399e-09
3.53639e-06
4.65797e-09
3.53549e-06
4.55549e-09
3.53489e-06
4.19509e-09
3.53452e-06
3.80768e-09
3.5342e-06
3.50963e-09
3.53394e-06
3.08985e-09
3.53384e-06
2.65987e-09
3.5339e-06
2.25073e-09
3.53412e-06
1.85675e-09
3.53448e-06
1.49601e-09
3.53498e-06
1.16592e-09
3.53559e-06
8.77549e-10
3.53629e-06
6.28271e-10
3.53706e-06
4.24186e-10
3.53786e-06
2.62443e-10
3.53867e-06
1.47029e-10
7.3897e-11
3.82783e-06
2.17902e-09
3.82574e-06
5.21469e-09
3.82338e-06
6.64796e-09
3.82131e-06
6.73129e-09
3.81967e-06
6.19104e-09
3.81871e-06
5.15443e-09
3.81819e-06
4.32905e-09
3.81818e-06
3.52238e-09
3.81848e-06
2.79224e-09
3.81903e-06
2.10157e-09
3.81979e-06
1.49239e-09
3.8207e-06
9.4754e-10
3.8217e-06
4.95448e-10
3.82273e-06
1.36108e-10
3.82389e-06
-2.81246e-10
3.82518e-06
-6.58828e-10
3.82651e-06
-9.02743e-10
3.82781e-06
-1.03759e-09
3.82901e-06
-1.06002e-09
-9.49654e-10
4.14266e-06
9.7915e-10
4.14511e-06
2.76151e-09
4.14797e-06
3.7901e-09
4.15065e-06
4.05239e-09
4.15295e-06
3.88956e-09
4.1546e-06
3.51056e-09
4.15571e-06
3.22054e-09
4.15645e-06
2.7734e-09
4.1569e-06
2.34426e-09
4.15708e-06
1.92018e-09
4.15705e-06
1.52656e-09
4.15684e-06
1.15238e-09
4.15653e-06
8.14125e-10
4.15616e-06
5.05511e-10
4.15564e-06
2.32635e-10
4.15499e-06
-5.8355e-12
4.1542e-06
-1.13496e-10
4.15335e-06
-1.87126e-10
4.15252e-06
-2.33077e-10
-2.60697e-10
4.47992e-06
6.04524e-10
4.48111e-06
1.57387e-09
4.48279e-06
2.1086e-09
4.48457e-06
2.2736e-09
4.48626e-06
2.19533e-09
4.48778e-06
1.98943e-09
4.48928e-06
1.72481e-09
4.49065e-06
1.39596e-09
4.49184e-06
1.16225e-09
4.49279e-06
9.65644e-10
4.49351e-06
8.0352e-10
4.494e-06
6.70666e-10
4.49425e-06
5.62896e-10
4.49428e-06
4.75963e-10
4.4941e-06
4.05692e-10
4.49375e-06
3.48896e-10
4.49333e-06
3.02504e-10
4.49288e-06
2.64305e-10
4.49242e-06
2.3232e-10
2.09658e-10
4.84554e-06
2.85258e-10
4.84624e-06
8.72333e-10
4.8471e-06
1.25087e-09
4.84797e-06
1.40855e-09
4.84875e-06
1.41692e-09
4.84939e-06
1.3483e-09
4.84985e-06
1.26301e-09
4.85007e-06
1.17284e-09
4.85018e-06
1.05158e-09
4.85022e-06
9.31144e-10
4.8502e-06
8.19312e-10
4.85015e-06
7.17464e-10
4.85009e-06
6.26956e-10
4.85002e-06
5.47582e-10
4.84995e-06
4.78517e-10
4.84988e-06
4.18874e-10
4.84981e-06
3.67378e-10
4.84975e-06
3.22995e-10
4.8497e-06
2.84595e-10
2.4528e-10
5.24087e-06
1.7178e-10
5.24117e-06
5.71329e-10
5.24158e-06
8.391e-10
5.24203e-06
9.62528e-10
5.24246e-06
9.86109e-10
5.24285e-06
9.60168e-10
5.2432e-06
9.0868e-10
5.24353e-06
8.43573e-10
5.24381e-06
7.74525e-10
5.24403e-06
7.0372e-10
5.24422e-06
6.32968e-10
5.24439e-06
5.53283e-10
5.24452e-06
4.95613e-10
5.24462e-06
4.4422e-10
5.2447e-06
3.97707e-10
5.24476e-06
3.55936e-10
5.24481e-06
3.18148e-10
5.24485e-06
2.84209e-10
5.24488e-06
2.53578e-10
2.31192e-10
5.66864e-06
1.09619e-10
5.66882e-06
3.85597e-10
5.66908e-06
5.8456e-10
5.66936e-06
6.83581e-10
5.66963e-06
7.13135e-10
5.66988e-06
7.0818e-10
5.67011e-06
6.84715e-10
5.6703e-06
6.49282e-10
5.67047e-06
6.08892e-10
5.67061e-06
5.64581e-10
5.67072e-06
5.19837e-10
5.67079e-06
4.77009e-10
5.67085e-06
4.4284e-10
5.67089e-06
4.02136e-10
5.67092e-06
3.63646e-10
5.67095e-06
3.27937e-10
5.67098e-06
2.94935e-10
5.67099e-06
2.64796e-10
5.67101e-06
2.37324e-10
2.07649e-10
6.13136e-06
7.56664e-11
6.13146e-06
2.81992e-10
6.13161e-06
4.35703e-10
6.13178e-06
5.15409e-10
6.13194e-06
5.44416e-10
6.1321e-06
5.55603e-10
6.13224e-06
5.44761e-10
6.13236e-06
5.2317e-10
6.13248e-06
4.96202e-10
6.13258e-06
4.64546e-10
6.13266e-06
4.30986e-10
6.13275e-06
3.96606e-10
6.13283e-06
3.62564e-10
6.1329e-06
3.29819e-10
6.13296e-06
2.98714e-10
6.13302e-06
2.69772e-10
6.13307e-06
2.42963e-10
6.13312e-06
2.18446e-10
6.13316e-06
1.96062e-10
1.71909e-10
6.63186e-06
5.62102e-11
6.63193e-06
2.15289e-10
6.63203e-06
3.35272e-10
6.63215e-06
3.98621e-10
6.63227e-06
4.22304e-10
6.6324e-06
4.27163e-10
6.63252e-06
4.252e-10
6.63263e-06
4.10605e-10
6.63273e-06
3.91244e-10
6.63283e-06
3.67806e-10
6.63292e-06
3.42452e-10
6.633e-06
3.16144e-10
6.63308e-06
2.84222e-10
6.63315e-06
2.58636e-10
6.63321e-06
2.34166e-10
6.63327e-06
2.113e-10
6.63332e-06
1.90026e-10
6.63337e-06
1.70516e-10
6.63342e-06
1.52654e-10
1.39425e-10
7.17324e-06
4.19746e-11
7.17329e-06
1.62821e-10
7.17337e-06
2.54636e-10
7.17346e-06
3.03229e-10
7.17357e-06
3.21698e-10
7.17367e-06
3.25768e-10
7.17377e-06
3.21521e-10
7.17387e-06
3.10853e-10
7.17396e-06
2.96518e-10
7.17405e-06
2.78838e-10
7.17414e-06
2.59578e-10
7.17421e-06
2.39499e-10
7.17428e-06
2.19393e-10
7.17434e-06
1.99921e-10
7.17439e-06
1.81289e-10
7.17444e-06
1.63826e-10
7.17448e-06
1.47525e-10
7.17452e-06
1.32511e-10
7.17455e-06
1.18717e-10
1.08437e-10
7.75881e-06
2.99185e-11
7.75885e-06
1.17458e-10
7.75892e-06
1.83953e-10
7.75901e-06
2.1926e-10
7.7591e-06
2.32595e-10
7.75919e-06
2.35647e-10
7.75928e-06
2.32654e-10
7.75936e-06
2.25206e-10
7.75944e-06
2.1515e-10
7.75952e-06
2.02718e-10
7.75959e-06
1.89049e-10
7.75965e-06
1.74717e-10
7.75971e-06
1.6024e-10
7.75977e-06
1.46128e-10
7.75982e-06
1.32545e-10
7.75986e-06
1.19793e-10
7.7599e-06
1.07876e-10
7.75993e-06
1.00266e-10
7.75996e-06
9.02207e-11
7.93572e-11
8.39218e-06
1.95179e-11
8.39222e-06
7.67908e-11
8.39229e-06
1.20467e-10
8.39236e-06
1.43629e-10
8.39244e-06
1.52476e-10
8.39252e-06
1.54554e-10
8.3926e-06
1.52714e-10
8.39268e-06
1.47898e-10
8.39276e-06
1.41375e-10
8.39282e-06
1.33245e-10
8.39289e-06
1.24298e-10
8.39295e-06
1.14887e-10
8.393e-06
1.05386e-10
8.39305e-06
9.61171e-11
8.3931e-06
8.72027e-11
8.39314e-06
7.88266e-11
8.39318e-06
7.09985e-11
8.39321e-06
6.58579e-11
8.39324e-06
5.93138e-11
5.22529e-11
9.07726e-06
9.68436e-12
9.0773e-06
3.83911e-11
9.07736e-06
6.04164e-11
9.07743e-06
7.22202e-11
9.07751e-06
7.67955e-11
9.07759e-06
7.79238e-11
9.07766e-06
7.70247e-11
9.07774e-06
7.46101e-11
9.07781e-06
7.13216e-11
9.07787e-06
6.72267e-11
9.07793e-06
6.2718e-11
9.07799e-06
5.79781e-11
9.07804e-06
5.31889e-11
9.07809e-06
4.85163e-11
9.07813e-06
4.40182e-11
9.07817e-06
3.97896e-11
9.07821e-06
3.58336e-11
9.07824e-06
3.21869e-11
9.07827e-06
2.88328e-11
2.63384e-11
9.81827e-06
9.81831e-06
9.81837e-06
9.81844e-06
9.81852e-06
9.8186e-06
9.81867e-06
9.81875e-06
9.81882e-06
9.81889e-06
9.81895e-06
9.81901e-06
9.81906e-06
9.81911e-06
9.81915e-06
9.81919e-06
9.81923e-06
9.81926e-06
9.81929e-06
)
;

boundaryField
{
    top
    {
        type            calculated;
        value           uniform 0;
    }
    inlet
    {
        type            calculated;
        value           nonuniform List<scalar> 
45
(
-3.27275e-06
-3.53992e-06
-3.8289e-06
-4.14146e-06
-4.47954e-06
-4.84522e-06
-5.24076e-06
-5.66858e-06
-6.13132e-06
-6.63184e-06
-7.17322e-06
-7.7588e-06
-8.39217e-06
-9.07725e-06
-9.81826e-06
-8.40969e-08
-9.10464e-08
-9.85702e-08
-1.06716e-07
-1.15534e-07
-1.25082e-07
-1.35418e-07
-1.46609e-07
-1.58724e-07
-1.7184e-07
-1.86041e-07
-2.01414e-07
-2.18059e-07
-2.36078e-07
-2.55587e-07
-2.76708e-07
-2.99574e-07
-3.2433e-07
-3.51132e-07
-3.80148e-07
-4.11562e-07
-4.45572e-07
-4.82393e-07
-5.22256e-07
-5.65414e-07
-6.12138e-07
-6.62723e-07
-7.17488e-07
-7.76779e-07
-8.40969e-07
)
;
    }
    outlet
    {
        type            calculated;
        value           nonuniform List<scalar> 
45
(
3.30737e-06
3.57369e-06
3.86158e-06
4.1616e-06
4.49704e-06
4.85905e-06
5.25299e-06
5.67953e-06
6.14119e-06
6.64088e-06
7.18146e-06
7.76637e-06
8.39922e-06
9.08401e-06
9.82507e-06
6.23695e-09
2.08618e-08
3.88616e-08
6.00013e-08
8.30655e-08
1.05847e-07
1.26242e-07
1.43624e-07
1.58876e-07
1.73371e-07
1.8817e-07
2.03866e-07
2.20751e-07
2.38999e-07
2.5874e-07
2.80104e-07
3.03225e-07
3.28248e-07
3.55333e-07
3.84651e-07
4.16391e-07
4.50754e-07
4.8797e-07
5.2827e-07
5.71891e-07
6.19108e-07
6.70216e-07
7.25531e-07
7.85394e-07
8.50191e-07
)
;
    }
    plate
    {
        type            calculated;
        value           uniform 0;
    }
    symmBound
    {
        type            calculated;
        value           nonuniform List<scalar> 
20
(
-1.02509e-08
8.10307e-09
-6.61858e-09
7.20349e-09
-7.00719e-09
1.80256e-09
-4.71059e-09
2.71152e-09
-2.95999e-09
2.22879e-09
-2.09772e-09
2.12369e-09
-1.65418e-09
8.58061e-10
-1.90182e-09
-7.75126e-11
-1.491e-09
-3.15397e-10
-1.12993e-09
-6.63748e-10
)
;
    }
    frontAndBack
    {
        type            empty;
        value           nonuniform 0();
    }
}


// ************************************************************************* //
