/*--------------------------------*- C++ -*----------------------------------*\
| =========                 |                                                 |
| \\      /  F ield         | OpenFOAM: The Open Source CFD Toolbox           |
|  \\    /   O peration     | Version:  5.x                                   |
|   \\  /    A nd           | Web:      www.OpenFOAM.org                      |
|    \\/     M anipulation  |                                                 |
\*---------------------------------------------------------------------------*/
FoamFile
{
    version     2.0;
    format      ascii;
    class       volVectorField;
    location    "0.6";
    object      U;
}
// * * * * * * * * * * * * * * * * * * * * * * * * * * * * * * * * * * * * * //

dimensions      [0 1 -1 0 0 0 0];

internalField   nonuniform List<vector> 
2475
(
(0.91263 0.0113576 0)
(0.81466 0.0147697 0)
(0.713806 0.0143706 0)
(0.608961 0.013008 0)
(0.502945 0.0114163 0)
(0.401559 0.00907874 0)
(0.31649 0.00555115 0)
(0.259277 0.00182728 0)
(0.226355 -0.000128074 0)
(0.206165 -0.00051139 0)
(0.192356 -0.000399314 0)
(0.182115 -0.000223643 0)
(0.17339 -5.54431e-05 0)
(0.165452 6.45261e-05 0)
(0.157785 0.000124628 0)
(0.150646 0.000142598 0)
(0.143821 0.000137521 0)
(0.137703 0.000124954 0)
(0.131869 0.000109884 0)
(0.126741 9.76244e-05 0)
(0.121691 8.63172e-05 0)
(0.117329 7.71313e-05 0)
(0.112835 6.83265e-05 0)
(0.109074 6.26551e-05 0)
(0.10495 5.55983e-05 0)
(0.101708 5.08857e-05 0)
(0.0978441 4.52167e-05 0)
(0.0950995 4.18198e-05 0)
(0.0913776 3.67426e-05 0)
(0.0891513 3.45556e-05 0)
(0.085413 3.04831e-05 0)
(0.083762 2.91665e-05 0)
(0.0797804 2.57609e-05 0)
(0.0788791 2.47425e-05 0)
(0.0742674 2.47389e-05 0)
(0.967924 0.0194892 0)
(0.960051 0.0271382 0)
(0.945153 0.0284254 0)
(0.920493 0.027854 0)
(0.884994 0.0268491 0)
(0.83966 0.024794 0)
(0.78808 0.0207091 0)
(0.737136 0.0147691 0)
(0.691023 0.00939545 0)
(0.648964 0.00605646 0)
(0.609869 0.00416422 0)
(0.574511 0.00309992 0)
(0.54228 0.00247167 0)
(0.513651 0.00206668 0)
(0.487598 0.00176739 0)
(0.464559 0.00153084 0)
(0.443175 0.00132421 0)
(0.424304 0.00115231 0)
(0.406333 0.00100138 0)
(0.390557 0.000882776 0)
(0.374951 0.000776858 0)
(0.361496 0.000693487 0)
(0.34756 0.000614685 0)
(0.335956 0.000557708 0)
(0.323214 0.000495319 0)
(0.313255 0.000451985 0)
(0.30134 0.000401038 0)
(0.292935 0.000369975 0)
(0.281462 0.000325921 0)
(0.274649 0.000305992 0)
(0.263148 0.000267844 0)
(0.258125 0.000257584 0)
(0.245934 0.000222208 0)
(0.243201 0.000220433 0)
(0.229284 0.00019888 0)
(0.972149 0.0185385 0)
(0.972555 0.0263349 0)
(0.97463 0.0291531 0)
(0.975616 0.0296972 0)
(0.973013 0.0296152 0)
(0.965893 0.0286859 0)
(0.953255 0.0257405 0)
(0.936311 0.0206975 0)
(0.916269 0.0155108 0)
(0.894541 0.0120453 0)
(0.870584 0.0100167 0)
(0.846249 0.00873799 0)
(0.82071 0.00772514 0)
(0.795649 0.00681097 0)
(0.769722 0.00595071 0)
(0.744892 0.00518933 0)
(0.719334 0.00450176 0)
(0.695611 0.00391809 0)
(0.671267 0.00340534 0)
(0.649396 0.00299628 0)
(0.626527 0.00263103 0)
(0.606704 0.0023414 0)
(0.585238 0.00206976 0)
(0.567487 0.00186529 0)
(0.547251 0.00165259 0)
(0.531693 0.00150331 0)
(0.512394 0.00133274 0)
(0.499092 0.00122733 0)
(0.480226 0.00108196 0)
(0.469318 0.0010142 0)
(0.450221 0.000886085 0)
(0.442135 0.00085228 0)
(0.42184 0.000731021 0)
(0.417385 0.000728713 0)
(0.394398 0.000636556 0)
(0.97704 0.0175153 0)
(0.977098 0.0242286 0)
(0.979695 0.0276884 0)
(0.984164 0.0286885 0)
(0.988117 0.028697 0)
(0.991545 0.0279694 0)
(0.992505 0.0256892 0)
(0.991505 0.0216664 0)
(0.986799 0.0171529 0)
(0.980438 0.0139417 0)
(0.971059 0.0121776 0)
(0.961537 0.0111742 0)
(0.949696 0.0103658 0)
(0.938299 0.00958608 0)
(0.92423 0.00878083 0)
(0.910777 0.00803904 0)
(0.894216 0.00730954 0)
(0.878881 0.00665147 0)
(0.860306 0.00600781 0)
(0.843923 0.00546953 0)
(0.823943 0.00494255 0)
(0.807167 0.00451173 0)
(0.786069 0.00407319 0)
(0.769279 0.00373128 0)
(0.747217 0.00334655 0)
(0.731129 0.003071 0)
(0.708473 0.00274204 0)
(0.693942 0.00254056 0)
(0.670647 0.00225316 0)
(0.658229 0.00211953 0)
(0.633764 0.00185792 0)
(0.624298 0.00178997 0)
(0.597812 0.00153889 0)
(0.592468 0.00153389 0)
(0.562391 0.00132518 0)
(0.981655 0.0171004 0)
(0.981669 0.02269 0)
(0.983388 0.0264138 0)
(0.987885 0.0277683 0)
(0.992125 0.0277254 0)
(0.997278 0.0268493 0)
(1.00048 0.0248001 0)
(1.00371 0.0214333 0)
(1.00353 0.0174668 0)
(1.00312 0.0144251 0)
(0.999486 0.01272 0)
(0.9972 0.0118462 0)
(0.992315 0.0111926 0)
(0.989539 0.0105759 0)
(0.983528 0.00989553 0)
(0.979678 0.00928761 0)
(0.971651 0.00866167 0)
(0.966195 0.00811156 0)
(0.955873 0.00752445 0)
(0.948992 0.0070471 0)
(0.9365 0.00653005 0)
(0.928507 0.0061273 0)
(0.913805 0.00567605 0)
(0.904712 0.0053521 0)
(0.887397 0.00492086 0)
(0.877344 0.004626 0)
(0.857471 0.00420416 0)
(0.847455 0.00396638 0)
(0.825352 0.00357169 0)
(0.816168 0.00341163 0)
(0.791331 0.00302685 0)
(0.783846 0.00294258 0)
(0.755807 0.00255705 0)
(0.751442 0.00255621 0)
(0.719095 0.00221794 0)
(0.985585 0.0169921 0)
(0.985807 0.0215523 0)
(0.986731 0.0251652 0)
(0.991049 0.0267868 0)
(0.994732 0.0268049 0)
(1.00022 0.0258437 0)
(1.00321 0.0239269 0)
(1.00735 0.0210487 0)
(1.00775 0.0175427 0)
(1.00921 0.0146337 0)
(1.00681 0.012871 0)
(1.00701 0.011998 0)
(1.00394 0.011395 0)
(1.00455 0.0108687 0)
(1.00129 0.0102437 0)
(1.00197 0.00970789 0)
(0.997706 0.00913356 0)
(0.997876 0.00866663 0)
(0.992189 0.00813142 0)
(0.991796 0.00773111 0)
(0.984586 0.00724995 0)
(0.983753 0.00691548 0)
(0.974854 0.0064993 0)
(0.973449 0.00626259 0)
(0.96221 0.00587141 0)
(0.959767 0.00565668 0)
(0.945599 0.00523302 0)
(0.942492 0.00503572 0)
(0.925657 0.00460593 0)
(0.922628 0.00449113 0)
(0.902561 0.00405786 0)
(0.899671 0.00400604 0)
(0.87592 0.00354489 0)
(0.874215 0.00356922 0)
(0.846337 0.00315502 0)
(0.988626 0.0172053 0)
(0.989092 0.0208186 0)
(0.989394 0.0239472 0)
(0.993528 0.0256449 0)
(0.996596 0.0257783 0)
(1.00222 0.0248552 0)
(1.0048 0.0230469 0)
(1.00923 0.020555 0)
(1.00949 0.0174776 0)
(1.01168 0.014745 0)
(1.00944 0.012924 0)
(1.01047 0.0120132 0)
(1.00757 0.0114181 0)
(1.00919 0.0109488 0)
(1.00644 0.0103465 0)
(1.00861 0.009839 0)
(1.00543 0.00926855 0)
(1.00769 0.00883585 0)
(1.00374 0.00831442 0)
(1.00605 0.00795584 0)
(1.00126 0.0074865 0)
(1.00373 0.00719223 0)
(0.99804 0.00679126 0)
(1.00062 0.00661772 0)
(0.993595 0.00626952 0)
(0.995742 0.00614028 0)
(0.986688 0.00575344 0)
(0.988264 0.00561307 0)
(0.977251 0.00518498 0)
(0.97886 0.00512849 0)
(0.96567 0.00471805 0)
(0.966607 0.00472061 0)
(0.950554 0.0042639 0)
(0.951186 0.00431659 0)
(0.932341 0.00391714 0)
(0.99071 0.0177042 0)
(0.991281 0.0204354 0)
(0.991222 0.0229217 0)
(0.995076 0.0245073 0)
(0.997689 0.0247446 0)
(1.00319 0.0239412 0)
(1.00558 0.0222531 0)
(1.01002 0.0200518 0)
(1.01029 0.0173661 0)
(1.01271 0.014857 0)
(1.01075 0.0130089 0)
(1.01196 0.0120383 0)
(1.00925 0.0114209 0)
(1.01092 0.0109817 0)
(1.00847 0.0103963 0)
(1.01077 0.00990033 0)
(1.00817 0.00931958 0)
(1.01069 0.00889126 0)
(1.00768 0.00836553 0)
(1.01039 0.00802034 0)
(1.00694 0.0075511 0)
(1.00991 0.00726708 0)
(1.00605 0.00686643 0)
(1.00929 0.00671345 0)
(1.00491 0.00639139 0)
(1.00808 0.0063062 0)
(1.00271 0.00595802 0)
(1.00555 0.00584985 0)
(0.999158 0.00543314 0)
(1.00206 0.00539368 0)
(0.994914 0.0050359 0)
(0.997071 0.0050724 0)
(0.988339 0.00466701 0)
(0.989713 0.00472294 0)
(0.979735 0.00439409 0)
(0.992123 0.0179099 0)
(0.992542 0.0199629 0)
(0.992432 0.0218665 0)
(0.99583 0.0232582 0)
(0.998236 0.0235797 0)
(1.0033 0.0229572 0)
(1.00574 0.0214588 0)
(1.00989 0.0195116 0)
(1.01046 0.0171783 0)
(1.01272 0.0149133 0)
(1.01133 0.0130808 0)
(1.01233 0.0120454 0)
(1.01015 0.0113947 0)
(1.01138 0.0109719 0)
(1.00952 0.0104158 0)
(1.01133 0.00993423 0)
(1.00952 0.00935013 0)
(1.01151 0.0089131 0)
(1.0095 0.00838153 0)
(1.01159 0.00803474 0)
(1.00936 0.00756903 0)
(1.01157 0.00728031 0)
(1.00918 0.00688306 0)
(1.01153 0.0067249 0)
(1.00905 0.00642083 0)
(1.01137 0.00634508 0)
(1.00855 0.00602659 0)
(1.01071 0.00592575 0)
(1.00747 0.00552488 0)
(1.00961 0.00546372 0)
(1.00643 0.00515589 0)
(1.00807 0.00519938 0)
(1.0042 0.00485129 0)
(1.00522 0.00488524 0)
(1.00104 0.00462965 0)
(0.993253 0.0175952 0)
(0.993293 0.0192693 0)
(0.993333 0.0207427 0)
(0.996165 0.0219197 0)
(0.99856 0.0222954 0)
(1.00298 0.0218713 0)
(1.00562 0.0206193 0)
(1.00927 0.0189061 0)
(1.01028 0.0168722 0)
(1.01216 0.0148512 0)
(1.01147 0.013091 0)
(1.0121 0.0120121 0)
(1.01061 0.0113319 0)
(1.01124 0.0109156 0)
(1.01008 0.0103942 0)
(1.01121 0.00993158 0)
(1.01024 0.00935348 0)
(1.01151 0.00890485 0)
(1.01046 0.00837025 0)
(1.01174 0.00801713 0)
(1.01058 0.0075628 0)
(1.01184 0.00726867 0)
(1.01063 0.00688324 0)
(1.0119 0.00671352 0)
(1.01073 0.00642301 0)
(1.01198 0.00634259 0)
(1.01074 0.00604321 0)
(1.01193 0.00593917 0)
(1.01055 0.00555801 0)
(1.01163 0.00546445 0)
(1.01048 0.00519248 0)
(1.01132 0.00522946 0)
(1.00989 0.00492617 0)
(1.01041 0.00492956 0)
(1.00898 0.00472679 0)
(0.994268 0.0170718 0)
(0.993849 0.0185492 0)
(0.994052 0.0197342 0)
(0.996348 0.0207053 0)
(0.998786 0.021086 0)
(1.00257 0.0208149 0)
(1.00536 0.0198023 0)
(1.00851 0.0183071 0)
(1.00992 0.0165235 0)
(1.01144 0.0147414 0)
(1.01134 0.0130985 0)
(1.01167 0.0119966 0)
(1.01077 0.0112832 0)
(1.01094 0.0108561 0)
(1.01032 0.0103594 0)
(1.01091 0.00991656 0)
(1.01055 0.00935054 0)
(1.01127 0.00889302 0)
(1.01089 0.00835519 0)
(1.01158 0.00799259 0)
(1.01113 0.0075499 0)
(1.01174 0.00725146 0)
(1.01126 0.00687896 0)
(1.01182 0.00669923 0)
(1.0114 0.00641705 0)
(1.01197 0.00632911 0)
(1.01156 0.00604049 0)
(1.01213 0.00593022 0)
(1.01167 0.00556978 0)
(1.01211 0.00544963 0)
(1.01179 0.00520187 0)
(1.01215 0.00522713 0)
(1.0117 0.00495663 0)
(1.01193 0.00493238 0)
(1.01151 0.00476466 0)
(0.995208 0.016493 0)
(0.994374 0.0178333 0)
(0.994634 0.0188237 0)
(0.996517 0.0196199 0)
(0.998938 0.0199657 0)
(1.00221 0.0197883 0)
(1.00503 0.0189872 0)
(1.00781 0.0177213 0)
(1.00946 0.0161629 0)
(1.01075 0.0146052 0)
(1.01105 0.0131018 0)
(1.01125 0.0119935 0)
(1.01075 0.0112433 0)
(1.01066 0.0107928 0)
(1.01035 0.0103085 0)
(1.01064 0.00988547 0)
(1.01061 0.00933895 0)
(1.01103 0.00888095 0)
(1.01101 0.00834124 0)
(1.01139 0.00796795 0)
(1.01131 0.00753411 0)
(1.01159 0.00723324 0)
(1.01147 0.00687257 0)
(1.0117 0.00668605 0)
(1.01161 0.00640892 0)
(1.01187 0.00631218 0)
(1.01182 0.00603071 0)
(1.01211 0.00591267 0)
(1.01203 0.00557296 0)
(1.01221 0.00543414 0)
(1.01215 0.00520488 0)
(1.01232 0.00521455 0)
(1.01223 0.0049705 0)
(1.01234 0.00492444 0)
(1.01222 0.00478193 0)
(0.996068 0.0159061 0)
(0.994907 0.0171203 0)
(0.995104 0.0179771 0)
(0.996696 0.0186251 0)
(0.999021 0.0189157 0)
(1.00193 0.0187909 0)
(1.00468 0.0181607 0)
(1.00719 0.0171234 0)
(1.00894 0.0157729 0)
(1.01014 0.0144105 0)
(1.01065 0.0130557 0)
(1.01085 0.0119699 0)
(1.0106 0.0111888 0)
(1.01044 0.0107158 0)
(1.01027 0.0102374 0)
(1.01043 0.00983388 0)
(1.01054 0.00931423 0)
(1.01083 0.00886365 0)
(1.01097 0.00832424 0)
(1.01123 0.00793883 0)
(1.0113 0.00751107 0)
(1.01146 0.00720885 0)
(1.01148 0.00686042 0)
(1.01161 0.00666965 0)
(1.01163 0.00639849 0)
(1.01179 0.00629142 0)
(1.01186 0.00601764 0)
(1.01205 0.00588978 0)
(1.0121 0.00557079 0)
(1.0122 0.00541849 0)
(1.01221 0.00520646 0)
(1.01233 0.00519762 0)
(1.01235 0.0049772 0)
(1.01242 0.00491444 0)
(1.01239 0.00479208 0)
(0.996854 0.0153075 0)
(0.995437 0.0163968 0)
(0.995488 0.0171509 0)
(0.996862 0.0176776 0)
(0.999048 0.0179098 0)
(1.00171 0.01782 0)
(1.00432 0.0173189 0)
(1.00665 0.0164886 0)
(1.00839 0.01534 0)
(1.00956 0.0141504 0)
(1.01018 0.0129491 0)
(1.01045 0.01192 0)
(1.01036 0.01112 0)
(1.01021 0.0106278 0)
(1.01012 0.0101522 0)
(1.01023 0.00976117 0)
(1.01039 0.00926937 0)
(1.01064 0.00883264 0)
(1.01085 0.00830145 0)
(1.01108 0.00790662 0)
(1.01122 0.00748555 0)
(1.01135 0.00718092 0)
(1.01141 0.00684396 0)
(1.01151 0.006648 0)
(1.01158 0.00638487 0)
(1.01171 0.00626614 0)
(1.01182 0.00600295 0)
(1.01198 0.00586431 0)
(1.01207 0.00556588 0)
(1.01215 0.00540227 0)
(1.01219 0.00520686 0)
(1.01228 0.00517869 0)
(1.01235 0.00498008 0)
(1.0124 0.00490467 0)
(1.01241 0.00479908 0)
(0.997568 0.0146929 0)
(0.995936 0.015651 0)
(0.995804 0.0163125 0)
(0.996993 0.016747 0)
(0.999032 0.016928 0)
(1.0015 0.0168655 0)
(1.00397 0.0164677 0)
(1.00615 0.0158129 0)
(1.00784 0.0148666 0)
(1.00901 0.0138398 0)
(1.00969 0.0127881 0)
(1.01002 0.0118444 0)
(1.01006 0.0110446 0)
(1.00997 0.0105329 0)
(1.00992 0.010058 0)
(1.01002 0.00966711 0)
(1.01021 0.00920023 0)
(1.01044 0.00878379 0)
(1.01068 0.00827157 0)
(1.01091 0.00787048 0)
(1.01109 0.00745719 0)
(1.01121 0.0071486 0)
(1.0113 0.00682311 0)
(1.0114 0.00662145 0)
(1.01149 0.00636886 0)
(1.01161 0.0062372 0)
(1.01174 0.00598585 0)
(1.01188 0.00583575 0)
(1.012 0.00555793 0)
(1.01207 0.00538515 0)
(1.01212 0.0052055 0)
(1.01221 0.00515868 0)
(1.0123 0.00497968 0)
(1.01234 0.00489507 0)
(1.01237 0.00480368 0)
(0.998211 0.0140711 0)
(0.996388 0.0148952 0)
(0.996068 0.0154744 0)
(0.997086 0.0158438 0)
(0.998987 0.0159918 0)
(1.0013 0.015953 0)
(1.00363 0.0156438 0)
(1.0057 0.0151261 0)
(1.00732 0.0143664 0)
(1.00847 0.0134929 0)
(1.00919 0.0125758 0)
(1.00958 0.0117319 0)
(1.00971 0.0109558 0)
(1.00969 0.0104222 0)
(1.00968 0.00995089 0)
(1.00979 0.00955775 0)
(1.00999 0.00911569 0)
(1.01022 0.00872392 0)
(1.01048 0.00823853 0)
(1.01072 0.00783308 0)
(1.01092 0.00742697 0)
(1.01105 0.00711267 0)
(1.01116 0.0067976 0)
(1.01127 0.00658926 0)
(1.01137 0.00634824 0)
(1.01149 0.0062045 0)
(1.01163 0.00596614 0)
(1.01177 0.00580572 0)
(1.0119 0.00554713 0)
(1.01197 0.005367 0)
(1.01203 0.0052008 0)
(1.01211 0.00513788 0)
(1.01222 0.00497569 0)
(1.01226 0.00488538 0)
(1.0123 0.00480536 0)
(0.998781 0.0134225 0)
(0.996787 0.0141249 0)
(0.996294 0.0146376 0)
(0.997153 0.0149673 0)
(0.998926 0.015105 0)
(1.00111 0.0150867 0)
(1.00332 0.0148527 0)
(1.00528 0.014442 0)
(1.00683 0.0138411 0)
(1.00795 0.013118 0)
(1.0087 0.0123256 0)
(1.00912 0.0115822 0)
(1.00933 0.0108548 0)
(1.00938 0.0103051 0)
(1.00941 0.00984142 0)
(1.00954 0.00944791 0)
(1.00976 0.00902173 0)
(1.00998 0.00864888 0)
(1.01025 0.00819393 0)
(1.0105 0.00779028 0)
(1.01073 0.00739576 0)
(1.01087 0.00707906 0)
(1.011 0.00677445 0)
(1.01111 0.00655915 0)
(1.01123 0.00632793 0)
(1.01134 0.00617258 0)
(1.0115 0.00594617 0)
(1.01163 0.00577751 0)
(1.01177 0.00553661 0)
(1.01184 0.00535228 0)
(1.01192 0.00519639 0)
(1.012 0.0051201 0)
(1.01211 0.00497139 0)
(1.01215 0.0048785 0)
(1.01221 0.00480716 0)
(0.999295 0.0127624 0)
(0.997146 0.013365 0)
(0.996501 0.0138194 0)
(0.997211 0.0141208 0)
(0.998862 0.0142519 0)
(1.00092 0.0142455 0)
(1.00303 0.0140687 0)
(1.00489 0.0137441 0)
(1.00638 0.0132704 0)
(1.00746 0.0126895 0)
(1.00821 0.0120144 0)
(1.00866 0.0113605 0)
(1.00892 0.0107052 0)
(1.00904 0.0101595 0)
(1.00912 0.00970389 0)
(1.00926 0.00931442 0)
(1.0095 0.00889836 0)
(1.00972 0.00854074 0)
(1.01 0.00812217 0)
(1.01026 0.00772864 0)
(1.01051 0.00734952 0)
(1.01067 0.0070316 0)
(1.01082 0.00673469 0)
(1.01094 0.00651252 0)
(1.01107 0.00629162 0)
(1.01118 0.00612803 0)
(1.01135 0.00591426 0)
(1.01147 0.00574018 0)
(1.01163 0.00551566 0)
(1.01169 0.00532963 0)
(1.01179 0.0051827 0)
(1.01186 0.00509582 0)
(1.01199 0.00495949 0)
(1.01202 0.00486588 0)
(1.0121 0.0048031 0)
(0.99977 0.0121407 0)
(0.997472 0.0126601 0)
(0.996691 0.013053 0)
(0.997261 0.0133241 0)
(0.998793 0.0134466 0)
(1.00075 0.0134538 0)
(1.00276 0.0133259 0)
(1.00454 0.0130768 0)
(1.00597 0.012707 0)
(1.00701 0.0122483 0)
(1.00775 0.011687 0)
(1.00822 0.0111137 0)
(1.00851 0.0105405 0)
(1.00868 0.0100179 0)
(1.00881 0.00956501 0)
(1.00897 0.00918205 0)
(1.00922 0.00877546 0)
(1.00945 0.00842815 0)
(1.00974 0.00804595 0)
(1.01001 0.00766624 0)
(1.01028 0.00730221 0)
(1.01045 0.00698663 0)
(1.01062 0.00669698 0)
(1.01075 0.00646995 0)
(1.0109 0.00625713 0)
(1.01101 0.00608709 0)
(1.01119 0.00588275 0)
(1.0113 0.00570571 0)
(1.01147 0.00549467 0)
(1.01153 0.00530995 0)
(1.01164 0.00516846 0)
(1.01172 0.0050743 0)
(1.01186 0.00494676 0)
(1.01188 0.00485497 0)
(1.01198 0.00479749 0)
(1.00021 0.0115043 0)
(0.997772 0.0119549 0)
(0.996867 0.0122905 0)
(0.997315 0.0125337 0)
(0.998741 0.0126563 0)
(1.0006 0.0126841 0)
(1.00253 0.0126026 0)
(1.00424 0.0124187 0)
(1.00562 0.0121353 0)
(1.0066 0.011774 0)
(1.00732 0.0113227 0)
(1.00779 0.010828 0)
(1.00811 0.0103303 0)
(1.00831 0.00984914 0)
(1.00849 0.00940545 0)
(1.00867 0.00903477 0)
(1.00894 0.00864457 0)
(1.00919 0.00830454 0)
(1.00948 0.00795536 0)
(1.00975 0.00759411 0)
(1.01005 0.00724653 0)
(1.01023 0.00694056 0)
(1.01043 0.00665986 0)
(1.01056 0.00642966 0)
(1.01073 0.00622119 0)
(1.01084 0.00604718 0)
(1.01102 0.00585107 0)
(1.01113 0.00567513 0)
(1.01131 0.00547545 0)
(1.01137 0.005295 0)
(1.0115 0.00515667 0)
(1.01157 0.00505794 0)
(1.01172 0.00493674 0)
(1.01175 0.00484861 0)
(1.01186 0.00479468 0)
(1.00063 0.0108331 0)
(0.998053 0.0112256 0)
(0.997034 0.0115179 0)
(0.997378 0.0117363 0)
(0.998709 0.0118648 0)
(1.00049 0.0119087 0)
(1.00234 0.0118671 0)
(1.00398 0.0117342 0)
(1.0053 0.0115217 0)
(1.00625 0.0112381 0)
(1.00694 0.0108864 0)
(1.0074 0.0104723 0)
(1.00773 0.0100417 0)
(1.00795 0.00961756 0)
(1.00817 0.0091997 0)
(1.00837 0.0088452 0)
(1.00867 0.00847777 0)
(1.00892 0.00814192 0)
(1.00922 0.00782 0)
(1.0095 0.00748196 0)
(1.00982 0.00715352 0)
(1.01001 0.0068603 0)
(1.01023 0.00659024 0)
(1.01038 0.00635909 0)
(1.01056 0.00615723 0)
(1.01067 0.00598284 0)
(1.01086 0.00579631 0)
(1.01097 0.00562261 0)
(1.01115 0.00543453 0)
(1.01122 0.00525862 0)
(1.01136 0.00512585 0)
(1.01143 0.00502394 0)
(1.01159 0.00491152 0)
(1.01161 0.00482551 0)
(1.01174 0.0047784 0)
(1.00103 0.0102377 0)
(0.998329 0.0105789 0)
(0.997207 0.0108403 0)
(0.997462 0.0110346 0)
(0.99871 0.0111648 0)
(1.00041 0.0112175 0)
(1.00219 0.0112061 0)
(1.00377 0.0111132 0)
(1.00504 0.0109565 0)
(1.00595 0.0107379 0)
(1.0066 0.0104652 0)
(1.00704 0.0101304 0)
(1.00739 0.00975877 0)
(1.00761 0.00939007 0)
(1.00786 0.00900746 0)
(1.00808 0.00866714 0)
(1.00839 0.0083214 0)
(1.00867 0.0079911 0)
(1.00898 0.00769049 0)
(1.00925 0.0073795 0)
(1.00959 0.00707056 0)
(1.0098 0.0067923 0)
(1.01004 0.00653364 0)
(1.0102 0.0063042 0)
(1.0104 0.00610629 0)
(1.01051 0.0059314 0)
(1.01071 0.00574993 0)
(1.01081 0.00558028 0)
(1.01101 0.00540222 0)
(1.01107 0.00523341 0)
(1.01124 0.00510306 0)
(1.0113 0.00499965 0)
(1.01147 0.00489205 0)
(1.01149 0.0048104 0)
(1.01164 0.00476578 0)
(1.00144 0.00966762 0)
(0.998634 0.00996221 0)
(0.997416 0.0101959 0)
(0.997589 0.0103658 0)
(0.998762 0.0104889 0)
(1.00039 0.0105467 0)
(1.00211 0.0105549 0)
(1.00362 0.0104973 0)
(1.00486 0.0103848 0)
(1.00572 0.0102241 0)
(1.00635 0.0100133 0)
(1.00676 0.00975279 0)
(1.0071 0.00943858 0)
(1.00733 0.00912214 0)
(1.00759 0.0087862 0)
(1.00783 0.00846788 0)
(1.00815 0.00815012 0)
(1.00845 0.00783667 0)
(1.00878 0.00755454 0)
(1.00905 0.00726851 0)
(1.00941 0.00697541 0)
(1.00962 0.00671268 0)
(1.00988 0.00646769 0)
(1.01005 0.00624386 0)
(1.01027 0.00604996 0)
(1.01038 0.0058794 0)
(1.0106 0.0057046 0)
(1.01069 0.00554159 0)
(1.0109 0.00537044 0)
(1.01096 0.00520835 0)
(1.01114 0.00508014 0)
(1.0112 0.00497943 0)
(1.01138 0.00487552 0)
(1.01141 0.00479871 0)
(1.01157 0.00475461 0)
(1.00182 0.00903973 0)
(0.998921 0.00929263 0)
(0.997616 0.00949945 0)
(0.997714 0.00965084 0)
(0.998824 0.00976652 0)
(1.00039 0.00983448 0)
(1.00206 0.00986132 0)
(1.00352 0.00984165 0)
(1.00471 0.00977134 0)
(1.00554 0.00966357 0)
(1.00614 0.00950608 0)
(1.00651 0.00930926 0)
(1.00684 0.00905643 0)
(1.00707 0.0087887 0)
(1.00734 0.00850279 0)
(1.00758 0.00821139 0)
(1.00793 0.00792444 0)
(1.00823 0.00763139 0)
(1.00859 0.00736508 0)
(1.00886 0.00710354 0)
(1.00924 0.00683178 0)
(1.00946 0.00658866 0)
(1.00974 0.00636446 0)
(1.00992 0.00614984 0)
(1.01015 0.00596337 0)
(1.01027 0.00579611 0)
(1.01049 0.00562836 0)
(1.01059 0.00547053 0)
(1.0108 0.00531085 0)
(1.01087 0.00515723 0)
(1.01107 0.00503586 0)
(1.01112 0.00493508 0)
(1.01132 0.00483836 0)
(1.01134 0.00476426 0)
(1.01152 0.00472578 0)
(1.00216 0.00846547 0)
(0.999169 0.00868404 0)
(0.997788 0.00886617 0)
(0.997819 0.0090061 0)
(0.998879 0.00911539 0)
(1.00039 0.0091929 0)
(1.00202 0.00923315 0)
(1.00342 0.00924135 0)
(1.00458 0.00920131 0)
(1.00537 0.00913011 0)
(1.00594 0.00901376 0)
(1.00628 0.00886656 0)
(1.00659 0.00867188 0)
(1.00681 0.00844928 0)
(1.00708 0.00821045 0)
(1.00733 0.007954 0)
(1.00769 0.00770033 0)
(1.008 0.00743242 0)
(1.00838 0.00718252 0)
(1.00866 0.00694869 0)
(1.00905 0.00669993 0)
(1.00929 0.00647234 0)
(1.00958 0.00626423 0)
(1.00976 0.00606022 0)
(1.01002 0.00588193 0)
(1.01014 0.00572226 0)
(1.01037 0.00556214 0)
(1.01047 0.00541229 0)
(1.01069 0.0052614 0)
(1.01076 0.00511497 0)
(1.01097 0.00499772 0)
(1.01103 0.00490111 0)
(1.01124 0.00480933 0)
(1.01126 0.00473951 0)
(1.01146 0.00470231 0)
(1.00246 0.00792897 0)
(0.99939 0.00811792 0)
(0.997946 0.00827601 0)
(0.997918 0.0084051 0)
(0.998934 0.00850566 0)
(1.0004 0.00858549 0)
(1.00198 0.00863164 0)
(1.00334 0.00865516 0)
(1.00447 0.00863751 0)
(1.00522 0.00859554 0)
(1.00576 0.00851797 0)
(1.00607 0.00841367 0)
(1.00635 0.00827009 0)
(1.00656 0.00809145 0)
(1.00683 0.00789589 0)
(1.00708 0.00767872 0)
(1.00744 0.00745805 0)
(1.00776 0.00721875 0)
(1.00816 0.00698592 0)
(1.00845 0.00677746 0)
(1.00884 0.0065503 0)
(1.0091 0.00633951 0)
(1.00941 0.00615036 0)
(1.0096 0.00596399 0)
(1.00987 0.00579499 0)
(1.00999 0.00564428 0)
(1.01024 0.00549047 0)
(1.01034 0.00534856 0)
(1.01057 0.00520461 0)
(1.01064 0.00506985 0)
(1.01087 0.00495776 0)
(1.01092 0.00486666 0)
(1.01115 0.00477733 0)
(1.01117 0.0047142 0)
(1.01139 0.00467671 0)
(1.00271 0.00737655 0)
(0.99958 0.00753821 0)
(0.998082 0.00767357 0)
(0.998002 0.0077895 0)
(0.998979 0.00788084 0)
(1.0004 0.00795849 0)
(1.00195 0.00801 0)
(1.00327 0.00804531 0)
(1.00436 0.00805144 0)
(1.00508 0.0080371 0)
(1.0056 0.00799526 0)
(1.00588 0.00792488 0)
(1.00614 0.00782375 0)
(1.00632 0.00768543 0)
(1.00659 0.00752963 0)
(1.00683 0.00735062 0)
(1.00719 0.00716368 0)
(1.00751 0.00695976 0)
(1.00793 0.00675057 0)
(1.00822 0.00656473 0)
(1.00864 0.00636315 0)
(1.0089 0.00617086 0)
(1.00923 0.00600296 0)
(1.00942 0.00583225 0)
(1.00971 0.00567423 0)
(1.00983 0.00553293 0)
(1.0101 0.00539003 0)
(1.01019 0.00525726 0)
(1.01044 0.00512525 0)
(1.01051 0.00499769 0)
(1.01075 0.0048935 0)
(1.0108 0.00480698 0)
(1.01105 0.00472625 0)
(1.01107 0.00466553 0)
(1.01131 0.00463403 0)
(1.00292 0.00684337 0)
(0.999735 0.0069811 0)
(0.998191 0.00709816 0)
(0.998068 0.00720167 0)
(0.999013 0.00728731 0)
(1.0004 0.00736273 0)
(1.00192 0.00742206 0)
(1.00322 0.00746695 0)
(1.00428 0.00749429 0)
(1.00497 0.00749829 0)
(1.00545 0.00748369 0)
(1.0057 0.00743856 0)
(1.00593 0.00737511 0)
(1.00609 0.00727453 0)
(1.00635 0.00715862 0)
(1.00658 0.00701677 0)
(1.00695 0.00686277 0)
(1.00726 0.00669608 0)
(1.0077 0.00651494 0)
(1.008 0.00634774 0)
(1.00842 0.00617677 0)
(1.00869 0.00600025 0)
(1.00903 0.00585088 0)
(1.00923 0.00569589 0)
(1.00954 0.00555455 0)
(1.00966 0.00542268 0)
(1.00994 0.0052934 0)
(1.01003 0.00516475 0)
(1.01029 0.00504427 0)
(1.01036 0.00492235 0)
(1.01062 0.00483041 0)
(1.01067 0.00474513 0)
(1.01093 0.00467439 0)
(1.01095 0.00461268 0)
(1.01121 0.0045894 0)
(1.00309 0.00629853 0)
(0.999854 0.00641958 0)
(0.998272 0.00652271 0)
(0.998114 0.00661781 0)
(0.999032 0.00669881 0)
(1.0004 0.00677345 0)
(1.00189 0.00683749 0)
(1.00316 0.00689013 0)
(1.00419 0.00693121 0)
(1.00485 0.00695165 0)
(1.00531 0.00695997 0)
(1.00554 0.00694359 0)
(1.00575 0.00691261 0)
(1.00588 0.00685453 0)
(1.00612 0.00677339 0)
(1.00634 0.00667379 0)
(1.0067 0.00654735 0)
(1.00701 0.0064203 0)
(1.00745 0.00626564 0)
(1.00776 0.00612266 0)
(1.00818 0.0059802 0)
(1.00846 0.00582771 0)
(1.00882 0.00569167 0)
(1.00902 0.005562 0)
(1.00934 0.00543016 0)
(1.00947 0.0053133 0)
(1.00976 0.00518908 0)
(1.00985 0.00507522 0)
(1.01013 0.0049576 0)
(1.0102 0.00484947 0)
(1.01047 0.00475574 0)
(1.01052 0.00468298 0)
(1.0108 0.0046079 0)
(1.01082 0.00455766 0)
(1.0111 0.00452205 0)
(1.00322 0.00571054 0)
(0.999944 0.00581814 0)
(0.998329 0.00591157 0)
(0.998141 0.0059976 0)
(0.999037 0.0060745 0)
(1.00038 0.00614601 0)
(1.00186 0.00621297 0)
(1.0031 0.00627192 0)
(1.00411 0.00632597 0)
(1.00474 0.00636674 0)
(1.00519 0.00639925 0)
(1.00538 0.0064144 0)
(1.00557 0.00641278 0)
(1.00567 0.00639318 0)
(1.00591 0.00634513 0)
(1.00609 0.00628727 0)
(1.00646 0.00619808 0)
(1.00675 0.0061102 0)
(1.0072 0.00599442 0)
(1.00751 0.00588182 0)
(1.00795 0.00577117 0)
(1.00822 0.00565031 0)
(1.0086 0.00553719 0)
(1.00879 0.00543483 0)
(1.00913 0.00532281 0)
(1.00925 0.00522684 0)
(1.00956 0.00511967 0)
(1.00965 0.00502387 0)
(1.00994 0.00491871 0)
(1.01 0.00482561 0)
(1.0103 0.00474131 0)
(1.01034 0.00468097 0)
(1.01064 0.00461186 0)
(1.01065 0.00457036 0)
(1.01096 0.00453495 0)
(1.00343 0.00436732 0)
(1.00007 0.00440801 0)
(0.99838 0.0044511 0)
(0.998128 0.0044936 0)
(0.998982 0.00454311 0)
(1.00028 0.00459316 0)
(1.00174 0.00465162 0)
(1.00294 0.00470771 0)
(1.00393 0.00476922 0)
(1.00451 0.00482348 0)
(1.00492 0.00487675 0)
(1.00504 0.00491751 0)
(1.00519 0.00494928 0)
(1.00522 0.0049657 0)
(1.00542 0.00496744 0)
(1.00556 0.00495664 0)
(1.0059 0.00493187 0)
(1.00616 0.00489587 0)
(1.00661 0.0048506 0)
(1.00691 0.00479221 0)
(1.00736 0.00474002 0)
(1.00763 0.00467341 0)
(1.00804 0.00461645 0)
(1.00823 0.00455581 0)
(1.00859 0.00449999 0)
(1.00871 0.00444093 0)
(1.00904 0.00438301 0)
(1.00912 0.0043169 0)
(1.00945 0.0042557 0)
(1.00951 0.00418883 0)
(1.00984 0.00414704 0)
(1.00987 0.00410482 0)
(1.01021 0.00407279 0)
(1.01022 0.00404115 0)
(1.01058 0.00403543 0)
(1.00222 0.00311038 0)
(0.998955 0.0031759 0)
(0.997371 0.00325038 0)
(0.997229 0.0033316 0)
(0.99818 0.0034173 0)
(0.99956 0.00350487 0)
(1.00107 0.0035932 0)
(1.00229 0.00368088 0)
(1.00328 0.00376779 0)
(1.00384 0.00385309 0)
(1.0042 0.00393614 0)
(1.00428 0.00401762 0)
(1.00437 0.00409612 0)
(1.00435 0.00417392 0)
(1.00449 0.00424628 0)
(1.0046 0.00431493 0)
(1.0049 0.00437351 0)
(1.00514 0.00442462 0)
(1.00556 0.00446378 0)
(1.00585 0.00449134 0)
(1.00628 0.00450743 0)
(1.00654 0.00451329 0)
(1.00694 0.00451268 0)
(1.00713 0.00450433 0)
(1.00748 0.00449159 0)
(1.00761 0.00447539 0)
(1.00794 0.00444777 0)
(1.00803 0.00441906 0)
(1.00835 0.00438179 0)
(1.00842 0.00434371 0)
(1.00876 0.00431853 0)
(1.00882 0.00429833 0)
(1.00917 0.00427067 0)
(1.0092 0.00424913 0)
(1.00956 0.00423557 0)
(1.00265 -0.00302249 0)
(0.99939 -0.0027035 0)
(0.997775 -0.00212088 0)
(0.997527 -0.00141585 0)
(0.998358 -0.000716024 0)
(0.999586 -0.000108738 0)
(1.00097 0.000367331 0)
(1.00208 0.000709392 0)
(1.00299 0.000941171 0)
(1.00347 0.00109754 0)
(1.0038 0.00121935 0)
(1.00383 0.00133951 0)
(1.00392 0.00148002 0)
(1.00387 0.00165087 0)
(1.00401 0.00184929 0)
(1.00404 0.00206871 0)
(1.00431 0.00229321 0)
(1.00446 0.00251119 0)
(1.00483 0.0027091 0)
(1.00502 0.0028801 0)
(1.00541 0.00302281 0)
(1.00557 0.00313418 0)
(1.00595 0.00322377 0)
(1.00606 0.00329219 0)
(1.00642 0.00334774 0)
(1.00649 0.00339254 0)
(1.00685 0.00342475 0)
(1.00689 0.0034516 0)
(1.00726 0.0034694 0)
(1.00728 0.00348223 0)
(1.00767 0.00350462 0)
(1.00768 0.00352373 0)
(1.00809 0.00353095 0)
(1.00808 0.00353327 0)
(1.00852 0.00353479 0)
(1.00024 -0.00354935 0)
(1.00363 -0.00325332 0)
(1.0055 -0.0026942 0)
(1.00585 -0.0020126 0)
(1.00526 -0.00133467 0)
(1.00412 -0.000747409 0)
(1.00298 -0.000288032 0)
(1.00197 4.01935e-05 0)
(1.00135 0.000261956 0)
(1.00099 0.000410738 0)
(1.001 0.000528325 0)
(1.00111 0.000645683 0)
(1.00141 0.000786085 0)
(1.00163 0.000957269 0)
(1.00193 0.00115833 0)
(1.00207 0.00138129 0)
(1.00227 0.0016125 0)
(1.0023 0.00183944 0)
(1.00243 0.00204985 0)
(1.00242 0.00223618 0)
(1.00257 0.0023983 0)
(1.00257 0.00253146 0)
(1.00277 0.00264647 0)
(1.00281 0.00274095 0)
(1.00306 0.0028255 0)
(1.00312 0.00289833 0)
(1.0034 0.00295992 0)
(1.00346 0.00301419 0)
(1.00376 0.00305946 0)
(1.00381 0.00309665 0)
(1.00413 0.00314264 0)
(1.00417 0.00318084 0)
(1.0045 0.00320629 0)
(1.00452 0.0032211 0)
(1.00488 0.00323183 0)
(1.0005 0.00111378 0)
(1.00391 0.00113808 0)
(1.00575 0.00116913 0)
(1.00603 0.00120673 0)
(1.00535 0.00124886 0)
(1.0041 0.00129516 0)
(1.00289 0.00134491 0)
(1.00181 0.00139828 0)
(1.00116 0.00145556 0)
(1.00076 0.00151649 0)
(1.00076 0.00158148 0)
(1.00087 0.00165067 0)
(1.00118 0.00172457 0)
(1.00139 0.00180403 0)
(1.00168 0.00188691 0)
(1.00178 0.0019743 0)
(1.00194 0.00206136 0)
(1.00191 0.0021509 0)
(1.00199 0.0022367 0)
(1.0019 0.00232103 0)
(1.00199 0.00240015 0)
(1.00192 0.00247531 0)
(1.00207 0.00254831 0)
(1.00205 0.00261511 0)
(1.00227 0.00267889 0)
(1.00228 0.0027384 0)
(1.00255 0.00278534 0)
(1.00257 0.00282875 0)
(1.00287 0.00285989 0)
(1.00288 0.0028867 0)
(1.0032 0.00291896 0)
(1.0032 0.00294785 0)
(1.00353 0.00296148 0)
(1.00352 0.00297059 0)
(1.00389 0.00297327 0)
(0.998702 0.000771926 0)
(1.00226 0.000758215 0)
(1.00425 0.000750578 0)
(1.00469 0.000749191 0)
(1.00415 0.000756337 0)
(1.00304 0.000770405 0)
(1.00192 0.000792896 0)
(1.00092 0.000820632 0)
(1.00031 0.000855339 0)
(0.999953 0.000893268 0)
(0.999962 0.000936708 0)
(1.00008 0.000982157 0)
(1.00039 0.00103219 0)
(1.00062 0.00108433 0)
(1.00092 0.00114072 0)
(1.00104 0.00120004 0)
(1.00121 0.0012631 0)
(1.00121 0.00132895 0)
(1.00128 0.00139784 0)
(1.00121 0.00146777 0)
(1.00127 0.00154131 0)
(1.0012 0.00161299 0)
(1.00131 0.00168956 0)
(1.00128 0.00176175 0)
(1.00145 0.0018367 0)
(1.00146 0.00190579 0)
(1.00168 0.00196887 0)
(1.0017 0.0020251 0)
(1.00195 0.0020745 0)
(1.00197 0.00211555 0)
(1.00224 0.00216486 0)
(1.00225 0.00220552 0)
(1.00254 0.00223712 0)
(1.00254 0.0022571 0)
(1.00285 0.00227271 0)
(0.998582 0.00103573 0)
(1.00216 0.00105123 0)
(1.00415 0.00106787 0)
(1.00461 0.00108608 0)
(1.00407 0.00110602 0)
(1.00298 0.00112777 0)
(1.00186 0.00115183 0)
(1.00087 0.00117781 0)
(1.00025 0.00120659 0)
(0.999907 0.00123738 0)
(0.999906 0.00127115 0)
(1.00003 0.00130711 0)
(1.00033 0.00134571 0)
(1.00057 0.00138679 0)
(1.00085 0.00142947 0)
(1.00098 0.00147486 0)
(1.00113 0.00152036 0)
(1.00113 0.00156836 0)
(1.00118 0.00161578 0)
(1.0011 0.00166489 0)
(1.00114 0.00171491 0)
(1.00106 0.0017653 0)
(1.00113 0.00181927 0)
(1.00109 0.00187264 0)
(1.00122 0.00192781 0)
(1.00122 0.00198161 0)
(1.00139 0.00202865 0)
(1.0014 0.00207321 0)
(1.0016 0.0021093 0)
(1.00162 0.00214155 0)
(1.00183 0.00217835 0)
(1.00185 0.0022102 0)
(1.00208 0.00223011 0)
(1.00209 0.0022439 0)
(1.00234 0.00225105 0)
(0.998226 0.000892041 0)
(1.0018 0.000899099 0)
(1.0038 0.000906532 0)
(1.00426 0.000914581 0)
(1.00373 0.000923546 0)
(1.00264 0.000933364 0)
(1.00153 0.000944672 0)
(1.00055 0.000957015 0)
(0.999939 0.000971355 0)
(0.999599 0.000986918 0)
(0.999605 0.00100476 0)
(0.99974 0.00102406 0)
(1.00004 0.00104547 0)
(1.00028 0.00106859 0)
(1.00057 0.00109303 0)
(1.00071 0.00111937 0)
(1.00086 0.00114592 0)
(1.00086 0.00117428 0)
(1.00091 0.00120248 0)
(1.00084 0.00123204 0)
(1.00087 0.00126294 0)
(1.00079 0.00129455 0)
(1.00086 0.00133009 0)
(1.00082 0.00136584 0)
(1.00093 0.0014046 0)
(1.00092 0.00144324 0)
(1.00108 0.00147797 0)
(1.00108 0.00151164 0)
(1.00127 0.00153979 0)
(1.00127 0.00156532 0)
(1.00147 0.0015958 0)
(1.00147 0.00162246 0)
(1.00169 0.00164009 0)
(1.00168 0.00165222 0)
(1.00193 0.00165914 0)
(0.998098 0.000748215 0)
(1.00168 0.000758824 0)
(1.00368 0.00077006 0)
(1.00415 0.000781884 0)
(1.00361 0.000794635 0)
(1.00254 0.000808032 0)
(1.00142 0.000822756 0)
(1.00045 0.000838201 0)
(0.999835 0.000855349 0)
(0.999508 0.000873303 0)
(0.999508 0.000893163 0)
(0.999655 0.000913962 0)
(0.999948 0.000936494 0)
(1.0002 0.000960119 0)
(1.00048 0.000984789 0)
(1.00063 0.00101064 0)
(1.00077 0.0010366 0)
(1.00078 0.00106364 0)
(1.00082 0.00109047 0)
(1.00076 0.00111799 0)
(1.00077 0.00114662 0)
(1.0007 0.00117544 0)
(1.00075 0.00120763 0)
(1.00071 0.00123965 0)
(1.0008 0.00127447 0)
(1.0008 0.00130885 0)
(1.00093 0.00134036 0)
(1.00094 0.00137079 0)
(1.00108 0.00139705 0)
(1.0011 0.00142098 0)
(1.00125 0.00144957 0)
(1.00126 0.00147444 0)
(1.00143 0.00149201 0)
(1.00143 0.00150417 0)
(1.00161 0.00151172 0)
(0.998034 0.000628509 0)
(1.00162 0.000637614 0)
(1.00361 0.000647022 0)
(1.00408 0.000656933 0)
(1.00354 0.000667346 0)
(1.00247 0.000678282 0)
(1.00135 0.000689978 0)
(1.00038 0.000702223 0)
(0.999759 0.000715469 0)
(0.999431 0.000729312 0)
(0.999428 0.000744262 0)
(0.999573 0.000759903 0)
(0.999863 0.000776455 0)
(1.00012 0.000793824 0)
(1.00039 0.000811496 0)
(1.00054 0.000830074 0)
(1.00067 0.000848141 0)
(1.00068 0.000867054 0)
(1.00071 0.000885158 0)
(1.00065 0.000903847 0)
(1.00065 0.000922787 0)
(1.00059 0.000941966 0)
(1.00062 0.000963276 0)
(1.00058 0.000984635 0)
(1.00066 0.0010077 0)
(1.00066 0.00103077 0)
(1.00077 0.001051 0)
(1.00077 0.0010709 0)
(1.0009 0.00108697 0)
(1.00091 0.0011019 0)
(1.00105 0.00112029 0)
(1.00105 0.00113664 0)
(1.0012 0.00114689 0)
(1.0012 0.00115414 0)
(1.00136 0.00115793 0)
(0.997979 0.000497226 0)
(1.00156 0.000504344 0)
(1.00355 0.000511785 0)
(1.00403 0.000519532 0)
(1.00348 0.000527776 0)
(1.00241 0.000536332 0)
(1.00128 0.000545599 0)
(1.00032 0.000555183 0)
(0.999694 0.000565686 0)
(0.999369 0.000576531 0)
(0.999359 0.000588403 0)
(0.999509 0.00060068 0)
(0.999791 0.000613857 0)
(1.00005 0.000627527 0)
(1.00031 0.000641644 0)
(1.00047 0.00065631 0)
(1.00059 0.000670802 0)
(1.00061 0.00068578 0)
(1.00063 0.000700377 0)
(1.00057 0.000715241 0)
(1.00056 0.000730595 0)
(1.0005 0.000745925 0)
(1.00052 0.00076329 0)
(1.00049 0.000780465 0)
(1.00055 0.00079941 0)
(1.00055 0.000818128 0)
(1.00064 0.000835104 0)
(1.00066 0.000851598 0)
(1.00076 0.000865636 0)
(1.00078 0.000878546 0)
(1.00089 0.000894804 0)
(1.0009 0.000909093 0)
(1.00102 0.00091909 0)
(1.00102 0.000926071 0)
(1.00115 0.000930479 0)
(0.997942 0.000375187 0)
(1.00153 0.000380801 0)
(1.00351 0.000386615 0)
(1.00399 0.000392738 0)
(1.00344 0.000399172 0)
(1.00237 0.000405921 0)
(1.00124 0.000413131 0)
(1.00028 0.00042067 0)
(0.999649 0.000428816 0)
(0.999325 0.000437317 0)
(0.999311 0.000446491 0)
(0.999462 0.000456074 0)
(0.99974 0.000466213 0)
(1 0.000476832 0)
(1.00026 0.000487644 0)
(1.00041 0.000498981 0)
(1.00053 0.000510018 0)
(1.00055 0.000521542 0)
(1.00056 0.00053258 0)
(1.00051 0.000543955 0)
(1.00049 0.000555476 0)
(1.00043 0.000567133 0)
(1.00044 0.000580078 0)
(1.00041 0.000593047 0)
(1.00046 0.000607073 0)
(1.00046 0.000621099 0)
(1.00054 0.000633478 0)
(1.00056 0.000645676 0)
(1.00065 0.00065563 0)
(1.00066 0.000664941 0)
(1.00076 0.00067637 0)
(1.00077 0.00068656 0)
(1.00087 0.000693114 0)
(1.00087 0.000697801 0)
(1.00097 0.000700319 0)
(0.997918 0.00026241 0)
(1.0015 0.000266411 0)
(1.00349 0.000270579 0)
(1.00396 0.000274943 0)
(1.00341 0.000279548 0)
(1.00234 0.000284344 0)
(1.00121 0.000289486 0)
(1.00025 0.000294823 0)
(0.999617 0.000300611 0)
(0.999294 0.000306606 0)
(0.999277 0.000313101 0)
(0.999428 0.000319833 0)
(0.999702 0.000326985 0)
(0.999964 0.000334416 0)
(1.00022 0.000342012 0)
(1.00037 0.000349912 0)
(1.00049 0.000357632 0)
(1.00051 0.000365618 0)
(1.00051 0.000373296 0)
(1.00046 0.000381124 0)
(1.00043 0.000389091 0)
(1.00037 0.000397056 0)
(1.00038 0.000405965 0)
(1.00035 0.000414783 0)
(1.00039 0.000424394 0)
(1.00039 0.000433891 0)
(1.00046 0.000442306 0)
(1.00047 0.000450487 0)
(1.00056 0.000457194 0)
(1.00057 0.000463361 0)
(1.00065 0.000471154 0)
(1.00066 0.000478008 0)
(1.00075 0.00048251 0)
(1.00075 0.000485654 0)
(1.00084 0.000487502 0)
(0.997902 0.00015687 0)
(1.00149 0.000159238 0)
(1.00347 0.000161695 0)
(1.00395 0.000164267 0)
(1.0034 0.000166978 0)
(1.00232 0.000169807 0)
(1.00119 0.000172842 0)
(1.00023 0.000175997 0)
(0.999595 0.00017942 0)
(0.999272 0.00018297 0)
(0.999252 0.000186815 0)
(0.999404 0.000190803 0)
(0.999675 0.000195034 0)
(0.999937 0.000199432 0)
(1.00019 0.000203921 0)
(1.00034 0.000208588 0)
(1.00046 0.00021314 0)
(1.00047 0.000217849 0)
(1.00048 0.000222364 0)
(1.00042 0.000226971 0)
(1.00039 0.000231652 0)
(1.00033 0.000236335 0)
(1.00033 0.000241573 0)
(1.0003 0.000246765 0)
(1.00034 0.000252425 0)
(1.00034 0.000258029 0)
(1.0004 0.000262987 0)
(1.00042 0.000267822 0)
(1.00049 0.000271781 0)
(1.0005 0.000275439 0)
(1.00058 0.000280067 0)
(1.00059 0.000284156 0)
(1.00066 0.00028684 0)
(1.00066 0.00028873 0)
(1.00074 0.000289831 0)
(0.997894 5.26651e-05 0)
(1.00148 5.34447e-05 0)
(1.00346 5.4248e-05 0)
(1.00394 5.50882e-05 0)
(1.00339 5.59732e-05 0)
(1.00231 5.69e-05 0)
(1.00118 5.78955e-05 0)
(1.00022 5.89354e-05 0)
(0.999584 6.00652e-05 0)
(0.999261 6.12416e-05 0)
(0.99924 6.25158e-05 0)
(0.999393 6.38409e-05 0)
(0.999662 6.52452e-05 0)
(0.999925 6.67073e-05 0)
(1.00017 6.81959e-05 0)
(1.00033 6.97459e-05 0)
(1.00044 7.12529e-05 0)
(1.00046 7.28147e-05 0)
(1.00046 7.43079e-05 0)
(1.0004 7.58346e-05 0)
(1.00037 7.73823e-05 0)
(1.00031 7.89355e-05 0)
(1.00031 8.06707e-05 0)
(1.00028 8.23959e-05 0)
(1.00031 8.42739e-05 0)
(1.00031 8.61392e-05 0)
(1.00037 8.77843e-05 0)
(1.00039 8.93948e-05 0)
(1.00046 9.07068e-05 0)
(1.00047 9.19249e-05 0)
(1.00054 9.34599e-05 0)
(1.00055 9.48213e-05 0)
(1.00062 9.57059e-05 0)
(1.00062 9.63327e-05 0)
(1.00069 9.66887e-05 0)
(0.890345 0.00402806 0)
(1.10718 -0.00351017 0)
(0.899533 0.00326577 0)
(1.093 -0.0039823 0)
(0.906512 0.00442849 0)
(1.07704 -0.00116175 0)
(0.915379 0.00373553 0)
(1.06629 -0.00230979 0)
(0.920682 0.00291134 0)
(1.05763 -0.00240525 0)
(0.926856 0.0026015 0)
(1.04771 -0.00293298 0)
(0.930613 0.00261883 0)
(1.0373 -0.00144901 0)
(0.934497 0.00386574 0)
(1.02725 0.000300669 0)
(0.937118 0.00438388 0)
(1.01615 0.0013725 0)
(0.93634 0.00523841 0)
(1.00341 0.00413236 0)
(0.907756 0.0037767 0)
(1.08464 -0.00304968 0)
(0.919984 0.00294642 0)
(1.06786 -0.00347934 0)
(0.930106 0.00418795 0)
(1.04948 -0.000645755 0)
(0.943269 0.00338699 0)
(1.0358 -0.00181433 0)
(0.95262 0.00269334 0)
(1.02429 -0.00219175 0)
(0.961841 0.00276267 0)
(1.0124 -0.00294331 0)
(0.967393 0.00326191 0)
(1.00102 -0.00165003 0)
(0.971701 0.00496866 0)
(0.991122 2.57024e-05 0)
(0.973452 0.00582688 0)
(0.981441 0.00154426 0)
(0.971635 0.00820419 0)
(0.971311 0.00700722 0)
(0.937183 0.00372168 0)
(1.05115 -0.00286193 0)
(0.951568 0.00291341 0)
(1.03459 -0.00334144 0)
(0.961685 0.00426642 0)
(1.01895 -0.000720518 0)
(0.97343 0.00345988 0)
(1.00899 -0.00182468 0)
(0.980013 0.00273936 0)
(1.00208 -0.00209253 0)
(0.984848 0.00270189 0)
(0.995892 -0.00235987 0)
(0.985444 0.00294424 0)
(0.990181 -0.000781853 0)
(0.984673 0.00409048 0)
(0.985423 0.00135964 0)
(0.982036 0.00519725 0)
(0.980301 0.00395868 0)
(0.977431 0.00871954 0)
(0.974773 0.0103538 0)
(0.965876 0.00381987 0)
(1.02355 -0.00286492 0)
(0.977885 0.00303051 0)
(1.01217 -0.00333679 0)
(0.983396 0.00438322 0)
(1.00376 -0.000754688 0)
(0.990104 0.00346849 0)
(0.999689 -0.00171662 0)
(0.992344 0.00260093 0)
(0.997337 -0.00172714 0)
(0.993423 0.00230093 0)
(0.994666 -0.0015472 0)
(0.991485 0.0022646 0)
(0.991264 0.000350026 0)
(0.989122 0.00341021 0)
(0.987862 0.00285276 0)
(0.985742 0.00515416 0)
(0.983822 0.00598127 0)
(0.981492 0.0093832 0)
(0.979399 0.0120884 0)
(0.984787 0.00389432 0)
(1.00944 -0.00285138 0)
(0.992372 0.00305997 0)
(1.00378 -0.00321456 0)
(0.993542 0.00431736 0)
(1.00088 -0.00062797 0)
(0.997088 0.00323303 0)
(0.999756 -0.00137589 0)
(0.997316 0.00219177 0)
(0.998908 -0.0011645 0)
(0.997109 0.00171492 0)
(0.997012 -0.00067146 0)
(0.994713 0.00173598 0)
(0.994111 0.00141775 0)
(0.992226 0.00330229 0)
(0.991006 0.00406124 0)
(0.989002 0.00581956 0)
(0.987528 0.00745878 0)
(0.985433 0.0102104 0)
(0.983799 0.0129303 0)
(0.993572 0.00386075 0)
(1.00511 -0.00275078 0)
(0.998161 0.00294959 0)
(1.00261 -0.0029612 0)
(0.997496 0.00402766 0)
(1.00211 -0.000361653 0)
(1.00007 0.00280684 0)
(1.00176 -0.000889056 0)
(0.999744 0.00164496 0)
(1.0011 -0.000496249 0)
(0.999224 0.00112422 0)
(0.999272 0.000112354 0)
(0.996918 0.00144485 0)
(0.996622 0.00211718 0)
(0.994652 0.00342801 0)
(0.993818 0.0050272 0)
(0.991764 0.00677937 0)
(0.990797 0.00879603 0)
(0.988803 0.0110378 0)
(0.987658 0.0135051 0)
(0.996441 0.00373347 0)
(1.00456 -0.00257985 0)
(0.999847 0.00273396 0)
(1.0032 -0.00264018 0)
(0.998911 0.00361084 0)
(1.00352 -2.69237e-05 0)
(1.00132 0.00230559 0)
(1.00328 -0.000369188 0)
(1.0009 0.00115548 0)
(1.00257 3.30946e-05 0)
(1.00033 0.000817448 0)
(1.00077 0.000550955 0)
(0.998242 0.00143572 0)
(0.998396 0.00244256 0)
(0.99634 0.00371289 0)
(0.99601 0.00556637 0)
(0.993887 0.00758092 0)
(0.993335 0.00973884 0)
(0.991341 0.0119481 0)
(0.990702 0.0143094 0)
(0.99709 0.00355319 0)
(1.00468 -0.00235416 0)
(1.00014 0.00243986 0)
(1.00367 -0.00226616 0)
(0.999367 0.00312531 0)
(1.00422 0.000333217 0)
(1.00174 0.00182478 0)
(1.00397 9.02064e-05 0)
(1.00133 0.000821294 0)
(1.00326 0.00033041 0)
(1.00077 0.000769007 0)
(1.00153 0.000706711 0)
(0.998936 0.00158313 0)
(0.999447 0.00259568 0)
(0.997416 0.00400216 0)
(0.997507 0.00575286 0)
(0.99545 0.00804321 0)
(0.995232 0.0103718 0)
(0.993351 0.0129855 0)
(0.992869 0.0153563 0)
(0.997359 0.00332883 0)
(1.00456 -0.00204989 0)
(1.00028 0.0020577 0)
(1.00369 -0.00181936 0)
(0.99966 0.00255224 0)
(1.00427 0.00076822 0)
(1.00195 0.0013139 0)
(1.00402 0.000509958 0)
(1.00154 0.000588611 0)
(1.00337 0.000491705 0)
(1.001 0.000708243 0)
(1.00176 0.000875879 0)
(0.999402 0.00164979 0)
(0.999979 0.00295106 0)
(0.998198 0.00447768 0)
(0.998507 0.00641173 0)
(0.996775 0.00869623 0)
(0.996759 0.011231 0)
(0.995051 0.0137515 0)
(0.994375 0.0159533 0)
(0.99784 0.00308869 0)
(1.00406 -0.00170448 0)
(1.00063 0.00163667 0)
(1.00334 -0.00136138 0)
(1.00011 0.00198664 0)
(1.00391 0.0011307 0)
(1.00223 0.000948671 0)
(1.00374 0.000698642 0)
(1.00178 0.000522168 0)
(1.00319 0.000531696 0)
(1.00125 0.000722159 0)
(1.00173 0.00116968 0)
(0.9999 0.0020872 0)
(1.00037 0.00361111 0)
(0.999047 0.00530357 0)
(0.999307 0.00732895 0)
(0.998034 0.00948352 0)
(0.997965 0.0118585 0)
(0.996491 0.0139845 0)
(0.995518 0.0158737 0)
(0.998512 0.00281887 0)
(1.00336 -0.00130325 0)
(1.00116 0.00116839 0)
(1.00283 -0.000890769 0)
(1.00067 0.00144393 0)
(1.00342 0.00136734 0)
(1.00255 0.000765238 0)
(1.00336 0.000694095 0)
(1.00206 0.000529717 0)
(1.00293 0.000591052 0)
(1.00159 0.000993629 0)
(1.00173 0.00174243 0)
(1.00049 0.0028259 0)
(1.00074 0.00434675 0)
(0.999916 0.00600373 0)
(1.00005 0.00795009 0)
(0.999236 0.00994213 0)
(0.999024 0.0120373 0)
(0.997764 0.0139024 0)
(0.996491 0.0155098 0)
(0.999148 0.00254239 0)
(1.00269 -0.000887476 0)
(1.00165 0.000693842 0)
(1.00238 -0.000479506 0)
(1.00119 0.00105811 0)
(1.003 0.00135808 0)
(1.0028 0.000740763 0)
(1.00304 0.00064138 0)
(1.00229 0.000688568 0)
(1.00277 0.000901536 0)
(1.00196 0.00151281 0)
(1.00181 0.00236314 0)
(1.00106 0.00343833 0)
(1.00116 0.00488774 0)
(1.00077 0.00650067 0)
(1.00082 0.00833001 0)
(1.00036 0.010159 0)
(1.00004 0.0119918 0)
(0.998937 0.0136668 0)
(0.997423 0.0150778 0)
(0.999588 0.0022404 0)
(1.00219 -0.000447474 0)
(1.00195 0.00024657 0)
(1.00209 -0.000178921 0)
(1.00151 0.000828379 0)
(1.00272 0.00120223 0)
(1.00291 0.000726633 0)
(1.00284 0.00073716 0)
(1.00247 0.0010342 0)
(1.00272 0.0013716 0)
(1.00225 0.00196616 0)
(1.00198 0.00285173 0)
(1.00157 0.00393776 0)
(1.00165 0.00533225 0)
(1.00158 0.00686636 0)
(1.00163 0.00855273 0)
(1.00139 0.0102343 0)
(1.00104 0.0118676 0)
(1.00003 0.0133781 0)
(0.998341 0.0146411 0)
(0.999823 0.00194675 0)
(1.00184 -4.57264e-05 0)
(1.00206 -4.35646e-05 0)
(1.00194 -7.57896e-05 0)
(1.00168 0.0006824 0)
(1.00256 0.00107799 0)
(1.00292 0.000758132 0)
(1.00276 0.000966136 0)
(1.00256 0.00136581 0)
(1.00272 0.00172367 0)
(1.00248 0.0023284 0)
(1.00222 0.00325121 0)
(1.00203 0.00434681 0)
(1.00218 0.00566978 0)
(1.00232 0.00709904 0)
(1.00245 0.00865028 0)
(1.00236 0.0102091 0)
(1.00203 0.011693 0)
(1.00105 0.0130523 0)
(0.999234 0.0141882 0)
(0.999923 0.00166981 0)
(1.00158 0.000302755 0)
(1.00204 -0.000134554 0)
(1.00186 -0.000111984 0)
(1.00174 0.000581508 0)
(1.00246 0.00101956 0)
(1.00289 0.000899789 0)
(1.00273 0.00114205 0)
(1.00261 0.00159245 0)
(1.00277 0.00202674 0)
(1.00268 0.00265002 0)
(1.0025 0.00358332 0)
(1.00247 0.00466777 0)
(1.00272 0.00591353 0)
(1.00303 0.00724677 0)
(1.00327 0.00868295 0)
(1.00329 0.0101255 0)
(1.00298 0.0114844 0)
(1.00201 0.0126984 0)
(1.00008 0.0137144 0)
(0.999963 0.00138749 0)
(1.00136 0.000631676 0)
(1.00192 -0.000133904 0)
(1.0018 -0.000165352 0)
(1.00177 0.000503741 0)
(1.00239 0.00101471 0)
(1.00283 0.00100511 0)
(1.00272 0.00128841 0)
(1.00265 0.00180712 0)
(1.00284 0.00231173 0)
(1.00287 0.0029408 0)
(1.0028 0.0038609 0)
(1.0029 0.0049315 0)
(1.00327 0.00612275 0)
(1.00372 0.00737899 0)
(1.00407 0.00871022 0)
(1.00419 0.0100255 0)
(1.00391 0.0112575 0)
(1.00291 0.0123291 0)
(1.00087 0.0132256 0)
(0.99998 0.00114234 0)
(1.00114 0.000868781 0)
(1.00175 -6.52307e-05 0)
(1.00173 -0.000188511 0)
(1.00178 0.000437175 0)
(1.00233 0.00097855 0)
(1.00277 0.00110032 0)
(1.00272 0.00146566 0)
(1.00271 0.00204372 0)
(1.00292 0.00259057 0)
(1.00306 0.00322989 0)
(1.00312 0.00413128 0)
(1.00335 0.00518795 0)
(1.00382 0.00633173 0)
(1.00439 0.00750451 0)
(1.00486 0.00871552 0)
(1.00505 0.00988554 0)
(1.00477 0.0109761 0)
(1.00373 0.0119117 0)
(1.00159 0.0126915 0)
(0.999991 0.000916076 0)
(1.00094 0.000997154 0)
(1.00155 8.89349e-05 0)
(1.00165 -0.000157174 0)
(1.00179 0.000389679 0)
(1.0023 0.000965415 0)
(1.00274 0.00121795 0)
(1.00275 0.00164161 0)
(1.00278 0.00224568 0)
(1.00303 0.00283581 0)
(1.00327 0.00349654 0)
(1.00346 0.00438505 0)
(1.0038 0.00540785 0)
(1.00437 0.00649703 0)
(1.00505 0.00757263 0)
(1.0056 0.00865084 0)
(1.00584 0.00967737 0)
(1.00557 0.0106284 0)
(1.00449 0.0114458 0)
(1.00224 0.0121221 0)
(1 0.000746647 0)
(1.00076 0.000948413 0)
(1.00133 0.000323187 0)
(1.00155 -7.02211e-06 0)
(1.00179 0.000384054 0)
(1.00228 0.000970835 0)
(1.00272 0.00134608 0)
(1.00279 0.00184322 0)
(1.00288 0.00248887 0)
(1.00316 0.00313098 0)
(1.0035 0.00380346 0)
(1.00382 0.00465586 0)
(1.00428 0.00561464 0)
(1.00493 0.00662509 0)
(1.00568 0.00759922 0)
(1.00629 0.0085507 0)
(1.00658 0.00945111 0)
(1.00632 0.0102788 0)
(1.0052 0.0109933 0)
(1.00286 0.0115801 0)
(1.00001 0.000617832 0)
(1.00062 0.000821807 0)
(1.00115 0.000565734 0)
(1.00143 0.000239286 0)
(1.00178 0.000393527 0)
(1.0023 0.000897892 0)
(1.00276 0.00138459 0)
(1.00289 0.00197485 0)
(1.00302 0.00266388 0)
(1.00334 0.00333558 0)
(1.00376 0.00400976 0)
(1.00418 0.00481347 0)
(1.00475 0.00570715 0)
(1.00547 0.00663468 0)
(1.00628 0.00752373 0)
(1.00695 0.00837217 0)
(1.00728 0.00916584 0)
(1.00702 0.00988839 0)
(1.00586 0.0105094 0)
(1.00343 0.0110182 0)
(1.00002 0.000424152 0)
(1.00052 0.000740505 0)
(1.00101 0.000573847 0)
(1.00129 0.000576738 0)
(1.00174 0.000703942 0)
(1.00233 0.00105301 0)
(1.00285 0.00152518 0)
(1.00302 0.00210201 0)
(1.0032 0.00277901 0)
(1.00354 0.00344797 0)
(1.00404 0.00412617 0)
(1.00457 0.00488746 0)
(1.00524 0.0057214 0)
(1.00603 0.00657179 0)
(1.00689 0.00737892 0)
(1.00759 0.00813221 0)
(1.00795 0.00882216 0)
(1.00768 0.00944569 0)
(1.00648 0.0099774 0)
(1.00397 0.0104148 0)
(1.00002 0.000340722 0)
(1.00044 0.000406647 0)
(1.00093 0.000298985 0)
(1.00126 0.000573375 0)
(1.00172 0.00112932 0)
(1.00235 0.00160061 0)
(1.00293 0.00197559 0)
(1.00317 0.0024309 0)
(1.00341 0.00303883 0)
(1.00379 0.00368431 0)
(1.00436 0.00434945 0)
(1.00498 0.0050631 0)
(1.00574 0.00582122 0)
(1.00659 0.00658015 0)
(1.00748 0.00728831 0)
(1.0082 0.00794077 0)
(1.00858 0.0085271 0)
(1.00829 0.0090557 0)
(1.00706 0.00950585 0)
(1.00447 0.00987814 0)
(1.00003 0.000296738 0)
(1.00036 0.000169966 0)
(1.00092 0.000303227 0)
(1.00137 0.000631459 0)
(1.00192 0.00137657 0)
(1.00247 0.00198516 0)
(1.00302 0.00232085 0)
(1.00333 0.00269846 0)
(1.00366 0.00323913 0)
(1.0041 0.00385593 0)
(1.00473 0.00448862 0)
(1.00543 0.00515644 0)
(1.00626 0.00583856 0)
(1.00715 0.00651197 0)
(1.00806 0.00713256 0)
(1.0088 0.00769987 0)
(1.00919 0.00820417 0)
(1.0089 0.00865422 0)
(1.00763 0.00903926 0)
(1.00498 0.00935624 0)
(1.00003 0.000189373 0)
(1.00034 0.000318685 0)
(1.00096 0.000527249 0)
(1.00147 0.000896987 0)
(1.00206 0.00144991 0)
(1.00258 0.00197327 0)
(1.00313 0.00235589 0)
(1.00349 0.00275523 0)
(1.00391 0.00327449 0)
(1.00441 0.00386208 0)
(1.00511 0.00445951 0)
(1.00587 0.00507969 0)
(1.00676 0.0056982 0)
(1.00769 0.00629748 0)
(1.00862 0.00684896 0)
(1.00936 0.00734526 0)
(1.00975 0.00778563 0)
(1.00945 0.00816979 0)
(1.00816 0.00850103 0)
(1.00544 0.00876995 0)
(1.00004 0.000171994 0)
(1.00031 0.000409003 0)
(1.00096 0.000618864 0)
(1.00153 0.000955873 0)
(1.00218 0.00143986 0)
(1.0027 0.00194246 0)
(1.00325 0.00238776 0)
(1.00366 0.00283064 0)
(1.00416 0.00334048 0)
(1.00471 0.0038963 0)
(1.00547 0.00445369 0)
(1.00628 0.00502015 0)
(1.00723 0.00557828 0)
(1.00818 0.00610592 0)
(1.00914 0.00659111 0)
(1.00988 0.00702009 0)
(1.01026 0.00740053 0)
(1.00994 0.00772624 0)
(1.00862 0.00800771 0)
(1.00585 0.00823484 0)
(1.00005 0.000162556 0)
(1.00029 0.000432428 0)
(1.00098 0.000707209 0)
(1.00159 0.00106575 0)
(1.00229 0.00153277 0)
(1.00283 0.00202778 0)
(1.00341 0.00249478 0)
(1.00385 0.00295404 0)
(1.0044 0.0034446 0)
(1.00501 0.00396338 0)
(1.00581 0.00447635 0)
(1.00668 0.00498169 0)
(1.00766 0.00547332 0)
(1.00864 0.0059298 0)
(1.0096 0.00634735 0)
(1.01034 0.00671284 0)
(1.01071 0.00703502 0)
(1.01038 0.00730918 0)
(1.00902 0.00754434 0)
(1.00621 0.00773541 0)
(1.00005 0.000160436 0)
(1.00029 0.000465235 0)
(1.001 0.000797892 0)
(1.00165 0.0011869 0)
(1.00241 0.00164361 0)
(1.00296 0.00211803 0)
(1.00357 0.00257249 0)
(1.00404 0.00302053 0)
(1.00465 0.003482 0)
(1.00529 0.00395779 0)
(1.00614 0.00442378 0)
(1.00704 0.00486754 0)
(1.00805 0.00529381 0)
(1.00904 0.00568618 0)
(1.01001 0.00604319 0)
(1.01074 0.0063553 0)
(1.0111 0.00662752 0)
(1.01075 0.00685909 0)
(1.00937 0.00705491 0)
(1.00652 0.00721545 0)
(1.00006 0.000164238 0)
(1.00028 0.000518411 0)
(1.00104 0.000895501 0)
(1.00172 0.00130665 0)
(1.00252 0.00175364 0)
(1.00309 0.00220505 0)
(1.00372 0.00263868 0)
(1.00422 0.0030624 0)
(1.00487 0.00348626 0)
(1.00555 0.00390876 0)
(1.00643 0.0043223 0)
(1.00736 0.00470622 0)
(1.0084 0.0050718 0)
(1.0094 0.00540644 0)
(1.01037 0.0057108 0)
(1.0111 0.00597875 0)
(1.01145 0.00621143 0)
(1.01107 0.00640902 0)
(1.00967 0.00657347 0)
(1.00678 0.00670877 0)
(1.00006 0.00017629 0)
(1.00029 0.000577101 0)
(1.00107 0.000986119 0)
(1.00179 0.00142072 0)
(1.00262 0.00185741 0)
(1.00321 0.00229096 0)
(1.00386 0.00269117 0)
(1.00438 0.00308098 0)
(1.00506 0.00345787 0)
(1.00578 0.00382264 0)
(1.00668 0.00417533 0)
(1.00762 0.00450362 0)
(1.00869 0.00480688 0)
(1.0097 0.0050885 0)
(1.01068 0.00533893 0)
(1.0114 0.00556601 0)
(1.01174 0.00575977 0)
(1.01134 0.00592999 0)
(1.00991 0.00606828 0)
(1.00699 0.00618441 0)
(1.00007 0.000197792 0)
(1.00029 0.000639049 0)
(1.00111 0.00108411 0)
(1.00184 0.00153457 0)
(1.00271 0.00196123 0)
(1.0033 0.00237162 0)
(1.00397 0.00274153 0)
(1.0045 0.00308871 0)
(1.00521 0.00341596 0)
(1.00594 0.00371926 0)
(1.00687 0.00400266 0)
(1.00783 0.00426738 0)
(1.00891 0.00450452 0)
(1.00993 0.00472641 0)
(1.01092 0.00492017 0)
(1.01163 0.00509901 0)
(1.01197 0.00525217 0)
(1.01155 0.00539201 0)
(1.01011 0.00550891 0)
(1.00715 0.00560979 0)
(1.00008 0.000275304 0)
(1.00029 0.000857239 0)
(1.00118 0.0014078 0)
(1.00195 0.00188587 0)
(1.00287 0.00230253 0)
(1.00347 0.00265431 0)
(1.00416 0.00296066 0)
(1.00469 0.00321396 0)
(1.00543 0.003437 0)
(1.00616 0.00361583 0)
(1.00712 0.00376371 0)
(1.00809 0.00388134 0)
(1.0092 0.0039754 0)
(1.01022 0.00405121 0)
(1.01123 0.00411349 0)
(1.01195 0.00416616 0)
(1.0123 0.00421305 0)
(1.01189 0.00425523 0)
(1.01044 0.00429488 0)
(1.00744 0.00432957 0)
(1.00007 0.000338448 0)
(1.00027 0.00101975 0)
(1.00111 0.00157783 0)
(1.00182 0.00197857 0)
(1.00265 0.00224316 0)
(1.00316 0.00241195 0)
(1.00375 0.00252212 0)
(1.00418 0.00259434 0)
(1.0048 0.00265053 0)
(1.0054 0.00269611 0)
(1.00621 0.00273597 0)
(1.00703 0.00277285 0)
(1.00801 0.00280749 0)
(1.00895 0.00284198 0)
(1.00989 0.0028762 0)
(1.01058 0.00291144 0)
(1.01093 0.00294783 0)
(1.01054 0.00298538 0)
(1.00912 0.00302373 0)
(1.00617 0.00306198 0)
(1.0001 0.000729664 0)
(1.00008 0.0021376 0)
(1.00074 0.00319841 0)
(1.00117 0.00376521 0)
(1.0018 0.00401975 0)
(1.00209 0.00402848 0)
(1.00259 0.00393986 0)
(1.00298 0.00372791 0)
(1.00368 0.0034511 0)
(1.00439 0.00306002 0)
(1.00539 0.00259298 0)
(1.00638 0.00201991 0)
(1.00756 0.00138252 0)
(1.00865 0.000671823 0)
(1.00975 -6.44202e-05 0)
(1.01056 -0.000817002 0)
(1.01103 -0.00152881 0)
(1.01074 -0.00217 0)
(1.00942 -0.00266853 0)
(1.00652 -0.00297446 0)
(1.00008 0.000681466 0)
(0.999796 0.00200074 0)
(0.999496 0.00298835 0)
(0.998893 0.00349895 0)
(0.998601 0.00371004 0)
(0.998222 0.00368691 0)
(0.998036 0.00357477 0)
(0.997629 0.00334836 0)
(0.99723 0.00306343 0)
(0.996562 0.00266741 0)
(0.995859 0.0021957 0)
(0.994945 0.00161675 0)
(0.994041 0.000971161 0)
(0.993048 0.000250308 0)
(0.992194 -0.000498201 0)
(0.991484 -0.00126434 0)
(0.991231 -0.00199108 0)
(0.991625 -0.00264767 0)
(0.993145 -0.00316181 0)
(0.996143 -0.0034828 0)
(1.00009 0.00024918 0)
(0.999615 0.000748892 0)
(0.999103 0.00113454 0)
(0.998226 0.00137414 0)
(0.997691 0.00148343 0)
(0.997105 0.00150531 0)
(0.996832 0.00147478 0)
(0.996427 0.00141804 0)
(0.996132 0.00135498 0)
(0.995606 0.00129281 0)
(0.995082 0.00123754 0)
(0.994335 0.00119094 0)
(0.993594 0.001153 0)
(0.992732 0.00112467 0)
(0.991995 0.001104 0)
(0.991377 0.00109164 0)
(0.991211 0.00108564 0)
(0.991679 0.00108611 0)
(0.993273 0.00109101 0)
(0.996331 0.00109982 0)
(1.00007 0.000175847 0)
(0.999544 0.000553156 0)
(0.998861 0.000866383 0)
(0.997814 0.00108068 0)
(0.997042 0.00120872 0)
(0.996246 0.00127226 0)
(0.99573 0.00129295 0)
(0.995114 0.00127954 0)
(0.994588 0.00124679 0)
(0.993871 0.00119777 0)
(0.993162 0.0011421 0)
(0.992286 0.00108261 0)
(0.991442 0.00102485 0)
(0.990537 0.000970977 0)
(0.989786 0.000923437 0)
(0.989201 0.000882872 0)
(0.989087 0.000849726 0)
(0.989632 0.000823265 0)
(0.991301 0.000802837 0)
(0.994442 0.000787113 0)
(1.00006 8.24489e-05 0)
(0.999511 0.000290951 0)
(0.998731 0.000472805 0)
(0.997622 0.000602801 0)
(0.996741 0.000686423 0)
(0.995883 0.000743253 0)
(0.995294 0.000783643 0)
(0.994663 0.000813312 0)
(0.994125 0.000838915 0)
(0.993443 0.000861121 0)
(0.99276 0.000882213 0)
(0.991935 0.000902437 0)
(0.991127 0.000921399 0)
(0.990268 0.000939783 0)
(0.989546 0.000956512 0)
(0.988997 0.000972501 0)
(0.988902 0.000986827 0)
(0.989473 0.00100029 0)
(0.991155 0.00101225 0)
(0.994313 0.00102328 0)
(1.00006 5.62124e-05 0)
(0.999493 0.000210882 0)
(0.998689 0.000353651 0)
(0.997546 0.000462857 0)
(0.99663 0.000541817 0)
(0.995736 0.000604083 0)
(0.995115 0.000655499 0)
(0.994455 0.000697752 0)
(0.993892 0.000734125 0)
(0.993187 0.000763646 0)
(0.992487 0.000788219 0)
(0.991646 0.000808331 0)
(0.990824 0.000824662 0)
(0.989953 0.000838418 0)
(0.989221 0.000849601 0)
(0.988664 0.000859356 0)
(0.988563 0.000867441 0)
(0.989129 0.000874655 0)
(0.990807 0.000880732 0)
(0.993961 0.000886168 0)
(1.00004 3.70519e-05 0)
(0.999498 0.000149044 0)
(0.998651 0.000255717 0)
(0.997513 0.000337671 0)
(0.996553 0.000398487 0)
(0.995657 0.000448239 0)
(0.995 0.00049177 0)
(0.994338 0.000529169 0)
(0.993749 0.000563209 0)
(0.993047 0.000592144 0)
(0.99233 0.000617654 0)
(0.991496 0.000639459 0)
(0.990665 0.000658309 0)
(0.989804 0.000674789 0)
(0.989069 0.000689076 0)
(0.988523 0.000701797 0)
(0.988422 0.000712909 0)
(0.988997 0.00072286 0)
(0.990674 0.000731598 0)
(0.993834 0.000739405 0)
(1.00004 2.65214e-05 0)
(0.999496 0.000112202 0)
(0.998638 0.000194995 0)
(0.997495 0.000260299 0)
(0.996524 0.000309739 0)
(0.995621 0.000352098 0)
(0.994955 0.000390049 0)
(0.99429 0.000424016 0)
(0.993695 0.000455251 0)
(0.992992 0.000482637 0)
(0.992273 0.000506829 0)
(0.991439 0.000527922 0)
(0.990606 0.000546021 0)
(0.989745 0.000561904 0)
(0.989009 0.000575377 0)
(0.988463 0.000587288 0)
(0.98836 0.000597404 0)
(0.988935 0.000606401 0)
(0.990611 0.000614089 0)
(0.993771 0.000620947 0)
(1.00003 1.99869e-05 0)
(0.999502 8.57185e-05 0)
(0.998627 0.000150208 0)
(0.997491 0.000201102 0)
(0.996505 0.000240366 0)
(0.995608 0.0002742 0)
(0.994928 0.000305077 0)
(0.994267 0.000332642 0)
(0.993662 0.000358207 0)
(0.992963 0.000380412 0)
(0.992235 0.000400118 0)
(0.991404 0.000417085 0)
(0.990566 0.000431705 0)
(0.989707 0.000444365 0)
(0.988965 0.000455168 0)
(0.98842 0.0004646 0)
(0.988312 0.000472669 0)
(0.988888 0.000479756 0)
(0.99056 0.000485862 0)
(0.993721 0.000491241 0)
(1.00003 1.45771e-05 0)
(0.999505 6.36795e-05 0)
(0.99862 0.000111742 0)
(0.997489 0.000149975 0)
(0.996494 0.000179352 0)
(0.995599 0.000204982 0)
(0.994912 0.000228292 0)
(0.994252 0.000249342 0)
(0.993642 0.000268747 0)
(0.992943 0.000285743 0)
(0.99221 0.000300709 0)
(0.991379 0.000313689 0)
(0.990537 0.000324783 0)
(0.989678 0.000334473 0)
(0.988933 0.00034269 0)
(0.988389 0.000349946 0)
(0.988279 0.000356122 0)
(0.988855 0.000361617 0)
(0.990525 0.000366327 0)
(0.993686 0.000370533 0)
(1.00002 1.00725e-05 0)
(0.999507 4.4105e-05 0)
(0.998615 7.75882e-05 0)
(0.997487 0.000104135 0)
(0.996485 0.000124621 0)
(0.995593 0.000142444 0)
(0.9949 0.000158753 0)
(0.994242 0.000173447 0)
(0.993627 0.000187081 0)
(0.992929 0.000199001 0)
(0.992193 0.000209567 0)
(0.991363 0.000218715 0)
(0.990517 0.000226586 0)
(0.989659 0.000233442 0)
(0.988912 0.00023929 0)
(0.988368 0.000244432 0)
(0.988256 0.000248834 0)
(0.988833 0.00025273 0)
(0.990502 0.000256091 0)
(0.993663 0.000259079 0)
(1.00002 5.9433e-06 0)
(0.999509 2.61397e-05 0)
(0.998612 4.60446e-05 0)
(0.997487 6.1878e-05 0)
(0.99648 7.41218e-05 0)
(0.99559 8.48072e-05 0)
(0.994893 9.45869e-05 0)
(0.994236 0.000103414 0)
(0.993617 0.000111601 0)
(0.992921 0.00011877 0)
(0.992181 0.000125123 0)
(0.991352 0.00013063 0)
(0.990504 0.000135367 0)
(0.989647 0.000139496 0)
(0.988898 0.000143014 0)
(0.988354 0.000146109 0)
(0.988241 0.000148754 0)
(0.988818 0.000151094 0)
(0.990486 0.000153106 0)
(0.993648 0.000154891 0)
(1.00002 1.96896e-06 0)
(0.99951 8.69806e-06 0)
(0.99861 1.53434e-05 0)
(0.997487 2.0657e-05 0)
(0.996478 2.47781e-05 0)
(0.995589 2.83878e-05 0)
(0.99489 3.16873e-05 0)
(0.994234 3.46686e-05 0)
(0.993614 3.74277e-05 0)
(0.992918 3.98464e-05 0)
(0.992177 4.19865e-05 0)
(0.991348 4.38444e-05 0)
(0.990499 4.54403e-05 0)
(0.989643 4.68334e-05 0)
(0.988893 4.80186e-05 0)
(0.988349 4.90623e-05 0)
(0.988236 4.99521e-05 0)
(0.988813 5.07395e-05 0)
(0.99048 5.14137e-05 0)
(0.993641 5.201e-05 0)
)
;

boundaryField
{
    top
    {
        type            fixedValue;
        value           uniform (1 0 0);
    }
    inlet
    {
        type            fixedValue;
        value           uniform (1 0 0);
    }
    outlet
    {
        type            zeroGradient;
    }
    plate
    {
        type            fixedValue;
        value           uniform (0 0 0);
    }
    symmBound
    {
        type            zeroGradient;
    }
    frontAndBack
    {
        type            empty;
    }
}


// ************************************************************************* //
