/*--------------------------------*- C++ -*----------------------------------*\
| =========                 |                                                 |
| \\      /  F ield         | OpenFOAM: The Open Source CFD Toolbox           |
|  \\    /   O peration     | Version:  1.4.1-dev                             |
|   \\  /    A nd           | Web:      http://www.openfoam.org               |
|    \\/     M anipulation  |                                                 |
\*---------------------------------------------------------------------------*/

FoamFile
{
    version 2.0;
    format ascii;

    root "/home/mjaworsk/OpenFOAM/mjaworsk-1.4.1-dev/run/FlatPlate-Blasius";
    case "icoHeatFoam-flatPlate2";
    instance "0.1";
    local "";

    class surfaceScalarField;
    object phi;
}

// * * * * * * * * * * * * * * * * * * * * * * * * * * * * * * * * * * * * * //

dimensions      [0 3 -1 0 0 0 0];

internalField   nonuniform List<scalar> 
4850
(
9.37572e-09
5.41364e-09
-1.47894e-08
5.61488e-09
3.76084e-09
3.82787e-09
1.78701e-09
2.98071e-09
8.47163e-10
2.52598e-09
4.5473e-10
2.24321e-09
2.8277e-10
2.04047e-09
2.02732e-10
1.88166e-09
1.58818e-10
1.75213e-09
1.2953e-10
1.64456e-09
1.07564e-10
1.55427e-09
9.02938e-11
1.47808e-09
7.6187e-11
1.4141e-09
6.39831e-11
1.36099e-09
5.31115e-11
1.31801e-09
4.29749e-11
1.28559e-09
3.24221e-11
1.26464e-09
2.09512e-11
1.25476e-09
9.8757e-12
1.25333e-09
1.43399e-12
1.25657e-09
-3.24204e-12
1.2614e-09
-4.83461e-12
1.26614e-09
-4.73672e-12
1.27012e-09
-3.97619e-12
1.27318e-09
-3.06245e-12
1.27541e-09
-2.23258e-12
1.27697e-09
-1.55739e-12
1.27803e-09
-1.05639e-12
1.27872e-09
-6.88752e-13
1.27916e-09
-4.45426e-13
1.27942e-09
-2.62519e-13
1.27958e-09
-1.5346e-13
1.27962e-09
-4.72822e-14
1.27962e-09
2.84262e-15
1.27954e-09
8.18113e-14
1.35885e-13
1.61654e-08
6.09013e-09
-1.68419e-08
1.37705e-08
6.15574e-09
1.15337e-08
4.02384e-09
9.78797e-09
2.5929e-09
8.46938e-09
1.77332e-09
7.51327e-09
1.23889e-09
6.81324e-09
9.0276e-10
6.27298e-09
6.99079e-10
5.83623e-09
5.66282e-10
5.47426e-09
4.69527e-10
5.17062e-09
3.93933e-10
4.91486e-09
3.31951e-10
4.70038e-09
2.78465e-10
4.52301e-09
2.30478e-10
4.38115e-09
1.84837e-10
4.27575e-09
1.37824e-10
4.20752e-09
8.91747e-11
4.17289e-09
4.45063e-11
4.16301e-09
1.13207e-11
4.16718e-09
-7.40977e-12
4.17697e-09
-1.46344e-11
4.18759e-09
-1.5347e-11
4.19686e-09
-1.32515e-11
4.20411e-09
-1.03118e-11
4.20938e-09
-7.49837e-12
4.21298e-09
-5.16237e-12
4.21534e-09
-3.41468e-12
4.21679e-09
-2.1374e-12
4.21764e-09
-1.29845e-12
4.21805e-09
-6.69782e-13
4.21821e-09
-3.14629e-13
4.21811e-09
5.3803e-14
4.21793e-09
1.82238e-13
4.21753e-09
4.75735e-13
6.04267e-13
1.90553e-08
5.3491e-09
-1.83142e-08
1.85051e-08
6.70591e-09
1.72912e-08
5.23775e-09
1.59661e-08
3.91796e-09
1.46236e-08
3.11583e-09
1.33848e-08
2.47772e-09
1.23272e-08
1.96037e-09
1.14438e-08
1.58248e-09
1.07004e-08
1.3097e-09
1.00687e-08
1.10116e-09
9.52933e-09
9.3333e-10
9.06875e-09
7.92524e-10
8.67798e-09
6.69235e-10
8.35143e-09
5.57028e-10
8.08749e-09
4.48782e-10
7.88779e-09
3.37522e-10
7.75265e-09
2.24312e-10
7.6755e-09
1.21658e-10
7.64207e-09
4.47535e-11
7.63548e-09
-8.19427e-13
7.642e-09
-2.11545e-11
7.65308e-09
-2.64246e-11
7.66426e-09
-2.44334e-11
7.67359e-09
-1.9642e-11
7.68054e-09
-1.44482e-11
7.68526e-09
-9.88812e-12
7.68823e-09
-6.38407e-12
7.68989e-09
-3.7933e-12
7.69069e-09
-2.104e-12
7.69086e-09
-8.31989e-13
7.69071e-09
-1.63683e-13
7.69018e-09
5.83033e-13
7.68961e-09
7.52552e-13
7.68871e-09
1.36871e-12
1.52642e-12
2.08116e-08
4.55571e-09
-2.00182e-08
2.11623e-08
6.35529e-09
2.08378e-08
5.56222e-09
2.02668e-08
4.48894e-09
1.94986e-08
3.884e-09
1.85824e-08
3.394e-09
1.76331e-08
2.90964e-09
1.67223e-08
2.49331e-09
1.58742e-08
2.15778e-09
1.50975e-08
1.87786e-09
1.43962e-08
1.63458e-09
1.37718e-08
1.41693e-09
1.32241e-08
1.21696e-09
1.27529e-08
1.02825e-09
1.23605e-08
8.41204e-10
1.20517e-08
6.46331e-10
1.18289e-08
4.47052e-10
1.1686e-08
2.64537e-10
1.16069e-08
1.23864e-10
1.15712e-08
3.49519e-11
1.15607e-08
-1.07032e-11
1.1563e-08
-2.86905e-11
1.15702e-08
-3.16842e-11
1.15781e-08
-2.75648e-11
1.15847e-08
-2.103e-11
1.15893e-08
-1.44718e-11
1.1592e-08
-9.11422e-12
1.15932e-08
-5.00774e-12
1.15935e-08
-2.34165e-12
1.1593e-08
-2.96477e-13
1.15921e-08
6.70339e-13
1.15908e-08
1.86944e-12
1.15896e-08
1.97601e-12
1.1588e-08
2.98127e-12
3.06585e-12
2.24908e-08
3.97753e-09
-2.19126e-08
2.30912e-08
5.75492e-09
2.31857e-08
5.46766e-09
2.30825e-08
4.59218e-09
2.28451e-08
4.12134e-09
2.24238e-08
3.81536e-09
2.18648e-08
3.46866e-09
2.12349e-08
3.12316e-09
2.05707e-08
2.82198e-09
1.98943e-08
2.55433e-09
1.92258e-08
2.30306e-09
1.85842e-08
2.05851e-09
1.79852e-08
1.81591e-09
1.74415e-08
1.57195e-09
1.6965e-08
1.31773e-09
1.6568e-08
1.04338e-09
1.62595e-08
7.5551e-10
1.60396e-08
4.8447e-10
1.58967e-08
2.66692e-10
1.58126e-08
1.19084e-10
1.57685e-08
3.34019e-11
1.57492e-08
-9.42846e-12
1.57438e-08
-2.62798e-11
1.57448e-08
-2.85758e-11
1.57478e-08
-2.39688e-11
1.57503e-08
-1.69836e-11
1.57516e-08
-1.04175e-11
1.57516e-08
-4.95629e-12
1.57506e-08
-1.39473e-12
1.57489e-08
1.4566e-12
1.57469e-08
2.60793e-12
1.57445e-08
4.28228e-12
1.57423e-08
4.15439e-12
1.57397e-08
5.56555e-12
5.41376e-12
2.43399e-08
3.57939e-09
-2.39418e-08
2.49568e-08
5.13804e-09
2.51993e-08
5.2251e-09
2.52617e-08
4.5298e-09
2.52864e-08
4.09661e-09
2.5203e-08
3.89879e-09
2.49921e-08
3.67951e-09
2.4691e-08
3.42429e-09
2.43249e-08
3.1881e-09
2.39043e-08
2.97492e-09
2.34408e-08
2.76656e-09
2.29509e-08
2.54842e-09
2.24532e-08
2.31356e-09
2.19662e-08
2.05904e-09
2.15078e-08
1.77612e-09
2.10966e-08
1.45457e-09
2.07492e-08
1.10286e-09
2.04755e-08
7.58236e-10
2.02745e-08
4.67609e-10
2.01369e-08
2.56717e-10
2.00491e-08
1.21206e-10
1.99976e-08
4.20792e-11
1.99704e-08
8.70444e-13
1.99579e-08
-1.60179e-11
1.99528e-08
-1.88802e-11
1.99505e-08
-1.47072e-11
1.99488e-08
-8.64313e-12
1.99464e-08
-2.56863e-12
1.99435e-08
1.47288e-12
1.99399e-08
5.00453e-12
1.99365e-08
6.10067e-12
1.99325e-08
8.20297e-12
1.99291e-08
7.60339e-12
1.99253e-08
9.38205e-12
8.76676e-12
2.6378e-08
3.29845e-09
-2.6097e-08
2.69458e-08
4.57019e-09
2.7254e-08
4.91694e-09
2.73572e-08
4.4266e-09
2.74548e-08
3.99902e-09
2.75188e-08
3.83476e-09
2.74995e-08
3.69882e-09
2.74108e-08
3.51296e-09
2.72734e-08
3.32556e-09
2.70898e-08
3.15844e-09
2.68588e-08
2.99761e-09
2.65841e-08
2.82313e-09
2.62748e-08
2.62278e-09
2.59431e-08
2.39074e-09
2.56027e-08
2.11657e-09
2.52691e-08
1.78817e-09
2.49595e-08
1.41248e-09
2.46894e-08
1.02829e-09
2.44685e-08
6.88544e-10
2.42985e-08
4.26654e-10
2.41757e-08
2.44079e-10
2.40926e-08
1.25139e-10
2.40405e-08
5.29548e-11
2.40102e-08
1.43494e-11
2.39933e-08
-2.0013e-12
2.39834e-08
-4.85302e-12
2.39767e-08
-1.92688e-12
2.39708e-08
3.38059e-12
2.39652e-08
7.06855e-12
2.39592e-08
1.09299e-11
2.39538e-08
1.15813e-11
2.3948e-08
1.39721e-11
2.3943e-08
1.26025e-11
2.39377e-08
1.46567e-11
1.32897e-11
2.86073e-08
3.08361e-09
-2.83925e-08
2.90981e-08
4.07938e-09
2.94475e-08
4.56756e-09
2.95767e-08
4.29742e-09
2.96779e-08
3.89778e-09
2.97852e-08
3.72744e-09
2.98457e-08
3.6383e-09
2.98542e-08
3.50454e-09
2.9832e-08
3.3477e-09
2.97863e-08
3.20413e-09
2.97123e-08
3.0716e-09
2.9606e-08
2.92951e-09
2.94673e-08
2.7614e-09
2.92997e-08
2.55842e-09
2.91077e-08
2.30851e-09
2.88981e-08
1.99784e-09
2.86806e-08
1.6299e-09
2.84689e-08
1.24002e-09
2.82762e-08
8.81272e-10
2.81117e-08
5.91095e-10
2.79799e-08
3.75914e-10
2.78807e-08
2.24289e-10
2.78111e-08
1.22638e-10
2.77651e-08
6.03591e-11
2.7736e-08
2.70764e-11
2.77173e-08
1.38625e-11
2.77043e-08
1.10048e-11
2.76938e-08
1.38786e-11
2.76848e-08
1.60741e-11
2.76761e-08
1.96966e-11
2.76683e-08
1.93738e-11
2.76604e-08
2.18166e-11
2.76537e-08
1.93295e-11
2.76468e-08
2.15267e-11
1.90742e-11
3.10374e-08
2.89982e-09
-3.08536e-08
3.14425e-08
3.67422e-09
3.18081e-08
4.20204e-09
3.19738e-08
4.13167e-09
3.20697e-08
3.80193e-09
3.21818e-08
3.61529e-09
3.22741e-08
3.54599e-09
3.23233e-08
3.45542e-09
3.23459e-08
3.32508e-09
3.23571e-08
3.19294e-09
3.23569e-08
3.07174e-09
3.23406e-08
2.9459e-09
3.23047e-08
2.79725e-09
3.22481e-08
2.61504e-09
3.21697e-08
2.38693e-09
3.20684e-08
2.09913e-09
3.19459e-08
1.75238e-09
3.18095e-08
1.37645e-09
3.16703e-08
1.0205e-09
3.1539e-08
7.22346e-10
3.14235e-08
4.91389e-10
3.13282e-08
3.19575e-10
3.12545e-08
1.9637e-10
3.12006e-08
1.14222e-10
3.1163e-08
6.47292e-11
3.11366e-08
4.02513e-11
3.11175e-08
3.00734e-11
3.11022e-08
2.91914e-11
3.10895e-08
2.87672e-11
3.10777e-08
3.14907e-11
3.10675e-08
2.95935e-11
3.10575e-08
3.17864e-11
3.10491e-08
2.78112e-11
3.10406e-08
3.00022e-11
2.61142e-11
3.36795e-08
2.72975e-09
-3.35095e-08
3.40086e-08
3.34512e-09
3.43635e-08
3.84717e-09
3.45677e-08
3.92742e-09
3.46682e-08
3.70151e-09
3.47735e-08
3.50991e-09
3.4879e-08
3.44057e-09
3.49511e-08
3.38333e-09
3.49933e-08
3.28285e-09
3.50241e-08
3.1621e-09
3.50505e-08
3.04534e-09
3.50702e-08
2.92624e-09
3.50798e-08
2.78763e-09
3.50772e-08
2.61762e-09
3.50598e-08
2.40434e-09
3.50234e-08
2.13552e-09
3.4965e-08
1.81084e-09
3.48865e-08
1.45494e-09
3.47954e-08
1.11152e-09
3.4701e-08
8.16752e-10
3.46109e-08
5.81493e-10
3.45304e-08
4.00094e-10
3.44627e-08
2.64102e-10
3.44086e-08
1.68319e-10
3.43672e-08
1.06096e-10
3.43358e-08
7.16721e-11
3.43118e-08
5.4047e-11
3.42922e-08
4.87922e-11
3.42761e-08
4.49177e-11
3.42614e-08
4.61577e-11
3.42489e-08
4.21164e-11
3.42369e-08
4.3752e-11
3.42268e-08
3.79302e-11
3.42168e-08
3.99765e-11
3.43202e-11
3.65464e-08
2.56853e-09
-3.63851e-08
3.6818e-08
3.07349e-09
3.71433e-08
3.52187e-09
3.73751e-08
3.69556e-09
3.74931e-08
3.58353e-09
3.75915e-08
3.41156e-09
3.76994e-08
3.33264e-09
3.77878e-08
3.29493e-09
3.78451e-08
3.22553e-09
3.78855e-08
3.12172e-09
3.79211e-08
3.00971e-09
3.79533e-08
2.89402e-09
3.79795e-08
2.76148e-09
3.79975e-08
2.59961e-09
3.80048e-08
2.39701e-09
3.79971e-08
2.14324e-09
3.79699e-08
1.83802e-09
3.79229e-08
1.50198e-09
3.7861e-08
1.17345e-09
3.77915e-08
8.86205e-10
3.77211e-08
6.51873e-10
3.76545e-08
4.66753e-10
3.75947e-08
3.2386e-10
3.75435e-08
2.19582e-10
3.75013e-08
1.48278e-10
3.7467e-08
1.05948e-10
3.74395e-08
8.15174e-11
3.74165e-08
7.18146e-11
3.73974e-08
6.39951e-11
3.73803e-08
6.33251e-11
3.73657e-08
5.66673e-11
3.7352e-08
5.74843e-11
3.73404e-08
4.94974e-11
3.73291e-08
5.12896e-11
4.35699e-11
3.96527e-08
2.41622e-09
-3.95004e-08
3.98844e-08
2.84178e-09
4.01729e-08
3.23341e-09
4.04161e-08
3.45232e-09
4.05588e-08
3.44084e-09
4.06565e-08
3.31388e-09
4.07607e-08
3.22845e-09
4.08591e-08
3.19653e-09
4.09311e-08
3.15351e-09
4.09808e-08
3.07203e-09
4.10218e-08
2.96869e-09
4.10594e-08
2.85644e-09
4.1092e-08
2.72884e-09
4.11175e-08
2.57412e-09
4.11335e-08
2.38104e-09
4.1136e-08
2.14076e-09
4.11207e-08
1.85328e-09
4.10867e-08
1.53598e-09
4.10378e-08
1.22238e-09
4.09803e-08
9.43745e-10
4.092e-08
7.12149e-10
4.0861e-08
5.25712e-10
4.08061e-08
3.78757e-10
4.07568e-08
2.68887e-10
4.07142e-08
1.90888e-10
4.06779e-08
1.42214e-10
4.06478e-08
1.11618e-10
4.06221e-08
9.75553e-11
4.06006e-08
8.54901e-11
4.05813e-08
8.2618e-11
4.0565e-08
7.2973e-11
4.05497e-08
7.27717e-11
4.05369e-08
6.23459e-11
4.05244e-08
6.38075e-11
5.37657e-11
4.30159e-08
2.27318e-09
-4.28729e-08
4.32198e-08
2.63793e-09
4.3473e-08
2.98024e-09
4.37129e-08
3.2124e-09
4.38788e-08
3.27497e-09
4.39846e-08
3.20807e-09
4.40842e-08
3.12882e-09
4.41862e-08
3.09456e-09
4.42708e-08
3.06885e-09
4.43316e-08
3.01126e-09
4.43785e-08
2.92176e-09
4.442e-08
2.81497e-09
4.44565e-08
2.69238e-09
4.44857e-08
2.54486e-09
4.45054e-08
2.36139e-09
4.45117e-08
2.13446e-09
4.45007e-08
1.86426e-09
4.44715e-08
1.5652e-09
4.44274e-08
1.26648e-09
4.43742e-08
9.96938e-10
4.43174e-08
7.68897e-10
4.4261e-08
5.8216e-10
4.42074e-08
4.32336e-10
4.41581e-08
3.18195e-10
4.41143e-08
2.34668e-10
4.40761e-08
1.80475e-10
4.40436e-08
1.44045e-10
4.40155e-08
1.25648e-10
4.39919e-08
1.09095e-10
4.39707e-08
1.03803e-10
4.39528e-08
9.08669e-11
4.39361e-08
8.9496e-11
4.39221e-08
7.63878e-11
4.39084e-08
7.74675e-11
6.48648e-11
4.66558e-08
2.13897e-09
-4.65216e-08
4.68389e-08
2.45486e-09
4.70623e-08
2.75682e-09
4.72894e-08
2.98535e-09
4.74701e-08
3.09429e-09
4.75909e-08
3.08726e-09
4.76897e-08
3.02996e-09
4.77909e-08
2.9934e-09
4.78841e-08
2.97563e-09
4.79566e-08
2.93874e-09
4.80112e-08
2.86721e-09
4.80569e-08
2.76928e-09
4.80967e-08
2.6526e-09
4.81288e-08
2.51268e-09
4.81511e-08
2.33914e-09
4.81598e-08
2.12572e-09
4.81511e-08
1.87294e-09
4.81242e-08
1.59217e-09
4.80822e-08
1.30848e-09
4.80305e-08
1.04858e-09
4.79746e-08
8.24858e-10
4.79181e-08
6.38581e-10
4.78639e-08
4.86571e-10
4.78133e-08
3.68804e-10
4.77677e-08
2.8028e-10
4.77272e-08
2.20932e-10
4.76925e-08
1.78757e-10
4.76622e-08
1.5597e-10
4.76366e-08
1.34695e-10
4.76136e-08
1.268e-10
4.75942e-08
1.10303e-10
4.7576e-08
1.07638e-10
4.75608e-08
9.16155e-11
4.7546e-08
9.22763e-11
7.68758e-11
5.05945e-08
2.01285e-09
-5.04684e-08
5.07609e-08
2.28844e-09
5.09606e-08
2.55719e-09
5.11707e-08
2.77526e-09
5.13563e-08
2.90863e-09
5.14934e-08
2.95017e-09
5.15971e-08
2.92621e-09
5.16966e-08
2.89399e-09
5.17939e-08
2.8783e-09
5.18767e-08
2.85595e-09
5.19404e-08
2.80352e-09
5.19913e-08
2.71833e-09
5.20346e-08
2.60931e-09
5.20696e-08
2.47769e-09
5.20942e-08
2.3145e-09
5.21054e-08
2.11454e-09
5.2099e-08
1.87932e-09
5.2074e-08
1.61722e-09
5.20336e-08
1.34889e-09
5.1983e-08
1.09917e-09
5.19272e-08
8.80614e-10
5.18702e-08
6.95634e-10
5.18147e-08
5.42077e-10
5.17623e-08
4.21167e-10
5.17146e-08
3.2798e-10
5.16719e-08
2.63682e-10
5.16349e-08
2.15765e-10
5.16023e-08
1.8851e-10
5.15747e-08
1.62289e-10
5.15499e-08
1.51628e-10
5.15289e-08
1.31313e-10
5.15093e-08
1.27244e-10
5.14928e-08
1.08072e-10
5.14768e-08
1.08286e-10
8.98391e-11
5.48565e-08
1.8943e-09
-5.47379e-08
5.50089e-08
2.136e-09
5.51896e-08
2.37651e-09
5.53825e-08
2.58231e-09
5.55652e-08
2.72591e-09
5.57147e-08
2.80074e-09
5.58279e-08
2.81296e-09
5.59277e-08
2.79424e-09
5.6026e-08
2.77999e-09
5.6116e-08
2.76594e-09
5.61892e-08
2.73033e-09
5.62466e-08
2.66086e-09
5.62941e-08
2.5619e-09
5.63321e-08
2.43966e-09
5.6359e-08
2.28753e-09
5.63728e-08
2.10083e-09
5.63692e-08
1.88291e-09
5.63465e-08
1.63994e-09
5.63078e-08
1.38751e-09
5.62585e-08
1.1485e-09
5.62032e-08
9.35936e-10
5.61456e-08
7.5319e-10
5.60889e-08
5.98809e-10
5.60348e-08
4.75265e-10
5.5985e-08
3.77741e-10
5.594e-08
3.08695e-10
5.59007e-08
2.55055e-10
5.5866e-08
2.23278e-10
5.58363e-08
1.91914e-10
5.58096e-08
1.78347e-10
5.5787e-08
1.53965e-10
5.57658e-08
1.48388e-10
5.57481e-08
1.25824e-10
5.57308e-08
1.25567e-10
1.0381e-10
5.94685e-08
1.78317e-09
-5.93574e-08
5.96089e-08
1.99564e-09
5.9774e-08
2.21139e-09
5.99517e-08
2.40466e-09
6.01266e-08
2.55098e-09
6.02821e-08
2.64528e-09
6.04063e-08
2.6887e-09
6.05098e-08
2.69077e-09
6.06083e-08
2.68149e-09
6.07022e-08
2.672e-09
6.07836e-08
2.64891e-09
6.08485e-08
2.59597e-09
6.09008e-08
2.50962e-09
6.09425e-08
2.39802e-09
6.09719e-08
2.2581e-09
6.09881e-08
2.08466e-09
6.09877e-08
1.88327e-09
6.0968e-08
1.65966e-09
6.09316e-08
1.4239e-09
6.08839e-08
1.19617e-09
6.08295e-08
9.90364e-10
6.07718e-08
8.10841e-10
6.07142e-08
6.56469e-10
6.06586e-08
5.30877e-10
6.06069e-08
4.29403e-10
6.05597e-08
3.55871e-10
6.05182e-08
2.9658e-10
6.04812e-08
2.6028e-10
6.04495e-08
2.23612e-10
6.04208e-08
2.07024e-10
6.03965e-08
1.78333e-10
6.03737e-08
1.71154e-10
6.03546e-08
1.44944e-10
6.03359e-08
1.44198e-10
1.18849e-10
6.44602e-08
1.67943e-09
-6.43565e-08
6.45898e-08
1.86607e-09
6.47415e-08
2.05963e-09
6.49062e-08
2.24005e-09
6.50714e-08
2.38572e-09
6.5227e-08
2.48974e-09
6.53601e-08
2.55554e-09
6.54701e-08
2.58076e-09
6.55699e-08
2.5817e-09
6.56656e-08
2.57633e-09
6.57529e-08
2.56157e-09
6.58253e-08
2.52361e-09
6.58831e-08
2.45182e-09
6.5929e-08
2.3521e-09
6.59615e-08
2.22563e-09
6.598e-08
2.06615e-09
6.5983e-08
1.88024e-09
6.5967e-08
1.67565e-09
6.59334e-08
1.45748e-09
6.58878e-08
1.24178e-09
6.58348e-08
1.04339e-09
6.57776e-08
8.6807e-10
6.57194e-08
7.14644e-10
6.56626e-08
5.87686e-10
6.56093e-08
4.82728e-10
6.55601e-08
4.05052e-10
6.55164e-08
3.40258e-10
6.54772e-08
2.99498e-10
6.54434e-08
2.57407e-10
6.54127e-08
2.37716e-10
6.53865e-08
2.04486e-10
6.53621e-08
1.95623e-10
6.53415e-08
1.65504e-10
6.53215e-08
1.64257e-10
1.35018e-10
6.98634e-08
1.58272e-09
-6.97667e-08
6.9983e-08
1.74643e-09
7.01228e-08
1.91981e-09
7.02761e-08
2.08682e-09
7.04318e-08
2.22994e-09
7.05833e-08
2.33833e-09
7.07212e-08
2.41755e-09
7.08386e-08
2.46345e-09
7.09416e-08
2.47867e-09
7.10384e-08
2.47956e-09
7.11292e-08
2.47071e-09
7.12081e-08
2.44476e-09
7.12717e-08
2.3882e-09
7.13223e-08
2.30145e-09
7.13587e-08
2.18927e-09
7.13798e-08
2.0451e-09
7.1386e-08
1.87402e-09
7.13743e-08
1.68734e-09
7.13443e-08
1.48745e-09
7.13013e-08
1.28485e-09
7.12501e-08
1.09454e-09
7.11939e-08
9.24304e-10
7.11357e-08
7.72834e-10
7.10781e-08
6.45305e-10
7.10234e-08
5.37417e-10
7.09724e-08
4.56028e-10
7.09267e-08
3.85962e-10
7.08853e-08
3.40878e-10
7.08494e-08
2.93298e-10
7.08167e-08
2.70464e-10
7.07887e-08
2.32478e-10
7.07624e-08
2.21868e-10
7.07404e-08
1.8757e-10
7.07188e-08
1.85817e-10
1.52376e-10
7.57125e-08
1.49213e-09
-7.56219e-08
7.58228e-08
1.63607e-09
7.59517e-08
1.791e-09
7.60943e-08
1.94415e-09
7.62415e-08
2.08273e-09
7.63867e-08
2.19312e-09
7.65252e-08
2.27905e-09
7.66484e-08
2.34027e-09
7.67561e-08
2.371e-09
7.68546e-08
2.38105e-09
7.69473e-08
2.37799e-09
7.7031e-08
2.36104e-09
7.71003e-08
2.31891e-09
7.71558e-08
2.24595e-09
7.71968e-08
2.14825e-09
7.72211e-08
2.02081e-09
7.72303e-08
1.86483e-09
7.72231e-08
1.69452e-09
7.71976e-08
1.51297e-09
7.71577e-08
1.32475e-09
7.71089e-08
1.14333e-09
7.70542e-08
9.78954e-10
7.69966e-08
8.30465e-10
7.69386e-08
7.03274e-10
7.6883e-08
5.93107e-10
7.68305e-08
5.08526e-10
7.67829e-08
4.33513e-10
7.67395e-08
3.84323e-10
7.67015e-08
3.31249e-10
7.66667e-08
3.0528e-10
7.66368e-08
2.62345e-10
7.66087e-08
2.49948e-10
7.65851e-08
2.11198e-10
7.6562e-08
2.08947e-10
1.70979e-10
8.20443e-08
1.40641e-09
-8.19586e-08
8.21462e-08
1.53418e-09
8.22648e-08
1.67236e-09
8.23972e-08
1.81178e-09
8.25364e-08
1.94356e-09
8.2675e-08
2.05451e-09
8.28106e-08
2.14339e-09
8.29369e-08
2.21405e-09
8.30492e-08
2.25871e-09
8.31505e-08
2.27976e-09
8.32445e-08
2.28395e-09
8.33314e-08
2.27418e-09
8.34057e-08
2.24462e-09
8.34658e-08
2.18582e-09
8.35118e-08
2.10228e-09
8.35403e-08
1.99226e-09
8.35526e-08
1.85256e-09
8.35497e-08
1.6974e-09
8.35293e-08
1.53338e-09
8.34934e-08
1.36071e-09
8.34474e-08
1.18926e-09
8.33949e-08
1.03145e-09
8.33385e-08
8.86902e-10
8.32807e-08
7.61057e-10
8.32245e-08
6.4937e-10
8.31708e-08
5.62212e-10
8.31216e-08
4.82669e-10
8.30762e-08
4.29684e-10
8.30363e-08
3.71179e-10
8.29995e-08
3.42142e-10
8.29677e-08
2.94096e-10
8.29377e-08
2.79903e-10
8.29125e-08
2.36433e-10
8.28878e-08
2.33701e-10
1.90876e-10
8.88983e-08
1.32456e-09
-8.88165e-08
8.89928e-08
1.43966e-09
8.91021e-08
1.56309e-09
8.92245e-08
1.68942e-09
8.93555e-08
1.81258e-09
8.94877e-08
1.92223e-09
8.96187e-08
2.01247e-09
8.97449e-08
2.08786e-09
8.98604e-08
2.14312e-09
8.99649e-08
2.17526e-09
9.00606e-08
2.18828e-09
9.01493e-08
2.18546e-09
9.02276e-08
2.1663e-09
9.0292e-08
2.12143e-09
9.03427e-08
2.05161e-09
9.03764e-08
1.95858e-09
9.03924e-08
1.83657e-09
9.03935e-08
1.69624e-09
9.03786e-08
1.54835e-09
9.03474e-08
1.39186e-09
9.0305e-08
1.23171e-09
9.02552e-08
1.08123e-09
9.02006e-08
9.41483e-10
9.01436e-08
8.18038e-10
9.00873e-08
7.05703e-10
9.00328e-08
6.1668e-10
8.99824e-08
5.33118e-10
8.99353e-08
4.76748e-10
8.98935e-08
4.12954e-10
8.98547e-08
3.80986e-10
8.98211e-08
3.27709e-10
8.97892e-08
3.11747e-10
8.97624e-08
2.63301e-10
8.97359e-08
2.60119e-10
2.12105e-10
9.63169e-08
1.24621e-09
-9.62386e-08
9.64053e-08
1.35124e-09
9.65062e-08
1.46222e-09
9.66191e-08
1.5765e-09
9.67415e-08
1.69019e-09
9.68675e-08
1.79628e-09
9.6993e-08
1.88692e-09
9.71167e-08
1.96421e-09
9.72335e-08
2.02634e-09
9.73406e-08
2.06812e-09
9.74383e-08
2.09058e-09
9.75283e-08
2.09548e-09
9.76095e-08
2.08511e-09
9.76777e-08
2.05319e-09
9.77325e-08
1.99681e-09
9.77716e-08
1.91951e-09
9.77923e-08
1.81588e-09
9.77974e-08
1.69108e-09
9.77878e-08
1.55796e-09
9.77622e-08
1.41747e-09
9.7724e-08
1.26994e-09
9.76775e-08
1.12773e-09
9.76254e-08
9.93551e-10
9.75699e-08
8.73543e-10
9.75141e-08
7.6153e-10
9.74593e-08
6.71451e-10
9.74079e-08
5.84475e-10
9.73594e-08
5.2523e-10
9.7316e-08
4.56379e-10
9.72753e-08
4.21696e-10
9.72399e-08
3.63119e-10
9.72062e-08
3.45461e-10
9.71777e-08
2.91804e-10
9.71496e-08
2.88221e-10
2.34689e-10
1.04346e-07
1.17152e-09
-1.04272e-07
1.0443e-07
1.26791e-09
1.04523e-07
1.36863e-09
1.04627e-07
1.47221e-09
1.04741e-07
1.5765e-09
1.0486e-07
1.6771e-09
1.0498e-07
1.76689e-09
1.051e-07
1.84465e-09
1.05216e-07
1.91052e-09
1.05324e-07
1.9597e-09
1.05424e-07
1.99097e-09
1.05515e-07
2.00431e-09
1.05598e-07
2.00203e-09
1.05669e-07
1.98165e-09
1.05728e-07
1.93842e-09
1.05772e-07
1.87545e-09
1.05798e-07
1.7897e-09
1.05808e-07
1.68147e-09
1.05803e-07
1.56245e-09
1.05784e-07
1.43711e-09
1.0575e-07
1.30314e-09
1.05708e-07
1.17034e-09
1.05659e-07
1.04247e-09
1.05606e-07
9.26861e-10
1.05551e-07
8.16201e-10
1.05496e-07
7.25973e-10
1.05445e-07
6.36278e-10
1.05395e-07
5.7477e-10
1.0535e-07
5.01186e-10
1.05308e-07
4.64091e-10
1.05271e-07
4.0021e-10
1.05235e-07
3.80981e-10
1.05205e-07
3.21913e-10
1.05175e-07
3.17998e-10
2.58634e-10
1.13036e-07
1.10081e-09
-1.12966e-07
1.13115e-07
1.18917e-09
1.13203e-07
1.28131e-09
1.13299e-07
1.37564e-09
1.13404e-07
1.4712e-09
1.13516e-07
1.56523e-09
1.13631e-07
1.65259e-09
1.13745e-07
1.72994e-09
1.13858e-07
1.79742e-09
1.13966e-07
1.85166e-09
1.14067e-07
1.89025e-09
1.14159e-07
1.912e-09
1.14244e-07
1.91774e-09
1.14318e-07
1.90749e-09
1.14379e-07
1.87685e-09
1.14428e-07
1.82713e-09
1.1446e-07
1.7578e-09
1.14474e-07
1.66671e-09
1.14475e-07
1.56189e-09
1.14461e-07
1.4507e-09
1.14434e-07
1.33058e-09
1.14396e-07
1.20836e-09
1.14351e-07
1.08762e-09
1.143e-07
9.77273e-10
1.14248e-07
8.69004e-10
1.14194e-07
7.7962e-10
1.14142e-07
6.87989e-10
1.14092e-07
6.24922e-10
1.14046e-07
5.47034e-10
1.14002e-07
5.0792e-10
1.13964e-07
4.38807e-10
1.13927e-07
4.18192e-10
1.13895e-07
3.53557e-10
1.13864e-07
3.49405e-10
2.83914e-10
1.22442e-07
1.03418e-09
-1.22376e-07
1.22517e-07
1.11494e-09
1.22598e-07
1.19956e-09
1.22688e-07
1.28593e-09
1.22786e-07
1.37361e-09
1.2289e-07
1.46088e-09
1.22998e-07
1.5444e-09
1.23108e-07
1.62049e-09
1.23217e-07
1.68825e-09
1.23323e-07
1.74552e-09
1.23423e-07
1.78967e-09
1.23516e-07
1.81893e-09
1.23602e-07
1.83262e-09
1.23678e-07
1.83144e-09
1.23742e-07
1.81244e-09
1.23794e-07
1.77521e-09
1.23831e-07
1.72057e-09
1.23852e-07
1.64626e-09
1.23857e-07
1.55611e-09
1.2385e-07
1.45834e-09
1.23829e-07
1.35181e-09
1.23796e-07
1.24105e-09
1.23755e-07
1.12834e-09
1.23708e-07
1.02407e-09
1.23658e-07
9.19182e-10
1.23606e-07
8.3169e-10
1.23555e-07
7.38989e-10
1.23505e-07
6.75161e-10
1.23458e-07
5.93494e-10
1.23414e-07
5.52855e-10
1.23374e-07
4.7867e-10
1.23335e-07
4.56919e-10
1.23302e-07
3.86619e-10
1.23269e-07
3.82354e-10
3.10473e-10
1.32623e-07
9.71448e-10
-1.3256e-07
1.32692e-07
1.04528e-09
1.32769e-07
1.12301e-09
1.32852e-07
1.20237e-09
1.32943e-07
1.28304e-09
1.3304e-07
1.36385e-09
1.33142e-07
1.44275e-09
1.33246e-07
1.51664e-09
1.3335e-07
1.58379e-09
1.33453e-07
1.64258e-09
1.33552e-07
1.6906e-09
1.33645e-07
1.72596e-09
1.33731e-07
1.74709e-09
1.33808e-07
1.75415e-09
1.33875e-07
1.74561e-09
1.3393e-07
1.72016e-09
1.33972e-07
1.67866e-09
1.33998e-07
1.61993e-09
1.34009e-07
1.54471e-09
1.34008e-07
1.46011e-09
1.33993e-07
1.36661e-09
1.33966e-07
1.26781e-09
1.3393e-07
1.16401e-09
1.33888e-07
1.06659e-09
1.33841e-07
9.65984e-10
1.33791e-07
8.81428e-10
1.33742e-07
7.88583e-10
1.33692e-07
7.24863e-10
1.33645e-07
6.40047e-10
1.336e-07
5.98471e-10
1.33559e-07
5.19476e-10
1.33519e-07
4.96915e-10
1.33485e-07
4.20922e-10
1.3345e-07
4.16705e-10
3.38213e-10
1.43641e-07
9.12393e-10
-1.43582e-07
1.43706e-07
9.80167e-10
1.43778e-07
1.05137e-09
1.43856e-07
1.12436e-09
1.4394e-07
1.19876e-09
1.4403e-07
1.27368e-09
1.44125e-07
1.34775e-09
1.44223e-07
1.41871e-09
1.44323e-07
1.48458e-09
1.44421e-07
1.5438e-09
1.44518e-07
1.59431e-09
1.44609e-07
1.63426e-09
1.44695e-07
1.66182e-09
1.44772e-07
1.67636e-09
1.44841e-07
1.67701e-09
1.44899e-07
1.66243e-09
1.44945e-07
1.63281e-09
1.44976e-07
1.58802e-09
1.44994e-07
1.52735e-09
1.44998e-07
1.45586e-09
1.4499e-07
1.37484e-09
1.4497e-07
1.28809e-09
1.4494e-07
1.19396e-09
1.44902e-07
1.10419e-09
1.44859e-07
1.0087e-09
1.44813e-07
9.28092e-10
1.44765e-07
8.36061e-10
1.44717e-07
7.73365e-10
1.44671e-07
6.86106e-10
1.44625e-07
6.44263e-10
1.44583e-07
5.60818e-10
1.44543e-07
5.37846e-10
1.44507e-07
4.56216e-10
1.44472e-07
4.5225e-10
3.66981e-10
1.55566e-07
8.5735e-10
-1.55511e-07
1.55627e-07
9.19078e-10
1.55694e-07
9.84118e-10
1.55767e-07
1.0513e-09
1.55846e-07
1.12008e-09
1.5593e-07
1.1897e-09
1.56018e-07
1.25913e-09
1.5611e-07
1.32681e-09
1.56204e-07
1.39089e-09
1.56298e-07
1.44979e-09
1.56391e-07
1.50173e-09
1.5648e-07
1.54497e-09
1.56564e-07
1.57773e-09
1.56642e-07
1.59885e-09
1.56711e-07
1.60752e-09
1.56771e-07
1.60266e-09
1.5682e-07
1.58384e-09
1.56856e-07
1.5514e-09
1.56879e-07
1.50425e-09
1.5689e-07
1.4456e-09
1.56888e-07
1.37654e-09
1.56875e-07
1.30152e-09
1.56851e-07
1.21747e-09
1.56819e-07
1.13604e-09
1.56781e-07
1.04645e-09
1.56739e-07
9.7077e-10
1.56694e-07
8.80573e-10
1.56648e-07
8.19902e-10
1.56603e-07
7.31013e-10
1.56557e-07
6.89663e-10
1.56516e-07
6.02237e-10
1.56475e-07
5.79324e-10
1.56439e-07
4.92192e-10
1.56402e-07
4.8871e-10
3.96597e-10
1.68469e-07
8.06887e-10
-1.68418e-07
1.68527e-07
8.60774e-10
1.6859e-07
9.20716e-10
1.68659e-07
9.82758e-10
1.68733e-07
1.04641e-09
1.68811e-07
1.11108e-09
1.68894e-07
1.17613e-09
1.6898e-07
1.24057e-09
1.69069e-07
1.3026e-09
1.69158e-07
1.36069e-09
1.69246e-07
1.41329e-09
1.69332e-07
1.45881e-09
1.69415e-07
1.49558e-09
1.69491e-07
1.52223e-09
1.69561e-07
1.53781e-09
1.69622e-07
1.54146e-09
1.69674e-07
1.53237e-09
1.69714e-07
1.51096e-09
1.69742e-07
1.47607e-09
1.69758e-07
1.42967e-09
1.69763e-07
1.37212e-09
1.69756e-07
1.3084e-09
1.69739e-07
1.23444e-09
1.69713e-07
1.16173e-09
1.69681e-07
1.07861e-09
1.69643e-07
1.00861e-09
1.69602e-07
9.21165e-10
1.69559e-07
8.63491e-10
1.69516e-07
7.73878e-10
1.69472e-07
7.33861e-10
1.69431e-07
6.43089e-10
1.69389e-07
6.20792e-10
1.69353e-07
5.28437e-10
1.69316e-07
5.25729e-10
4.26729e-10
6.55959e-07
6.64967e-10
-6.55817e-07
6.56115e-07
7.04893e-10
6.56284e-07
7.51543e-10
6.56467e-07
8.00148e-10
6.56663e-07
8.50514e-10
6.56871e-07
9.02346e-10
6.57092e-07
9.55373e-10
6.57323e-07
1.0094e-09
6.57562e-07
1.06358e-09
6.57807e-07
1.11582e-09
6.58055e-07
1.1652e-09
6.58303e-07
1.21081e-09
6.58547e-07
1.25158e-09
6.58783e-07
1.28652e-09
6.59006e-07
1.31462e-09
6.59213e-07
1.3352e-09
6.59398e-07
1.34729e-09
6.59558e-07
1.35091e-09
6.59689e-07
1.34482e-09
6.59788e-07
1.3302e-09
6.59855e-07
1.3051e-09
6.59889e-07
1.27432e-09
6.59892e-07
1.23196e-09
6.59864e-07
1.18983e-09
6.5981e-07
1.13218e-09
6.59732e-07
1.08647e-09
6.59639e-07
1.01489e-09
6.59528e-07
9.74197e-10
6.59413e-07
8.8932e-10
6.59286e-07
8.59996e-10
6.59166e-07
7.63869e-10
6.59038e-07
7.4803e-10
6.58925e-07
6.42141e-10
6.58806e-07
6.44234e-10
5.23685e-10
7.09591e-07
5.59373e-10
-7.09485e-07
7.09701e-07
5.946e-10
7.0982e-07
6.32942e-10
7.09947e-07
6.72895e-10
7.10083e-07
7.1444e-10
7.10228e-07
7.57442e-10
7.10382e-07
8.01502e-10
7.10545e-07
8.46155e-10
7.10718e-07
8.90845e-10
7.10899e-07
9.34965e-10
7.11086e-07
9.77891e-10
7.11278e-07
1.01904e-09
7.11472e-07
1.05775e-09
7.11665e-07
1.09347e-09
7.11854e-07
1.12547e-09
7.12036e-07
1.15326e-09
7.12207e-07
1.17588e-09
7.12365e-07
1.1933e-09
7.12506e-07
1.20405e-09
7.12627e-07
1.20924e-09
7.12726e-07
1.2059e-09
7.12802e-07
1.19845e-09
7.12854e-07
1.17957e-09
7.12883e-07
1.16149e-09
7.12889e-07
1.12554e-09
7.12874e-07
1.1016e-09
7.12842e-07
1.04659e-09
7.12793e-07
1.02378e-09
7.12734e-07
9.48202e-10
7.12661e-07
9.32414e-10
7.12588e-07
8.37693e-10
7.12504e-07
8.31252e-10
7.12427e-07
7.19166e-10
7.12344e-07
7.2719e-10
5.92937e-10
7.6744e-07
4.77062e-10
-7.67358e-07
7.67528e-07
5.07131e-10
7.67621e-07
5.39461e-10
7.67721e-07
5.73097e-10
7.67828e-07
6.07947e-10
7.67941e-07
6.43864e-10
7.68062e-07
6.80658e-10
7.6819e-07
7.18104e-10
7.68325e-07
7.55936e-10
7.68466e-07
7.93854e-10
7.68612e-07
8.31511e-10
7.68763e-07
8.68549e-10
7.68916e-07
9.04515e-10
7.69071e-07
9.39024e-10
7.69225e-07
9.715e-10
7.69376e-07
1.00162e-09
7.69524e-07
1.02857e-09
7.69665e-07
1.05237e-09
7.69797e-07
1.07156e-09
7.69919e-07
1.08725e-09
7.70029e-07
1.09618e-09
7.70124e-07
1.10268e-09
7.70205e-07
1.09874e-09
7.7027e-07
1.09679e-09
7.70319e-07
1.0767e-09
7.70351e-07
1.06941e-09
7.70369e-07
1.02898e-09
7.70371e-07
1.02175e-09
7.70362e-07
9.57332e-10
7.70339e-07
9.54794e-10
7.70311e-07
8.6622e-10
7.70272e-07
8.69798e-10
7.70233e-07
7.5791e-10
7.70188e-07
7.72089e-10
6.30588e-10
8.29924e-07
4.09037e-10
-8.29856e-07
8.29996e-07
4.34709e-10
8.30073e-07
4.62384e-10
8.30155e-07
4.91186e-10
8.30242e-07
5.21024e-10
8.30334e-07
5.51795e-10
8.30431e-07
5.83368e-10
8.30534e-07
6.15597e-10
8.30641e-07
6.48307e-10
8.30754e-07
6.81314e-10
8.30871e-07
7.14396e-10
8.30992e-07
7.47304e-10
8.31117e-07
7.79711e-10
8.31245e-07
8.11382e-10
8.31374e-07
8.41907e-10
8.31505e-07
8.71139e-10
8.31635e-07
8.98419e-10
8.31763e-07
9.23922e-10
8.31889e-07
9.46287e-10
8.32009e-07
9.66681e-10
8.32124e-07
9.81892e-10
8.3223e-07
9.96149e-10
8.32327e-07
1.00134e-09
8.32415e-07
1.00965e-09
8.32491e-07
1.00077e-09
8.32555e-07
1.00525e-09
8.32607e-07
9.76785e-10
8.32647e-07
9.81539e-10
8.32676e-07
9.28221e-10
8.32694e-07
9.36583e-10
8.32704e-07
8.56561e-10
8.32705e-07
8.68786e-10
8.32702e-07
7.61477e-10
8.32693e-07
7.80767e-10
6.38711e-10
8.97439e-07
3.50345e-10
-8.97381e-07
8.97501e-07
3.72623e-10
8.97567e-07
3.96434e-10
8.97637e-07
4.21232e-10
8.97711e-07
4.46938e-10
8.9779e-07
4.73472e-10
8.97872e-07
5.00728e-10
8.97959e-07
5.28585e-10
8.98051e-07
5.56903e-10
8.98147e-07
5.85543e-10
8.98247e-07
6.14347e-10
8.98351e-07
6.43174e-10
8.98459e-07
6.71814e-10
8.9857e-07
7.00146e-10
8.98684e-07
7.27884e-10
8.988e-07
7.54989e-10
8.98918e-07
7.8093e-10
8.99036e-07
8.05958e-10
8.99153e-07
8.2886e-10
8.99269e-07
8.508e-10
8.99382e-07
8.68762e-10
8.99491e-07
8.8676e-10
8.99596e-07
8.9704e-10
8.99694e-07
9.11121e-10
8.99785e-07
9.09507e-10
8.99869e-07
9.21254e-10
8.99944e-07
9.01796e-10
9.00012e-07
9.14431e-10
9.00069e-07
8.70984e-10
9.00119e-07
8.86857e-10
9.00159e-07
8.16258e-10
9.00193e-07
8.34642e-10
9.0022e-07
7.3493e-10
9.00243e-07
7.5765e-10
6.20372e-10
9.70444e-07
2.98285e-10
-9.70392e-07
9.70499e-07
3.17473e-10
9.70557e-07
3.37901e-10
9.70619e-07
3.59193e-10
9.70685e-07
3.81275e-10
9.70755e-07
4.04086e-10
9.70828e-07
4.27539e-10
9.70905e-07
4.51538e-10
9.70986e-07
4.75973e-10
9.7107e-07
5.0074e-10
9.71159e-07
5.25723e-10
9.71251e-07
5.5083e-10
9.71347e-07
5.75918e-10
9.71447e-07
6.00929e-10
9.71549e-07
6.25652e-10
9.71654e-07
6.50106e-10
9.71761e-07
6.73861e-10
9.7187e-07
6.972e-10
9.71979e-07
7.1907e-10
9.7209e-07
7.4058e-10
9.72199e-07
7.59009e-10
9.72308e-07
7.78051e-10
9.72414e-07
7.90605e-10
9.72518e-07
8.07217e-10
9.72618e-07
8.09925e-10
9.72714e-07
8.25402e-10
9.72803e-07
8.12421e-10
9.72888e-07
8.29374e-10
9.72965e-07
7.94314e-10
9.73037e-07
8.14399e-10
9.731e-07
7.53265e-10
9.7316e-07
7.75114e-10
9.7321e-07
6.84886e-10
9.73258e-07
7.09155e-10
5.80891e-10
1.04941e-06
2.51551e-10
-1.04936e-06
1.04946e-06
2.67885e-10
1.04951e-06
2.85257e-10
1.04957e-06
3.03381e-10
1.04963e-06
3.2219e-10
1.04969e-06
3.41638e-10
1.04976e-06
3.61653e-10
1.04983e-06
3.8216e-10
1.0499e-06
4.03073e-10
1.04997e-06
4.2431e-10
1.05005e-06
4.45782e-10
1.05014e-06
4.67424e-10
1.05022e-06
4.89131e-10
1.05032e-06
5.1087e-10
1.05041e-06
5.32487e-10
1.0505e-06
5.54029e-10
1.0506e-06
5.75152e-10
1.0507e-06
5.96138e-10
1.05081e-06
6.16092e-10
1.05091e-06
6.36027e-10
1.05102e-06
6.53563e-10
1.05112e-06
6.71994e-10
1.05123e-06
6.85031e-10
1.05133e-06
7.02035e-10
1.05144e-06
7.07019e-10
1.05154e-06
7.23695e-10
1.05164e-06
7.1522e-10
1.05173e-06
7.33724e-10
1.05182e-06
7.05617e-10
1.05191e-06
7.27146e-10
1.05199e-06
6.75059e-10
1.05206e-06
6.97951e-10
1.05213e-06
6.18243e-10
1.0522e-06
6.42341e-10
5.26148e-10
1.13484e-06
2.0937e-10
-1.1348e-06
1.13488e-06
2.23069e-10
1.13493e-06
2.37641e-10
1.13498e-06
2.52857e-10
1.13503e-06
2.6866e-10
1.13509e-06
2.85014e-10
1.13515e-06
3.01861e-10
1.13521e-06
3.19143e-10
1.13528e-06
3.3679e-10
1.13535e-06
3.54739e-10
1.13542e-06
3.72921e-10
1.1355e-06
3.91289e-10
1.13558e-06
4.09761e-10
1.13566e-06
4.28325e-10
1.13575e-06
4.46858e-10
1.13584e-06
4.65418e-10
1.13593e-06
4.83726e-10
1.13602e-06
5.02044e-10
1.13612e-06
5.19624e-10
1.13622e-06
5.37357e-10
1.13632e-06
5.53217e-10
1.13642e-06
5.70046e-10
1.13652e-06
5.82446e-10
1.13662e-06
5.98477e-10
1.13673e-06
6.04351e-10
1.13683e-06
6.20523e-10
1.13693e-06
6.15086e-10
1.13703e-06
6.33185e-10
1.13713e-06
6.10793e-10
1.13722e-06
6.31718e-10
1.13731e-06
5.88066e-10
1.1374e-06
6.10122e-10
1.13747e-06
5.41373e-10
1.13755e-06
5.63939e-10
4.6179e-10
1.22726e-06
1.71234e-10
-1.22722e-06
1.2273e-06
1.82499e-10
1.22734e-06
1.94496e-10
1.22739e-06
2.07034e-10
1.22744e-06
2.20063e-10
1.22749e-06
2.33557e-10
1.22755e-06
2.47471e-10
1.2276e-06
2.61757e-10
1.22766e-06
2.76362e-10
1.22773e-06
2.91237e-10
1.22779e-06
3.06327e-10
1.22786e-06
3.21599e-10
1.22794e-06
3.36991e-10
1.22801e-06
3.52496e-10
1.22809e-06
3.68022e-10
1.22817e-06
3.83624e-10
1.22826e-06
3.99077e-10
1.22834e-06
4.14609e-10
1.22843e-06
4.29608e-10
1.22853e-06
4.44824e-10
1.22862e-06
4.5858e-10
1.22872e-06
4.73254e-10
1.22882e-06
4.84346e-10
1.22892e-06
4.98595e-10
1.22902e-06
5.04458e-10
1.22912e-06
5.19071e-10
1.22922e-06
5.15629e-10
1.22932e-06
5.32072e-10
1.22941e-06
5.14397e-10
1.22951e-06
5.33362e-10
1.2296e-06
4.9748e-10
1.2297e-06
5.17413e-10
1.22978e-06
4.59634e-10
1.22986e-06
4.79719e-10
3.92657e-10
1.32725e-06
1.36743e-10
-1.32722e-06
1.32729e-06
1.45769e-10
1.32733e-06
1.55401e-10
1.32737e-06
1.65472e-10
1.32741e-06
1.75945e-10
1.32746e-06
1.86798e-10
1.32751e-06
1.97997e-10
1.32756e-06
2.09506e-10
1.32762e-06
2.21281e-10
1.32768e-06
2.33286e-10
1.32774e-06
2.4548e-10
1.3278e-06
2.57838e-10
1.32787e-06
2.70313e-10
1.32794e-06
2.82902e-10
1.32801e-06
2.95536e-10
1.32808e-06
3.08261e-10
1.32816e-06
3.20903e-10
1.32824e-06
3.33648e-10
1.32833e-06
3.46006e-10
1.32841e-06
3.5859e-10
1.3285e-06
3.70048e-10
1.32859e-06
3.82307e-10
1.32869e-06
3.91728e-10
1.32878e-06
4.0377e-10
1.32888e-06
4.09075e-10
1.32897e-06
4.21541e-10
1.32907e-06
4.19384e-10
1.32917e-06
4.33455e-10
1.32926e-06
4.19718e-10
1.32936e-06
4.35934e-10
1.32945e-06
4.07166e-10
1.32954e-06
4.24202e-10
1.32963e-06
3.77109e-10
1.32971e-06
3.94139e-10
3.22465e-10
1.43543e-06
1.05489e-10
-1.4354e-06
1.43546e-06
1.12463e-10
1.4355e-06
1.19923e-10
1.43554e-06
1.27727e-10
1.43558e-06
1.35846e-10
1.43562e-06
1.44264e-10
1.43567e-06
1.52955e-10
1.43571e-06
1.61891e-10
1.43576e-06
1.71041e-10
1.43582e-06
1.80378e-10
1.43587e-06
1.8987e-10
1.43593e-06
1.99499e-10
1.43599e-06
2.0923e-10
1.43606e-06
2.19064e-10
1.43612e-06
2.28948e-10
1.43619e-06
2.38921e-10
1.43626e-06
2.48847e-10
1.43634e-06
2.58876e-10
1.43642e-06
2.68629e-10
1.4365e-06
2.78583e-10
1.43658e-06
2.8769e-10
1.43666e-06
2.97451e-10
1.43675e-06
3.05035e-10
1.43684e-06
3.1469e-10
1.43693e-06
3.1913e-10
1.43702e-06
3.29179e-10
1.43711e-06
3.27844e-10
1.43721e-06
3.39204e-10
1.4373e-06
3.28815e-10
1.43739e-06
3.41901e-10
1.43748e-06
3.19639e-10
1.43757e-06
3.33393e-10
1.43765e-06
2.96518e-10
1.43773e-06
3.10212e-10
2.53707e-10
1.55247e-06
7.69822e-11
-1.55244e-06
1.5525e-06
8.20703e-11
1.55253e-06
8.75295e-11
1.55256e-06
9.32428e-11
1.5526e-06
9.91879e-11
1.55264e-06
1.05354e-10
1.55268e-06
1.11723e-10
1.55272e-06
1.18275e-10
1.55277e-06
1.24987e-10
1.55282e-06
1.3184e-10
1.55287e-06
1.3881e-10
1.55292e-06
1.45887e-10
1.55298e-06
1.53045e-10
1.55304e-06
1.60286e-10
1.5531e-06
1.67571e-10
1.55316e-06
1.74929e-10
1.55323e-06
1.82264e-10
1.5533e-06
1.89684e-10
1.55337e-06
1.96915e-10
1.55345e-06
2.04306e-10
1.55352e-06
2.1109e-10
1.5536e-06
2.18367e-10
1.55368e-06
2.24063e-10
1.55377e-06
2.31294e-10
1.55385e-06
2.3471e-10
1.55394e-06
2.42259e-10
1.55402e-06
2.4145e-10
1.55411e-06
2.4999e-10
1.5542e-06
2.42513e-10
1.55429e-06
2.52347e-10
1.55437e-06
2.36063e-10
1.55446e-06
2.46405e-10
1.55454e-06
2.19213e-10
1.55462e-06
2.29491e-10
1.87646e-10
1.67908e-06
5.05699e-11
-1.67906e-06
1.67911e-06
5.39074e-11
1.67914e-06
5.74997e-11
1.67917e-06
6.12601e-11
1.67921e-06
6.51738e-11
1.67924e-06
6.92342e-11
1.67928e-06
7.34292e-11
1.67932e-06
7.77459e-11
1.67936e-06
8.21695e-11
1.67941e-06
8.66873e-11
1.67946e-06
9.12851e-11
1.67951e-06
9.59551e-11
1.67956e-06
1.00681e-10
1.67961e-06
1.05464e-10
1.67967e-06
1.1028e-10
1.67973e-06
1.15149e-10
1.67979e-06
1.20006e-10
1.67986e-06
1.24924e-10
1.67993e-06
1.29722e-10
1.68e-06
1.34631e-10
1.68007e-06
1.39147e-10
1.68014e-06
1.43993e-10
1.68022e-06
1.47804e-10
1.6803e-06
1.52632e-10
1.68038e-06
1.54951e-10
1.68046e-06
1.60002e-10
1.68054e-06
1.5954e-10
1.68063e-06
1.65257e-10
1.68071e-06
1.60389e-10
1.68079e-06
1.66969e-10
1.68087e-06
1.56257e-10
1.68096e-06
1.6318e-10
1.68103e-06
1.45199e-10
1.68111e-06
1.52075e-10
1.24335e-10
1.81606e-06
2.53471e-11
-1.81604e-06
1.81609e-06
2.70104e-11
1.81612e-06
2.88118e-11
1.81615e-06
3.06979e-11
1.81618e-06
3.2661e-11
1.81622e-06
3.4698e-11
1.81625e-06
3.68027e-11
1.81629e-06
3.89687e-11
1.81633e-06
4.11887e-11
1.81638e-06
4.34564e-11
1.81642e-06
4.57649e-11
1.81647e-06
4.81101e-11
1.81652e-06
5.04841e-11
1.81657e-06
5.28877e-11
1.81663e-06
5.53086e-11
1.81669e-06
5.77567e-11
1.81675e-06
6.02004e-11
1.81681e-06
6.26761e-11
1.81687e-06
6.5093e-11
1.81694e-06
6.75672e-11
1.81701e-06
6.98455e-11
1.81708e-06
7.22916e-11
1.81715e-06
7.42196e-11
1.81723e-06
7.66605e-11
1.81731e-06
7.78424e-11
1.81739e-06
8.03993e-11
1.81747e-06
8.01865e-11
1.81755e-06
8.30815e-11
1.81763e-06
8.06532e-11
1.81771e-06
8.39869e-11
1.81779e-06
7.86139e-11
1.81787e-06
8.21241e-11
1.81794e-06
7.30839e-11
1.81802e-06
7.65756e-11
6.26311e-11
1.96427e-06
-1.96424e-06
1.96429e-06
1.96432e-06
1.96435e-06
1.96438e-06
1.96442e-06
1.96446e-06
1.96449e-06
1.96454e-06
1.96458e-06
1.96463e-06
1.96467e-06
1.96472e-06
1.96478e-06
1.96483e-06
1.96489e-06
1.96495e-06
1.96501e-06
1.96508e-06
1.96515e-06
1.96522e-06
1.96529e-06
1.96536e-06
1.96544e-06
1.96552e-06
1.9656e-06
1.96568e-06
1.96576e-06
1.96584e-06
1.96592e-06
1.966e-06
1.96609e-06
1.96616e-06
1.96623e-06
1.71437e-08
-1.46778e-08
1.66825e-08
1.76889e-08
1.69341e-08
-5.77386e-09
1.68034e-08
-1.73913e-09
1.68267e-08
-6.26354e-10
1.67374e-08
3.20525e-09
1.68127e-08
-1.14308e-09
1.67108e-08
-4.35638e-10
1.67467e-08
-1.38637e-09
1.66433e-08
8.6212e-11
1.66587e-08
1.49171e-11
1.6558e-08
4.97731e-10
1.65471e-08
3.05921e-10
1.64597e-08
3.06598e-10
1.63993e-08
2.75113e-10
1.63189e-08
1.61205e-10
1.61878e-08
3.51262e-10
1.60679e-08
2.18654e-10
1.56118e-08
7.23295e-10
9.98481e-10
1.8599e-08
-1.50675e-08
1.80616e-08
1.82263e-08
1.84002e-08
-6.11246e-09
1.81963e-08
-1.53528e-09
1.82369e-08
-6.66982e-10
1.81584e-08
3.28379e-09
1.8232e-08
-1.21672e-09
1.81101e-08
-3.13699e-10
1.81517e-08
-1.42794e-09
1.80424e-08
1.95492e-10
1.80467e-08
1.06511e-11
1.79553e-08
5.89083e-10
1.79161e-08
3.45118e-10
1.78577e-08
3.65026e-10
1.77338e-08
3.99018e-10
1.77151e-08
1.79923e-10
1.74479e-08
6.1839e-10
1.74348e-08
2.31786e-10
1.68433e-08
1.31482e-09
9.99825e-10
2.00875e-08
-1.54409e-08
1.96825e-08
1.86314e-08
1.99502e-08
-6.38019e-09
1.97759e-08
-1.36102e-09
1.97564e-08
-6.47465e-10
1.97554e-08
3.28484e-09
1.97463e-08
-1.20768e-09
1.96939e-08
-2.61287e-10
1.96371e-08
-1.37117e-09
1.96234e-08
2.09192e-10
1.95118e-08
1.22331e-10
1.9538e-08
5.6283e-10
1.93648e-08
5.18372e-10
1.94248e-08
3.04969e-10
1.91762e-08
6.47647e-10
1.92286e-08
1.27518e-10
1.89094e-08
9.37584e-10
1.88324e-08
3.0877e-10
1.8492e-08
1.6552e-09
1.17761e-09
2.16575e-08
-1.57553e-08
2.14586e-08
1.88303e-08
2.16072e-08
-6.52885e-09
2.14928e-08
-1.24661e-09
2.13977e-08
-5.5231e-10
2.14913e-08
3.19122e-09
2.13775e-08
-1.09389e-09
2.13994e-08
-2.83181e-10
2.12375e-08
-1.20925e-09
2.13054e-08
1.41307e-10
2.11111e-08
3.16639e-10
2.11947e-08
4.79152e-10
2.09778e-08
7.3527e-10
2.10327e-08
2.50148e-10
2.08173e-08
8.62973e-10
2.07694e-08
1.75428e-10
2.05862e-08
1.12082e-09
2.03507e-08
5.44257e-10
2.02946e-08
1.7113e-09
1.45396e-09
2.33103e-08
-1.59587e-08
2.33662e-08
1.87744e-08
2.3359e-08
-6.52162e-09
2.33148e-08
-1.20241e-09
2.31571e-08
-3.9462e-10
2.33336e-08
3.01472e-09
2.31305e-08
-8.90766e-10
2.31926e-08
-3.45289e-10
2.29665e-08
-9.83132e-10
2.30591e-08
4.86866e-11
2.28591e-08
5.16608e-10
2.29212e-08
4.17085e-10
2.27526e-08
9.03797e-10
2.27258e-08
2.77014e-10
2.26079e-08
9.80841e-10
2.24412e-08
3.42147e-10
2.23759e-08
1.18607e-09
2.20838e-08
8.36366e-10
2.21265e-08
1.66865e-09
1.66783e-09
2.50595e-08
-1.60019e-08
2.53829e-08
1.8451e-08
2.5211e-08
-6.34968e-09
2.52191e-08
-1.21059e-09
2.50358e-08
-2.1132e-10
2.52641e-08
2.78647e-09
2.50161e-08
-6.42755e-10
2.50719e-08
-4.0106e-10
2.48346e-08
-7.45825e-10
2.49032e-08
-1.99363e-11
2.47505e-08
6.69299e-10
2.47573e-08
4.10254e-10
2.46634e-08
9.97712e-10
2.45558e-08
3.84594e-10
2.45118e-08
1.02485e-09
2.42839e-08
5.7008e-10
2.42666e-08
1.20331e-09
2.40049e-08
1.09811e-09
2.40492e-08
1.62438e-09
1.77524e-09
2.6934e-08
-1.58523e-08
2.75013e-08
1.78837e-08
2.7188e-08
-6.03635e-09
2.72147e-08
-1.23731e-09
2.7044e-08
-4.05592e-11
2.7296e-08
2.53445e-09
2.70471e-08
-3.93906e-10
2.70692e-08
-4.23147e-10
2.68498e-08
-5.26435e-10
2.6877e-08
-4.71077e-11
2.67819e-08
7.64411e-10
2.67372e-08
4.54973e-10
2.67038e-08
1.03112e-09
2.65473e-08
5.41103e-10
2.65362e-08
1.03592e-09
2.63038e-08
8.0246e-10
2.6287e-08
1.22012e-09
2.60941e-08
1.29097e-09
2.61168e-08
1.60175e-09
1.79497e-09
2.89733e-08
-1.55039e-08
2.97392e-08
1.71178e-08
2.93254e-08
-5.6226e-09
2.93441e-08
-1.25599e-09
2.92013e-08
1.02304e-10
2.94659e-08
2.26981e-09
2.92398e-08
-1.67799e-10
2.92255e-08
-4.08886e-10
2.90296e-08
-3.30523e-10
2.90149e-08
-3.2406e-11
2.89682e-08
8.11073e-10
2.88855e-08
5.37742e-10
2.8889e-08
1.02756e-09
2.87178e-08
7.12359e-10
2.87062e-08
1.04751e-09
2.85077e-08
1.00098e-09
2.84703e-08
1.25751e-09
2.83525e-08
1.40879e-09
2.83592e-08
1.59503e-09
1.7617e-09
3.12175e-08
-1.49766e-08
3.21348e-08
1.62005e-08
3.16558e-08
-5.1436e-09
3.16632e-08
-1.2634e-09
3.15368e-08
2.28715e-10
3.18137e-08
1.99297e-09
3.16167e-08
2.91427e-11
3.15727e-08
-3.6485e-10
3.14002e-08
-1.58081e-10
3.13456e-08
2.22292e-11
3.13338e-08
8.22909e-10
3.12285e-08
6.43025e-10
3.12436e-08
1.01248e-09
3.10857e-08
8.70167e-10
3.10534e-08
1.07991e-09
3.09057e-08
1.14859e-09
3.08503e-08
1.31294e-09
3.07918e-08
1.46732e-09
3.07969e-08
1.58988e-09
1.70503e-09
3.36963e-08
-1.43049e-08
3.47309e-08
1.51659e-08
3.4202e-08
-4.61468e-09
3.42154e-08
-1.27685e-09
3.4084e-08
3.60141e-10
3.43689e-08
1.70801e-09
3.42032e-08
1.94916e-10
3.4132e-08
-2.93643e-10
3.39857e-08
-1.17931e-11
3.38954e-08
1.12534e-10
3.3902e-08
8.16304e-10
3.37906e-08
7.54354e-10
3.37948e-08
1.00834e-09
3.36668e-08
9.98189e-10
3.36109e-08
1.13573e-09
3.35106e-08
1.24896e-09
3.3453e-08
1.37053e-09
3.34311e-08
1.48923e-09
3.34458e-08
1.57511e-09
1.64142e-09
3.64266e-08
-1.35234e-08
3.75594e-08
1.40332e-08
3.69796e-08
-4.03493e-09
3.70207e-08
-1.31796e-09
3.68715e-08
5.09387e-10
3.71505e-08
1.42896e-09
3.70203e-08
3.25189e-10
3.69201e-08
-1.93448e-10
3.68006e-08
1.07731e-10
3.66856e-08
2.2745e-10
3.66929e-08
8.08998e-10
3.65893e-08
8.5797e-10
3.657e-08
1.02766e-09
3.64742e-08
1.09401e-09
3.64063e-08
1.2036e-09
3.63389e-08
1.3164e-09
3.62946e-08
1.41485e-09
3.62919e-08
1.49185e-09
3.632e-08
1.54704e-09
1.57629e-09
3.94179e-08
-1.26584e-08
4.06384e-08
1.28126e-08
4.00039e-08
-3.40044e-09
4.00838e-08
-1.3979e-09
3.99197e-08
6.73538e-10
4.01718e-08
1.17682e-09
4.00834e-08
4.13583e-10
3.99535e-08
-6.34783e-11
3.98551e-08
2.06153e-10
3.97312e-08
3.51343e-10
3.97249e-08
8.15252e-10
3.96364e-08
9.46432e-10
3.95938e-08
1.07033e-09
3.95223e-08
1.16545e-09
3.94573e-08
1.26861e-09
3.9411e-08
1.36275e-09
3.93861e-08
1.43973e-09
3.93952e-08
1.48276e-09
3.94343e-08
1.50789e-09
1.51022e-09
4.26805e-08
-1.17271e-08
4.39785e-08
1.15146e-08
4.32932e-08
-2.71517e-09
4.34076e-08
-1.51226e-09
4.32441e-08
8.37008e-10
4.34474e-08
9.73528e-10
4.34051e-08
4.55891e-10
4.32516e-08
9.00368e-11
4.31617e-08
2.96109e-10
4.30433e-08
4.69662e-10
4.30174e-08
8.41187e-10
4.29439e-08
1.01991e-09
4.28867e-08
1.12759e-09
4.28298e-08
1.22232e-09
4.27779e-08
1.32051e-09
4.27476e-08
1.39304e-09
4.27404e-08
1.44694e-09
4.27595e-08
1.46365e-09
4.2806e-08
1.46143e-09
1.44327e-09
4.62309e-08
-1.07424e-08
4.75907e-08
1.01548e-08
4.68702e-08
-1.99472e-09
4.7001e-08
-1.64303e-09
4.68613e-08
9.76674e-10
4.69972e-08
8.37669e-10
4.69976e-08
4.55518e-10
4.68365e-08
2.51063e-10
4.67396e-08
3.93015e-10
4.66349e-08
5.74412e-10
4.65922e-08
8.83909e-10
4.65288e-08
1.08328e-09
4.64674e-08
1.18895e-09
4.64193e-08
1.27046e-09
4.63842e-08
1.35561e-09
4.63688e-08
1.40846e-09
4.63753e-08
1.44039e-09
4.64036e-08
1.43539e-09
4.64545e-08
1.4105e-09
1.37616e-09
5.00918e-08
-9.71674e-09
5.14901e-08
8.75655e-09
5.07608e-08
-1.26543e-09
5.08804e-08
-1.76265e-09
5.07889e-08
1.06818e-09
5.08478e-08
7.7878e-10
5.08789e-08
4.24385e-10
5.07282e-08
4.01789e-10
5.0615e-08
5.0617e-10
5.05227e-08
6.66753e-10
5.04714e-08
9.35225e-10
5.04145e-08
1.14016e-09
5.03564e-08
1.24702e-09
5.03157e-08
1.31122e-09
5.02965e-08
1.37478e-09
5.02951e-08
1.40987e-09
5.03127e-08
1.42272e-09
5.03485e-08
1.3996e-09
5.04022e-08
1.35688e-09
1.30992e-09
5.42901e-08
-8.66529e-09
5.56962e-08
7.35045e-09
5.4992e-08
-5.61191e-10
5.50689e-08
-1.83959e-09
5.50451e-08
1.092e-09
5.50301e-08
7.93785e-10
5.50697e-08
3.84729e-10
5.49476e-08
5.23908e-10
5.48179e-08
6.35922e-10
5.47298e-08
7.54805e-10
5.46778e-08
9.87222e-10
5.46278e-08
1.19016e-09
5.45772e-08
1.29761e-09
5.45448e-08
1.34361e-09
5.45384e-08
1.38121e-09
5.45495e-08
1.39877e-09
5.45768e-08
1.39542e-09
5.46184e-08
1.35804e-09
5.46735e-08
1.30176e-09
1.24551e-09
5.88559e-08
-7.6064e-09
6.02328e-08
5.97356e-09
5.95915e-08
8.01178e-11
5.95955e-08
-1.84359e-09
5.96479e-08
1.03964e-09
5.95764e-08
8.65302e-10
5.95991e-08
3.61987e-10
5.95146e-08
6.08411e-10
5.93789e-08
7.71651e-10
5.92857e-08
8.47953e-10
5.9237e-08
1.03599e-09
5.91965e-08
1.23057e-09
5.91566e-08
1.33751e-09
5.91337e-08
1.36658e-09
5.91365e-08
1.37834e-09
5.91579e-08
1.37744e-09
5.91936e-08
1.35971e-09
5.92396e-08
1.312e-09
5.92954e-08
1.24599e-09
1.18349e-09
6.38209e-08
-6.56128e-09
6.51277e-08
4.66671e-09
6.45862e-08
6.21594e-10
6.44953e-08
-1.75266e-09
6.4617e-08
9.17944e-10
6.45181e-08
9.64212e-10
6.45016e-08
3.78521e-10
6.44522e-08
6.57743e-10
6.43267e-08
8.97235e-10
6.42251e-08
9.49525e-10
6.41779e-08
1.08313e-09
6.41494e-08
1.25913e-09
6.41233e-08
1.36355e-09
6.41104e-08
1.37954e-09
6.41199e-08
1.3688e-09
6.41487e-08
1.34868e-09
6.41912e-08
1.31717e-09
6.42409e-08
1.26232e-09
6.42969e-08
1.19002e-09
1.12389e-09
6.92177e-08
-5.55273e-09
7.04135e-08
3.47098e-09
7.00022e-08
1.03291e-09
6.98093e-08
-1.55978e-09
6.99774e-08
7.49848e-10
6.98837e-08
1.0579e-09
6.98175e-08
4.44689e-10
6.97899e-08
6.85325e-10
6.96888e-08
9.98368e-10
6.95841e-08
1.05425e-09
6.95345e-08
1.13269e-09
6.95175e-08
1.27612e-09
6.95077e-08
1.37337e-09
6.95049e-08
1.38231e-09
6.952e-08
1.35376e-09
6.95535e-08
1.31522e-09
6.96006e-08
1.27006e-09
6.96531e-08
1.20976e-09
6.9709e-08
1.1341e-09
1.06627e-09
7.50801e-08
-4.60324e-09
7.6128e-08
2.42301e-09
7.58645e-08
1.29642e-09
7.55814e-08
-1.27667e-09
7.57619e-08
5.69417e-10
7.57e-08
1.11977e-09
7.55893e-08
5.55405e-10
7.5564e-08
7.10547e-10
7.54945e-08
1.06789e-09
7.53978e-08
1.15095e-09
7.53447e-08
1.18584e-09
7.53358e-08
1.28504e-09
7.53417e-08
1.36746e-09
7.53499e-08
1.37407e-09
7.53704e-08
1.33326e-09
7.54066e-08
1.27901e-09
7.54557e-08
1.22094e-09
7.551e-08
1.15545e-09
7.55657e-08
1.07842e-09
1.01011e-09
8.14421e-08
-3.73297e-09
8.23153e-08
1.5498e-09
8.21987e-08
1.4131e-09
8.18555e-08
-9.3346e-10
8.20123e-08
4.12534e-10
8.19942e-08
1.13794e-09
8.18581e-08
6.91466e-10
8.18179e-08
7.50708e-10
8.17778e-08
1.10799e-09
8.17004e-08
1.22841e-09
8.16477e-08
1.23849e-09
8.16424e-08
1.29041e-09
8.16601e-08
1.34971e-09
8.16802e-08
1.354e-09
8.17067e-08
1.30673e-09
8.17448e-08
1.2409e-09
8.1794e-08
1.17178e-09
8.18486e-08
1.10085e-09
8.19037e-08
1.02334e-09
9.55202e-10
8.83392e-08
-2.95774e-09
8.9023e-08
8.65985e-10
8.90358e-08
1.4003e-09
8.86718e-08
-5.69445e-10
8.87762e-08
3.08181e-10
8.87996e-08
1.11446e-09
8.86619e-08
8.29248e-10
8.85995e-08
8.13086e-10
8.85793e-08
1.12816e-09
8.85279e-08
1.27978e-09
8.8483e-08
1.28343e-09
8.84788e-08
1.29466e-09
8.8503e-08
1.32544e-09
8.85339e-08
1.32316e-09
8.85672e-08
1.27336e-09
8.86074e-08
1.20075e-09
8.86556e-08
1.12354e-09
8.87091e-08
1.04735e-09
8.87631e-08
9.69401e-10
9.018e-10
9.58081e-08
-2.28731e-09
9.63038e-08
3.70286e-10
9.64131e-08
1.29101e-09
9.6068e-08
-2.24302e-10
9.61056e-08
2.70562e-10
9.61572e-08
1.06289e-09
9.60385e-08
9.47933e-10
9.59582e-08
8.93379e-10
9.59457e-08
1.14062e-09
9.59211e-08
1.30443e-09
9.58907e-08
1.31377e-09
9.58881e-08
1.29734e-09
9.59147e-08
1.2988e-09
9.59532e-08
1.28466e-09
9.59933e-08
1.23325e-09
9.60361e-08
1.15793e-09
9.60835e-08
1.07612e-09
9.61351e-08
9.95825e-10
9.61872e-08
9.17277e-10
8.50411e-10
1.03889e-07
-1.7246e-09
1.04211e-07
4.76434e-11
1.04378e-07
1.12421e-09
1.04082e-07
7.17345e-11
1.04055e-07
2.97016e-10
1.04116e-07
1.00227e-09
1.04029e-07
1.03527e-09
1.03942e-07
9.79747e-10
1.03929e-07
1.15434e-09
1.03926e-07
1.30739e-09
1.03914e-07
1.32588e-09
1.03915e-07
1.2955e-09
1.03943e-07
1.27154e-09
1.03985e-07
1.24226e-09
1.0403e-07
1.18788e-09
1.04076e-07
1.1122e-09
1.04123e-07
1.02891e-09
1.04173e-07
9.46433e-10
1.04223e-07
8.67481e-10
8.01495e-10
1.12624e-07
-1.26564e-09
1.128e-07
-1.28989e-10
1.12986e-07
9.388e-10
1.12756e-07
3.01882e-10
1.12681e-07
3.71914e-10
1.12732e-07
9.506e-10
1.12679e-07
1.08866e-09
1.126e-07
1.0589e-09
1.12583e-07
1.17175e-09
1.12593e-07
1.29655e-09
1.12599e-07
1.32038e-09
1.12609e-07
1.28549e-09
1.12637e-07
1.24322e-09
1.12681e-07
1.19874e-09
1.12729e-07
1.13954e-09
1.12777e-07
1.06411e-09
1.12825e-07
9.81427e-10
1.12872e-07
8.98822e-10
1.1292e-07
8.20178e-10
7.55255e-10
1.22063e-07
-9.00724e-10
1.22128e-07
-1.94201e-10
1.22301e-07
7.66115e-10
1.22136e-07
4.66203e-10
1.22036e-07
4.7246e-10
1.22067e-07
9.19049e-10
1.22043e-07
1.11326e-09
1.21981e-07
1.1206e-09
1.21963e-07
1.18977e-09
1.2198e-07
1.27904e-09
1.22e-07
1.30077e-09
1.2202e-07
1.26536e-09
1.22051e-07
1.21217e-09
1.22095e-07
1.15525e-09
1.22144e-07
1.09035e-09
1.22193e-07
1.01485e-09
1.22241e-07
9.3376e-10
1.22287e-07
8.52601e-10
1.22332e-07
7.75228e-10
7.11569e-10
1.32261e-07
-6.17477e-10
1.32249e-07
-1.81724e-10
1.32388e-07
6.27396e-10
1.32281e-07
5.72626e-10
1.32176e-07
5.78059e-10
1.32185e-07
9.09657e-10
1.3218e-07
1.11843e-09
1.3214e-07
1.15994e-09
1.32127e-07
1.20329e-09
1.32147e-07
1.25894e-09
1.32176e-07
1.27146e-09
1.32206e-07
1.23552e-09
1.32241e-07
1.17685e-09
1.32285e-07
1.1115e-09
1.32334e-07
1.04149e-09
1.32383e-07
9.65564e-10
1.32431e-07
8.86382e-10
1.32476e-07
8.07634e-10
1.32518e-07
7.32456e-10
6.7011e-10
1.43282e-07
-4.01824e-10
1.43222e-07
-1.21508e-10
1.43318e-07
5.31388e-10
1.43255e-07
6.35335e-10
1.4316e-07
6.73525e-10
1.43152e-07
9.17655e-10
1.43157e-07
1.11313e-09
1.4314e-07
1.1771e-09
1.43135e-07
1.20809e-09
1.43157e-07
1.23685e-09
1.43192e-07
1.23637e-09
1.4323e-07
1.19806e-09
1.4327e-07
1.13685e-09
1.43314e-07
1.06673e-09
1.43363e-07
9.93116e-10
1.43411e-07
9.16815e-10
1.43458e-07
8.39604e-10
1.43502e-07
7.63833e-10
1.43543e-07
6.9173e-10
6.30702e-10
1.55194e-07
-2.3997e-10
1.5511e-07
-3.72159e-11
1.55164e-07
4.76609e-10
1.55129e-07
6.70303e-10
1.55053e-07
7.50064e-10
1.55036e-07
9.34542e-10
1.55045e-07
1.10364e-09
1.55046e-07
1.17644e-09
1.55052e-07
1.2018e-09
1.55078e-07
1.21131e-09
1.55117e-07
1.1978e-09
1.55159e-07
1.15568e-09
1.55203e-07
1.09308e-09
1.55249e-07
1.02078e-09
1.55297e-07
9.45204e-10
1.55345e-07
8.68814e-10
1.55391e-07
7.93373e-10
1.55434e-07
7.20577e-10
1.55474e-07
6.51993e-10
5.93808e-10
1.68071e-07
-1.16821e-10
1.67983e-07
5.0426e-11
1.68005e-07
4.54752e-10
1.67982e-07
6.92933e-10
1.67926e-07
8.06041e-10
1.67911e-07
9.50185e-10
1.67922e-07
1.09229e-09
1.67934e-07
1.16422e-09
1.67951e-07
1.1847e-09
1.67982e-07
1.1807e-09
1.68023e-07
1.1564e-09
1.68069e-07
1.11034e-09
1.68115e-07
1.04691e-09
1.68162e-07
9.74107e-10
1.68209e-07
8.98185e-10
1.68255e-07
8.22383e-10
1.683e-07
7.48398e-10
1.68343e-07
6.77483e-10
1.68384e-07
6.10653e-10
5.59949e-10
6.54367e-07
6.7048e-11
6.54135e-07
2.82265e-10
6.54063e-07
5.26497e-10
6.54037e-07
7.19672e-10
6.53996e-07
8.47013e-10
6.54003e-07
9.431e-10
6.54084e-07
1.01117e-09
6.54195e-07
1.05329e-09
6.54318e-07
1.06098e-09
6.54457e-07
1.04228e-09
6.54609e-07
1.00405e-09
6.54768e-07
9.51438e-10
6.54926e-07
8.88767e-10
6.55079e-07
8.20945e-10
6.55226e-07
7.51832e-10
6.55364e-07
6.84176e-10
6.55493e-07
6.19489e-10
6.55612e-07
5.5874e-10
6.5572e-07
5.02341e-10
4.62706e-10
7.07918e-07
1.33543e-10
7.07826e-07
3.73849e-10
7.07793e-07
5.59274e-10
7.07817e-07
6.95373e-10
7.07879e-07
7.85454e-10
7.07967e-07
8.54902e-10
7.08072e-07
9.06136e-10
7.08193e-07
9.32734e-10
7.08321e-07
9.33105e-10
7.08452e-07
9.11299e-10
7.08583e-07
8.72384e-10
7.08713e-07
8.22069e-10
7.08837e-07
7.6472e-10
7.08953e-07
7.0422e-10
7.09062e-07
6.43318e-10
7.09162e-07
5.84108e-10
7.09254e-07
5.2783e-10
7.09337e-07
4.75314e-10
7.09413e-07
4.26856e-10
3.89813e-10
7.65767e-07
1.45729e-10
7.65758e-07
3.82885e-10
7.65782e-07
5.35524e-10
7.65847e-07
6.30046e-10
7.65931e-07
7.01283e-10
7.66029e-07
7.57458e-10
7.66138e-07
7.96512e-10
7.66256e-07
8.15066e-10
7.66377e-07
8.12403e-10
7.66496e-07
7.91419e-10
7.66613e-07
7.55971e-10
7.66724e-07
7.1094e-10
7.66829e-07
6.60164e-10
7.66926e-07
6.06996e-10
7.67015e-07
5.53735e-10
7.67097e-07
5.02125e-10
7.67172e-07
4.53193e-10
7.6724e-07
4.07626e-10
7.67301e-07
3.65657e-10
3.32641e-10
8.28302e-07
1.3598e-10
8.28334e-07
3.51081e-10
8.28392e-07
4.77504e-10
8.28466e-07
5.55564e-10
8.28555e-07
6.12244e-10
8.28656e-07
6.56621e-10
8.28765e-07
6.87638e-10
8.28878e-07
7.02173e-10
8.28991e-07
6.99215e-10
8.29102e-07
6.80899e-10
8.29207e-07
6.50235e-10
8.29307e-07
6.11332e-10
8.294e-07
5.67478e-10
8.29485e-07
5.21593e-10
8.29563e-07
4.75658e-10
8.29634e-07
4.31178e-10
8.29698e-07
3.8903e-10
8.29756e-07
3.49808e-10
8.29808e-07
3.1371e-10
2.85227e-10
8.95926e-07
1.18546e-10
8.95974e-07
3.02707e-10
8.96039e-07
4.12773e-10
8.96118e-07
4.77206e-10
8.96207e-07
5.22472e-10
8.96305e-07
5.58444e-10
8.96409e-07
5.84361e-10
8.96514e-07
5.97091e-10
8.96618e-07
5.95294e-10
8.96718e-07
5.80479e-10
8.96813e-07
5.55022e-10
8.96902e-07
5.22373e-10
8.96984e-07
4.8533e-10
8.9706e-07
4.46415e-10
8.97128e-07
4.07349e-10
8.9719e-07
3.69446e-10
8.97245e-07
3.33476e-10
8.97295e-07
2.99964e-10
8.9734e-07
2.69093e-10
2.44242e-10
9.69064e-07
9.96504e-11
9.69111e-07
2.55471e-10
9.69176e-07
3.48017e-10
9.69252e-07
4.00755e-10
9.69337e-07
4.37612e-10
9.69428e-07
4.67684e-10
9.69522e-07
4.90207e-10
9.69617e-07
5.02102e-10
9.6971e-07
5.01838e-10
9.698e-07
4.90451e-10
9.69885e-07
4.69831e-10
9.69965e-07
4.4288e-10
9.70038e-07
4.11986e-10
9.70105e-07
3.79328e-10
9.70166e-07
3.46403e-10
9.70221e-07
3.14366e-10
9.70271e-07
2.83898e-10
9.70315e-07
2.55467e-10
9.70355e-07
2.29247e-10
2.07872e-10
1.04817e-06
8.24309e-11
1.04821e-06
2.11918e-10
1.04827e-06
2.88073e-10
1.04834e-06
3.30958e-10
1.04842e-06
3.61238e-10
1.0485e-06
3.86674e-10
1.04858e-06
4.06399e-10
1.04867e-06
4.17504e-10
1.04875e-06
4.18433e-10
1.04883e-06
4.09901e-10
1.04891e-06
3.93426e-10
1.04898e-06
3.71438e-10
1.04905e-06
3.45962e-10
1.04911e-06
3.18862e-10
1.04916e-06
2.91427e-10
1.04921e-06
2.64654e-10
1.04926e-06
2.39139e-10
1.0493e-06
2.15292e-10
1.04933e-06
1.93274e-10
1.75231e-10
1.13373e-06
6.71431e-11
1.13377e-06
1.73029e-10
1.13382e-06
2.3487e-10
1.13388e-06
2.69448e-10
1.13395e-06
2.94195e-10
1.13402e-06
3.15552e-10
1.1341e-06
3.32596e-10
1.13417e-06
3.42683e-10
1.13424e-06
3.44343e-10
1.13432e-06
3.38067e-10
1.13439e-06
3.25067e-10
1.13445e-06
3.07353e-10
1.13451e-06
2.86616e-10
1.13456e-06
2.64424e-10
1.13461e-06
2.41868e-10
1.13466e-06
2.19796e-10
1.1347e-06
1.98717e-10
1.13473e-06
1.78986e-10
1.13477e-06
1.60747e-10
1.45791e-10
1.22628e-06
5.37804e-11
1.22631e-06
1.38918e-10
1.22636e-06
1.88405e-10
1.22641e-06
2.15949e-10
1.22647e-06
2.35913e-10
1.22653e-06
2.53537e-10
1.2266e-06
2.67929e-10
1.22666e-06
2.76773e-10
1.22673e-06
2.78752e-10
1.22679e-06
2.74198e-10
1.22685e-06
2.64068e-10
1.22691e-06
2.49996e-10
1.22696e-06
2.33371e-10
1.22701e-06
2.15484e-10
1.22706e-06
1.9724e-10
1.2271e-06
1.79344e-10
1.22713e-06
1.62224e-10
1.22717e-06
1.46177e-10
1.2272e-06
1.31329e-10
1.19195e-10
1.32638e-06
4.21681e-11
1.32641e-06
1.09155e-10
1.32645e-06
1.4797e-10
1.3265e-06
1.6951e-10
1.32655e-06
1.85289e-10
1.3266e-06
1.99469e-10
1.32666e-06
2.11251e-10
1.32672e-06
2.18694e-10
1.32677e-06
2.20673e-10
1.32683e-06
2.17409e-10
1.32689e-06
2.09643e-10
1.32694e-06
1.98677e-10
1.32698e-06
1.85621e-10
1.32703e-06
1.71512e-10
1.32707e-06
1.5708e-10
1.32711e-06
1.42896e-10
1.32714e-06
1.29307e-10
1.32717e-06
1.16556e-10
1.32719e-06
1.04749e-10
9.51589e-11
1.43465e-06
3.20391e-11
1.43468e-06
8.30971e-11
1.43472e-06
1.12621e-10
1.43476e-06
1.28971e-10
1.4348e-06
1.41048e-10
1.43485e-06
1.52047e-10
1.4349e-06
1.61305e-10
1.43495e-06
1.6727e-10
1.435e-06
1.69031e-10
1.43505e-06
1.66735e-10
1.4351e-06
1.60939e-10
1.43515e-06
1.52644e-10
1.43519e-06
1.42706e-10
1.43523e-06
1.3193e-10
1.43527e-06
1.20883e-10
1.4353e-06
1.10008e-10
1.43533e-06
9.95782e-11
1.43535e-06
8.97831e-11
1.43538e-06
8.07073e-11
7.33936e-11
1.55177e-06
2.30967e-11
1.55179e-06
6.00137e-11
1.55182e-06
8.13321e-11
1.55186e-06
9.31201e-11
1.5519e-06
1.01879e-10
1.55194e-06
1.09934e-10
1.55198e-06
1.16777e-10
1.55203e-06
1.21249e-10
1.55208e-06
1.22662e-10
1.55212e-06
1.21107e-10
1.55217e-06
1.16985e-10
1.55221e-06
1.11023e-10
1.55225e-06
1.03846e-10
1.55228e-06
9.60428e-11
1.55232e-06
8.80303e-11
1.55235e-06
8.01334e-11
1.55237e-06
7.25531e-11
1.5524e-06
6.54296e-11
1.55242e-06
5.88263e-11
5.35513e-11
1.67844e-06
1.50258e-11
1.67846e-06
3.91143e-11
1.67849e-06
5.30143e-11
1.67852e-06
6.06894e-11
1.67856e-06
6.6414e-11
1.6786e-06
7.17148e-11
1.67864e-06
7.62487e-11
1.67868e-06
7.92408e-11
1.67872e-06
8.02286e-11
1.67876e-06
7.92647e-11
1.67881e-06
7.66087e-11
1.67884e-06
7.27363e-11
1.67888e-06
6.8059e-11
1.67891e-06
6.29636e-11
1.67894e-06
5.77249e-11
1.67897e-06
5.25574e-11
1.679e-06
4.75939e-11
1.67902e-06
4.29274e-11
1.67904e-06
3.86e-11
3.51741e-11
1.81546e-06
7.47046e-12
1.81548e-06
1.94895e-11
1.8155e-06
2.64237e-11
1.81554e-06
3.02465e-11
1.81557e-06
3.31022e-11
1.8156e-06
3.5758e-11
1.81564e-06
3.80401e-11
1.81568e-06
3.95562e-11
1.81572e-06
4.00706e-11
1.81576e-06
3.96068e-11
1.8158e-06
3.82934e-11
1.81584e-06
3.63684e-11
1.81587e-06
3.40376e-11
1.8159e-06
3.14952e-11
1.81593e-06
2.88792e-11
1.81596e-06
2.62972e-11
1.81598e-06
2.38162e-11
1.816e-06
2.14829e-11
1.81602e-06
1.93188e-11
1.76291e-11
1.96366e-06
1.96368e-06
1.96371e-06
1.96374e-06
1.96377e-06
1.9638e-06
1.96384e-06
1.96388e-06
1.96392e-06
1.96396e-06
1.964e-06
1.96404e-06
1.96407e-06
1.9641e-06
1.96413e-06
1.96416e-06
1.96418e-06
1.9642e-06
1.96422e-06
)
;

boundaryField
{
    top
    {
        type            calculated;
        value           uniform 0;
    }
    inlet
    {
        type            calculated;
        value           nonuniform List<scalar> 
45
(
-6.54551e-07
-7.07984e-07
-7.65779e-07
-8.28292e-07
-8.95909e-07
-9.69045e-07
-1.04815e-06
-1.13372e-06
-1.22626e-06
-1.32637e-06
-1.43464e-06
-1.55176e-06
-1.67843e-06
-1.81545e-06
-1.96365e-06
-1.68194e-08
-1.82093e-08
-1.9714e-08
-2.13431e-08
-2.31069e-08
-2.50163e-08
-2.70836e-08
-2.93217e-08
-3.17448e-08
-3.43681e-08
-3.72081e-08
-4.02829e-08
-4.36117e-08
-4.72157e-08
-5.11174e-08
-5.53416e-08
-5.99148e-08
-6.4866e-08
-7.02263e-08
-7.60296e-08
-8.23124e-08
-8.91144e-08
-9.64786e-08
-1.04451e-07
-1.13083e-07
-1.22428e-07
-1.32545e-07
-1.43498e-07
-1.55356e-07
-1.68194e-07
)
;
    }
    outlet
    {
        type            calculated;
        value           nonuniform List<scalar> 
45
(
6.58709e-07
7.12275e-07
7.70151e-07
8.32685e-07
9.00261e-07
9.73298e-07
1.05225e-06
1.13762e-06
1.22993e-06
1.32978e-06
1.4378e-06
1.55468e-06
1.68117e-06
1.81808e-06
1.9663e-06
1.2794e-09
4.21707e-09
7.68779e-09
1.15865e-08
1.57374e-08
1.99219e-08
2.39332e-08
2.7641e-08
3.10335e-08
3.42086e-08
3.73198e-08
4.05142e-08
4.38973e-08
4.7534e-08
5.14639e-08
5.57168e-08
6.03209e-08
6.53053e-08
7.07015e-08
7.65434e-08
8.28679e-08
8.97147e-08
9.7127e-08
1.05151e-07
1.13838e-07
1.23242e-07
1.33423e-07
1.44443e-07
1.56372e-07
1.69286e-07
)
;
    }
    plate
    {
        type            calculated;
        value           uniform 0;
    }
    symmBound
    {
        type            calculated;
        value           nonuniform List<scalar> 
20
(
1.43534e-08
-1.72277e-08
5.52229e-09
1.86983e-09
6.02975e-10
-3.11589e-09
1.06781e-09
5.37445e-10
1.35051e-09
1.72357e-11
-3.03388e-11
-3.97091e-10
-2.94948e-10
-2.19197e-10
-2.14708e-10
-8.08909e-11
-2.20117e-10
-9.87455e-11
-2.67186e-10
-1.76059e-10
)
;
    }
    frontAndBack
    {
        type            empty;
    }
}


// ************************************************************************* //
