/*--------------------------------*- C++ -*----------------------------------*\
| =========                 |                                                 |
| \\      /  F ield         | OpenFOAM: The Open Source CFD Toolbox           |
|  \\    /   O peration     | Version:  1.4.1-dev                             |
|   \\  /    A nd           | Web:      http://www.openfoam.org               |
|    \\/     M anipulation  |                                                 |
\*---------------------------------------------------------------------------*/

FoamFile
{
    version 2.0;
    format ascii;

    root "../../..";
    case "icoHeatFoam-flatPlate2";
    instance "constant";
    local "polyMesh";

    class labelList;

    note "nCells:2475 nActiveFaces:10000 nActivePoints:5152";

    object neighbour;
}

// * * * * * * * * * * * * * * * * * * * * * * * * * * * * * * * * * * * * * //


10000
(
1
35
1594
2
36
3
37
4
38
5
39
6
40
7
41
8
42
9
43
10
44
11
45
12
46
13
47
14
48
15
49
16
50
17
51
18
52
19
53
20
54
21
55
22
56
23
57
24
58
25
59
26
60
27
61
28
62
29
63
30
64
31
65
32
66
33
67
34
68
69
36
70
1614
37
71
38
72
39
73
40
74
41
75
42
76
43
77
44
78
45
79
46
80
47
81
48
82
49
83
50
84
51
85
52
86
53
87
54
88
55
89
56
90
57
91
58
92
59
93
60
94
61
95
62
96
63
97
64
98
65
99
66
100
67
101
68
102
69
103
104
71
105
1634
72
106
73
107
74
108
75
109
76
110
77
111
78
112
79
113
80
114
81
115
82
116
83
117
84
118
85
119
86
120
87
121
88
122
89
123
90
124
91
125
92
126
93
127
94
128
95
129
96
130
97
131
98
132
99
133
100
134
101
135
102
136
103
137
104
138
139
106
140
1654
107
141
108
142
109
143
110
144
111
145
112
146
113
147
114
148
115
149
116
150
117
151
118
152
119
153
120
154
121
155
122
156
123
157
124
158
125
159
126
160
127
161
128
162
129
163
130
164
131
165
132
166
133
167
134
168
135
169
136
170
137
171
138
172
139
173
174
141
175
1674
142
176
143
177
144
178
145
179
146
180
147
181
148
182
149
183
150
184
151
185
152
186
153
187
154
188
155
189
156
190
157
191
158
192
159
193
160
194
161
195
162
196
163
197
164
198
165
199
166
200
167
201
168
202
169
203
170
204
171
205
172
206
173
207
174
208
209
176
210
1694
177
211
178
212
179
213
180
214
181
215
182
216
183
217
184
218
185
219
186
220
187
221
188
222
189
223
190
224
191
225
192
226
193
227
194
228
195
229
196
230
197
231
198
232
199
233
200
234
201
235
202
236
203
237
204
238
205
239
206
240
207
241
208
242
209
243
244
211
245
1714
212
246
213
247
214
248
215
249
216
250
217
251
218
252
219
253
220
254
221
255
222
256
223
257
224
258
225
259
226
260
227
261
228
262
229
263
230
264
231
265
232
266
233
267
234
268
235
269
236
270
237
271
238
272
239
273
240
274
241
275
242
276
243
277
244
278
279
246
280
1734
247
281
248
282
249
283
250
284
251
285
252
286
253
287
254
288
255
289
256
290
257
291
258
292
259
293
260
294
261
295
262
296
263
297
264
298
265
299
266
300
267
301
268
302
269
303
270
304
271
305
272
306
273
307
274
308
275
309
276
310
277
311
278
312
279
313
314
281
315
1754
282
316
283
317
284
318
285
319
286
320
287
321
288
322
289
323
290
324
291
325
292
326
293
327
294
328
295
329
296
330
297
331
298
332
299
333
300
334
301
335
302
336
303
337
304
338
305
339
306
340
307
341
308
342
309
343
310
344
311
345
312
346
313
347
314
348
349
316
350
1774
317
351
318
352
319
353
320
354
321
355
322
356
323
357
324
358
325
359
326
360
327
361
328
362
329
363
330
364
331
365
332
366
333
367
334
368
335
369
336
370
337
371
338
372
339
373
340
374
341
375
342
376
343
377
344
378
345
379
346
380
347
381
348
382
349
383
384
351
385
1794
352
386
353
387
354
388
355
389
356
390
357
391
358
392
359
393
360
394
361
395
362
396
363
397
364
398
365
399
366
400
367
401
368
402
369
403
370
404
371
405
372
406
373
407
374
408
375
409
376
410
377
411
378
412
379
413
380
414
381
415
382
416
383
417
384
418
419
386
420
1814
387
421
388
422
389
423
390
424
391
425
392
426
393
427
394
428
395
429
396
430
397
431
398
432
399
433
400
434
401
435
402
436
403
437
404
438
405
439
406
440
407
441
408
442
409
443
410
444
411
445
412
446
413
447
414
448
415
449
416
450
417
451
418
452
419
453
454
421
455
1834
422
456
423
457
424
458
425
459
426
460
427
461
428
462
429
463
430
464
431
465
432
466
433
467
434
468
435
469
436
470
437
471
438
472
439
473
440
474
441
475
442
476
443
477
444
478
445
479
446
480
447
481
448
482
449
483
450
484
451
485
452
486
453
487
454
488
489
456
490
1854
457
491
458
492
459
493
460
494
461
495
462
496
463
497
464
498
465
499
466
500
467
501
468
502
469
503
470
504
471
505
472
506
473
507
474
508
475
509
476
510
477
511
478
512
479
513
480
514
481
515
482
516
483
517
484
518
485
519
486
520
487
521
488
522
489
523
524
491
525
1874
492
526
493
527
494
528
495
529
496
530
497
531
498
532
499
533
500
534
501
535
502
536
503
537
504
538
505
539
506
540
507
541
508
542
509
543
510
544
511
545
512
546
513
547
514
548
515
549
516
550
517
551
518
552
519
553
520
554
521
555
522
556
523
557
524
558
559
526
560
1894
527
561
528
562
529
563
530
564
531
565
532
566
533
567
534
568
535
569
536
570
537
571
538
572
539
573
540
574
541
575
542
576
543
577
544
578
545
579
546
580
547
581
548
582
549
583
550
584
551
585
552
586
553
587
554
588
555
589
556
590
557
591
558
592
559
593
594
561
595
1914
562
596
563
597
564
598
565
599
566
600
567
601
568
602
569
603
570
604
571
605
572
606
573
607
574
608
575
609
576
610
577
611
578
612
579
613
580
614
581
615
582
616
583
617
584
618
585
619
586
620
587
621
588
622
589
623
590
624
591
625
592
626
593
627
594
628
629
596
630
1934
597
631
598
632
599
633
600
634
601
635
602
636
603
637
604
638
605
639
606
640
607
641
608
642
609
643
610
644
611
645
612
646
613
647
614
648
615
649
616
650
617
651
618
652
619
653
620
654
621
655
622
656
623
657
624
658
625
659
626
660
627
661
628
662
629
663
664
631
665
1954
632
666
633
667
634
668
635
669
636
670
637
671
638
672
639
673
640
674
641
675
642
676
643
677
644
678
645
679
646
680
647
681
648
682
649
683
650
684
651
685
652
686
653
687
654
688
655
689
656
690
657
691
658
692
659
693
660
694
661
695
662
696
663
697
664
698
699
666
700
1974
667
701
668
702
669
703
670
704
671
705
672
706
673
707
674
708
675
709
676
710
677
711
678
712
679
713
680
714
681
715
682
716
683
717
684
718
685
719
686
720
687
721
688
722
689
723
690
724
691
725
692
726
693
727
694
728
695
729
696
730
697
731
698
732
699
733
734
701
735
1994
702
736
703
737
704
738
705
739
706
740
707
741
708
742
709
743
710
744
711
745
712
746
713
747
714
748
715
749
716
750
717
751
718
752
719
753
720
754
721
755
722
756
723
757
724
758
725
759
726
760
727
761
728
762
729
763
730
764
731
765
732
766
733
767
734
768
769
736
770
2014
737
771
738
772
739
773
740
774
741
775
742
776
743
777
744
778
745
779
746
780
747
781
748
782
749
783
750
784
751
785
752
786
753
787
754
788
755
789
756
790
757
791
758
792
759
793
760
794
761
795
762
796
763
797
764
798
765
799
766
800
767
801
768
802
769
803
804
771
805
2034
772
806
773
807
774
808
775
809
776
810
777
811
778
812
779
813
780
814
781
815
782
816
783
817
784
818
785
819
786
820
787
821
788
822
789
823
790
824
791
825
792
826
793
827
794
828
795
829
796
830
797
831
798
832
799
833
800
834
801
835
802
836
803
837
804
838
839
806
840
2054
807
841
808
842
809
843
810
844
811
845
812
846
813
847
814
848
815
849
816
850
817
851
818
852
819
853
820
854
821
855
822
856
823
857
824
858
825
859
826
860
827
861
828
862
829
863
830
864
831
865
832
866
833
867
834
868
835
869
836
870
837
871
838
872
839
873
874
841
875
2074
842
876
843
877
844
878
845
879
846
880
847
881
848
882
849
883
850
884
851
885
852
886
853
887
854
888
855
889
856
890
857
891
858
892
859
893
860
894
861
895
862
896
863
897
864
898
865
899
866
900
867
901
868
902
869
903
870
904
871
905
872
906
873
907
874
908
909
876
910
2094
877
911
878
912
879
913
880
914
881
915
882
916
883
917
884
918
885
919
886
920
887
921
888
922
889
923
890
924
891
925
892
926
893
927
894
928
895
929
896
930
897
931
898
932
899
933
900
934
901
935
902
936
903
937
904
938
905
939
906
940
907
941
908
942
909
943
944
911
945
2114
912
946
913
947
914
948
915
949
916
950
917
951
918
952
919
953
920
954
921
955
922
956
923
957
924
958
925
959
926
960
927
961
928
962
929
963
930
964
931
965
932
966
933
967
934
968
935
969
936
970
937
971
938
972
939
973
940
974
941
975
942
976
943
977
944
978
979
946
980
2134
947
981
948
982
949
983
950
984
951
985
952
986
953
987
954
988
955
989
956
990
957
991
958
992
959
993
960
994
961
995
962
996
963
997
964
998
965
999
966
1000
967
1001
968
1002
969
1003
970
1004
971
1005
972
1006
973
1007
974
1008
975
1009
976
1010
977
1011
978
1012
979
1013
1014
981
1015
2154
982
1016
983
1017
984
1018
985
1019
986
1020
987
1021
988
1022
989
1023
990
1024
991
1025
992
1026
993
1027
994
1028
995
1029
996
1030
997
1031
998
1032
999
1033
1000
1034
1001
1035
1002
1036
1003
1037
1004
1038
1005
1039
1006
1040
1007
1041
1008
1042
1009
1043
1010
1044
1011
1045
1012
1046
1013
1047
1014
1048
1049
1016
1050
2174
1017
1051
1018
1052
1019
1053
1020
1054
1021
1055
1022
1056
1023
1057
1024
1058
1025
1059
1026
1060
1027
1061
1028
1062
1029
1063
1030
1064
1031
1065
1032
1066
1033
1067
1034
1068
1035
1069
1036
1070
1037
1071
1038
1072
1039
1073
1040
1074
1041
1075
1042
1076
1043
1077
1044
1078
1045
1079
1046
1080
1047
1081
1048
1082
1049
1083
1084
1051
1085
2194
1052
1086
1053
1087
1054
1088
1055
1089
1056
1090
1057
1091
1058
1092
1059
1093
1060
1094
1061
1095
1062
1096
1063
1097
1064
1098
1065
1099
1066
1100
1067
1101
1068
1102
1069
1103
1070
1104
1071
1105
1072
1106
1073
1107
1074
1108
1075
1109
1076
1110
1077
1111
1078
1112
1079
1113
1080
1114
1081
1115
1082
1116
1083
1117
1084
1118
1119
1086
1120
2214
1087
1121
1088
1122
1089
1123
1090
1124
1091
1125
1092
1126
1093
1127
1094
1128
1095
1129
1096
1130
1097
1131
1098
1132
1099
1133
1100
1134
1101
1135
1102
1136
1103
1137
1104
1138
1105
1139
1106
1140
1107
1141
1108
1142
1109
1143
1110
1144
1111
1145
1112
1146
1113
1147
1114
1148
1115
1149
1116
1150
1117
1151
1118
1152
1119
1153
1154
1121
1155
2234
1122
1156
1123
1157
1124
1158
1125
1159
1126
1160
1127
1161
1128
1162
1129
1163
1130
1164
1131
1165
1132
1166
1133
1167
1134
1168
1135
1169
1136
1170
1137
1171
1138
1172
1139
1173
1140
1174
1141
1175
1142
1176
1143
1177
1144
1178
1145
1179
1146
1180
1147
1181
1148
1182
1149
1183
1150
1184
1151
1185
1152
1186
1153
1187
1154
1188
1189
1156
1190
2254
1157
1191
1158
1192
1159
1193
1160
1194
1161
1195
1162
1196
1163
1197
1164
1198
1165
1199
1166
1200
1167
1201
1168
1202
1169
1203
1170
1204
1171
1205
1172
1206
1173
1207
1174
1208
1175
1209
1176
1210
1177
1211
1178
1212
1179
1213
1180
1214
1181
1215
1182
1216
1183
1217
1184
1218
1185
1219
1186
1220
1187
1221
1188
1222
1189
1223
1224
1191
1225
2274
1192
1226
1193
1227
1194
1228
1195
1229
1196
1230
1197
1231
1198
1232
1199
1233
1200
1234
1201
1235
1202
1236
1203
1237
1204
1238
1205
1239
1206
1240
1207
1241
1208
1242
1209
1243
1210
1244
1211
1245
1212
1246
1213
1247
1214
1248
1215
1249
1216
1250
1217
1251
1218
1252
1219
1253
1220
1254
1221
1255
1222
1256
1223
1257
1224
1258
1259
1226
1260
2294
1227
1261
1228
1262
1229
1263
1230
1264
1231
1265
1232
1266
1233
1267
1234
1268
1235
1269
1236
1270
1237
1271
1238
1272
1239
1273
1240
1274
1241
1275
1242
1276
1243
1277
1244
1278
1245
1279
1246
1280
1247
1281
1248
1282
1249
1283
1250
1284
1251
1285
1252
1286
1253
1287
1254
1288
1255
1289
1256
1290
1257
1291
1258
1292
1259
1293
1294
1261
1295
2314
1262
1296
1263
1297
1264
1298
1265
1299
1266
1300
1267
1301
1268
1302
1269
1303
1270
1304
1271
1305
1272
1306
1273
1307
1274
1308
1275
1309
1276
1310
1277
1311
1278
1312
1279
1313
1280
1314
1281
1315
1282
1316
1283
1317
1284
1318
1285
1319
1286
1320
1287
1321
1288
1322
1289
1323
1290
1324
1291
1325
1292
1326
1293
1327
1294
1328
1329
1296
1330
2334
1297
1331
1298
1332
1299
1333
1300
1334
1301
1335
1302
1336
1303
1337
1304
1338
1305
1339
1306
1340
1307
1341
1308
1342
1309
1343
1310
1344
1311
1345
1312
1346
1313
1347
1314
1348
1315
1349
1316
1350
1317
1351
1318
1352
1319
1353
1320
1354
1321
1355
1322
1356
1323
1357
1324
1358
1325
1359
1326
1360
1327
1361
1328
1362
1329
1363
1364
1331
1365
2354
1332
1366
1333
1367
1334
1368
1335
1369
1336
1370
1337
1371
1338
1372
1339
1373
1340
1374
1341
1375
1342
1376
1343
1377
1344
1378
1345
1379
1346
1380
1347
1381
1348
1382
1349
1383
1350
1384
1351
1385
1352
1386
1353
1387
1354
1388
1355
1389
1356
1390
1357
1391
1358
1392
1359
1393
1360
1394
1361
1395
1362
1396
1363
1397
1364
1398
1399
1366
1400
2374
1367
1401
1368
1402
1369
1403
1370
1404
1371
1405
1372
1406
1373
1407
1374
1408
1375
1409
1376
1410
1377
1411
1378
1412
1379
1413
1380
1414
1381
1415
1382
1416
1383
1417
1384
1418
1385
1419
1386
1420
1387
1421
1388
1422
1389
1423
1390
1424
1391
1425
1392
1426
1393
1427
1394
1428
1395
1429
1396
1430
1397
1431
1398
1432
1399
1433
1434
1401
1435
2394
1402
1436
1403
1437
1404
1438
1405
1439
1406
1440
1407
1441
1408
1442
1409
1443
1410
1444
1411
1445
1412
1446
1413
1447
1414
1448
1415
1449
1416
1450
1417
1451
1418
1452
1419
1453
1420
1454
1421
1455
1422
1456
1423
1457
1424
1458
1425
1459
1426
1460
1427
1461
1428
1462
1429
1463
1430
1464
1431
1465
1432
1466
1433
1467
1434
1468
1469
1436
1470
2414
1437
1471
1438
1472
1439
1473
1440
1474
1441
1475
1442
1476
1443
1477
1444
1478
1445
1479
1446
1480
1447
1481
1448
1482
1449
1483
1450
1484
1451
1485
1452
1486
1453
1487
1454
1488
1455
1489
1456
1490
1457
1491
1458
1492
1459
1493
1460
1494
1461
1495
1462
1496
1463
1497
1464
1498
1465
1499
1466
1500
1467
1501
1468
1502
1469
1503
1504
1471
1505
2434
1472
1506
1473
1507
1474
1508
1475
1509
1476
1510
1477
1511
1478
1512
1479
1513
1480
1514
1481
1515
1482
1516
1483
1517
1484
1518
1485
1519
1486
1520
1487
1521
1488
1522
1489
1523
1490
1524
1491
1525
1492
1526
1493
1527
1494
1528
1495
1529
1496
1530
1497
1531
1498
1532
1499
1533
1500
1534
1501
1535
1502
1536
1503
1537
1504
1538
1539
1506
1540
2454
1507
1541
1508
1542
1509
1543
1510
1544
1511
1545
1512
1546
1513
1547
1514
1548
1515
1549
1516
1550
1517
1551
1518
1552
1519
1553
1520
1554
1521
1555
1522
1556
1523
1557
1524
1558
1525
1559
1526
1560
1527
1561
1528
1562
1529
1563
1530
1564
1531
1565
1532
1566
1533
1567
1534
1568
1535
1569
1536
1570
1537
1571
1538
1572
1539
1573
1574
1541
2474
1542
1543
1544
1545
1546
1547
1548
1549
1550
1551
1552
1553
1554
1555
1556
1557
1558
1559
1560
1561
1562
1563
1564
1565
1566
1567
1568
1569
1570
1571
1572
1573
1574
1576
1595
1577
1596
1578
1597
1579
1598
1580
1599
1581
1600
1582
1601
1583
1602
1584
1603
1585
1604
1586
1605
1587
1606
1588
1607
1589
1608
1590
1609
1591
1610
1592
1611
1593
1612
1594
1613
1614
1596
1615
1597
1616
1598
1617
1599
1618
1600
1619
1601
1620
1602
1621
1603
1622
1604
1623
1605
1624
1606
1625
1607
1626
1608
1627
1609
1628
1610
1629
1611
1630
1612
1631
1613
1632
1614
1633
1634
1616
1635
1617
1636
1618
1637
1619
1638
1620
1639
1621
1640
1622
1641
1623
1642
1624
1643
1625
1644
1626
1645
1627
1646
1628
1647
1629
1648
1630
1649
1631
1650
1632
1651
1633
1652
1634
1653
1654
1636
1655
1637
1656
1638
1657
1639
1658
1640
1659
1641
1660
1642
1661
1643
1662
1644
1663
1645
1664
1646
1665
1647
1666
1648
1667
1649
1668
1650
1669
1651
1670
1652
1671
1653
1672
1654
1673
1674
1656
1675
1657
1676
1658
1677
1659
1678
1660
1679
1661
1680
1662
1681
1663
1682
1664
1683
1665
1684
1666
1685
1667
1686
1668
1687
1669
1688
1670
1689
1671
1690
1672
1691
1673
1692
1674
1693
1694
1676
1695
1677
1696
1678
1697
1679
1698
1680
1699
1681
1700
1682
1701
1683
1702
1684
1703
1685
1704
1686
1705
1687
1706
1688
1707
1689
1708
1690
1709
1691
1710
1692
1711
1693
1712
1694
1713
1714
1696
1715
1697
1716
1698
1717
1699
1718
1700
1719
1701
1720
1702
1721
1703
1722
1704
1723
1705
1724
1706
1725
1707
1726
1708
1727
1709
1728
1710
1729
1711
1730
1712
1731
1713
1732
1714
1733
1734
1716
1735
1717
1736
1718
1737
1719
1738
1720
1739
1721
1740
1722
1741
1723
1742
1724
1743
1725
1744
1726
1745
1727
1746
1728
1747
1729
1748
1730
1749
1731
1750
1732
1751
1733
1752
1734
1753
1754
1736
1755
1737
1756
1738
1757
1739
1758
1740
1759
1741
1760
1742
1761
1743
1762
1744
1763
1745
1764
1746
1765
1747
1766
1748
1767
1749
1768
1750
1769
1751
1770
1752
1771
1753
1772
1754
1773
1774
1756
1775
1757
1776
1758
1777
1759
1778
1760
1779
1761
1780
1762
1781
1763
1782
1764
1783
1765
1784
1766
1785
1767
1786
1768
1787
1769
1788
1770
1789
1771
1790
1772
1791
1773
1792
1774
1793
1794
1776
1795
1777
1796
1778
1797
1779
1798
1780
1799
1781
1800
1782
1801
1783
1802
1784
1803
1785
1804
1786
1805
1787
1806
1788
1807
1789
1808
1790
1809
1791
1810
1792
1811
1793
1812
1794
1813
1814
1796
1815
1797
1816
1798
1817
1799
1818
1800
1819
1801
1820
1802
1821
1803
1822
1804
1823
1805
1824
1806
1825
1807
1826
1808
1827
1809
1828
1810
1829
1811
1830
1812
1831
1813
1832
1814
1833
1834
1816
1835
1817
1836
1818
1837
1819
1838
1820
1839
1821
1840
1822
1841
1823
1842
1824
1843
1825
1844
1826
1845
1827
1846
1828
1847
1829
1848
1830
1849
1831
1850
1832
1851
1833
1852
1834
1853
1854
1836
1855
1837
1856
1838
1857
1839
1858
1840
1859
1841
1860
1842
1861
1843
1862
1844
1863
1845
1864
1846
1865
1847
1866
1848
1867
1849
1868
1850
1869
1851
1870
1852
1871
1853
1872
1854
1873
1874
1856
1875
1857
1876
1858
1877
1859
1878
1860
1879
1861
1880
1862
1881
1863
1882
1864
1883
1865
1884
1866
1885
1867
1886
1868
1887
1869
1888
1870
1889
1871
1890
1872
1891
1873
1892
1874
1893
1894
1876
1895
1877
1896
1878
1897
1879
1898
1880
1899
1881
1900
1882
1901
1883
1902
1884
1903
1885
1904
1886
1905
1887
1906
1888
1907
1889
1908
1890
1909
1891
1910
1892
1911
1893
1912
1894
1913
1914
1896
1915
1897
1916
1898
1917
1899
1918
1900
1919
1901
1920
1902
1921
1903
1922
1904
1923
1905
1924
1906
1925
1907
1926
1908
1927
1909
1928
1910
1929
1911
1930
1912
1931
1913
1932
1914
1933
1934
1916
1935
1917
1936
1918
1937
1919
1938
1920
1939
1921
1940
1922
1941
1923
1942
1924
1943
1925
1944
1926
1945
1927
1946
1928
1947
1929
1948
1930
1949
1931
1950
1932
1951
1933
1952
1934
1953
1954
1936
1955
1937
1956
1938
1957
1939
1958
1940
1959
1941
1960
1942
1961
1943
1962
1944
1963
1945
1964
1946
1965
1947
1966
1948
1967
1949
1968
1950
1969
1951
1970
1952
1971
1953
1972
1954
1973
1974
1956
1975
1957
1976
1958
1977
1959
1978
1960
1979
1961
1980
1962
1981
1963
1982
1964
1983
1965
1984
1966
1985
1967
1986
1968
1987
1969
1988
1970
1989
1971
1990
1972
1991
1973
1992
1974
1993
1994
1976
1995
1977
1996
1978
1997
1979
1998
1980
1999
1981
2000
1982
2001
1983
2002
1984
2003
1985
2004
1986
2005
1987
2006
1988
2007
1989
2008
1990
2009
1991
2010
1992
2011
1993
2012
1994
2013
2014
1996
2015
1997
2016
1998
2017
1999
2018
2000
2019
2001
2020
2002
2021
2003
2022
2004
2023
2005
2024
2006
2025
2007
2026
2008
2027
2009
2028
2010
2029
2011
2030
2012
2031
2013
2032
2014
2033
2034
2016
2035
2017
2036
2018
2037
2019
2038
2020
2039
2021
2040
2022
2041
2023
2042
2024
2043
2025
2044
2026
2045
2027
2046
2028
2047
2029
2048
2030
2049
2031
2050
2032
2051
2033
2052
2034
2053
2054
2036
2055
2037
2056
2038
2057
2039
2058
2040
2059
2041
2060
2042
2061
2043
2062
2044
2063
2045
2064
2046
2065
2047
2066
2048
2067
2049
2068
2050
2069
2051
2070
2052
2071
2053
2072
2054
2073
2074
2056
2075
2057
2076
2058
2077
2059
2078
2060
2079
2061
2080
2062
2081
2063
2082
2064
2083
2065
2084
2066
2085
2067
2086
2068
2087
2069
2088
2070
2089
2071
2090
2072
2091
2073
2092
2074
2093
2094
2076
2095
2077
2096
2078
2097
2079
2098
2080
2099
2081
2100
2082
2101
2083
2102
2084
2103
2085
2104
2086
2105
2087
2106
2088
2107
2089
2108
2090
2109
2091
2110
2092
2111
2093
2112
2094
2113
2114
2096
2115
2097
2116
2098
2117
2099
2118
2100
2119
2101
2120
2102
2121
2103
2122
2104
2123
2105
2124
2106
2125
2107
2126
2108
2127
2109
2128
2110
2129
2111
2130
2112
2131
2113
2132
2114
2133
2134
2116
2135
2117
2136
2118
2137
2119
2138
2120
2139
2121
2140
2122
2141
2123
2142
2124
2143
2125
2144
2126
2145
2127
2146
2128
2147
2129
2148
2130
2149
2131
2150
2132
2151
2133
2152
2134
2153
2154
2136
2155
2137
2156
2138
2157
2139
2158
2140
2159
2141
2160
2142
2161
2143
2162
2144
2163
2145
2164
2146
2165
2147
2166
2148
2167
2149
2168
2150
2169
2151
2170
2152
2171
2153
2172
2154
2173
2174
2156
2175
2157
2176
2158
2177
2159
2178
2160
2179
2161
2180
2162
2181
2163
2182
2164
2183
2165
2184
2166
2185
2167
2186
2168
2187
2169
2188
2170
2189
2171
2190
2172
2191
2173
2192
2174
2193
2194
2176
2195
2177
2196
2178
2197
2179
2198
2180
2199
2181
2200
2182
2201
2183
2202
2184
2203
2185
2204
2186
2205
2187
2206
2188
2207
2189
2208
2190
2209
2191
2210
2192
2211
2193
2212
2194
2213
2214
2196
2215
2197
2216
2198
2217
2199
2218
2200
2219
2201
2220
2202
2221
2203
2222
2204
2223
2205
2224
2206
2225
2207
2226
2208
2227
2209
2228
2210
2229
2211
2230
2212
2231
2213
2232
2214
2233
2234
2216
2235
2217
2236
2218
2237
2219
2238
2220
2239
2221
2240
2222
2241
2223
2242
2224
2243
2225
2244
2226
2245
2227
2246
2228
2247
2229
2248
2230
2249
2231
2250
2232
2251
2233
2252
2234
2253
2254
2236
2255
2237
2256
2238
2257
2239
2258
2240
2259
2241
2260
2242
2261
2243
2262
2244
2263
2245
2264
2246
2265
2247
2266
2248
2267
2249
2268
2250
2269
2251
2270
2252
2271
2253
2272
2254
2273
2274
2256
2275
2257
2276
2258
2277
2259
2278
2260
2279
2261
2280
2262
2281
2263
2282
2264
2283
2265
2284
2266
2285
2267
2286
2268
2287
2269
2288
2270
2289
2271
2290
2272
2291
2273
2292
2274
2293
2294
2276
2295
2277
2296
2278
2297
2279
2298
2280
2299
2281
2300
2282
2301
2283
2302
2284
2303
2285
2304
2286
2305
2287
2306
2288
2307
2289
2308
2290
2309
2291
2310
2292
2311
2293
2312
2294
2313
2314
2296
2315
2297
2316
2298
2317
2299
2318
2300
2319
2301
2320
2302
2321
2303
2322
2304
2323
2305
2324
2306
2325
2307
2326
2308
2327
2309
2328
2310
2329
2311
2330
2312
2331
2313
2332
2314
2333
2334
2316
2335
2317
2336
2318
2337
2319
2338
2320
2339
2321
2340
2322
2341
2323
2342
2324
2343
2325
2344
2326
2345
2327
2346
2328
2347
2329
2348
2330
2349
2331
2350
2332
2351
2333
2352
2334
2353
2354
2336
2355
2337
2356
2338
2357
2339
2358
2340
2359
2341
2360
2342
2361
2343
2362
2344
2363
2345
2364
2346
2365
2347
2366
2348
2367
2349
2368
2350
2369
2351
2370
2352
2371
2353
2372
2354
2373
2374
2356
2375
2357
2376
2358
2377
2359
2378
2360
2379
2361
2380
2362
2381
2363
2382
2364
2383
2365
2384
2366
2385
2367
2386
2368
2387
2369
2388
2370
2389
2371
2390
2372
2391
2373
2392
2374
2393
2394
2376
2395
2377
2396
2378
2397
2379
2398
2380
2399
2381
2400
2382
2401
2383
2402
2384
2403
2385
2404
2386
2405
2387
2406
2388
2407
2389
2408
2390
2409
2391
2410
2392
2411
2393
2412
2394
2413
2414
2396
2415
2397
2416
2398
2417
2399
2418
2400
2419
2401
2420
2402
2421
2403
2422
2404
2423
2405
2424
2406
2425
2407
2426
2408
2427
2409
2428
2410
2429
2411
2430
2412
2431
2413
2432
2414
2433
2434
2416
2435
2417
2436
2418
2437
2419
2438
2420
2439
2421
2440
2422
2441
2423
2442
2424
2443
2425
2444
2426
2445
2427
2446
2428
2447
2429
2448
2430
2449
2431
2450
2432
2451
2433
2452
2434
2453
2454
2436
2455
2437
2456
2438
2457
2439
2458
2440
2459
2441
2460
2442
2461
2443
2462
2444
2463
2445
2464
2446
2465
2447
2466
2448
2467
2449
2468
2450
2469
2451
2470
2452
2471
2453
2472
2454
2473
2474
2456
2457
2458
2459
2460
2461
2462
2463
2464
2465
2466
2467
2468
2469
2470
2471
2472
2473
2474
-1
-1
-1
-1
-1
-1
-1
-1
-1
-1
-1
-1
-1
-1
-1
-1
-1
-1
-1
-1
-1
-1
-1
-1
-1
-1
-1
-1
-1
-1
-1
-1
-1
-1
-1
-1
-1
-1
-1
-1
-1
-1
-1
-1
-1
-1
-1
-1
-1
-1
-1
-1
-1
-1
-1
-1
-1
-1
-1
-1
-1
-1
-1
-1
-1
-1
-1
-1
-1
-1
-1
-1
-1
-1
-1
-1
-1
-1
-1
-1
-1
-1
-1
-1
-1
-1
-1
-1
-1
-1
-1
-1
-1
-1
-1
-1
-1
-1
-1
-1
-1
-1
-1
-1
-1
-1
-1
-1
-1
-1
-1
-1
-1
-1
-1
-1
-1
-1
-1
-1
-1
-1
-1
-1
-1
-1
-1
-1
-1
-1
-1
-1
-1
-1
-1
-1
-1
-1
-1
-1
-1
-1
-1
-1
-1
-1
-1
-1
-1
-1
-1
-1
-1
-1
-1
-1
-1
-1
-1
-1
-1
-1
-1
-1
-1
-1
-1
-1
-1
-1
-1
-1
-1
-1
-1
-1
-1
-1
-1
-1
-1
-1
-1
-1
-1
-1
-1
-1
-1
-1
-1
-1
-1
-1
-1
-1
-1
-1
-1
-1
-1
-1
-1
-1
-1
-1
-1
-1
-1
-1
-1
-1
-1
-1
-1
-1
-1
-1
-1
-1
-1
-1
-1
-1
-1
-1
-1
-1
-1
-1
-1
-1
-1
-1
-1
-1
-1
-1
-1
-1
-1
-1
-1
-1
-1
-1
-1
-1
-1
-1
-1
-1
-1
-1
-1
-1
-1
-1
-1
-1
-1
-1
-1
-1
-1
-1
-1
-1
-1
-1
-1
-1
-1
-1
-1
-1
-1
-1
-1
-1
-1
-1
-1
-1
-1
-1
-1
-1
-1
-1
-1
-1
-1
-1
-1
-1
-1
-1
-1
-1
-1
-1
-1
-1
-1
-1
-1
-1
-1
-1
-1
-1
-1
-1
-1
-1
-1
-1
-1
-1
-1
-1
-1
-1
-1
-1
-1
-1
-1
-1
-1
-1
-1
-1
-1
-1
-1
-1
-1
-1
-1
-1
-1
-1
-1
-1
-1
-1
-1
-1
-1
-1
-1
-1
-1
-1
-1
-1
-1
-1
-1
-1
-1
-1
-1
-1
-1
-1
-1
-1
-1
-1
-1
-1
-1
-1
-1
-1
-1
-1
-1
-1
-1
-1
-1
-1
-1
-1
-1
-1
-1
-1
-1
-1
-1
-1
-1
-1
-1
-1
-1
-1
-1
-1
-1
-1
-1
-1
-1
-1
-1
-1
-1
-1
-1
-1
-1
-1
-1
-1
-1
-1
-1
-1
-1
-1
-1
-1
-1
-1
-1
-1
-1
-1
-1
-1
-1
-1
-1
-1
-1
-1
-1
-1
-1
-1
-1
-1
-1
-1
-1
-1
-1
-1
-1
-1
-1
-1
-1
-1
-1
-1
-1
-1
-1
-1
-1
-1
-1
-1
-1
-1
-1
-1
-1
-1
-1
-1
-1
-1
-1
-1
-1
-1
-1
-1
-1
-1
-1
-1
-1
-1
-1
-1
-1
-1
-1
-1
-1
-1
-1
-1
-1
-1
-1
-1
-1
-1
-1
-1
-1
-1
-1
-1
-1
-1
-1
-1
-1
-1
-1
-1
-1
-1
-1
-1
-1
-1
-1
-1
-1
-1
-1
-1
-1
-1
-1
-1
-1
-1
-1
-1
-1
-1
-1
-1
-1
-1
-1
-1
-1
-1
-1
-1
-1
-1
-1
-1
-1
-1
-1
-1
-1
-1
-1
-1
-1
-1
-1
-1
-1
-1
-1
-1
-1
-1
-1
-1
-1
-1
-1
-1
-1
-1
-1
-1
-1
-1
-1
-1
-1
-1
-1
-1
-1
-1
-1
-1
-1
-1
-1
-1
-1
-1
-1
-1
-1
-1
-1
-1
-1
-1
-1
-1
-1
-1
-1
-1
-1
-1
-1
-1
-1
-1
-1
-1
-1
-1
-1
-1
-1
-1
-1
-1
-1
-1
-1
-1
-1
-1
-1
-1
-1
-1
-1
-1
-1
-1
-1
-1
-1
-1
-1
-1
-1
-1
-1
-1
-1
-1
-1
-1
-1
-1
-1
-1
-1
-1
-1
-1
-1
-1
-1
-1
-1
-1
-1
-1
-1
-1
-1
-1
-1
-1
-1
-1
-1
-1
-1
-1
-1
-1
-1
-1
-1
-1
-1
-1
-1
-1
-1
-1
-1
-1
-1
-1
-1
-1
-1
-1
-1
-1
-1
-1
-1
-1
-1
-1
-1
-1
-1
-1
-1
-1
-1
-1
-1
-1
-1
-1
-1
-1
-1
-1
-1
-1
-1
-1
-1
-1
-1
-1
-1
-1
-1
-1
-1
-1
-1
-1
-1
-1
-1
-1
-1
-1
-1
-1
-1
-1
-1
-1
-1
-1
-1
-1
-1
-1
-1
-1
-1
-1
-1
-1
-1
-1
-1
-1
-1
-1
-1
-1
-1
-1
-1
-1
-1
-1
-1
-1
-1
-1
-1
-1
-1
-1
-1
-1
-1
-1
-1
-1
-1
-1
-1
-1
-1
-1
-1
-1
-1
-1
-1
-1
-1
-1
-1
-1
-1
-1
-1
-1
-1
-1
-1
-1
-1
-1
-1
-1
-1
-1
-1
-1
-1
-1
-1
-1
-1
-1
-1
-1
-1
-1
-1
-1
-1
-1
-1
-1
-1
-1
-1
-1
-1
-1
-1
-1
-1
-1
-1
-1
-1
-1
-1
-1
-1
-1
-1
-1
-1
-1
-1
-1
-1
-1
-1
-1
-1
-1
-1
-1
-1
-1
-1
-1
-1
-1
-1
-1
-1
-1
-1
-1
-1
-1
-1
-1
-1
-1
-1
-1
-1
-1
-1
-1
-1
-1
-1
-1
-1
-1
-1
-1
-1
-1
-1
-1
-1
-1
-1
-1
-1
-1
-1
-1
-1
-1
-1
-1
-1
-1
-1
-1
-1
-1
-1
-1
-1
-1
-1
-1
-1
-1
-1
-1
-1
-1
-1
-1
-1
-1
-1
-1
-1
-1
-1
-1
-1
-1
-1
-1
-1
-1
-1
-1
-1
-1
-1
-1
-1
-1
-1
-1
-1
-1
-1
-1
-1
-1
-1
-1
-1
-1
-1
-1
-1
-1
-1
-1
-1
-1
-1
-1
-1
-1
-1
-1
-1
-1
-1
-1
-1
-1
-1
-1
-1
-1
-1
-1
-1
-1
-1
-1
-1
-1
-1
-1
-1
-1
-1
-1
-1
-1
-1
-1
-1
-1
-1
-1
-1
-1
-1
-1
-1
-1
-1
-1
-1
-1
-1
-1
-1
-1
-1
-1
-1
-1
-1
-1
-1
-1
-1
-1
-1
-1
-1
-1
-1
-1
-1
-1
-1
-1
-1
-1
-1
-1
-1
-1
-1
-1
-1
-1
-1
-1
-1
-1
-1
-1
-1
-1
-1
-1
-1
-1
-1
-1
-1
-1
-1
-1
-1
-1
-1
-1
-1
-1
-1
-1
-1
-1
-1
-1
-1
-1
-1
-1
-1
-1
-1
-1
-1
-1
-1
-1
-1
-1
-1
-1
-1
-1
-1
-1
-1
-1
-1
-1
-1
-1
-1
-1
-1
-1
-1
-1
-1
-1
-1
-1
-1
-1
-1
-1
-1
-1
-1
-1
-1
-1
-1
-1
-1
-1
-1
-1
-1
-1
-1
-1
-1
-1
-1
-1
-1
-1
-1
-1
-1
-1
-1
-1
-1
-1
-1
-1
-1
-1
-1
-1
-1
-1
-1
-1
-1
-1
-1
-1
-1
-1
-1
-1
-1
-1
-1
-1
-1
-1
-1
-1
-1
-1
-1
-1
-1
-1
-1
-1
-1
-1
-1
-1
-1
-1
-1
-1
-1
-1
-1
-1
-1
-1
-1
-1
-1
-1
-1
-1
-1
-1
-1
-1
-1
-1
-1
-1
-1
-1
-1
-1
-1
-1
-1
-1
-1
-1
-1
-1
-1
-1
-1
-1
-1
-1
-1
-1
-1
-1
-1
-1
-1
-1
-1
-1
-1
-1
-1
-1
-1
-1
-1
-1
-1
-1
-1
-1
-1
-1
-1
-1
-1
-1
-1
-1
-1
-1
-1
-1
-1
-1
-1
-1
-1
-1
-1
-1
-1
-1
-1
-1
-1
-1
-1
-1
-1
-1
-1
-1
-1
-1
-1
-1
-1
-1
-1
-1
-1
-1
-1
-1
-1
-1
-1
-1
-1
-1
-1
-1
-1
-1
-1
-1
-1
-1
-1
-1
-1
-1
-1
-1
-1
-1
-1
-1
-1
-1
-1
-1
-1
-1
-1
-1
-1
-1
-1
-1
-1
-1
-1
-1
-1
-1
-1
-1
-1
-1
-1
-1
-1
-1
-1
-1
-1
-1
-1
-1
-1
-1
-1
-1
-1
-1
-1
-1
-1
-1
-1
-1
-1
-1
-1
-1
-1
-1
-1
-1
-1
-1
-1
-1
-1
-1
-1
-1
-1
-1
-1
-1
-1
-1
-1
-1
-1
-1
-1
-1
-1
-1
-1
-1
-1
-1
-1
-1
-1
-1
-1
-1
-1
-1
-1
-1
-1
-1
-1
-1
-1
-1
-1
-1
-1
-1
-1
-1
-1
-1
-1
-1
-1
-1
-1
-1
-1
-1
-1
-1
-1
-1
-1
-1
-1
-1
-1
-1
-1
-1
-1
-1
-1
-1
-1
-1
-1
-1
-1
-1
-1
-1
-1
-1
-1
-1
-1
-1
-1
-1
-1
-1
-1
-1
-1
-1
-1
-1
-1
-1
-1
-1
-1
-1
-1
-1
-1
-1
-1
-1
-1
-1
-1
-1
-1
-1
-1
-1
-1
-1
-1
-1
-1
-1
-1
-1
-1
-1
-1
-1
-1
-1
-1
-1
-1
-1
-1
-1
-1
-1
-1
-1
-1
-1
-1
-1
-1
-1
-1
-1
-1
-1
-1
-1
-1
-1
-1
-1
-1
-1
-1
-1
-1
-1
-1
-1
-1
-1
-1
-1
-1
-1
-1
-1
-1
-1
-1
-1
-1
-1
-1
-1
-1
-1
-1
-1
-1
-1
-1
-1
-1
-1
-1
-1
-1
-1
-1
-1
-1
-1
-1
-1
-1
-1
-1
-1
-1
-1
-1
-1
-1
-1
-1
-1
-1
-1
-1
-1
-1
-1
-1
-1
-1
-1
-1
-1
-1
-1
-1
-1
-1
-1
-1
-1
-1
-1
-1
-1
-1
-1
-1
-1
-1
-1
-1
-1
-1
-1
-1
-1
-1
-1
-1
-1
-1
-1
-1
-1
-1
-1
-1
-1
-1
-1
-1
-1
-1
-1
-1
-1
-1
-1
-1
-1
-1
-1
-1
-1
-1
-1
-1
-1
-1
-1
-1
-1
-1
-1
-1
-1
-1
-1
-1
-1
-1
-1
-1
-1
-1
-1
-1
-1
-1
-1
-1
-1
-1
-1
-1
-1
-1
-1
-1
-1
-1
-1
-1
-1
-1
-1
-1
-1
-1
-1
-1
-1
-1
-1
-1
-1
-1
-1
-1
-1
-1
-1
-1
-1
-1
-1
-1
-1
-1
-1
-1
-1
-1
-1
-1
-1
-1
-1
-1
-1
-1
-1
-1
-1
-1
-1
-1
-1
-1
-1
-1
-1
-1
-1
-1
-1
-1
-1
-1
-1
-1
-1
-1
-1
-1
-1
-1
-1
-1
-1
-1
-1
-1
-1
-1
-1
-1
-1
-1
-1
-1
-1
-1
-1
-1
-1
-1
-1
-1
-1
-1
-1
-1
-1
-1
-1
-1
-1
-1
-1
-1
-1
-1
-1
-1
-1
-1
-1
-1
-1
-1
-1
-1
-1
-1
-1
-1
-1
-1
-1
-1
-1
-1
-1
-1
-1
-1
-1
-1
-1
-1
-1
-1
-1
-1
-1
-1
-1
-1
-1
-1
-1
-1
-1
-1
-1
-1
-1
-1
-1
-1
-1
-1
-1
-1
-1
-1
-1
-1
-1
-1
-1
-1
-1
-1
-1
-1
-1
-1
-1
-1
-1
-1
-1
-1
-1
-1
-1
-1
-1
-1
-1
-1
-1
-1
-1
-1
-1
-1
-1
-1
-1
-1
-1
-1
-1
-1
-1
-1
-1
-1
-1
-1
-1
-1
-1
-1
-1
-1
-1
-1
-1
-1
-1
-1
-1
-1
-1
-1
-1
-1
-1
-1
-1
-1
-1
-1
-1
-1
-1
-1
-1
-1
-1
-1
-1
-1
-1
-1
-1
-1
-1
-1
-1
-1
-1
-1
-1
-1
-1
-1
-1
-1
-1
-1
-1
-1
-1
-1
-1
-1
-1
-1
-1
-1
-1
-1
-1
-1
-1
-1
-1
-1
-1
-1
-1
-1
-1
-1
-1
-1
-1
-1
-1
-1
-1
-1
-1
-1
-1
-1
-1
-1
-1
-1
-1
-1
-1
-1
-1
-1
-1
-1
-1
-1
-1
-1
-1
-1
-1
-1
-1
-1
-1
-1
-1
-1
-1
-1
-1
-1
-1
-1
-1
-1
-1
-1
-1
-1
-1
-1
-1
-1
-1
-1
-1
-1
-1
-1
-1
-1
-1
-1
-1
-1
-1
-1
-1
-1
-1
-1
-1
-1
-1
-1
-1
-1
-1
-1
-1
-1
-1
-1
-1
-1
-1
-1
-1
-1
-1
-1
-1
-1
-1
-1
-1
-1
-1
-1
-1
-1
-1
-1
-1
-1
-1
-1
-1
-1
-1
-1
-1
-1
-1
-1
-1
-1
-1
-1
-1
-1
-1
-1
-1
-1
-1
-1
-1
-1
-1
-1
-1
-1
-1
-1
-1
-1
-1
-1
-1
-1
-1
-1
-1
-1
-1
-1
-1
-1
-1
-1
-1
-1
-1
-1
-1
-1
-1
-1
-1
-1
-1
-1
-1
-1
-1
-1
-1
-1
-1
-1
-1
-1
-1
-1
-1
-1
-1
-1
-1
-1
-1
-1
-1
-1
-1
-1
-1
-1
-1
-1
-1
-1
-1
-1
-1
-1
-1
-1
-1
-1
-1
-1
-1
-1
-1
-1
-1
-1
-1
-1
-1
-1
-1
-1
-1
-1
-1
-1
-1
-1
-1
-1
-1
-1
-1
-1
-1
-1
-1
-1
-1
-1
-1
-1
-1
-1
-1
-1
-1
-1
-1
-1
-1
-1
-1
-1
-1
-1
-1
-1
-1
-1
-1
-1
-1
-1
-1
-1
-1
-1
-1
-1
-1
-1
-1
-1
-1
-1
-1
-1
-1
-1
-1
-1
-1
-1
-1
-1
-1
-1
-1
-1
-1
-1
-1
-1
-1
-1
-1
-1
-1
-1
-1
-1
-1
-1
-1
-1
-1
-1
-1
-1
-1
-1
-1
-1
-1
-1
-1
-1
-1
-1
-1
-1
-1
-1
-1
-1
-1
-1
-1
-1
-1
-1
-1
-1
-1
-1
-1
-1
-1
-1
-1
-1
-1
-1
-1
-1
-1
-1
-1
-1
-1
-1
-1
-1
-1
-1
-1
-1
-1
-1
-1
-1
-1
-1
-1
-1
-1
-1
-1
-1
-1
-1
-1
-1
-1
-1
-1
-1
-1
-1
-1
-1
-1
-1
-1
-1
-1
-1
-1
-1
-1
-1
-1
-1
-1
-1
-1
-1
-1
-1
-1
-1
-1
-1
-1
-1
-1
-1
-1
-1
-1
-1
-1
-1
-1
-1
-1
-1
-1
-1
-1
-1
-1
-1
-1
-1
-1
-1
-1
-1
-1
-1
-1
-1
-1
-1
-1
-1
-1
-1
-1
-1
-1
-1
-1
-1
-1
-1
-1
-1
-1
-1
-1
-1
-1
-1
-1
-1
-1
-1
-1
-1
-1
-1
-1
-1
-1
-1
-1
-1
-1
-1
-1
-1
-1
-1
-1
-1
-1
-1
-1
-1
-1
-1
-1
-1
-1
-1
-1
-1
-1
-1
-1
-1
-1
-1
-1
-1
-1
-1
-1
-1
-1
-1
-1
-1
-1
-1
-1
-1
-1
-1
-1
-1
-1
-1
-1
-1
-1
-1
-1
-1
-1
-1
-1
-1
-1
-1
-1
-1
-1
-1
-1
-1
-1
-1
-1
-1
-1
-1
-1
-1
-1
-1
-1
-1
-1
-1
-1
-1
-1
-1
-1
-1
-1
-1
-1
-1
-1
-1
-1
-1
-1
-1
-1
-1
-1
-1
-1
-1
-1
-1
-1
-1
-1
-1
-1
-1
-1
-1
-1
-1
-1
-1
-1
-1
-1
-1
-1
-1
-1
-1
-1
-1
-1
-1
-1
-1
-1
-1
-1
-1
-1
-1
-1
-1
-1
-1
-1
-1
-1
-1
-1
-1
-1
-1
-1
-1
-1
-1
-1
-1
-1
-1
-1
-1
-1
-1
-1
-1
-1
-1
-1
-1
-1
-1
-1
-1
-1
-1
-1
-1
-1
-1
-1
-1
-1
-1
-1
-1
-1
-1
-1
-1
-1
-1
-1
-1
-1
-1
-1
-1
-1
-1
-1
-1
-1
-1
-1
-1
-1
-1
-1
-1
-1
-1
-1
-1
-1
-1
-1
-1
-1
-1
-1
-1
-1
-1
-1
-1
-1
-1
-1
-1
-1
-1
-1
-1
-1
-1
-1
-1
-1
-1
-1
-1
-1
-1
-1
-1
-1
-1
-1
-1
-1
-1
-1
-1
-1
-1
-1
-1
-1
-1
-1
-1
-1
-1
-1
-1
-1
-1
-1
-1
-1
-1
-1
-1
-1
-1
-1
-1
-1
-1
-1
-1
-1
-1
-1
-1
-1
-1
-1
-1
-1
-1
-1
-1
-1
-1
-1
-1
-1
-1
-1
-1
-1
-1
-1
-1
-1
-1
-1
-1
-1
-1
-1
-1
-1
-1
-1
-1
-1
-1
-1
-1
-1
-1
-1
-1
-1
-1
-1
-1
-1
-1
-1
-1
-1
-1
-1
-1
-1
-1
-1
-1
-1
-1
-1
-1
-1
-1
-1
-1
-1
-1
-1
-1
-1
-1
-1
-1
-1
-1
-1
-1
-1
-1
-1
-1
-1
-1
-1
-1
-1
-1
-1
-1
-1
-1
-1
-1
-1
-1
-1
-1
-1
-1
-1
-1
-1
-1
-1
-1
-1
-1
-1
-1
-1
-1
-1
-1
-1
-1
-1
-1
-1
-1
-1
-1
-1
-1
-1
-1
-1
-1
-1
-1
-1
-1
-1
-1
-1
-1
-1
-1
-1
-1
-1
-1
-1
-1
-1
-1
-1
-1
-1
-1
-1
-1
-1
-1
-1
-1
-1
-1
-1
-1
-1
-1
-1
-1
-1
-1
-1
-1
-1
-1
-1
-1
-1
-1
-1
-1
-1
-1
-1
-1
-1
-1
-1
-1
-1
-1
-1
-1
-1
-1
-1
-1
-1
-1
-1
-1
-1
-1
-1
-1
-1
-1
-1
-1
-1
-1
-1
-1
-1
-1
-1
-1
-1
-1
-1
-1
-1
-1
-1
-1
-1
-1
-1
-1
-1
-1
-1
-1
-1
-1
-1
-1
-1
-1
-1
-1
-1
-1
-1
-1
-1
-1
-1
-1
-1
-1
-1
-1
-1
-1
-1
-1
-1
-1
-1
-1
-1
-1
-1
-1
-1
-1
-1
-1
-1
-1
-1
-1
-1
-1
-1
-1
-1
-1
-1
-1
-1
-1
-1
-1
-1
-1
-1
-1
-1
-1
-1
-1
-1
-1
-1
-1
-1
-1
-1
-1
-1
-1
-1
-1
-1
-1
-1
-1
-1
-1
-1
-1
-1
-1
-1
-1
-1
-1
-1
-1
-1
-1
-1
-1
-1
-1
-1
-1
-1
-1
-1
-1
-1
-1
-1
-1
-1
-1
-1
-1
-1
-1
-1
-1
-1
-1
-1
-1
-1
-1
-1
-1
-1
-1
-1
-1
-1
-1
-1
-1
-1
-1
-1
-1
-1
-1
-1
-1
-1
-1
-1
-1
-1
-1
-1
-1
-1
-1
-1
-1
-1
-1
-1
-1
-1
-1
-1
-1
-1
-1
-1
-1
-1
-1
-1
-1
-1
-1
-1
-1
-1
-1
-1
-1
-1
-1
-1
-1
-1
-1
-1
-1
-1
-1
-1
-1
-1
-1
-1
-1
-1
-1
-1
-1
-1
-1
-1
-1
-1
-1
-1
-1
-1
-1
-1
-1
-1
-1
-1
-1
-1
-1
-1
-1
-1
-1
-1
-1
-1
-1
-1
-1
-1
-1
-1
-1
-1
-1
-1
-1
-1
-1
-1
-1
-1
-1
-1
-1
-1
-1
-1
-1
-1
-1
-1
-1
-1
-1
-1
-1
-1
-1
-1
-1
-1
-1
-1
-1
-1
-1
-1
-1
-1
-1
-1
-1
-1
-1
-1
-1
-1
-1
-1
-1
-1
-1
-1
-1
-1
-1
-1
-1
-1
-1
-1
-1
-1
-1
-1
-1
-1
-1
-1
-1
-1
-1
-1
-1
-1
-1
-1
-1
-1
-1
-1
-1
-1
-1
-1
-1
-1
-1
-1
-1
-1
-1
-1
-1
-1
-1
-1
-1
-1
-1
-1
-1
-1
-1
-1
-1
-1
-1
-1
-1
-1
-1
-1
-1
-1
-1
-1
-1
-1
-1
-1
-1
-1
-1
-1
-1
-1
-1
-1
-1
-1
-1
-1
-1
-1
-1
-1
-1
-1
-1
-1
-1
-1
-1
-1
-1
-1
-1
-1
-1
-1
-1
-1
-1
-1
-1
-1
-1
-1
-1
-1
-1
-1
-1
-1
-1
-1
-1
-1
-1
-1
-1
-1
-1
-1
-1
-1
-1
-1
-1
-1
-1
-1
-1
-1
-1
-1
-1
-1
-1
-1
-1
-1
-1
-1
-1
-1
-1
-1
-1
-1
-1
-1
-1
-1
-1
-1
-1
-1
-1
-1
-1
-1
-1
-1
-1
-1
-1
-1
-1
-1
-1
-1
-1
-1
-1
-1
-1
-1
-1
-1
-1
-1
-1
-1
-1
-1
-1
-1
-1
-1
-1
-1
-1
-1
-1
-1
-1
-1
-1
-1
-1
-1
-1
-1
-1
-1
-1
-1
-1
-1
-1
-1
-1
-1
-1
-1
-1
-1
-1
-1
-1
-1
-1
-1
-1
-1
-1
-1
-1
-1
-1
-1
-1
-1
-1
-1
-1
-1
-1
-1
-1
-1
-1
-1
-1
-1
-1
-1
-1
-1
-1
-1
-1
-1
-1
-1
-1
-1
-1
-1
-1
-1
-1
-1
-1
-1
-1
-1
-1
-1
-1
-1
-1
-1
-1
-1
-1
-1
-1
-1
-1
-1
-1
-1
-1
-1
-1
-1
-1
-1
-1
-1
-1
-1
-1
-1
-1
-1
-1
-1
-1
-1
-1
-1
-1
-1
-1
-1
-1
-1
-1
-1
-1
-1
-1
-1
-1
-1
-1
-1
-1
-1
-1
-1
-1
-1
-1
-1
-1
-1
-1
-1
-1
-1
-1
-1
-1
-1
-1
-1
-1
-1
-1
-1
-1
-1
-1
-1
-1
-1
-1
-1
-1
-1
-1
-1
-1
-1
-1
-1
-1
-1
-1
-1
-1
-1
-1
-1
-1
-1
-1
-1
-1
-1
-1
-1
-1
-1
-1
-1
-1
-1
-1
-1
-1
-1
-1
-1
-1
-1
-1
-1
-1
-1
-1
-1
-1
-1
-1
-1
-1
-1
-1
-1
-1
-1
-1
-1
-1
-1
-1
-1
-1
-1
-1
-1
-1
-1
-1
-1
-1
-1
-1
-1
-1
-1
-1
-1
-1
-1
-1
-1
-1
-1
-1
-1
-1
-1
-1
-1
-1
-1
-1
-1
-1
-1
-1
-1
-1
-1
-1
-1
-1
-1
-1
-1
-1
-1
-1
-1
-1
-1
-1
-1
-1
-1
-1
-1
-1
-1
-1
-1
-1
-1
-1
-1
-1
-1
-1
-1
-1
-1
-1
-1
-1
-1
-1
-1
-1
-1
-1
-1
-1
-1
-1
-1
-1
-1
-1
-1
-1
-1
-1
-1
-1
-1
-1
-1
-1
-1
-1
-1
-1
-1
-1
-1
-1
-1
-1
-1
-1
-1
-1
-1
-1
-1
-1
-1
-1
-1
-1
-1
-1
-1
-1
-1
-1
-1
-1
-1
-1
-1
-1
-1
-1
-1
-1
-1
-1
-1
-1
-1
-1
-1
-1
-1
-1
-1
-1
-1
-1
-1
-1
-1
-1
-1
-1
-1
-1
-1
-1
-1
-1
-1
-1
-1
-1
-1
-1
-1
-1
-1
-1
-1
-1
-1
-1
-1
-1
-1
-1
-1
-1
-1
-1
-1
-1
-1
-1
-1
-1
-1
-1
-1
-1
-1
-1
-1
-1
-1
-1
-1
-1
-1
-1
-1
-1
-1
-1
-1
-1
-1
-1
-1
-1
-1
-1
-1
-1
-1
-1
-1
-1
-1
-1
-1
-1
-1
-1
-1
-1
-1
-1
-1
-1
-1
-1
-1
-1
-1
-1
-1
-1
-1
-1
-1
-1
-1
-1
-1
-1
-1
-1
-1
-1
-1
-1
-1
-1
-1
-1
-1
-1
-1
-1
-1
-1
-1
-1
-1
-1
-1
-1
-1
-1
-1
-1
-1
-1
-1
-1
-1
-1
-1
-1
-1
-1
-1
-1
-1
-1
-1
-1
-1
-1
-1
-1
-1
-1
-1
-1
-1
-1
-1
-1
-1
-1
-1
-1
-1
-1
-1
-1
-1
-1
-1
-1
-1
-1
-1
-1
-1
-1
-1
-1
-1
-1
-1
-1
-1
-1
-1
-1
-1
-1
-1
-1
-1
-1
-1
-1
-1
-1
-1
-1
-1
-1
-1
-1
-1
-1
-1
-1
-1
-1
-1
-1
-1
-1
-1
-1
-1
-1
-1
-1
-1
-1
-1
-1
-1
-1
-1
-1
-1
-1
-1
-1
-1
-1
-1
-1
-1
-1
-1
-1
-1
-1
-1
-1
-1
-1
-1
-1
-1
-1
-1
-1
-1
-1
-1
-1
-1
-1
-1
-1
-1
-1
-1
-1
-1
-1
-1
-1
-1
-1
-1
-1
-1
-1
-1
-1
-1
-1
-1
-1
-1
-1
-1
-1
-1
-1
-1
-1
-1
-1
-1
-1
-1
-1
-1
-1
-1
-1
-1
-1
-1
-1
-1
-1
-1
-1
-1
-1
-1
-1
-1
-1
-1
-1
-1
-1
-1
-1
-1
-1
-1
-1
-1
-1
-1
-1
-1
-1
-1
-1
-1
-1
-1
-1
-1
-1
-1
-1
-1
-1
-1
-1
-1
-1
-1
-1
-1
-1
-1
-1
-1
-1
-1
-1
-1
-1
-1
-1
-1
-1
-1
-1
-1
-1
-1
-1
-1
-1
-1
-1
-1
-1
-1
-1
-1
-1
-1
-1
-1
-1
-1
-1
-1
-1
-1
-1
-1
-1
-1
-1
-1
-1
-1
-1
-1
-1
-1
-1
-1
-1
-1
-1
-1
-1
-1
-1
-1
-1
-1
-1
-1
-1
-1
-1
-1
-1
-1
-1
-1
-1
-1
-1
-1
-1
-1
-1
-1
-1
-1
-1
-1
-1
-1
-1
-1
-1
-1
-1
-1
-1
-1
-1
-1
-1
-1
-1
-1
-1
-1
-1
-1
-1
-1
-1
-1
-1
-1
-1
-1
-1
-1
-1
-1
-1
-1
-1
-1
-1
-1
-1
-1
-1
-1
-1
-1
-1
-1
-1
-1
-1
-1
-1
-1
-1
-1
-1
-1
-1
-1
-1
-1
-1
-1
-1
-1
-1
-1
-1
-1
-1
-1
-1
-1
-1
-1
-1
-1
-1
-1
-1
-1
-1
-1
-1
-1
-1
-1
-1
-1
-1
-1
-1
-1
-1
-1
-1
-1
-1
-1
-1
-1
-1
-1
-1
-1
-1
-1
-1
-1
-1
-1
-1
-1
-1
-1
-1
-1
-1
-1
-1
-1
-1
-1
-1
-1
-1
-1
-1
-1
-1
-1
-1
-1
-1
-1
-1
-1
-1
-1
-1
-1
-1
-1
-1
-1
-1
-1
-1
-1
-1
-1
-1
-1
-1
-1
-1
-1
-1
-1
-1
-1
-1
-1
-1
-1
-1
-1
-1
-1
-1
-1
-1
-1
-1
-1
-1
-1
-1
-1
-1
-1
-1
-1
-1
-1
-1
-1
-1
-1
-1
-1
-1
-1
-1
-1
-1
-1
-1
-1
-1
-1
-1
-1
-1
-1
-1
-1
-1
-1
-1
-1
-1
-1
-1
-1
-1
-1
-1
-1
-1
-1
-1
-1
-1
-1
-1
-1
-1
-1
-1
-1
-1
-1
-1
-1
-1
-1
-1
-1
-1
-1
-1
-1
-1
-1
-1
-1
-1
-1
-1
-1
-1
-1
-1
-1
-1
-1
-1
-1
-1
-1
-1
-1
-1
-1
-1
-1
-1
-1
-1
-1
-1
-1
-1
-1
-1
-1
-1
-1
-1
-1
-1
-1
-1
-1
-1
-1
-1
-1
-1
-1
-1
-1
-1
-1
-1
-1
-1
-1
-1
-1
-1
-1
-1
-1
-1
-1
-1
-1
-1
-1
-1
-1
-1
-1
-1
-1
-1
-1
-1
-1
-1
-1
-1
-1
-1
-1
-1
-1
-1
-1
-1
-1
-1
-1
-1
-1
-1
-1
-1
-1
-1
-1
-1
-1
-1
-1
-1
-1
-1
-1
-1
-1
-1
-1
-1
-1
-1
-1
-1
-1
-1
-1
-1
-1
-1
-1
-1
-1
-1
-1
-1
-1
-1
-1
-1
-1
-1
-1
-1
-1
-1
-1
-1
-1
-1
-1
-1
-1
-1
-1
-1
-1
-1
-1
-1
-1
-1
-1
-1
-1
-1
-1
-1
-1
-1
-1
-1
-1
-1
-1
-1
-1
-1
-1
-1
-1
-1
-1
-1
-1
-1
-1
-1
-1
-1
-1
-1
-1
-1
-1
-1
-1
-1
-1
-1
-1
-1
-1
-1
-1
-1
-1
-1
-1
-1
-1
-1
-1
-1
-1
-1
-1
-1
-1
-1
-1
-1
-1
-1
-1
-1
-1
-1
-1
-1
-1
-1
-1
-1
-1
-1
-1
-1
-1
-1
-1
-1
-1
-1
-1
-1
-1
-1
-1
-1
-1
-1
-1
-1
-1
-1
-1
-1
-1
-1
-1
-1
-1
-1
-1
-1
-1
-1
-1
-1
-1
-1
-1
-1
-1
-1
-1
-1
-1
-1
-1
-1
-1
-1
-1
-1
-1
-1
-1
-1
-1
-1
-1
-1
-1
-1
-1
-1
-1
-1
-1
-1
-1
-1
-1
-1
-1
-1
-1
-1
-1
-1
-1
-1
-1
-1
-1
-1
-1
-1
-1
-1
-1
-1
-1
-1
-1
-1
-1
-1
-1
-1
-1
-1
-1
-1
-1
-1
-1
-1
-1
-1
-1
-1
-1
-1
-1
-1
-1
-1
-1
-1
-1
-1
-1
-1
-1
-1
-1
-1
-1
-1
-1
-1
-1
-1
-1
-1
-1
-1
-1
-1
-1
-1
-1
-1
-1
-1
-1
-1
-1
-1
-1
-1
-1
-1
-1
-1
-1
-1
-1
-1
-1
-1
-1
-1
-1
-1
-1
-1
-1
-1
-1
-1
-1
-1
-1
-1
-1
-1
-1
-1
-1
-1
-1
-1
-1
-1
-1
-1
-1
-1
-1
-1
-1
-1
-1
-1
-1
-1
-1
-1
-1
-1
-1
-1
-1
-1
-1
-1
-1
-1
-1
-1
-1
-1
-1
-1
-1
-1
-1
-1
-1
-1
-1
-1
-1
-1
-1
-1
-1
-1
-1
-1
-1
-1
-1
-1
-1
-1
-1
-1
-1
-1
-1
-1
-1
-1
-1
-1
-1
-1
-1
-1
-1
-1
-1
-1
-1
-1
-1
-1
-1
-1
-1
-1
-1
-1
-1
-1
-1
-1
-1
-1
-1
-1
-1
-1
-1
-1
-1
-1
-1
-1
-1
-1
-1
-1
-1
-1
-1
-1
-1
-1
-1
-1
-1
-1
-1
-1
-1
-1
-1
-1
-1
-1
-1
-1
-1
-1
-1
-1
-1
-1
-1
-1
-1
-1
-1
-1
-1
-1
-1
-1
-1
-1
-1
-1
-1
-1
-1
-1
-1
-1
-1
-1
-1
-1
-1
-1
-1
-1
-1
-1
-1
-1
-1
-1
-1
-1
-1
-1
-1
-1
-1
-1
-1
-1
-1
-1
-1
-1
-1
-1
-1
-1
-1
-1
-1
-1
-1
-1
-1
-1
-1
-1
-1
-1
-1
-1
-1
-1
-1
-1
-1
-1
-1
-1
-1
-1
-1
-1
-1
-1
-1
-1
-1
-1
-1
-1
-1
-1
-1
-1
-1
-1
-1
-1
-1
-1
-1
-1
-1
-1
-1
-1
-1
-1
-1
-1
-1
-1
-1
-1
-1
-1
-1
-1
-1
-1
-1
-1
-1
-1
-1
-1
-1
-1
-1
-1
-1
-1
-1
-1
-1
-1
-1
-1
-1
-1
-1
-1
-1
-1
-1
-1
-1
-1
-1
-1
-1
-1
-1
-1
-1
-1
-1
)


// ************************************************************************* //
