/*--------------------------------*- C++ -*----------------------------------*\
| =========                 |                                                 |
| \\      /  F ield         | OpenFOAM: The Open Source CFD Toolbox           |
|  \\    /   O peration     | Version:  5.x                                   |
|   \\  /    A nd           | Web:      www.OpenFOAM.org                      |
|    \\/     M anipulation  |                                                 |
\*---------------------------------------------------------------------------*/
FoamFile
{
    version     2.0;
    format      ascii;
    class       surfaceScalarField;
    location    "0.1";
    object      phi;
}
// * * * * * * * * * * * * * * * * * * * * * * * * * * * * * * * * * * * * * //

dimensions      [0 3 -1 0 0 0 0];

internalField   nonuniform List<scalar> 
4850
(
7.31173e-08
6.95754e-09
-8.00748e-08
6.42695e-08
8.84776e-09
5.53671e-08
8.90242e-09
4.65776e-08
8.78944e-09
3.80714e-08
8.50624e-09
3.04387e-08
7.63268e-09
2.44664e-08
5.97229e-09
2.05355e-08
3.9309e-09
1.82357e-08
2.29984e-09
1.68186e-08
1.41705e-09
1.58275e-08
9.9114e-10
1.50385e-08
7.89008e-10
1.43297e-08
7.08767e-10
1.36501e-08
6.79625e-10
1.29976e-08
6.52474e-10
1.2386e-08
6.11617e-10
1.18304e-08
5.5558e-10
1.13244e-08
5.06063e-10
1.0856e-08
4.68341e-10
1.04238e-08
4.32245e-10
1.00252e-08
3.98596e-10
9.6512e-09
3.73987e-10
9.30224e-09
3.48964e-10
8.97429e-09
3.27946e-10
8.67672e-09
2.97574e-10
8.39021e-09
2.86503e-10
8.11585e-09
2.74367e-10
7.86719e-09
2.48661e-10
7.64106e-09
2.26128e-10
7.41123e-09
2.29826e-10
7.20915e-09
2.02078e-10
7.01891e-09
1.90242e-10
6.85359e-09
1.65325e-10
6.68902e-09
1.64565e-10
1.41853e-10
8.79273e-08
6.52149e-09
-8.74913e-08
8.68363e-08
9.93878e-09
8.46681e-08
1.10706e-08
8.18513e-08
1.16063e-08
7.83338e-08
1.20237e-08
7.41501e-08
1.18165e-08
6.95604e-08
1.05619e-08
6.50649e-08
8.42638e-09
6.10679e-08
6.29688e-09
5.75166e-08
4.96837e-09
5.42402e-08
4.26746e-09
5.11911e-08
3.83814e-09
4.83697e-08
3.53019e-09
4.57874e-08
3.26189e-09
4.34514e-08
2.98848e-09
4.13521e-08
2.71091e-09
3.94702e-08
2.43748e-09
3.77644e-08
2.21187e-09
3.62041e-08
2.02868e-09
3.47667e-08
1.86967e-09
3.34343e-08
1.731e-09
3.21833e-08
1.62494e-09
3.10167e-08
1.51558e-09
2.99246e-08
1.42005e-09
2.89115e-08
1.31063e-09
2.79447e-08
1.25329e-09
2.70459e-08
1.17322e-09
2.62096e-08
1.08492e-09
2.5434e-08
1.0018e-09
2.46764e-08
9.87368e-10
2.40069e-08
8.71595e-10
2.33655e-08
8.31596e-10
2.28183e-08
7.12566e-10
2.2273e-08
7.09851e-10
5.79453e-10
9.57517e-08
6.1633e-09
-9.53935e-08
9.61497e-08
9.54078e-09
9.60339e-08
1.11864e-08
9.57488e-08
1.18914e-08
9.53087e-08
1.24637e-08
9.44635e-08
1.26617e-08
9.30479e-08
1.19776e-08
9.1154e-08
1.03202e-08
8.90959e-08
8.35495e-09
8.70234e-08
7.04086e-09
8.48565e-08
6.43441e-09
8.254e-08
6.15461e-09
8.00959e-08
5.97435e-09
7.75601e-08
5.79767e-09
7.49745e-08
5.57408e-09
7.23849e-08
5.30045e-09
6.98446e-08
4.97779e-09
6.73805e-08
4.67597e-09
6.50219e-08
4.38734e-09
6.2775e-08
4.11653e-09
6.06405e-08
3.86553e-09
5.85932e-08
3.6722e-09
5.66472e-08
3.46158e-09
5.47986e-08
3.26871e-09
5.30532e-08
3.05596e-09
5.13703e-08
2.93624e-09
4.9801e-08
2.74247e-09
4.83158e-08
2.57017e-09
4.69258e-08
2.39175e-09
4.55714e-08
2.34176e-09
4.43626e-08
2.08042e-09
4.31874e-08
2.00685e-09
4.21796e-08
1.72032e-09
4.11694e-08
1.72008e-09
1.37741e-09
1.04084e-07
6.08625e-09
-1.04007e-07
1.04632e-07
8.99292e-09
1.04911e-07
1.09074e-08
1.05112e-07
1.16906e-08
1.05436e-07
1.21393e-08
1.05718e-07
1.23797e-08
1.05714e-07
1.1981e-08
1.05313e-07
1.07212e-08
1.04656e-07
9.01201e-09
1.03942e-07
7.75569e-09
1.03151e-07
7.2249e-09
1.02208e-07
7.09811e-09
1.01094e-07
7.08812e-09
9.98086e-08
7.08292e-09
9.83505e-08
7.03212e-09
9.67147e-08
6.93627e-09
9.4926e-08
6.76652e-09
9.3003e-08
6.59894e-09
9.10023e-08
6.38807e-09
8.89578e-08
6.16099e-09
8.69108e-08
5.91256e-09
8.48495e-08
5.73354e-09
8.2791e-08
5.52003e-09
8.07338e-08
5.3259e-09
7.87098e-08
5.08002e-09
7.6673e-08
4.97304e-09
7.47165e-08
4.69889e-09
7.2803e-08
4.48368e-09
7.09709e-08
4.22387e-09
6.91448e-08
4.16789e-09
6.7486e-08
3.73924e-09
6.58369e-08
3.65587e-09
6.43932e-08
3.16403e-09
6.29151e-08
3.1982e-09
2.56616e-09
1.1324e-07
6.13515e-09
-1.13288e-07
1.13744e-07
8.4884e-09
1.14171e-07
1.048e-08
1.1446e-07
1.14025e-08
1.14849e-07
1.17497e-08
1.15313e-07
1.19161e-08
1.15658e-07
1.16354e-08
1.15728e-07
1.06516e-08
1.15566e-07
9.17411e-09
1.15375e-07
7.94653e-09
1.15202e-07
7.39757e-09
1.14981e-07
7.31912e-09
1.1468e-07
7.38979e-09
1.14284e-07
7.47879e-09
1.13785e-07
7.53099e-09
1.13144e-07
7.57763e-09
1.1235e-07
7.56007e-09
1.11379e-07
7.57019e-09
1.10263e-07
7.50388e-09
1.0902e-07
7.40444e-09
1.07702e-07
7.23051e-09
1.06308e-07
7.12678e-09
1.04863e-07
6.96492e-09
1.03332e-07
6.85709e-09
1.01749e-07
6.66315e-09
1.00043e-07
6.67912e-09
9.83246e-08
6.41735e-09
9.65564e-08
6.25186e-09
9.47963e-08
5.98397e-09
9.29454e-08
6.01879e-09
9.12041e-08
5.48055e-09
8.94145e-08
5.44553e-09
8.78021e-08
4.77641e-09
8.60825e-08
4.91779e-09
4.02665e-09
1.23164e-07
6.20638e-09
-1.23235e-07
1.23582e-07
8.07098e-09
1.24095e-07
9.96644e-09
1.24465e-07
1.10329e-08
1.24839e-07
1.13755e-08
1.25286e-07
1.14694e-08
1.25682e-07
1.12395e-08
1.25866e-07
1.04671e-08
1.25821e-07
9.21949e-09
1.2573e-07
8.03686e-09
1.25699e-07
7.42873e-09
1.25685e-07
7.33298e-09
1.25654e-07
7.42137e-09
1.2559e-07
7.54303e-09
1.25503e-07
7.61749e-09
1.25356e-07
7.72424e-09
1.25138e-07
7.77851e-09
1.24801e-07
7.90675e-09
1.24357e-07
7.94828e-09
1.23795e-07
7.96689e-09
1.2316e-07
7.86497e-09
1.22448e-07
7.83893e-09
1.21705e-07
7.70749e-09
1.20884e-07
7.67819e-09
1.20012e-07
7.5353e-09
1.18989e-07
7.70235e-09
1.17899e-07
7.5075e-09
1.16713e-07
7.43773e-09
1.15494e-07
7.20288e-09
1.14116e-07
7.39683e-09
1.12741e-07
6.85583e-09
1.11259e-07
6.92711e-09
1.09899e-07
6.13688e-09
1.08385e-07
6.43102e-09
5.44863e-09
1.33824e-07
6.24532e-09
-1.33863e-07
1.34153e-07
7.74262e-09
1.347e-07
9.41909e-09
1.35156e-07
1.05768e-08
1.35542e-07
1.09892e-08
1.3596e-07
1.10515e-08
1.36356e-07
1.08441e-08
1.36585e-07
1.02381e-08
1.36586e-07
9.21812e-09
1.36497e-07
8.12588e-09
1.36462e-07
7.46357e-09
1.36471e-07
7.32418e-09
1.36486e-07
7.40646e-09
1.36485e-07
7.54384e-09
1.36495e-07
7.60785e-09
1.36493e-07
7.72639e-09
1.3648e-07
7.79068e-09
1.36415e-07
7.9722e-09
1.36298e-07
8.06513e-09
1.36102e-07
8.1632e-09
1.35861e-07
8.10615e-09
1.35555e-07
8.14495e-09
1.35241e-07
8.02094e-09
1.34892e-07
8.0276e-09
1.34535e-07
7.89172e-09
1.34077e-07
8.1602e-09
1.33553e-07
8.03192e-09
1.32949e-07
8.04222e-09
1.32322e-07
7.82944e-09
1.31566e-07
8.15251e-09
1.30743e-07
7.67921e-09
1.29783e-07
7.88728e-09
1.28901e-07
7.01889e-09
1.27927e-07
7.40519e-09
6.52025e-09
1.45241e-07
6.23476e-09
-1.45231e-07
1.45504e-07
7.47936e-09
1.46037e-07
8.88613e-09
1.46558e-07
1.00557e-08
1.46982e-07
1.05656e-08
1.47388e-07
1.06457e-08
1.47774e-07
1.04578e-08
1.48033e-07
9.97889e-09
1.48086e-07
9.16558e-09
1.48006e-07
8.20603e-09
1.47952e-07
7.51716e-09
1.47951e-07
7.32475e-09
1.47968e-07
7.39044e-09
1.47967e-07
7.54466e-09
1.47977e-07
7.5977e-09
1.47991e-07
7.71265e-09
1.48023e-07
7.75869e-09
1.48042e-07
7.95322e-09
1.48048e-07
8.05843e-09
1.48009e-07
8.20244e-09
1.47945e-07
8.17004e-09
1.4783e-07
8.26032e-09
1.47705e-07
8.14587e-09
1.47567e-07
8.16528e-09
1.47448e-07
8.01097e-09
1.47289e-07
8.31932e-09
1.47085e-07
8.2355e-09
1.46838e-07
8.28941e-09
1.46585e-07
8.08213e-09
1.46277e-07
8.46057e-09
1.45901e-07
8.05531e-09
1.45389e-07
8.3997e-09
1.44916e-07
7.49147e-09
1.44468e-07
7.85287e-09
7.15232e-09
1.57496e-07
6.17616e-09
-1.57438e-07
1.5773e-07
7.24529e-09
1.58212e-07
8.40408e-09
1.58764e-07
9.50439e-09
1.59231e-07
1.00979e-08
1.5964e-07
1.02374e-08
1.60015e-07
1.00824e-08
1.60293e-07
9.70125e-09
1.60399e-07
9.05971e-09
1.60349e-07
8.25595e-09
1.60289e-07
7.57631e-09
1.60282e-07
7.33183e-09
1.60302e-07
7.3706e-09
1.60305e-07
7.54159e-09
1.60309e-07
7.59422e-09
1.60315e-07
7.70654e-09
1.60346e-07
7.72723e-09
1.60385e-07
7.91449e-09
1.60432e-07
8.01175e-09
1.60456e-07
8.1787e-09
1.60465e-07
8.16089e-09
1.60436e-07
8.28915e-09
1.60389e-07
8.1925e-09
1.6033e-07
8.2243e-09
1.60289e-07
8.05239e-09
1.60242e-07
8.36561e-09
1.60171e-07
8.30659e-09
1.60085e-07
8.37596e-09
1.59995e-07
8.17163e-09
1.59899e-07
8.55653e-09
1.5977e-07
8.18508e-09
1.59533e-07
8.63638e-09
1.59293e-07
7.73128e-09
1.59154e-07
7.99241e-09
7.46237e-09
1.70703e-07
6.07462e-09
-1.70602e-07
1.70934e-07
7.01496e-09
1.71356e-07
7.98128e-09
1.71902e-07
8.9585e-09
1.72402e-07
9.59825e-09
1.72824e-07
9.81511e-09
1.73191e-07
9.71532e-09
1.73477e-07
9.41599e-09
1.73626e-07
8.91052e-09
1.73619e-07
8.26306e-09
1.73567e-07
7.62782e-09
1.73557e-07
7.3419e-09
1.73585e-07
7.34238e-09
1.73603e-07
7.52418e-09
1.73611e-07
7.58586e-09
1.73615e-07
7.70264e-09
1.73641e-07
7.70139e-09
1.73681e-07
7.87383e-09
1.73739e-07
7.95425e-09
1.73787e-07
8.13085e-09
1.73826e-07
8.12213e-09
1.73837e-07
8.278e-09
1.73831e-07
8.19867e-09
1.73804e-07
8.25057e-09
1.73787e-07
8.07013e-09
1.73774e-07
8.37859e-09
1.73747e-07
8.33316e-09
1.73719e-07
8.40347e-09
1.73685e-07
8.20584e-09
1.7366e-07
8.58195e-09
1.73625e-07
8.21982e-09
1.73533e-07
8.72862e-09
1.73399e-07
7.86471e-09
1.73368e-07
8.02349e-09
7.6149e-09
1.84973e-07
5.93679e-09
-1.84835e-07
1.85211e-07
6.77691e-09
1.85589e-07
7.60347e-09
1.86104e-07
8.44339e-09
1.86615e-07
9.08694e-09
1.87055e-07
9.37523e-09
1.87422e-07
9.34864e-09
1.87709e-07
9.12895e-09
1.87887e-07
8.73232e-09
1.87925e-07
8.22498e-09
1.87891e-07
7.66196e-09
1.8788e-07
7.35329e-09
1.87915e-07
7.30738e-09
1.8795e-07
7.48939e-09
1.87972e-07
7.56351e-09
1.87982e-07
7.69238e-09
1.88007e-07
7.67667e-09
1.88046e-07
7.83474e-09
1.88105e-07
7.89482e-09
1.88161e-07
8.07534e-09
1.88212e-07
8.07145e-09
1.8824e-07
8.24964e-09
1.88258e-07
8.18106e-09
1.88249e-07
8.25913e-09
1.88242e-07
8.07689e-09
1.88239e-07
8.3822e-09
1.88226e-07
8.34595e-09
1.88219e-07
8.41082e-09
1.88201e-07
8.22374e-09
1.88194e-07
8.58818e-09
1.88181e-07
8.23294e-09
1.88162e-07
8.74772e-09
1.88078e-07
7.94885e-09
1.88058e-07
8.04384e-09
7.71655e-09
2.00408e-07
5.76948e-09
-2.00241e-07
2.00658e-07
6.52694e-09
2.0101e-07
7.25153e-09
2.01483e-07
7.97025e-09
2.01989e-07
8.58174e-09
2.0244e-07
8.92397e-09
2.02814e-07
8.97422e-09
2.03104e-07
8.83876e-09
2.03302e-07
8.53521e-09
2.0338e-07
8.14647e-09
2.03371e-07
7.67128e-09
2.03361e-07
7.3629e-09
2.03398e-07
7.27044e-09
2.03448e-07
7.43945e-09
2.03488e-07
7.52357e-09
2.03511e-07
7.66948e-09
2.0354e-07
7.64763e-09
2.03578e-07
7.79628e-09
2.03638e-07
7.8356e-09
2.03695e-07
8.01802e-09
2.03751e-07
8.01555e-09
2.03787e-07
8.21383e-09
2.03817e-07
8.15025e-09
2.0382e-07
8.25677e-09
2.0382e-07
8.07642e-09
2.0382e-07
8.38201e-09
2.03812e-07
8.35466e-09
2.03812e-07
8.41033e-09
2.03798e-07
8.23768e-09
2.03799e-07
8.58721e-09
2.03784e-07
8.24788e-09
2.03802e-07
8.73042e-09
2.03743e-07
8.00765e-09
2.03708e-07
8.07859e-09
7.80941e-09
2.1711e-07
5.57879e-09
-2.16919e-07
2.17372e-07
6.26483e-09
2.17711e-07
6.91255e-09
2.18144e-07
7.53694e-09
2.18631e-07
8.09526e-09
2.19083e-07
8.47159e-09
2.19468e-07
8.58927e-09
2.19767e-07
8.53954e-09
2.19979e-07
8.32314e-09
2.20091e-07
8.03471e-09
2.20112e-07
7.65104e-09
2.20109e-07
7.36522e-09
2.20145e-07
7.23447e-09
2.20206e-07
7.37853e-09
2.20263e-07
7.46626e-09
2.20303e-07
7.63008e-09
2.2034e-07
7.61007e-09
2.20381e-07
7.75551e-09
2.2044e-07
7.77676e-09
2.20498e-07
7.96029e-09
2.20556e-07
7.95679e-09
2.20597e-07
8.17325e-09
2.20635e-07
8.11214e-09
2.20645e-07
8.24688e-09
2.2065e-07
8.07097e-09
2.20653e-07
8.37911e-09
2.20646e-07
8.36234e-09
2.20651e-07
8.40537e-09
2.20637e-07
8.25136e-09
2.20643e-07
8.58151e-09
2.20623e-07
8.26737e-09
2.20657e-07
8.69678e-09
2.2061e-07
8.05431e-09
2.20563e-07
8.12586e-09
7.90248e-09
2.35185e-07
5.36989e-09
-2.34976e-07
2.35456e-07
5.99356e-09
2.35789e-07
6.58013e-09
2.3619e-07
7.13505e-09
2.36651e-07
7.63443e-09
2.37096e-07
8.0267e-09
2.37488e-07
8.19747e-09
2.37801e-07
8.22646e-09
2.38029e-07
8.09522e-09
2.38168e-07
7.89542e-09
2.3822e-07
7.5993e-09
2.38232e-07
7.35332e-09
2.38268e-07
7.19847e-09
2.38335e-07
7.31097e-09
2.38408e-07
7.39385e-09
2.38465e-07
7.57255e-09
2.38515e-07
7.56065e-09
2.38562e-07
7.70869e-09
2.38621e-07
7.71758e-09
2.38679e-07
7.90238e-09
2.38739e-07
7.89641e-09
2.38784e-07
8.128e-09
2.38828e-07
8.06875e-09
2.38844e-07
8.23072e-09
2.38853e-07
8.06173e-09
2.38859e-07
8.37346e-09
2.38852e-07
8.36951e-09
2.3886e-07
8.39676e-09
2.38846e-07
8.26525e-09
2.38856e-07
8.57223e-09
2.38834e-07
8.28881e-09
2.38874e-07
8.6574e-09
2.38831e-07
8.09651e-09
2.38777e-07
8.17996e-09
7.99493e-09
2.54746e-07
5.14759e-09
-2.54524e-07
2.55023e-07
5.71648e-09
2.55352e-07
6.25149e-09
2.55732e-07
6.75541e-09
2.56164e-07
7.20195e-09
2.56597e-07
7.59427e-09
2.56989e-07
7.8055e-09
2.57316e-07
7.8995e-09
2.57562e-07
7.84918e-09
2.57726e-07
7.73131e-09
2.57809e-07
7.51599e-09
2.57841e-07
7.32128e-09
2.57881e-07
7.15833e-09
2.57952e-07
7.24041e-09
2.58037e-07
7.30871e-09
2.58112e-07
7.49726e-09
2.58176e-07
7.49661e-09
2.58233e-07
7.65243e-09
2.58294e-07
7.65629e-09
2.58352e-07
7.84392e-09
2.58413e-07
7.83546e-09
2.58463e-07
8.0781e-09
2.58512e-07
8.01994e-09
2.58534e-07
8.20826e-09
2.58547e-07
8.04904e-09
2.58556e-07
8.36473e-09
2.5855e-07
8.37561e-09
2.58562e-07
8.38454e-09
2.58549e-07
8.27854e-09
2.58561e-07
8.5602e-09
2.5854e-07
8.30967e-09
2.5858e-07
8.61725e-09
2.58539e-07
8.13767e-09
2.58481e-07
8.2373e-09
8.08498e-09
2.75918e-07
4.91638e-09
-2.75687e-07
2.76198e-07
5.43619e-09
2.76523e-07
5.92643e-09
2.76887e-07
6.3911e-09
2.77292e-07
6.79701e-09
2.7771e-07
7.17695e-09
2.78096e-07
7.41867e-09
2.78433e-07
7.56282e-09
2.78698e-07
7.58417e-09
2.78886e-07
7.54325e-09
2.79001e-07
7.40137e-09
2.79057e-07
7.26556e-09
2.79107e-07
7.1083e-09
2.7918e-07
7.16753e-09
2.79274e-07
7.21389e-09
2.79366e-07
7.40571e-09
2.79446e-07
7.41679e-09
2.79514e-07
7.58374e-09
2.7958e-07
7.59041e-09
2.79641e-07
7.78355e-09
2.79702e-07
7.77429e-09
2.79756e-07
8.02431e-09
2.79811e-07
7.96501e-09
2.7984e-07
8.17881e-09
2.79856e-07
8.03273e-09
2.79868e-07
8.35251e-09
2.79865e-07
8.37958e-09
2.79881e-07
8.36855e-09
2.79869e-07
8.28998e-09
2.79883e-07
8.54605e-09
2.79865e-07
8.32832e-09
2.79903e-07
8.5785e-09
2.79862e-07
8.17853e-09
2.79804e-07
8.29611e-09
8.17157e-09
2.98833e-07
4.68025e-09
-2.98597e-07
2.99115e-07
5.15491e-09
2.99435e-07
5.60621e-09
2.99788e-07
6.03808e-09
3.00169e-07
6.41581e-09
3.00569e-07
6.77692e-09
3.00949e-07
7.03931e-09
3.01289e-07
7.22253e-09
3.01571e-07
7.30165e-09
3.01782e-07
7.33256e-09
3.01928e-07
7.25578e-09
3.02009e-07
7.18409e-09
3.02075e-07
7.04286e-09
3.02153e-07
7.08935e-09
3.02253e-07
7.11343e-09
3.02359e-07
7.29948e-09
3.02454e-07
7.32207e-09
3.02538e-07
7.49979e-09
3.02611e-07
7.51767e-09
3.02675e-07
7.71929e-09
3.02738e-07
7.71169e-09
3.02794e-07
7.96764e-09
3.02855e-07
7.90402e-09
3.02893e-07
8.14105e-09
3.02914e-07
8.01216e-09
3.0293e-07
8.33651e-09
3.02929e-07
8.3803e-09
3.02949e-07
8.3489e-09
3.0294e-07
8.29811e-09
3.02957e-07
8.52993e-09
3.02941e-07
8.34374e-09
3.02977e-07
8.54216e-09
3.02937e-07
8.21873e-09
3.02878e-07
8.35539e-09
8.25425e-09
3.23639e-07
4.4423e-09
-3.23401e-07
3.23919e-07
4.87527e-09
3.24233e-07
5.29195e-09
3.24576e-07
5.69506e-09
3.24939e-07
6.05316e-09
3.2532e-07
6.39605e-09
3.25691e-07
6.66782e-09
3.2603e-07
6.88389e-09
3.26326e-07
7.00514e-09
3.26558e-07
7.10099e-09
3.26732e-07
7.08133e-09
3.26843e-07
7.07381e-09
3.26926e-07
6.95931e-09
3.27015e-07
7.00062e-09
3.27119e-07
7.00935e-09
3.27237e-07
7.18148e-09
3.27345e-07
7.21364e-09
3.27446e-07
7.3997e-09
3.27528e-07
7.4353e-09
3.27598e-07
7.64945e-09
3.27664e-07
7.6452e-09
3.27724e-07
7.90781e-09
3.2779e-07
7.83836e-09
3.27837e-07
8.09414e-09
3.27863e-07
7.98608e-09
3.27883e-07
8.31644e-09
3.27887e-07
8.37636e-09
3.2791e-07
8.32598e-09
3.27906e-07
8.30158e-09
3.27925e-07
8.51144e-09
3.27913e-07
8.35528e-09
3.27946e-07
8.50881e-09
3.27908e-07
8.25752e-09
3.27849e-07
8.41432e-09
8.33295e-09
3.50494e-07
4.20466e-09
-3.50256e-07
3.50769e-07
4.59977e-09
3.51077e-07
4.98415e-09
3.51409e-07
5.36257e-09
3.51759e-07
5.70396e-09
3.52121e-07
6.03418e-09
3.52483e-07
6.30552e-09
3.52818e-07
6.549e-09
3.53123e-07
6.70037e-09
3.53374e-07
6.8496e-09
3.53572e-07
6.88314e-09
3.53715e-07
6.93094e-09
3.53818e-07
6.85672e-09
3.53921e-07
6.89689e-09
3.54032e-07
6.89875e-09
3.54156e-07
7.0571e-09
3.54278e-07
7.09242e-09
3.54392e-07
7.28534e-09
3.54487e-07
7.34008e-09
3.54564e-07
7.57236e-09
3.54636e-07
7.57292e-09
3.54703e-07
7.84167e-09
3.54772e-07
7.76931e-09
3.54827e-07
8.03911e-09
3.5486e-07
7.9527e-09
3.54885e-07
8.29178e-09
3.54895e-07
8.36639e-09
3.5492e-07
8.30038e-09
3.54922e-07
8.29948e-09
3.54944e-07
8.48953e-09
3.54937e-07
8.3625e-09
3.54967e-07
8.47902e-09
3.5493e-07
8.29415e-09
3.54872e-07
8.47219e-09
8.40788e-09
3.79568e-07
3.96896e-09
-3.79332e-07
3.79838e-07
4.33014e-09
3.80138e-07
4.68379e-09
3.8046e-07
5.04051e-09
3.80798e-07
5.3657e-09
3.81145e-07
5.68794e-09
3.81494e-07
5.95577e-09
3.81826e-07
6.2171e-09
3.82133e-07
6.39407e-09
3.82402e-07
6.58018e-09
3.8262e-07
6.66519e-09
3.82794e-07
6.75665e-09
3.82921e-07
6.73021e-09
3.8304e-07
6.77781e-09
3.83163e-07
6.77514e-09
3.83291e-07
6.92962e-09
3.83422e-07
6.96101e-09
3.83549e-07
7.15852e-09
3.83658e-07
7.2311e-09
3.83746e-07
7.48421e-09
3.83824e-07
7.49523e-09
3.839e-07
7.76536e-09
3.83974e-07
7.69569e-09
3.84033e-07
7.97952e-09
3.84075e-07
7.91109e-09
3.84106e-07
8.26059e-09
3.84124e-07
8.34888e-09
3.84151e-07
8.27277e-09
3.84159e-07
8.29172e-09
3.84186e-07
8.46274e-09
3.84184e-07
8.36479e-09
3.84209e-07
8.4534e-09
3.84175e-07
8.32802e-09
3.84119e-07
8.52835e-09
8.47959e-09
4.11047e-07
3.73675e-09
-4.10815e-07
4.11311e-07
4.06671e-09
4.11602e-07
4.39262e-09
4.11915e-07
4.72735e-09
4.12242e-07
5.03897e-09
4.12577e-07
5.35273e-09
4.12912e-07
5.62086e-09
4.13241e-07
5.88836e-09
4.13545e-07
6.08942e-09
4.13827e-07
6.29798e-09
4.14066e-07
6.42677e-09
4.14264e-07
6.55854e-09
4.14422e-07
6.57206e-09
4.14555e-07
6.64516e-09
4.14695e-07
6.63448e-09
4.14829e-07
6.79594e-09
4.14964e-07
6.82595e-09
4.15103e-07
7.02007e-09
4.15224e-07
7.11022e-09
4.15328e-07
7.37974e-09
4.15412e-07
7.41162e-09
4.15498e-07
7.67865e-09
4.15582e-07
7.61199e-09
4.15644e-07
7.91762e-09
4.15692e-07
7.8634e-09
4.15732e-07
8.21987e-09
4.15759e-07
8.32225e-09
4.15788e-07
8.24377e-09
4.15801e-07
8.27831e-09
4.15835e-07
8.42942e-09
4.15839e-07
8.36096e-09
4.15859e-07
8.43266e-09
4.15828e-07
8.35918e-09
4.15774e-07
8.58225e-09
8.54875e-09
4.45131e-07
3.50903e-09
-4.44903e-07
4.45389e-07
3.80856e-09
4.4567e-07
4.11174e-09
4.45975e-07
4.42269e-09
4.46289e-07
4.72411e-09
4.46615e-07
5.02735e-09
4.46937e-07
5.29853e-09
4.47258e-07
5.56719e-09
4.47563e-07
5.78454e-09
4.47849e-07
6.01178e-09
4.4811e-07
6.16619e-09
4.48326e-07
6.34282e-09
4.48516e-07
6.38129e-09
4.48668e-07
6.4934e-09
4.48822e-07
6.48035e-09
4.48972e-07
6.64611e-09
4.49106e-07
6.69234e-09
4.49254e-07
6.87228e-09
4.49386e-07
6.97812e-09
4.49507e-07
7.25832e-09
4.49602e-07
7.31628e-09
4.49694e-07
7.58696e-09
4.49793e-07
7.51345e-09
4.49861e-07
7.8491e-09
4.49909e-07
7.81534e-09
4.49961e-07
8.16767e-09
4.5e-07
8.28327e-09
4.5003e-07
8.21389e-09
4.5005e-07
8.25903e-09
4.5009e-07
8.38877e-09
4.50101e-07
8.34978e-09
4.50118e-07
8.4164e-09
4.50089e-07
8.38762e-09
4.50038e-07
8.63324e-09
8.61616e-09
4.82034e-07
3.28522e-09
-4.8181e-07
4.82286e-07
3.55587e-09
4.82559e-07
3.83919e-09
4.82853e-07
4.12838e-09
4.83159e-07
4.41817e-09
4.83473e-07
4.71376e-09
4.83788e-07
4.98297e-09
4.84097e-07
5.25829e-09
4.84404e-07
5.47767e-09
4.84689e-07
5.7272e-09
4.84967e-07
5.88821e-09
4.85202e-07
6.10763e-09
4.85415e-07
6.16761e-09
4.85597e-07
6.31225e-09
4.85757e-07
6.31948e-09
4.85929e-07
6.47417e-09
4.86065e-07
6.55652e-09
4.86214e-07
6.72315e-09
4.86361e-07
6.83116e-09
4.86495e-07
7.12451e-09
4.86611e-07
7.20012e-09
4.86706e-07
7.49217e-09
4.86814e-07
7.40587e-09
4.869e-07
7.76241e-09
4.86946e-07
7.76967e-09
4.87007e-07
8.10646e-09
4.87063e-07
8.22702e-09
4.87094e-07
8.18315e-09
4.8712e-07
8.23302e-09
4.87169e-07
8.33999e-09
4.87188e-07
8.33039e-09
4.87202e-07
8.4031e-09
4.87175e-07
8.414e-09
4.87128e-07
8.68063e-09
8.68216e-09
5.21991e-07
3.06361e-09
-5.21769e-07
5.22236e-07
3.31062e-09
5.22503e-07
3.57223e-09
5.22785e-07
3.84645e-09
5.23084e-07
4.11928e-09
5.23384e-07
4.41335e-09
5.23694e-07
4.67294e-09
5.23992e-07
4.96047e-09
5.24296e-07
5.17355e-09
5.24582e-07
5.44113e-09
5.24866e-07
5.60455e-09
5.25127e-07
5.84649e-09
5.25354e-07
5.94077e-09
5.25568e-07
6.09822e-09
5.25738e-07
6.14897e-09
5.25925e-07
6.28715e-09
5.26078e-07
6.40371e-09
5.26219e-07
6.58269e-09
5.26383e-07
6.66701e-09
5.26526e-07
6.98116e-09
5.26666e-07
7.06067e-09
5.26774e-07
7.38372e-09
5.26875e-07
7.30524e-09
5.26987e-07
7.64974e-09
5.2704e-07
7.71734e-09
5.27102e-07
8.04355e-09
5.27178e-07
8.15188e-09
5.27211e-07
8.14962e-09
5.27245e-07
8.19879e-09
5.27304e-07
8.2817e-09
5.27331e-07
8.30315e-09
5.27345e-07
8.38906e-09
5.27321e-07
8.43783e-09
5.27277e-07
8.72452e-09
8.74691e-09
5.65252e-07
2.84288e-09
-5.65031e-07
5.65491e-07
3.07153e-09
5.65753e-07
3.31002e-09
5.66026e-07
3.57434e-09
5.66315e-07
3.82953e-09
5.66606e-07
4.12225e-09
5.66906e-07
4.37332e-09
5.672e-07
4.66669e-09
5.67493e-07
4.88026e-09
5.67785e-07
5.14881e-09
5.68066e-07
5.32441e-09
5.6835e-07
5.56224e-09
5.6859e-07
5.70009e-09
5.68827e-07
5.86181e-09
5.6902e-07
5.95614e-09
5.69207e-07
6.09987e-09
5.6939e-07
6.22105e-09
5.69524e-07
6.44855e-09
5.69697e-07
6.49369e-09
5.69857e-07
6.82108e-09
5.7001e-07
6.90782e-09
5.70148e-07
7.24607e-09
5.70233e-07
7.21972e-09
5.7036e-07
7.52259e-09
5.7044e-07
7.63748e-09
5.70504e-07
7.97934e-09
5.70591e-07
8.0655e-09
5.70631e-07
8.1097e-09
5.70676e-07
8.15361e-09
5.70746e-07
8.21181e-09
5.70779e-07
8.27005e-09
5.70797e-07
8.37068e-09
5.70779e-07
8.45611e-09
5.70739e-07
8.76495e-09
8.81043e-09
6.12087e-07
2.62346e-09
-6.11868e-07
6.12324e-07
2.83476e-09
6.12579e-07
3.05526e-09
6.12844e-07
3.30847e-09
6.13122e-07
3.55237e-09
6.13407e-07
3.8364e-09
6.13694e-07
4.08692e-09
6.13987e-07
4.37337e-09
6.1427e-07
4.59763e-09
6.14565e-07
4.85313e-09
6.14846e-07
5.04424e-09
6.15139e-07
5.269e-09
6.15403e-07
5.43596e-09
6.15647e-07
5.61732e-09
6.15871e-07
5.73287e-09
6.16054e-07
5.91641e-09
6.16259e-07
6.01629e-09
6.16408e-07
6.29969e-09
6.16573e-07
6.32854e-09
6.16758e-07
6.63561e-09
6.16919e-07
6.74765e-09
6.17086e-07
7.07834e-09
6.17174e-07
7.13181e-09
6.1729e-07
7.40664e-09
6.17406e-07
7.52166e-09
6.1749e-07
7.89542e-09
6.17574e-07
7.98135e-09
6.1762e-07
8.06378e-09
6.17682e-07
8.09205e-09
6.17766e-07
8.1278e-09
6.17803e-07
8.23221e-09
6.17828e-07
8.34616e-09
6.1782e-07
8.46371e-09
6.17783e-07
8.80188e-09
8.87299e-09
6.62797e-07
2.40226e-09
-6.62576e-07
6.63032e-07
2.59936e-09
6.63278e-07
2.80926e-09
6.63537e-07
3.04963e-09
6.63803e-07
3.28669e-09
6.64081e-07
3.55854e-09
6.64357e-07
3.81057e-09
6.64644e-07
4.08648e-09
6.64923e-07
4.31843e-09
6.65214e-07
4.56228e-09
6.65501e-07
4.75744e-09
6.65792e-07
4.9778e-09
6.66078e-07
5.14967e-09
6.66331e-07
5.36518e-09
6.66574e-07
5.48896e-09
6.66769e-07
5.72151e-09
6.66975e-07
5.81035e-09
6.67159e-07
6.1164e-09
6.67315e-07
6.17255e-09
6.67515e-07
6.43528e-09
6.67694e-07
6.56811e-09
6.67872e-07
6.90113e-09
6.67988e-07
7.01537e-09
6.68086e-07
7.30908e-09
6.68213e-07
7.39386e-09
6.68347e-07
7.76165e-09
6.68428e-07
7.90049e-09
6.68468e-07
8.02357e-09
6.68552e-07
8.00875e-09
6.68653e-07
8.02658e-09
6.68696e-07
8.18858e-09
6.68726e-07
8.31612e-09
6.68736e-07
8.45385e-09
6.68705e-07
8.83297e-09
8.93452e-09
7.17707e-07
2.17749e-09
-7.17482e-07
7.17934e-07
2.37207e-09
7.18174e-07
2.56978e-09
7.18423e-07
2.80014e-09
7.18679e-07
3.03053e-09
7.18944e-07
3.29408e-09
7.19211e-07
3.54312e-09
7.19488e-07
3.81001e-09
7.19766e-07
4.03994e-09
7.20054e-07
4.27486e-09
7.20344e-07
4.46683e-09
7.20637e-07
4.68534e-09
7.20929e-07
4.85707e-09
7.21198e-07
5.09668e-09
7.21447e-07
5.2395e-09
7.21665e-07
5.50361e-09
7.21867e-07
5.60821e-09
7.22076e-07
5.90827e-09
7.22249e-07
5.99873e-09
7.22441e-07
6.24391e-09
7.22651e-07
6.35735e-09
7.2283e-07
6.72269e-09
7.22973e-07
6.87254e-09
7.23082e-07
7.19968e-09
7.23188e-07
7.28798e-09
7.23372e-07
7.57762e-09
7.23475e-07
7.79787e-09
7.23498e-07
7.99993e-09
7.236e-07
7.90747e-09
7.23721e-07
7.90533e-09
7.23776e-07
8.13375e-09
7.23808e-07
8.28364e-09
7.23836e-07
8.42555e-09
7.23817e-07
8.85215e-09
8.99273e-09
7.77162e-07
1.95866e-09
-7.76943e-07
7.7739e-07
2.14408e-09
7.77627e-07
2.33249e-09
7.77867e-07
2.56062e-09
7.78107e-07
2.79063e-09
7.78354e-07
3.04638e-09
7.78606e-07
3.29125e-09
7.78873e-07
3.54341e-09
7.79146e-07
3.76706e-09
7.79432e-07
3.98815e-09
7.7972e-07
4.17931e-09
7.80015e-07
4.39038e-09
7.80304e-07
4.56746e-09
7.80585e-07
4.81578e-09
7.80841e-07
4.98336e-09
7.81074e-07
5.27083e-09
7.81288e-07
5.39488e-09
7.815e-07
5.69615e-09
7.81707e-07
5.79119e-09
7.81892e-07
6.05913e-09
7.82115e-07
6.13412e-09
7.82312e-07
6.52604e-09
7.8246e-07
6.72456e-09
7.82606e-07
7.05316e-09
7.82698e-07
7.19674e-09
7.82892e-07
7.38361e-09
7.83041e-07
7.64833e-09
7.83065e-07
7.9761e-09
7.83169e-07
7.8039e-09
7.83307e-07
7.76739e-09
7.83382e-07
8.0584e-09
7.8342e-07
8.24557e-09
7.83463e-07
8.38278e-09
7.8346e-07
8.85492e-09
9.04023e-09
8.41543e-07
1.71816e-09
-8.41303e-07
8.41791e-07
1.89595e-09
8.42004e-07
2.12009e-09
8.42219e-07
2.34575e-09
8.42439e-07
2.57053e-09
8.42676e-07
2.80905e-09
8.42924e-07
3.0436e-09
8.43189e-07
3.27753e-09
8.43461e-07
3.49554e-09
8.43741e-07
3.70805e-09
8.44022e-07
3.89836e-09
8.44307e-07
4.10494e-09
8.44591e-07
4.28401e-09
8.4487e-07
4.53686e-09
8.45135e-07
4.71798e-09
8.4538e-07
5.02592e-09
8.45609e-07
5.16616e-09
8.4583e-07
5.47521e-09
8.46054e-07
5.56729e-09
8.46253e-07
5.85938e-09
8.46468e-07
5.91991e-09
8.46685e-07
6.30915e-09
8.46842e-07
6.56731e-09
8.47012e-07
6.88325e-09
8.47124e-07
7.08406e-09
8.47297e-07
7.21143e-09
8.47475e-07
7.47001e-09
8.47538e-07
7.91251e-09
8.47636e-07
7.7063e-09
8.47775e-07
7.62864e-09
8.47877e-07
7.95642e-09
8.47929e-07
8.19315e-09
8.4798e-07
8.33228e-09
8.47995e-07
8.83988e-09
9.0643e-09
3.2758e-06
1.26801e-09
-3.27535e-06
3.27637e-06
1.32122e-09
3.27704e-06
1.45352e-09
3.27776e-06
1.62926e-09
3.2785e-06
1.82866e-09
3.27927e-06
2.03891e-09
3.28006e-06
2.24826e-09
3.28087e-06
2.47249e-09
3.28168e-06
2.68543e-09
3.2825e-06
2.88787e-09
3.28334e-06
3.05423e-09
3.28419e-06
3.25715e-09
3.28506e-06
3.41656e-09
3.28593e-06
3.66283e-09
3.28681e-06
3.84188e-09
3.28769e-06
4.14178e-09
3.28853e-06
4.32529e-09
3.28937e-06
4.63665e-09
3.29014e-06
4.79576e-09
3.29093e-06
5.07464e-09
3.29163e-06
5.21688e-09
3.2924e-06
5.53768e-09
3.29312e-06
5.8447e-09
3.29376e-06
6.24344e-09
3.29436e-06
6.48361e-09
3.29485e-06
6.7292e-09
3.29545e-06
6.86979e-09
3.29609e-06
7.27214e-09
3.29645e-06
7.3428e-09
3.29681e-06
7.27182e-09
3.29733e-06
7.4308e-09
3.29768e-06
7.84342e-09
3.29789e-06
8.12149e-09
3.2981e-06
8.6344e-09
8.96636e-09
3.54446e-06
7.55648e-10
-3.54395e-06
3.54486e-06
9.22216e-10
3.54522e-06
1.09453e-09
3.54557e-06
1.27414e-09
3.54595e-06
1.4511e-09
3.54637e-06
1.61556e-09
3.54687e-06
1.75297e-09
3.54745e-06
1.88576e-09
3.54811e-06
2.02866e-09
3.54879e-06
2.20781e-09
3.54948e-06
2.3681e-09
3.55016e-06
2.57536e-09
3.55083e-06
2.74251e-09
3.55152e-06
2.97353e-09
3.55222e-06
3.14257e-09
3.55297e-06
3.39627e-09
3.55371e-06
3.5776e-09
3.55449e-06
3.85872e-09
3.55523e-06
4.05579e-09
3.55596e-06
4.34679e-09
3.55663e-06
4.54398e-09
3.55732e-06
4.85404e-09
3.55804e-06
5.11794e-09
3.55875e-06
5.53779e-09
3.5594e-06
5.8305e-09
3.55995e-06
6.18314e-09
3.56049e-06
6.33123e-09
3.56119e-06
6.5702e-09
3.56177e-06
6.76e-09
3.56217e-06
6.87222e-09
3.56269e-06
6.91223e-09
3.5632e-06
7.32927e-09
3.56359e-06
7.73898e-09
3.56395e-06
8.26728e-09
8.6877e-09
3.83526e-06
7.21982e-10
-3.83523e-06
3.8354e-06
7.8218e-10
3.83562e-06
8.80795e-10
3.83589e-06
1.00419e-09
3.8362e-06
1.13898e-09
3.83654e-06
1.27623e-09
3.83688e-06
1.40747e-09
3.83723e-06
1.54309e-09
3.83758e-06
1.67343e-09
3.83797e-06
1.82296e-09
3.83838e-06
1.95776e-09
3.83882e-06
2.13008e-09
3.83929e-06
2.27742e-09
3.83979e-06
2.47483e-09
3.8403e-06
2.62892e-09
3.84085e-06
2.84966e-09
3.84141e-06
3.0123e-09
3.84201e-06
3.26244e-09
3.84262e-06
3.44793e-09
3.84323e-06
3.73395e-09
3.84383e-06
3.94294e-09
3.84443e-06
4.25186e-09
3.84505e-06
4.49939e-09
3.84571e-06
4.87705e-09
3.84635e-06
5.19496e-09
3.84697e-06
5.55913e-09
3.84754e-06
5.76513e-09
3.84815e-06
5.96207e-09
3.8488e-06
6.1036e-09
3.84935e-06
6.32017e-09
3.84987e-06
6.39605e-09
3.85043e-06
6.77165e-09
3.85095e-06
7.22202e-09
3.85142e-06
7.78776e-09
8.23217e-09
4.14938e-06
7.91176e-10
-4.14945e-06
4.14934e-06
8.2052e-10
4.14934e-06
8.88482e-10
4.14937e-06
9.69832e-10
4.14944e-06
1.06447e-09
4.14956e-06
1.16517e-09
4.14969e-06
1.27076e-09
4.14985e-06
1.38257e-09
4.15004e-06
1.49028e-09
4.15025e-06
1.60789e-09
4.15049e-06
1.71625e-09
4.15077e-06
1.85248e-09
4.15107e-06
1.97276e-09
4.15141e-06
2.13598e-09
4.15178e-06
2.26612e-09
4.15217e-06
2.45367e-09
4.15259e-06
2.59143e-09
4.15305e-06
2.80648e-09
4.15353e-06
2.96556e-09
4.15405e-06
3.21833e-09
4.15457e-06
3.4173e-09
4.15512e-06
3.7072e-09
4.15566e-06
3.95503e-09
4.15625e-06
4.2844e-09
4.15686e-06
4.58818e-09
4.1575e-06
4.92435e-09
4.1581e-06
5.15759e-09
4.1587e-06
5.37021e-09
4.15933e-06
5.46545e-09
4.15997e-06
5.68332e-09
4.16055e-06
5.82101e-09
4.16113e-06
6.18363e-09
4.16174e-06
6.61693e-09
4.16234e-06
7.18427e-09
7.63697e-09
4.48637e-06
7.57088e-10
-4.48634e-06
4.48639e-06
8.02335e-10
4.48642e-06
8.59579e-10
4.48647e-06
9.1807e-10
4.48655e-06
9.85931e-10
4.48666e-06
1.05711e-09
4.48679e-06
1.13598e-09
4.48695e-06
1.22087e-09
4.48713e-06
1.30832e-09
4.48733e-06
1.4069e-09
4.48755e-06
1.50137e-09
4.48778e-06
1.61725e-09
4.48804e-06
1.71956e-09
4.48832e-06
1.85639e-09
4.48862e-06
1.96503e-09
4.48895e-06
2.12173e-09
4.48931e-06
2.23618e-09
4.4897e-06
2.41677e-09
4.49011e-06
2.5528e-09
4.49056e-06
2.76985e-09
4.49102e-06
2.95035e-09
4.49152e-06
3.20768e-09
4.49204e-06
3.44289e-09
4.49258e-06
3.73546e-09
4.49316e-06
4.01472e-09
4.49377e-06
4.31641e-09
4.49438e-06
4.54121e-09
4.49499e-06
4.76137e-09
4.4956e-06
4.85156e-09
4.49624e-06
5.04387e-09
4.49686e-06
5.20365e-09
4.49748e-06
5.56214e-09
4.49813e-06
5.96922e-09
4.49881e-06
6.50396e-09
6.94772e-09
4.85075e-06
6.69053e-10
-4.85066e-06
4.85084e-06
7.10071e-10
4.85094e-06
7.58517e-10
4.85105e-06
8.07223e-10
4.85117e-06
8.64822e-10
4.85131e-06
9.23708e-10
4.85145e-06
9.89961e-10
4.85161e-06
1.06036e-09
4.85179e-06
1.135e-09
4.85198e-06
1.21888e-09
4.85218e-06
1.30075e-09
4.85239e-06
1.39913e-09
4.85263e-06
1.48559e-09
4.85289e-06
1.5991e-09
4.85316e-06
1.68921e-09
4.85346e-06
1.82051e-09
4.85378e-06
1.91861e-09
4.85412e-06
2.07258e-09
4.85449e-06
2.19038e-09
4.85488e-06
2.37442e-09
4.8553e-06
2.5323e-09
4.85575e-06
2.75584e-09
4.85622e-06
2.97067e-09
4.85673e-06
3.23151e-09
4.85726e-06
3.4819e-09
4.85783e-06
3.74696e-09
4.85842e-06
3.95215e-09
4.85902e-06
4.16036e-09
4.85962e-06
4.25372e-09
4.86024e-06
4.42414e-09
4.86086e-06
4.57913e-09
4.86151e-06
4.91862e-09
4.86218e-06
5.29666e-09
4.8629e-06
5.78163e-09
6.19715e-09
5.24525e-06
5.6796e-10
-5.24515e-06
5.24535e-06
6.05581e-10
5.24546e-06
6.49093e-10
5.24558e-06
6.90527e-10
5.24571e-06
7.39359e-10
5.24584e-06
7.88434e-10
5.24599e-06
8.44765e-10
5.24614e-06
9.04057e-10
5.24631e-06
9.67822e-10
5.24649e-06
1.03835e-09
5.24668e-06
1.10775e-09
5.24689e-06
1.1901e-09
5.24711e-06
1.26334e-09
5.24735e-06
1.35888e-09
5.24761e-06
1.43581e-09
5.24788e-06
1.54671e-09
5.24817e-06
1.63036e-09
5.24848e-06
1.75989e-09
5.24881e-06
1.86041e-09
5.24917e-06
2.01621e-09
5.24955e-06
2.15339e-09
5.24996e-06
2.34543e-09
5.2504e-06
2.53386e-09
5.25087e-06
2.75957e-09
5.25137e-06
2.97971e-09
5.25191e-06
3.21087e-09
5.25247e-06
3.39356e-09
5.25305e-06
3.57781e-09
5.25363e-06
3.66859e-09
5.25424e-06
3.82235e-09
5.25485e-06
3.96528e-09
5.2555e-06
4.27139e-09
5.25618e-06
4.61459e-09
5.25692e-06
5.04338e-09
5.41827e-09
5.67219e-06
4.71136e-10
-5.67209e-06
5.67229e-06
5.02099e-10
5.6724e-06
5.38516e-10
5.67252e-06
5.72963e-10
5.67264e-06
6.14171e-10
5.67278e-06
6.55269e-10
5.67292e-06
7.02952e-10
5.67307e-06
7.52588e-10
5.67323e-06
8.06436e-10
5.6734e-06
8.65352e-10
5.67359e-06
9.23907e-10
5.67378e-06
9.92722e-10
5.67399e-06
1.05452e-09
5.67422e-06
1.13427e-09
5.67446e-06
1.19897e-09
5.67471e-06
1.29139e-09
5.67498e-06
1.36197e-09
5.67527e-06
1.47062e-09
5.67557e-06
1.55642e-09
5.6759e-06
1.68773e-09
5.67625e-06
1.8047e-09
5.67663e-06
1.96641e-09
5.67703e-06
2.12765e-09
5.67747e-06
2.31982e-09
5.67794e-06
2.51042e-09
5.67845e-06
2.70807e-09
5.67897e-06
2.86632e-09
5.67953e-06
3.02504e-09
5.68009e-06
3.1087e-09
5.68066e-06
3.24469e-09
5.68126e-06
3.37253e-09
5.68189e-06
3.639e-09
5.68256e-06
3.94071e-09
5.6833e-06
4.31091e-09
4.63908e-09
6.13427e-06
3.82081e-10
-6.13418e-06
6.13436e-06
4.06454e-10
6.13447e-06
4.35925e-10
6.13458e-06
4.63888e-10
6.13469e-06
4.97942e-10
6.13482e-06
5.31859e-10
6.13495e-06
5.71572e-10
6.13509e-06
6.12592e-10
6.13524e-06
6.57308e-10
6.1354e-06
7.05732e-10
6.13557e-06
7.54084e-10
6.13575e-06
8.10426e-10
6.13594e-06
8.61373e-10
6.13615e-06
9.26783e-10
6.13637e-06
9.80444e-10
6.1366e-06
1.05674e-09
6.13685e-06
1.11571e-09
6.13711e-06
1.20558e-09
6.13739e-06
1.27724e-09
6.13769e-06
1.38578e-09
6.13802e-06
1.48348e-09
6.13836e-06
1.61758e-09
6.13874e-06
1.75281e-09
6.13915e-06
1.91279e-09
6.13958e-06
2.07296e-09
6.14005e-06
2.23785e-09
6.14055e-06
2.37193e-09
6.14107e-06
2.50568e-09
6.1416e-06
2.57894e-09
6.14215e-06
2.6952e-09
6.14271e-06
2.80628e-09
6.14332e-06
3.0315e-09
6.14397e-06
3.28812e-09
6.14469e-06
3.59936e-09
3.87819e-09
6.63429e-06
3.01449e-10
-6.63421e-06
6.63437e-06
3.2107e-10
6.63446e-06
3.44974e-10
6.63456e-06
3.67283e-10
6.63466e-06
3.94447e-10
6.63477e-06
4.21302e-10
6.63489e-06
4.53008e-10
6.63502e-06
4.85683e-10
6.63515e-06
5.21604e-10
6.6353e-06
5.6038e-10
6.63545e-06
5.99361e-10
6.63562e-06
6.44575e-10
6.6358e-06
6.85727e-10
6.63598e-06
7.38278e-10
6.63618e-06
7.81662e-10
6.6364e-06
8.4294e-10
6.63662e-06
8.90639e-10
6.63686e-06
9.62942e-10
6.63712e-06
1.02111e-09
6.6374e-06
1.10871e-09
6.63769e-06
1.18821e-09
6.63801e-06
1.29659e-09
6.63836e-06
1.40665e-09
6.63874e-06
1.53615e-09
6.63914e-06
1.66686e-09
6.63958e-06
1.80093e-09
6.64004e-06
1.91119e-09
6.64053e-06
2.02055e-09
6.64102e-06
2.08213e-09
6.64154e-06
2.17823e-09
6.64207e-06
2.27121e-09
6.64265e-06
2.45564e-09
6.64327e-06
2.66656e-09
6.64395e-06
2.92042e-09
3.14959e-09
7.17529e-06
2.29954e-10
-7.17522e-06
7.17536e-06
2.45186e-10
7.17544e-06
2.63835e-10
7.17553e-06
2.81011e-10
7.17562e-06
3.01894e-10
7.17572e-06
3.22426e-10
7.17583e-06
3.46828e-10
7.17594e-06
3.71955e-10
7.17606e-06
3.99763e-10
7.17619e-06
4.29739e-10
7.17633e-06
4.60022e-10
7.17648e-06
4.95034e-10
7.17664e-06
5.27026e-10
7.17681e-06
5.67717e-10
7.17699e-06
6.01446e-10
7.17719e-06
6.48914e-10
7.17739e-06
6.86055e-10
7.17761e-06
7.4215e-10
7.17785e-06
7.8754e-10
7.1781e-06
8.55605e-10
7.17837e-06
9.17754e-10
7.17866e-06
1.00216e-09
7.17898e-06
1.08835e-09
7.17933e-06
1.18946e-09
7.1797e-06
1.29208e-09
7.18011e-06
1.39698e-09
7.18053e-06
1.48392e-09
7.18099e-06
1.5699e-09
7.18145e-06
1.61935e-09
7.18193e-06
1.69546e-09
7.18243e-06
1.76975e-09
7.18297e-06
1.91478e-09
7.18356e-06
2.08097e-09
7.1842e-06
2.27991e-09
2.46071e-09
7.76059e-06
1.67096e-10
-7.76053e-06
7.76066e-06
1.77662e-10
7.76073e-06
1.90866e-10
7.76081e-06
2.03236e-10
7.76089e-06
2.18558e-10
7.76098e-06
2.33693e-10
7.76108e-06
2.51703e-10
7.76118e-06
2.70152e-10
7.76129e-06
2.90538e-10
7.7614e-06
3.12408e-10
7.76153e-06
3.34524e-10
7.76166e-06
3.60053e-10
7.76181e-06
3.83452e-10
7.76196e-06
4.13195e-10
7.76213e-06
4.37942e-10
7.7623e-06
4.72715e-10
7.76249e-06
5.00028e-10
7.76269e-06
5.4117e-10
7.7629e-06
5.74594e-10
7.76313e-06
6.24567e-10
7.76338e-06
6.70365e-10
7.76365e-06
7.32395e-10
7.76394e-06
7.95927e-10
7.76426e-06
8.70273e-10
7.76461e-06
9.45969e-10
7.76498e-06
1.02324e-09
7.76538e-06
1.08766e-09
7.7658e-06
1.15127e-09
7.76623e-06
1.18838e-09
7.76668e-06
1.24499e-09
7.76715e-06
1.30058e-09
7.76765e-06
1.40793e-09
7.7682e-06
1.53109e-09
7.76881e-06
1.67806e-09
1.81246e-09
8.39377e-06
1.09274e-10
-8.39371e-06
8.39383e-06
1.16263e-10
8.3939e-06
1.25e-10
8.39397e-06
1.33097e-10
8.39404e-06
1.43106e-10
8.39413e-06
1.52964e-10
8.39421e-06
1.64744e-10
8.39431e-06
1.76821e-10
8.39441e-06
1.90215e-10
8.39451e-06
2.04585e-10
8.39463e-06
2.19146e-10
8.39475e-06
2.35935e-10
8.39489e-06
2.51345e-10
8.39503e-06
2.70912e-10
8.39518e-06
2.87218e-10
8.39534e-06
3.10109e-10
8.39551e-06
3.28126e-10
8.3957e-06
3.55232e-10
8.3959e-06
3.77302e-10
8.39611e-06
4.10251e-10
8.39634e-06
4.40511e-10
8.39659e-06
4.81431e-10
8.39686e-06
5.23426e-10
8.39716e-06
5.72505e-10
8.39748e-06
6.22591e-10
8.39783e-06
6.7367e-10
8.39821e-06
7.16412e-10
8.3986e-06
7.58579e-10
8.399e-06
7.834e-10
8.39943e-06
8.21058e-10
8.39987e-06
8.58186e-10
8.40035e-06
9.29429e-10
8.40087e-06
1.01123e-09
8.40144e-06
1.10868e-09
1.19804e-09
9.07874e-06
5.45251e-11
-9.07868e-06
9.07879e-06
5.8068e-11
9.07886e-06
6.24903e-11
9.07892e-06
6.65467e-11
9.07899e-06
7.15367e-11
9.07907e-06
7.64354e-11
9.07915e-06
8.2306e-11
9.07924e-06
8.83333e-11
9.07934e-06
9.50402e-11
9.07944e-06
1.02244e-10
9.07955e-06
1.09554e-10
9.07967e-06
1.17979e-10
9.07979e-06
1.25715e-10
9.07993e-06
1.35529e-10
9.08007e-06
1.43711e-10
9.08023e-06
1.55193e-10
9.08039e-06
1.64238e-10
9.08057e-06
1.77843e-10
9.08076e-06
1.88932e-10
9.08096e-06
2.0548e-10
9.08118e-06
2.20696e-10
9.08142e-06
2.4126e-10
9.08168e-06
2.62392e-10
9.08197e-06
2.87069e-10
9.08228e-06
3.12288e-10
9.08261e-06
3.37989e-10
9.08297e-06
3.59536e-10
9.08335e-06
3.80778e-10
9.08374e-06
3.93337e-10
9.08415e-06
4.12335e-10
9.08457e-06
4.31106e-10
9.08504e-06
4.67008e-10
9.08554e-06
5.08266e-10
9.08609e-06
5.5738e-10
6.02676e-10
9.81973e-06
-9.81967e-06
9.81979e-06
9.81985e-06
9.81992e-06
9.81999e-06
9.82006e-06
9.82015e-06
9.82023e-06
9.82033e-06
9.82043e-06
9.82054e-06
9.82066e-06
9.82078e-06
9.82092e-06
9.82106e-06
9.82122e-06
9.82138e-06
9.82156e-06
9.82175e-06
9.82196e-06
9.82218e-06
9.82242e-06
9.82268e-06
9.82297e-06
9.82328e-06
9.82362e-06
9.82398e-06
9.82436e-06
9.82475e-06
9.82516e-06
9.82559e-06
9.82606e-06
9.82657e-06
9.82713e-06
8.47551e-08
9.01205e-09
8.37015e-08
-8.76641e-09
8.41373e-08
7.7534e-09
8.32346e-08
-5.14078e-09
8.37663e-08
5.9963e-09
8.32396e-08
-3.2844e-09
8.37993e-08
3.46056e-09
8.33182e-08
-2.02864e-09
8.3771e-08
3.31883e-09
8.33196e-08
-1.21834e-09
8.35877e-08
3.01574e-09
8.32413e-08
-4.86592e-10
8.32659e-08
2.25498e-09
8.3126e-08
1.79996e-10
8.3038e-08
2.07985e-09
8.2944e-08
1.95961e-10
8.26256e-08
1.72943e-09
8.23695e-08
4.15518e-10
8.1254e-08
2.12775e-09
1.70492e-09
9.13693e-08
8.68914e-09
9.06877e-08
-8.08475e-09
9.07202e-08
7.72088e-09
9.02556e-08
-4.67622e-09
9.03319e-08
5.92004e-09
9.02855e-08
-3.238e-09
9.03962e-08
3.34985e-09
9.03946e-08
-2.027e-09
9.04249e-08
3.28851e-09
9.03456e-08
-1.13906e-09
9.02892e-08
3.07219e-09
9.01591e-08
-3.5648e-10
8.99882e-08
2.42585e-09
8.98733e-08
2.94885e-10
8.96574e-08
2.29577e-09
8.94566e-08
3.96741e-10
8.90436e-08
2.14244e-09
8.85636e-08
8.95547e-10
8.80703e-08
2.62098e-09
2.28397e-09
9.85265e-08
8.73286e-09
9.82515e-08
-7.80972e-09
9.79787e-08
7.99367e-09
9.78515e-08
-4.54909e-09
9.77221e-08
6.04945e-09
9.78381e-08
-3.35394e-09
9.78641e-08
3.32385e-09
9.79069e-08
-2.06982e-09
9.79984e-08
3.19695e-09
9.78412e-08
-9.81867e-10
9.79818e-08
2.93165e-09
9.76543e-08
-2.90086e-11
9.77792e-08
2.30098e-09
9.73618e-08
7.12261e-10
9.74754e-08
2.18218e-09
9.68826e-08
9.89524e-10
9.6847e-08
2.17802e-09
9.604e-08
1.7026e-09
9.59103e-08
2.75062e-09
2.80081e-09
1.06527e-07
8.92197e-09
1.06425e-07
-7.70786e-09
1.06194e-07
8.22449e-09
1.06075e-07
-4.42998e-09
1.06098e-07
6.02611e-09
1.06024e-07
-3.27931e-09
1.06241e-07
3.10658e-09
1.06059e-07
-1.88773e-09
1.06391e-07
2.86441e-09
1.06019e-07
-6.09562e-10
1.06401e-07
2.54995e-09
1.05908e-07
4.6353e-10
1.06213e-07
1.99612e-09
1.05702e-07
1.22316e-09
1.05869e-07
2.01555e-09
1.05263e-07
1.59557e-09
1.05178e-07
2.26229e-09
1.0452e-07
2.36053e-09
1.04387e-07
2.88442e-09
3.18065e-09
1.15476e-07
8.98025e-09
1.15278e-07
-7.50978e-09
1.15326e-07
8.17673e-09
1.15035e-07
-4.13931e-09
1.1531e-07
5.75135e-09
1.14974e-07
-2.94335e-09
1.15365e-07
2.71554e-09
1.14968e-07
-1.49118e-09
1.15454e-07
2.37913e-09
1.14962e-07
-1.17429e-10
1.15433e-07
2.07885e-09
1.14954e-07
9.41712e-10
1.15244e-07
1.70673e-09
1.14856e-07
1.61118e-09
1.14894e-07
1.97782e-09
1.14432e-07
2.05666e-09
1.14195e-07
2.49977e-09
1.13756e-07
2.79923e-09
1.1355e-07
3.09024e-09
3.44264e-09
1.25244e-07
8.81789e-09
1.24875e-07
-7.14023e-09
1.252e-07
7.85107e-09
1.2475e-07
-3.68946e-09
1.25217e-07
5.28522e-09
1.24683e-07
-2.4099e-09
1.25174e-07
2.22438e-09
1.24638e-07
-9.55433e-10
1.2517e-07
1.84809e-09
1.24682e-07
3.70398e-10
1.25106e-07
1.6546e-09
1.24779e-07
1.26814e-09
1.24943e-07
1.54314e-09
1.24742e-07
1.81255e-09
1.24644e-07
2.07572e-09
1.24343e-07
2.35716e-09
1.24051e-07
2.79202e-09
1.23695e-07
3.1557e-09
1.2342e-07
3.36483e-09
3.62722e-09
1.35745e-07
8.49052e-09
1.3523e-07
-6.62453e-09
1.35765e-07
7.3157e-09
1.35197e-07
-3.12144e-09
1.35807e-07
4.67581e-09
1.35142e-07
-1.74553e-09
1.35684e-07
1.68248e-09
1.35101e-07
-3.72344e-10
1.35584e-07
1.36508e-09
1.35206e-07
7.47971e-10
1.35497e-07
1.36374e-09
1.35375e-07
1.3903e-09
1.3539e-07
1.52851e-09
1.35297e-07
1.90576e-09
1.35135e-07
2.23699e-09
1.3486e-07
2.63208e-09
1.3456e-07
3.09218e-09
1.34253e-07
3.46266e-09
1.33995e-07
3.62317e-09
3.7589e-09
1.47036e-07
8.06326e-09
1.46393e-07
-5.98188e-09
1.47093e-07
6.61563e-09
1.46424e-07
-2.45251e-09
1.47144e-07
3.95666e-09
1.46413e-07
-1.01474e-09
1.46948e-07
1.14712e-09
1.46421e-07
1.54955e-10
1.46776e-07
1.00981e-09
1.46595e-07
9.29483e-10
1.46711e-07
1.24747e-09
1.46701e-07
1.40008e-09
1.46646e-07
1.58312e-09
1.4652e-07
2.03264e-09
1.46236e-07
2.52056e-09
1.4593e-07
2.93855e-09
1.4567e-07
3.35149e-09
1.4546e-07
3.67332e-09
1.45314e-07
3.76856e-09
3.84254e-09
1.5922e-07
7.56677e-09
1.58456e-07
-5.21705e-09
1.59292e-07
5.77912e-09
1.5854e-07
-1.70067e-09
1.59319e-07
3.17811e-09
1.586e-07
-2.95736e-10
1.59054e-07
6.93358e-10
1.58673e-07
5.35294e-10
1.58857e-07
8.25635e-10
1.58837e-07
9.49766e-10
1.58855e-07
1.22918e-09
1.58835e-07
1.42026e-09
1.58662e-07
1.75657e-09
1.5837e-07
2.32398e-09
1.58088e-07
2.80329e-09
1.57835e-07
3.19103e-09
1.57646e-07
3.54039e-09
1.57541e-07
3.77869e-09
1.57473e-07
3.83627e-09
3.87804e-09
1.72394e-07
7.01316e-09
1.71516e-07
-4.339e-09
1.72456e-07
4.83846e-09
1.71662e-07
-9.06011e-10
1.72428e-07
2.41194e-09
1.71807e-07
3.249e-10
1.72104e-07
3.96422e-10
1.71932e-07
7.07573e-10
1.71954e-07
8.03668e-10
1.71989e-07
9.14381e-10
1.71953e-07
1.26549e-09
1.71749e-07
1.62479e-09
1.71465e-07
2.04003e-09
1.71208e-07
2.58132e-09
1.70974e-07
3.03721e-09
1.70779e-07
3.38595e-09
1.7065e-07
3.66929e-09
1.70627e-07
3.8014e-09
1.70594e-07
3.8692e-09
3.87075e-09
1.86642e-07
6.41189e-09
1.85672e-07
-3.36874e-09
1.86667e-07
3.84338e-09
1.85896e-07
-1.34929e-10
1.86565e-07
1.74224e-09
1.86127e-07
7.63067e-10
1.86222e-07
3.01567e-10
1.86216e-07
7.13687e-10
1.86165e-07
8.54268e-10
1.86126e-07
9.53954e-10
1.85979e-07
1.41226e-09
1.85694e-07
1.90949e-09
1.85413e-07
2.32109e-09
1.85183e-07
2.81124e-09
1.84995e-07
3.22562e-09
1.84848e-07
3.53238e-09
1.84794e-07
3.72383e-09
1.84772e-07
3.82325e-09
1.8479e-07
3.85113e-09
3.82546e-09
2.02051e-07
5.77577e-09
2.01023e-07
-2.34114e-09
2.01996e-07
2.8706e-09
2.01337e-07
5.24002e-10
2.01826e-07
1.25332e-09
2.01625e-07
9.6403e-10
2.01557e-07
3.69767e-10
2.01592e-07
6.78679e-10
2.0151e-07
9.35995e-10
2.01323e-07
1.14049e-09
2.01102e-07
1.63363e-09
2.00842e-07
2.16947e-09
2.00583e-07
2.57993e-09
2.00382e-07
3.01266e-09
2.00232e-07
3.37562e-09
2.00137e-07
3.62702e-09
2.00117e-07
3.74422e-09
2.00117e-07
3.82251e-09
2.00165e-07
3.80303e-09
3.74989e-09
2.18712e-07
5.12271e-09
2.17676e-07
-1.30507e-09
2.18512e-07
2.03381e-09
2.18067e-07
9.69245e-10
2.18332e-07
9.88272e-10
2.18328e-07
9.6854e-10
2.18209e-07
4.8848e-10
2.18168e-07
7.19977e-10
2.18036e-07
1.06765e-09
2.17778e-07
1.39844e-09
2.17531e-07
1.88026e-09
2.17283e-07
2.41828e-09
2.17056e-07
2.80663e-09
2.16885e-07
3.18377e-09
2.16769e-07
3.4911e-09
2.16729e-07
3.66776e-09
2.16714e-07
3.75895e-09
2.16747e-07
3.78973e-09
2.16821e-07
3.72912e-09
3.65114e-09
2.36726e-07
4.47538e-09
2.35742e-07
-3.21143e-10
2.36299e-07
1.47691e-09
2.36164e-07
1.10392e-09
2.36272e-07
8.79972e-10
2.36327e-07
9.14061e-10
2.3621e-07
6.0479e-10
2.36085e-07
8.45172e-10
2.35876e-07
1.27655e-09
2.35605e-07
1.66959e-09
2.35357e-07
2.12871e-09
2.35131e-07
2.64412e-09
2.34932e-07
3.00571e-09
2.34789e-07
3.32644e-09
2.34717e-07
3.56291e-09
2.347e-07
3.68522e-09
2.34711e-07
3.74822e-09
2.34766e-07
3.73391e-09
2.3486e-07
3.63547e-09
3.53523e-09
2.56206e-07
3.85641e-09
2.55333e-07
5.51478e-10
2.55607e-07
1.20335e-09
2.55691e-07
1.01935e-09
2.55771e-07
8.00815e-10
2.55769e-07
9.15401e-10
2.55648e-07
7.25636e-10
2.55454e-07
1.04007e-09
2.55211e-07
1.51922e-09
2.54931e-07
1.9498e-09
2.54686e-07
2.37337e-09
2.54489e-07
2.84138e-09
2.54321e-07
3.17367e-09
2.54207e-07
3.44035e-09
2.54177e-07
3.59276e-09
2.54173e-07
3.68947e-09
2.54212e-07
3.70883e-09
2.54289e-07
3.65717e-09
2.54396e-07
3.52791e-09
3.40762e-09
2.77281e-07
3.28308e-09
2.76571e-07
1.26184e-09
2.76628e-07
1.14604e-09
2.76745e-07
9.0209e-10
2.76871e-07
6.74817e-10
2.76826e-07
9.61058e-10
2.76632e-07
9.19176e-10
2.76413e-07
1.25943e-09
2.76163e-07
1.7688e-09
2.75885e-07
2.22811e-09
2.75651e-07
2.60757e-09
2.75476e-07
3.01643e-09
2.75341e-07
3.30799e-09
2.75267e-07
3.51461e-09
2.75256e-07
3.60354e-09
2.75276e-07
3.66984e-09
2.75337e-07
3.64771e-09
2.75432e-07
3.56277e-09
2.75551e-07
3.40868e-09
3.27182e-09
3.00089e-07
2.76862e-09
2.99592e-07
1.75867e-09
2.99483e-07
1.25444e-09
2.99495e-07
8.90404e-10
2.99639e-07
5.30418e-10
2.99606e-07
9.94577e-10
2.99351e-07
1.17454e-09
2.99094e-07
1.51622e-09
2.98853e-07
2.00988e-09
2.98599e-07
2.48172e-09
2.98384e-07
2.8226e-09
2.98229e-07
3.17128e-09
2.98127e-07
3.41061e-09
2.98092e-07
3.54943e-09
2.98093e-07
3.60204e-09
2.98138e-07
3.62547e-09
2.98218e-07
3.5676e-09
2.98327e-07
3.45356e-09
2.98456e-07
3.28e-09
3.13015e-09
3.2478e-07
2.31882e-09
3.24539e-07
1.99981e-09
3.243e-07
1.49306e-09
3.24161e-07
1.02913e-09
3.24202e-07
4.89679e-10
3.24215e-07
9.81346e-10
3.23967e-07
1.42277e-09
3.23663e-07
1.8205e-09
3.23433e-07
2.23957e-09
3.23214e-07
2.70104e-09
3.23027e-07
3.00958e-09
3.22896e-07
3.30209e-09
3.22824e-07
3.4829e-09
3.22815e-07
3.55759e-09
3.22836e-07
3.58103e-09
3.22902e-07
3.56036e-09
3.22998e-07
3.47098e-09
3.2312e-07
3.33209e-09
3.23256e-07
3.14393e-09
2.98455e-09
3.51519e-07
1.93152e-09
3.5147e-07
2.04889e-09
3.51218e-07
1.74519e-09
3.50939e-07
1.30775e-09
3.50801e-07
6.2762e-10
3.50794e-07
9.88864e-10
3.50617e-07
1.59914e-09
3.50316e-07
2.12154e-09
3.50075e-07
2.4808e-09
3.49889e-07
2.88732e-09
3.49732e-07
3.16591e-09
3.49631e-07
3.40336e-09
3.49589e-07
3.52497e-09
3.49598e-07
3.54821e-09
3.49642e-07
3.53721e-09
3.49725e-07
3.47731e-09
3.49836e-07
3.36003e-09
3.49967e-07
3.20139e-09
3.50108e-07
3.00225e-09
2.83699e-09
3.80482e-07
1.59742e-09
3.80514e-07
2.01699e-09
3.80358e-07
1.90059e-09
3.79999e-07
1.66705e-09
3.79683e-07
9.43395e-10
3.7955e-07
1.12241e-09
3.79446e-07
1.70286e-09
3.79207e-07
2.36022e-09
3.7897e-07
2.71805e-09
3.78795e-07
3.06263e-09
3.78671e-07
3.28986e-09
3.78601e-07
3.47316e-09
3.78589e-07
3.53741e-09
3.78613e-07
3.52424e-09
3.78679e-07
3.47109e-09
3.78777e-07
3.37873e-09
3.78901e-07
3.23635e-09
3.79039e-07
3.06377e-09
3.79184e-07
2.85663e-09
2.68893e-09
4.11851e-07
1.30895e-09
4.11894e-07
1.97342e-09
4.11843e-07
1.95122e-09
4.11492e-07
2.01884e-09
4.11057e-07
1.37758e-09
4.10776e-07
1.40388e-09
4.10632e-07
1.84707e-09
4.10487e-07
2.5046e-09
4.10289e-07
2.91691e-09
4.10134e-07
3.21738e-09
4.10031e-07
3.393e-09
4.09992e-07
3.51199e-09
4.10002e-07
3.52771e-09
4.10044e-07
3.48176e-09
4.10129e-07
3.38576e-09
4.10241e-07
3.26666e-09
4.10375e-07
3.10263e-09
4.10519e-07
2.92022e-09
4.10667e-07
2.70855e-09
2.54064e-09
4.45812e-07
1.06941e-09
4.45856e-07
1.92916e-09
4.45852e-07
1.95538e-09
4.45576e-07
2.29423e-09
4.45094e-07
1.85957e-09
4.44687e-07
1.81136e-09
4.44459e-07
2.07535e-09
4.44338e-07
2.62538e-09
4.44215e-07
3.04002e-09
4.4409e-07
3.34255e-09
4.44018e-07
3.46425e-09
4.43998e-07
3.53208e-09
4.44027e-07
3.49889e-09
4.4409e-07
3.41877e-09
4.4419e-07
3.28572e-09
4.44315e-07
3.14165e-09
4.44456e-07
2.96205e-09
4.44605e-07
2.77094e-09
4.44754e-07
2.5593e-09
2.39182e-09
4.82579e-07
8.83409e-10
4.82634e-07
1.87443e-09
4.82595e-07
1.99357e-09
4.82417e-07
2.47278e-09
4.81962e-07
2.3146e-09
4.81485e-07
2.28848e-09
4.81177e-07
2.38343e-09
4.81017e-07
2.78463e-09
4.80952e-07
3.10487e-09
4.80873e-07
3.4221e-09
4.80833e-07
3.50398e-09
4.80839e-07
3.52603e-09
4.80884e-07
3.45403e-09
4.80966e-07
3.33691e-09
4.81076e-07
3.17573e-09
4.81212e-07
3.00509e-09
4.81358e-07
2.81664e-09
4.81512e-07
2.6173e-09
4.81661e-07
2.40977e-09
2.24311e-09
5.22389e-07
7.50917e-10
5.22444e-07
1.81936e-09
5.22355e-07
2.08231e-09
5.22216e-07
2.61169e-09
5.21845e-07
2.68577e-09
5.21371e-07
2.76238e-09
5.21003e-07
2.75191e-09
5.20805e-07
2.98222e-09
5.20732e-07
3.17763e-09
5.20719e-07
3.43548e-09
5.20698e-07
3.52435e-09
5.20739e-07
3.48548e-09
5.20803e-07
3.38969e-09
5.20903e-07
3.23774e-09
5.21021e-07
3.05694e-09
5.21165e-07
2.86132e-09
5.21315e-07
2.66627e-09
5.21471e-07
2.46166e-09
5.21622e-07
2.25905e-09
2.09591e-09
5.65496e-07
6.69023e-10
5.65525e-07
1.79042e-09
5.65404e-07
2.20307e-09
5.6524e-07
2.77567e-09
5.64967e-07
2.95882e-09
5.64557e-07
3.17206e-09
5.64176e-07
3.13263e-09
5.63947e-07
3.21172e-09
5.63855e-07
3.26956e-09
5.63862e-07
3.42868e-09
5.63885e-07
3.50083e-09
5.63943e-07
3.42735e-09
5.64032e-07
3.30141e-09
5.64145e-07
3.12472e-09
5.64275e-07
2.92688e-09
5.64421e-07
2.71473e-09
5.64577e-07
2.51077e-09
5.64733e-07
2.30564e-09
5.64886e-07
2.10621e-09
1.95023e-09
6.12175e-07
6.31605e-10
6.1216e-07
1.80582e-09
6.12012e-07
2.35075e-09
6.11811e-07
2.97677e-09
6.11601e-07
3.16844e-09
6.11284e-07
3.48937e-09
6.10953e-07
3.46331e-09
6.10699e-07
3.46644e-09
6.10594e-07
3.37401e-09
6.10597e-07
3.42561e-09
6.10665e-07
3.43275e-09
6.10732e-07
3.36096e-09
6.10841e-07
3.19202e-09
6.10965e-07
3.00055e-09
6.11105e-07
2.78719e-09
6.11254e-07
2.56521e-09
6.11413e-07
2.35216e-09
6.11569e-07
2.14933e-09
6.11722e-07
1.9536e-09
1.80464e-09
6.62725e-07
6.29044e-10
6.62652e-07
1.8791e-09
6.62498e-07
2.50431e-09
6.62277e-07
3.19831e-09
6.62076e-07
3.36906e-09
6.61852e-07
3.71411e-09
6.61593e-07
3.72162e-09
6.61365e-07
3.69486e-09
6.61229e-07
3.51018e-09
6.61231e-07
3.42288e-09
6.61312e-07
3.35219e-09
6.61417e-07
3.25545e-09
6.61522e-07
3.08746e-09
6.61656e-07
2.86686e-09
6.61797e-07
2.64621e-09
6.61947e-07
2.41472e-09
6.62109e-07
2.19082e-09
6.6227e-07
1.98777e-09
6.62426e-07
1.79773e-09
1.65472e-09
7.17467e-07
6.4979e-10
7.17344e-07
2.00195e-09
7.17188e-07
2.66063e-09
7.16965e-07
3.42144e-09
7.16765e-07
3.56902e-09
7.16605e-07
3.87434e-09
7.16409e-07
3.91742e-09
7.16231e-07
3.87297e-09
7.16096e-07
3.64504e-09
7.16073e-07
3.44608e-09
7.16149e-07
3.27643e-09
7.16292e-07
3.11248e-09
7.1643e-07
2.94885e-09
7.16563e-07
2.73388e-09
7.16699e-07
2.51042e-09
7.16824e-07
2.28923e-09
7.16989e-07
2.02637e-09
7.17158e-07
1.81872e-09
7.17327e-07
1.62907e-09
1.49902e-09
7.76743e-07
6.85531e-10
7.76594e-07
2.15103e-09
7.76433e-07
2.82147e-09
7.76223e-07
3.6312e-09
7.76034e-07
3.75861e-09
7.75903e-07
4.00532e-09
7.75779e-07
4.04133e-09
7.75646e-07
4.00589e-09
7.75513e-07
3.77802e-09
7.75474e-07
3.48497e-09
7.75518e-07
3.23276e-09
7.75639e-07
2.99125e-09
7.75827e-07
2.76068e-09
7.76037e-07
2.52415e-09
7.76268e-07
2.27905e-09
7.76503e-07
2.05433e-09
7.76627e-07
1.90301e-09
7.76723e-07
1.72231e-09
7.76805e-07
1.54701e-09
1.36102e-09
8.40928e-07
7.26446e-10
8.40756e-07
2.32331e-09
8.40593e-07
2.98449e-09
8.40424e-07
3.80057e-09
8.40274e-07
3.90817e-09
8.4017e-07
4.1093e-09
8.40119e-07
4.09294e-09
8.40058e-07
4.06642e-09
8.3998e-07
3.85571e-09
8.39963e-07
3.50273e-09
8.39948e-07
3.24773e-09
8.39941e-07
2.9976e-09
8.39971e-07
2.7313e-09
8.40055e-07
2.43966e-09
8.40201e-07
2.13327e-09
8.40362e-07
1.89315e-09
8.40605e-07
1.65997e-09
8.40864e-07
1.46387e-09
8.41121e-07
1.28931e-09
1.1797e-09
3.27261e-06
8.71126e-10
3.27211e-06
2.82674e-09
3.27162e-06
3.47078e-09
3.27124e-06
4.18122e-09
3.27104e-06
4.10554e-09
3.27104e-06
4.11246e-09
3.27121e-06
3.91645e-09
3.27156e-06
3.72427e-09
3.27195e-06
3.46506e-09
3.27229e-06
3.16197e-09
3.2727e-06
2.8333e-09
3.27316e-06
2.53972e-09
3.27361e-06
2.28303e-09
3.27392e-06
2.12639e-09
3.27417e-06
1.88231e-09
3.27442e-06
1.64959e-09
3.27464e-06
1.43469e-09
3.27486e-06
1.24257e-09
3.27508e-06
1.07529e-09
9.09456e-10
3.53996e-06
8.3421e-10
3.53999e-06
2.79301e-09
3.5401e-06
3.36559e-09
3.54028e-06
3.99285e-09
3.54032e-06
4.0716e-09
3.54025e-06
4.18422e-09
3.54013e-06
4.03059e-09
3.54001e-06
3.846e-09
3.53991e-06
3.56081e-09
3.53985e-06
3.23065e-09
3.53983e-06
2.84646e-09
3.54001e-06
2.36329e-09
3.54033e-06
1.96668e-09
3.54083e-06
1.62651e-09
3.54137e-06
1.33579e-09
3.54194e-06
1.07807e-09
3.54251e-06
8.7006e-10
3.54305e-06
7.01064e-10
3.54355e-06
5.79677e-10
5.09481e-10
3.82901e-06
7.17862e-10
3.82932e-06
2.48014e-09
3.82968e-06
3.00861e-09
3.8301e-06
3.57314e-09
3.83062e-06
3.55382e-09
3.83126e-06
3.54793e-09
3.83198e-06
3.30397e-09
3.83274e-06
3.08973e-09
3.83347e-06
2.83239e-09
3.83414e-06
2.55927e-09
3.83469e-06
2.29288e-09
3.83504e-06
2.01264e-09
3.83522e-06
1.78957e-09
3.8353e-06
1.54451e-09
3.83533e-06
1.30578e-09
3.83533e-06
1.08108e-09
3.8353e-06
8.94727e-10
3.83527e-06
7.36077e-10
3.83523e-06
6.15979e-10
5.11808e-10
4.14161e-06
5.69215e-10
4.14204e-06
2.05415e-09
4.14264e-06
2.40309e-09
4.14339e-06
2.82501e-09
4.14421e-06
2.73856e-09
4.14503e-06
2.72312e-09
4.1458e-06
2.53744e-09
4.14652e-06
2.3613e-09
4.1472e-06
2.15863e-09
4.14781e-06
1.94662e-09
4.14834e-06
1.76881e-09
4.14873e-06
1.61428e-09
4.14907e-06
1.44915e-09
4.14934e-06
1.27976e-09
4.14951e-06
1.13667e-09
4.14959e-06
9.97623e-10
4.14961e-06
8.80042e-10
4.14957e-06
7.69589e-10
4.14951e-06
6.75524e-10
5.73847e-10
4.47971e-06
4.04004e-10
4.48015e-06
1.61667e-09
4.4807e-06
1.85167e-09
4.48132e-06
2.20069e-09
4.48194e-06
2.11559e-09
4.48255e-06
2.11538e-09
4.48311e-06
1.97894e-09
4.48361e-06
1.86274e-09
4.48403e-06
1.73466e-09
4.4844e-06
1.57929e-09
4.48473e-06
1.44096e-09
4.48505e-06
1.29058e-09
4.48533e-06
1.1672e-09
4.48557e-06
1.04007e-09
4.48577e-06
9.36442e-10
4.48594e-06
8.33713e-10
4.48607e-06
7.43468e-10
4.48619e-06
6.51028e-10
4.48629e-06
5.80442e-10
5.26471e-10
4.84534e-06
2.83798e-10
4.8457e-06
1.26518e-09
4.84613e-06
1.41824e-09
4.84662e-06
1.70468e-09
4.84711e-06
1.62774e-09
4.84759e-06
1.63618e-09
4.84804e-06
1.53414e-09
4.84845e-06
1.44493e-09
4.84884e-06
1.3463e-09
4.84919e-06
1.234e-09
4.84949e-06
1.14329e-09
4.84974e-06
1.03896e-09
4.84995e-06
9.57792e-10
4.85012e-06
8.67286e-10
4.85026e-06
7.9419e-10
4.85038e-06
7.16613e-10
4.85047e-06
6.50929e-10
4.85054e-06
5.82551e-10
4.8506e-06
5.19949e-10
4.65442e-10
5.24084e-06
1.98068e-10
5.24112e-06
9.88705e-10
5.24145e-06
1.08655e-09
5.24183e-06
1.32112e-09
5.2422e-06
1.25622e-09
5.24257e-06
1.27172e-09
5.2429e-06
1.19933e-09
5.24321e-06
1.13798e-09
5.24349e-06
1.0716e-09
5.24373e-06
9.90585e-10
5.24395e-06
9.26844e-10
5.24414e-06
8.4558e-10
5.24431e-06
7.81859e-10
5.24448e-06
7.06662e-10
5.24462e-06
6.46459e-10
5.24476e-06
5.82101e-10
5.24488e-06
5.29319e-10
5.24499e-06
4.75622e-10
5.24508e-06
4.29856e-10
3.9267e-10
5.66864e-06
1.39014e-10
5.66885e-06
7.74073e-10
5.6691e-06
8.36451e-10
5.66939e-06
1.02764e-09
5.66968e-06
9.73823e-10
5.66996e-06
9.91486e-10
5.67022e-06
9.38701e-10
5.67046e-06
8.94206e-10
5.67069e-06
8.46473e-10
5.67089e-06
7.8403e-10
5.67108e-06
7.3665e-10
5.67125e-06
6.73913e-10
5.67141e-06
6.27084e-10
5.67155e-06
5.70273e-10
5.67167e-06
5.25893e-10
5.67177e-06
4.7636e-10
5.67187e-06
4.35595e-10
5.67195e-06
3.92719e-10
5.67202e-06
3.55915e-10
3.25399e-10
6.13136e-06
9.84882e-11
6.13153e-06
6.04373e-10
6.13172e-06
6.43897e-10
6.13195e-06
7.97153e-10
6.13218e-06
7.52629e-10
6.1324e-06
7.68896e-10
6.13261e-06
7.29427e-10
6.13281e-06
6.9644e-10
6.13299e-06
6.62032e-10
6.13316e-06
6.14746e-10
6.13332e-06
5.80593e-10
6.13346e-06
5.3309e-10
6.13358e-06
4.9893e-10
6.1337e-06
4.55721e-10
6.1338e-06
4.22522e-10
6.13389e-06
3.84145e-10
6.13398e-06
3.52552e-10
6.13405e-06
3.18407e-10
6.13412e-06
2.88897e-10
2.63908e-10
6.63187e-06
7.0249e-11
6.63201e-06
4.67121e-10
6.63216e-06
4.9245e-10
6.63234e-06
6.13267e-10
6.63252e-06
5.77634e-10
6.63269e-06
5.91807e-10
6.63286e-06
5.62537e-10
6.63302e-06
5.38141e-10
6.63317e-06
5.13168e-10
6.63331e-06
4.77128e-10
6.63344e-06
4.51779e-10
6.63355e-06
4.15039e-10
6.63366e-06
3.89025e-10
6.63376e-06
3.55337e-10
6.63386e-06
3.29744e-10
6.63394e-06
2.99862e-10
6.63402e-06
2.75556e-10
6.63409e-06
2.49192e-10
6.63415e-06
2.26629e-10
2.07661e-10
7.17324e-06
4.9718e-11
7.17336e-06
3.52254e-10
7.17348e-06
3.68495e-10
7.17363e-06
4.60851e-10
7.17378e-06
4.33259e-10
7.17392e-06
4.44713e-10
7.17406e-06
4.23199e-10
7.1742e-06
4.0526e-10
7.17432e-06
3.87173e-10
7.17444e-06
3.60156e-10
7.17455e-06
3.41533e-10
7.17465e-06
3.13796e-10
7.17475e-06
2.94423e-10
7.17483e-06
2.68936e-10
7.17491e-06
2.49765e-10
7.17499e-06
2.27187e-10
7.17505e-06
2.08965e-10
7.17511e-06
1.89108e-10
7.17517e-06
1.72226e-10
1.58092e-10
7.75881e-06
3.36565e-11
7.75891e-06
2.52061e-10
7.75902e-06
2.61974e-10
7.75915e-06
3.28568e-10
7.75928e-06
3.08108e-10
7.7594e-06
3.16468e-10
7.75953e-06
3.01163e-10
7.75964e-06
2.88524e-10
7.75975e-06
2.7608e-10
7.75986e-06
2.57125e-10
7.75995e-06
2.44508e-10
7.76004e-06
2.25202e-10
7.76013e-06
2.12093e-10
7.7602e-06
1.9439e-10
7.76027e-06
1.81251e-10
7.76033e-06
1.65385e-10
7.76039e-06
1.52528e-10
7.76044e-06
1.38182e-10
7.76048e-06
1.2581e-10
1.15163e-10
8.39219e-06
2.09591e-11
8.39227e-06
1.63445e-10
8.39237e-06
1.69194e-10
8.39248e-06
2.12713e-10
8.39259e-06
1.99235e-10
8.3927e-06
2.04837e-10
8.39281e-06
1.95021e-10
8.39291e-06
1.86929e-10
8.39301e-06
1.79029e-10
8.3931e-06
1.6677e-10
8.39318e-06
1.58697e-10
8.39326e-06
1.46152e-10
8.39334e-06
1.37684e-10
8.39341e-06
1.26156e-10
8.39347e-06
1.1764e-10
8.39353e-06
1.07336e-10
8.39358e-06
9.90472e-11
8.39363e-06
8.98141e-11
8.39367e-06
8.19094e-11
7.51624e-11
9.07727e-06
1.02012e-11
9.07735e-06
8.13822e-11
9.07743e-06
8.4088e-11
9.07754e-06
1.05862e-10
9.07764e-06
9.91123e-11
9.07774e-06
1.0195e-10
9.07784e-06
9.70899e-11
9.07793e-06
9.30702e-11
9.07802e-06
8.91607e-11
9.07811e-06
8.30367e-11
9.07819e-06
7.90157e-11
9.07826e-06
7.27338e-11
9.07833e-06
6.84996e-11
9.07839e-06
6.27269e-11
9.07845e-06
5.8473e-11
9.07851e-06
5.33313e-11
9.07856e-06
4.92138e-11
9.0786e-06
4.46371e-11
9.07864e-06
4.07418e-11
3.74437e-11
9.81827e-06
9.81835e-06
9.81844e-06
9.81854e-06
9.81864e-06
9.81874e-06
9.81884e-06
9.81893e-06
9.81902e-06
9.81911e-06
9.81919e-06
9.81926e-06
9.81933e-06
9.81939e-06
9.81945e-06
9.8195e-06
9.81955e-06
9.8196e-06
9.81964e-06
)
;

boundaryField
{
    top
    {
        type            calculated;
        value           uniform 0;
    }
    inlet
    {
        type            calculated;
        value           nonuniform List<scalar> 
45
(
-3.27275e-06
-3.53992e-06
-3.8289e-06
-4.14146e-06
-4.47954e-06
-4.84522e-06
-5.24076e-06
-5.66858e-06
-6.13132e-06
-6.63184e-06
-7.17322e-06
-7.7588e-06
-8.39217e-06
-9.07725e-06
-9.81826e-06
-8.40969e-08
-9.10464e-08
-9.85702e-08
-1.06716e-07
-1.15534e-07
-1.25082e-07
-1.35418e-07
-1.46609e-07
-1.58724e-07
-1.7184e-07
-1.86041e-07
-2.01414e-07
-2.18059e-07
-2.36078e-07
-2.55587e-07
-2.76708e-07
-2.99574e-07
-3.2433e-07
-3.51132e-07
-3.80148e-07
-4.11562e-07
-4.45572e-07
-4.82393e-07
-5.22256e-07
-5.65414e-07
-6.12138e-07
-6.62723e-07
-7.17488e-07
-7.76779e-07
-8.40969e-07
)
;
    }
    outlet
    {
        type            calculated;
        value           nonuniform List<scalar> 
45
(
3.2982e-06
3.56423e-06
3.85188e-06
4.16294e-06
4.4995e-06
4.86365e-06
5.2577e-06
5.68407e-06
6.14545e-06
6.64468e-06
7.18489e-06
7.76945e-06
8.40205e-06
9.08669e-06
9.82773e-06
6.54717e-09
2.18354e-08
4.03714e-08
6.17264e-08
8.4622e-08
1.06963e-07
1.26855e-07
1.43836e-07
1.58844e-07
1.73216e-07
1.87956e-07
2.03615e-07
2.2047e-07
2.38685e-07
2.58391e-07
2.79717e-07
3.02795e-07
3.2777e-07
3.54797e-07
3.84047e-07
4.15705e-07
4.49971e-07
4.87062e-07
5.27213e-07
5.70675e-07
6.17721e-07
6.68644e-07
7.23759e-07
7.83412e-07
8.47971e-07
)
;
    }
    plate
    {
        type            calculated;
        value           uniform 0;
    }
    symmBound
    {
        type            calculated;
        value           nonuniform List<scalar> 
20
(
-9.67018e-09
9.81999e-09
-8.18919e-09
6.04348e-09
-6.52803e-09
3.81111e-09
-4.02022e-09
2.50967e-09
-3.77165e-09
1.66975e-09
-3.28382e-09
8.33029e-10
-2.27966e-09
-4.00543e-11
-1.99183e-09
-1.02e-10
-1.41105e-09
-1.59365e-10
-1.01223e-09
-5.25748e-10
)
;
    }
    frontAndBack
    {
        type            empty;
        value           nonuniform 0();
    }
}


// ************************************************************************* //
