/*--------------------------------*- C++ -*----------------------------------*\
| =========                 |                                                 |
| \\      /  F ield         | OpenFOAM: The Open Source CFD Toolbox           |
|  \\    /   O peration     | Version:  5.x                                   |
|   \\  /    A nd           | Web:      www.OpenFOAM.org                      |
|    \\/     M anipulation  |                                                 |
\*---------------------------------------------------------------------------*/
FoamFile
{
    version     2.0;
    format      ascii;
    class       volVectorField;
    location    "0.1";
    object      U;
}
// * * * * * * * * * * * * * * * * * * * * * * * * * * * * * * * * * * * * * //

dimensions      [0 1 -1 0 0 0 0];

internalField   nonuniform List<vector> 
2475
(
(0.90868 0.0109715 0)
(0.810211 0.0144836 0)
(0.709288 0.0139932 0)
(0.605302 0.0126002 0)
(0.500627 0.0110199 0)
(0.40135 0.00878506 0)
(0.317976 0.00551572 0)
(0.261074 0.00193046 0)
(0.228113 -4.70028e-05 0)
(0.207699 -0.000470976 0)
(0.193625 -0.000390359 0)
(0.183082 -0.000235104 0)
(0.174199 -6.85141e-05 0)
(0.165977 6.21079e-05 0)
(0.158108 0.000131156 0)
(0.150627 0.000150425 0)
(0.143741 0.000140233 0)
(0.137446 0.000125854 0)
(0.131689 0.000113952 0)
(0.126357 9.99225e-05 0)
(0.121438 8.68104e-05 0)
(0.116855 7.7922e-05 0)
(0.112553 6.94395e-05 0)
(0.108559 6.21284e-05 0)
(0.104831 5.1445e-05 0)
(0.101386 4.86858e-05 0)
(0.0979987 4.64972e-05 0)
(0.0950051 3.76773e-05 0)
(0.0920483 3.15894e-05 0)
(0.0895127 3.32273e-05 0)
(0.0866876 2.73902e-05 0)
(0.0847325 2.39027e-05 0)
(0.0820875 2.05916e-05 0)
(0.0808914 1.94529e-05 0)
(0.0779958 1.77907e-05 0)
(0.964618 0.0197643 0)
(0.956121 0.0275747 0)
(0.940869 0.0286503 0)
(0.916444 0.0278143 0)
(0.881529 0.0266267 0)
(0.837143 0.0243851 0)
(0.787132 0.0203311 0)
(0.737484 0.0146112 0)
(0.692772 0.00938733 0)
(0.651787 0.00611589 0)
(0.613477 0.00424961 0)
(0.578002 0.00318493 0)
(0.545411 0.00255195 0)
(0.51571 0.00214527 0)
(0.48888 0.00183544 0)
(0.464705 0.0015729 0)
(0.443058 0.00133817 0)
(0.423444 0.0011545 0)
(0.405622 0.00101229 0)
(0.389251 0.000888956 0)
(0.374094 0.000781487 0)
(0.359967 0.00069608 0)
(0.346646 0.000616091 0)
(0.334365 0.000549089 0)
(0.322749 0.000476287 0)
(0.311985 0.000434286 0)
(0.301543 0.000390599 0)
(0.292424 0.000338646 0)
(0.283087 0.000294741 0)
(0.275291 0.000280342 0)
(0.266582 0.000233514 0)
(0.260635 0.000209633 0)
(0.252356 0.000171722 0)
(0.248828 0.000162713 0)
(0.240035 0.000130208 0)
(0.969856 0.0187073 0)
(0.969625 0.0265949 0)
(0.971467 0.0292368 0)
(0.972381 0.0294484 0)
(0.970026 0.029151 0)
(0.962902 0.0280099 0)
(0.950884 0.0250267 0)
(0.934588 0.0202054 0)
(0.91592 0.0152083 0)
(0.895373 0.0118384 0)
(0.872973 0.00990874 0)
(0.849307 0.00874662 0)
(0.824628 0.00784976 0)
(0.799215 0.00702084 0)
(0.773262 0.00619313 0)
(0.746994 0.00538319 0)
(0.720967 0.00462064 0)
(0.695494 0.00398194 0)
(0.670989 0.00345369 0)
(0.647715 0.00301208 0)
(0.625443 0.00264334 0)
(0.604392 0.00234959 0)
(0.583933 0.00207269 0)
(0.564943 0.00183805 0)
(0.546515 0.00161387 0)
(0.529405 0.001459 0)
(0.512406 0.00128845 0)
(0.497776 0.00113607 0)
(0.482154 0.000997946 0)
(0.469518 0.000926314 0)
(0.454789 0.000776064 0)
(0.445095 0.000704395 0)
(0.430738 0.000570183 0)
(0.424976 0.000539458 0)
(0.409775 0.000413512 0)
(0.975831 0.0177935 0)
(0.975203 0.0244116 0)
(0.977734 0.0277477 0)
(0.981983 0.0284127 0)
(0.986188 0.0281677 0)
(0.989165 0.0272543 0)
(0.990294 0.024911 0)
(0.989092 0.0210448 0)
(0.985391 0.0166947 0)
(0.979553 0.0135402 0)
(0.97175 0.0118677 0)
(0.962736 0.0110054 0)
(0.952491 0.0103667 0)
(0.941197 0.00973468 0)
(0.92843 0.00905411 0)
(0.914092 0.00833755 0)
(0.897985 0.0075787 0)
(0.880571 0.00687172 0)
(0.861916 0.00619561 0)
(0.843116 0.00557 0)
(0.823598 0.00500073 0)
(0.804722 0.00454235 0)
(0.784958 0.00409372 0)
(0.766162 0.00368834 0)
(0.746458 0.00329079 0)
(0.728096 0.00300836 0)
(0.708296 0.00266716 0)
(0.691659 0.00238211 0)
(0.672263 0.00210772 0)
(0.657306 0.00195319 0)
(0.638107 0.0016496 0)
(0.626378 0.00151452 0)
(0.606911 0.00123177 0)
(0.599762 0.00116821 0)
(0.578615 0.000884441 0)
(0.981351 0.0175652 0)
(0.980654 0.0229038 0)
(0.98256 0.02655 0)
(0.986679 0.0276218 0)
(0.991371 0.0272898 0)
(0.995776 0.0262374 0)
(0.999175 0.0240943 0)
(1.00156 0.0207825 0)
(1.00221 0.0169249 0)
(1.00151 0.0138904 0)
(0.99932 0.0122425 0)
(0.996819 0.0114864 0)
(0.993737 0.011013 0)
(0.99075 0.0105624 0)
(0.986855 0.010063 0)
(0.982373 0.00955028 0)
(0.975988 0.00897696 0)
(0.96866 0.00844571 0)
(0.959128 0.00787032 0)
(0.949383 0.00729453 0)
(0.937567 0.00670561 0)
(0.926542 0.00622496 0)
(0.913412 0.00574127 0)
(0.901551 0.00531254 0)
(0.886911 0.00485447 0)
(0.874017 0.00455513 0)
(0.857337 0.00411257 0)
(0.844512 0.00375487 0)
(0.826488 0.00337821 0)
(0.814059 0.00317989 0)
(0.794444 0.00272007 0)
(0.784119 0.00253748 0)
(0.763089 0.00209541 0)
(0.756722 0.00201741 0)
(0.732626 0.00154013 0)
(0.985878 0.0176236 0)
(0.985337 0.0219028 0)
(0.986789 0.0254491 0)
(0.99054 0.0268477 0)
(0.994971 0.0265297 0)
(0.999468 0.025348 0)
(1.00288 0.0233043 0)
(1.00572 0.0203957 0)
(1.00698 0.0169694 0)
(1.0075 0.0140456 0)
(1.00649 0.0123123 0)
(1.00572 0.01152 0)
(1.00441 0.0110832 0)
(1.00416 0.0107075 0)
(1.00324 0.0102703 0)
(1.00306 0.00986068 0)
(1.00117 0.00940058 0)
(0.999648 0.00902507 0)
(0.995747 0.00857199 0)
(0.992606 0.00810571 0)
(0.986699 0.00756332 0)
(0.982459 0.00712004 0)
(0.975255 0.00663551 0)
(0.970634 0.00624895 0)
(0.962102 0.00580358 0)
(0.956592 0.00558492 0)
(0.945664 0.00513317 0)
(0.939419 0.00478766 0)
(0.926417 0.0043796 0)
(0.919979 0.00422655 0)
(0.904326 0.00368111 0)
(0.898194 0.00349599 0)
(0.880227 0.00292916 0)
(0.87697 0.00288752 0)
(0.855322 0.00226851 0)
(0.989175 0.0177395 0)
(0.988803 0.0211809 0)
(0.98993 0.0242745 0)
(0.99334 0.0258182 0)
(0.997414 0.0256119 0)
(1.00192 0.0244241 0)
(1.00515 0.0225006 0)
(1.00807 0.0199567 0)
(1.00927 0.0169627 0)
(1.01015 0.0142142 0)
(1.00924 0.0123943 0)
(1.00884 0.0115205 0)
(1.00753 0.011061 0)
(1.0078 0.0107103 0)
(1.00722 0.0102701 0)
(1.00821 0.00988836 0)
(1.00748 0.0094562 0)
(1.00817 0.00916109 0)
(1.0065 0.00877896 0)
(1.00653 0.00840276 0)
(1.00353 0.00790281 0)
(1.00299 0.00750872 0)
(0.998943 0.00701259 0)
(0.998427 0.00665259 0)
(0.993747 0.00620944 0)
(0.993096 0.00607294 0)
(0.986909 0.00565075 0)
(0.985609 0.00534796 0)
(0.977695 0.00493398 0)
(0.976419 0.00485624 0)
(0.966485 0.00430981 0)
(0.964422 0.00416634 0)
(0.951924 0.0035144 0)
(0.951879 0.00351999 0)
(0.936926 0.00287788 0)
(0.991347 0.0177875 0)
(0.991047 0.0205519 0)
(0.991926 0.0230694 0)
(0.995008 0.0245966 0)
(0.998699 0.0245638 0)
(1.00314 0.0234939 0)
(1.00626 0.0217294 0)
(1.00924 0.0194944 0)
(1.01042 0.0168911 0)
(1.01151 0.0143682 0)
(1.01071 0.0125011 0)
(1.01046 0.0115377 0)
(1.00904 0.0110322 0)
(1.00926 0.0106929 0)
(1.00852 0.0102415 0)
(1.00959 0.00986508 0)
(1.00902 0.00941877 0)
(1.01022 0.00915152 0)
(1.0093 0.00879534 0)
(1.01041 0.0084788 0)
(1.0087 0.00800583 0)
(1.00957 0.0076604 0)
(1.00706 0.00715949 0)
(1.00792 0.00680574 0)
(1.00515 0.00634271 0)
(1.00623 0.00624558 0)
(1.00293 0.00585397 0)
(1.00368 0.00558372 0)
(0.999308 0.00516368 0)
(1.00028 0.00512742 0)
(0.995107 0.00461532 0)
(0.995256 0.00453671 0)
(0.987801 0.00383408 0)
(0.989214 0.00383832 0)
(0.981239 0.0032625 0)
(0.992767 0.0176799 0)
(0.992409 0.0199225 0)
(0.993113 0.0219139 0)
(0.995852 0.0233134 0)
(0.999179 0.0234456 0)
(1.00343 0.0225527 0)
(1.00648 0.0209704 0)
(1.00945 0.0189938 0)
(1.0107 0.0167238 0)
(1.01191 0.0144546 0)
(1.01138 0.0126026 0)
(1.01124 0.0115598 0)
(1.00992 0.0110011 0)
(1.00999 0.0106726 0)
(1.00926 0.0102214 0)
(1.0101 0.00985221 0)
(1.00964 0.00937905 0)
(1.01072 0.00910982 0)
(1.01019 0.00875099 0)
(1.01142 0.00846752 0)
(1.01044 0.00801175 0)
(1.01155 0.0077076 0)
(1.01002 0.00721908 0)
(1.01098 0.00686925 0)
(1.00927 0.00638454 0)
(1.01038 0.00629412 0)
(1.00867 0.00592319 0)
(1.00969 0.00566652 0)
(1.00737 0.0052428 0)
(1.00858 0.00521207 0)
(1.00621 0.00472539 0)
(1.00701 0.00471037 0)
(1.00297 0.00399033 0)
(1.00431 0.00394266 0)
(1.00089 0.00345486 0)
(0.993813 0.01741 0)
(0.993298 0.0192769 0)
(0.99388 0.0208482 0)
(0.996266 0.0220462 0)
(0.999275 0.0222843 0)
(1.0032 0.0215824 0)
(1.00622 0.0202058 0)
(1.00907 0.0184646 0)
(1.01047 0.0164772 0)
(1.01168 0.0144641 0)
(1.01148 0.0126868 0)
(1.01141 0.0115854 0)
(1.01036 0.0109713 0)
(1.01027 0.0106504 0)
(1.00968 0.0102044 0)
(1.01027 0.00984746 0)
(1.00999 0.00935029 0)
(1.01082 0.00906584 0)
(1.01058 0.00869012 0)
(1.0116 0.00842229 0)
(1.01112 0.00797915 0)
(1.01206 0.00770635 0)
(1.0112 0.00723674 0)
(1.01198 0.00689895 0)
(1.0109 0.00640231 0)
(1.01168 0.00630762 0)
(1.01076 0.00594786 0)
(1.01155 0.00569221 0)
(1.01025 0.00527042 0)
(1.01116 0.00523266 0)
(1.01001 0.0047538 0)
(1.0108 0.00478178 0)
(1.00873 0.00407285 0)
(1.00952 0.00396082 0)
(1.00813 0.00354299 0)
(0.994703 0.0170204 0)
(0.993982 0.0186098 0)
(0.994453 0.0198587 0)
(0.996515 0.0208363 0)
(0.999255 0.021119 0)
(1.00282 0.020602 0)
(1.00578 0.0194411 0)
(1.00848 0.0179245 0)
(1.00999 0.0161764 0)
(1.01117 0.0144054 0)
(1.01126 0.0127484 0)
(1.01126 0.0116162 0)
(1.01048 0.0109429 0)
(1.01029 0.0106164 0)
(1.00986 0.0101727 0)
(1.01025 0.00983248 0)
(1.01015 0.00932446 0)
(1.01077 0.00902649 0)
(1.01075 0.00862882 0)
(1.01155 0.00836698 0)
(1.01134 0.00793259 0)
(1.01209 0.00768356 0)
(1.0116 0.00722785 0)
(1.01225 0.00691145 0)
(1.01151 0.00641155 0)
(1.01209 0.00631266 0)
(1.01149 0.00595896 0)
(1.01211 0.00569915 0)
(1.01122 0.00528314 0)
(1.01195 0.00523777 0)
(1.01121 0.0047608 0)
(1.01184 0.00480293 0)
(1.01082 0.00412342 0)
(1.01118 0.00396545 0)
(1.01041 0.003594 0)
(0.995511 0.0165512 0)
(0.994575 0.0179154 0)
(0.994915 0.018926 0)
(0.996713 0.0197041 0)
(0.999215 0.0199844 0)
(1.00244 0.0196208 0)
(1.00529 0.0186613 0)
(1.00785 0.0173637 0)
(1.00942 0.0158306 0)
(1.01058 0.0142842 0)
(1.01086 0.0127747 0)
(1.01097 0.0116419 0)
(1.0104 0.0109057 0)
(1.01019 0.0105597 0)
(1.00985 0.0101192 0)
(1.01014 0.00979925 0)
(1.01015 0.00929276 0)
(1.01065 0.00898937 0)
(1.01075 0.00856892 0)
(1.01143 0.00830786 0)
(1.01134 0.0078782 0)
(1.01198 0.00765054 0)
(1.01164 0.00720229 0)
(1.01224 0.00691259 0)
(1.01165 0.00641375 0)
(1.01217 0.00631308 0)
(1.01167 0.00596499 0)
(1.01224 0.00569914 0)
(1.01148 0.00529143 0)
(1.01215 0.00523808 0)
(1.01153 0.00476748 0)
(1.01204 0.00479855 0)
(1.01153 0.00415745 0)
(1.01167 0.00397832 0)
(1.01102 0.00363751 0)
(0.996252 0.0160285 0)
(0.995109 0.0172018 0)
(0.995294 0.0180404 0)
(0.996881 0.018652 0)
(0.999169 0.0188975 0)
(1.00211 0.0186512 0)
(1.00482 0.0178685 0)
(1.00725 0.016785 0)
(1.00884 0.0154565 0)
(1.01 0.0141115 0)
(1.01039 0.0127538 0)
(1.01061 0.0116536 0)
(1.01021 0.0108624 0)
(1.01003 0.0104899 0)
(1.00974 0.0100524 0)
(1.00999 0.00974862 0)
(1.01004 0.00924733 0)
(1.01051 0.00894859 0)
(1.01065 0.00851215 0)
(1.01128 0.00825174 0)
(1.01123 0.00782188 0)
(1.01183 0.00761514 0)
(1.01154 0.00717072 0)
(1.01211 0.00690669 0)
(1.0116 0.00641114 0)
(1.01211 0.00631188 0)
(1.01164 0.00597156 0)
(1.01219 0.00569751 0)
(1.01149 0.00529981 0)
(1.01214 0.00523555 0)
(1.01156 0.00477799 0)
(1.01199 0.00478209 0)
(1.01172 0.00418288 0)
(1.01177 0.00399964 0)
(1.01114 0.00368103 0)
(0.99693 0.0154548 0)
(0.99559 0.0164665 0)
(0.9956 0.0171748 0)
(0.997008 0.0176586 0)
(0.999111 0.0178537 0)
(1.00181 0.0176978 0)
(1.00436 0.0170673 0)
(1.00669 0.0161833 0)
(1.00825 0.01505 0)
(1.00943 0.0138829 0)
(1.00989 0.0126721 0)
(1.0102 0.0116418 0)
(1.00995 0.0108176 0)
(1.00983 0.0104127 0)
(1.00958 0.00996909 0)
(1.0098 0.00967558 0)
(1.00988 0.00918016 0)
(1.01033 0.00889548 0)
(1.0105 0.00845421 0)
(1.01111 0.00819778 0)
(1.01108 0.00776254 0)
(1.01166 0.00757419 0)
(1.01138 0.00713394 0)
(1.01193 0.00689324 0)
(1.01147 0.00640368 0)
(1.01198 0.00630855 0)
(1.01153 0.005978 0)
(1.01206 0.00569377 0)
(1.01141 0.00530831 0)
(1.01204 0.00523001 0)
(1.01149 0.00479056 0)
(1.01188 0.00476146 0)
(1.01169 0.004205 0)
(1.01171 0.00402553 0)
(1.01111 0.00372477 0)
(0.997549 0.014838 0)
(0.996019 0.015714 0)
(0.99585 0.0163185 0)
(0.997095 0.016716 0)
(0.99904 0.0168585 0)
(1.00154 0.0167693 0)
(1.00394 0.0162719 0)
(1.00616 0.0155611 0)
(1.00769 0.0146102 0)
(1.00886 0.0136076 0)
(1.00937 0.0125395 0)
(1.00977 0.0116036 0)
(1.00963 0.0107714 0)
(1.0096 0.0103295 0)
(1.00937 0.00987141 0)
(1.00959 0.00958826 0)
(1.00968 0.00909929 0)
(1.01013 0.00882964 0)
(1.01031 0.00839149 0)
(1.01091 0.00814542 0)
(1.0109 0.00770531 0)
(1.01145 0.00752869 0)
(1.01119 0.00709416 0)
(1.01172 0.00687675 0)
(1.01131 0.00639445 0)
(1.01181 0.00630322 0)
(1.01138 0.00598275 0)
(1.01189 0.00568696 0)
(1.01129 0.00531699 0)
(1.0119 0.00522229 0)
(1.01137 0.00480256 0)
(1.01175 0.00473928 0)
(1.01158 0.00422586 0)
(1.01159 0.0040532 0)
(1.01104 0.00376759 0)
(0.998112 0.0141886 0)
(0.996401 0.014953 0)
(0.996056 0.0154736 0)
(0.997143 0.0158163 0)
(0.998952 0.0159154 0)
(1.0013 0.015867 0)
(1.00354 0.0154861 0)
(1.00567 0.0149165 0)
(1.00715 0.0141339 0)
(1.00832 0.0132894 0)
(1.00885 0.0123563 0)
(1.00931 0.0115204 0)
(1.00927 0.0107047 0)
(1.00932 0.0102362 0)
(1.00913 0.00976029 0)
(1.00935 0.00948598 0)
(1.00944 0.00900459 0)
(1.0099 0.0087458 0)
(1.01008 0.00831733 0)
(1.01067 0.00808942 0)
(1.01068 0.00765323 0)
(1.01122 0.00748039 0)
(1.01098 0.00704867 0)
(1.01147 0.00685628 0)
(1.01112 0.00638181 0)
(1.0116 0.00629425 0)
(1.01121 0.00598639 0)
(1.01168 0.00567876 0)
(1.01115 0.00532696 0)
(1.01173 0.00521444 0)
(1.01123 0.00481369 0)
(1.01159 0.00471791 0)
(1.01143 0.00424711 0)
(1.01144 0.00408217 0)
(1.01093 0.00380913 0)
(0.998624 0.0135215 0)
(0.996741 0.0141907 0)
(0.99623 0.0146443 0)
(0.997163 0.0149497 0)
(0.998848 0.0150278 0)
(1.00106 0.0149971 0)
(1.00318 0.0147149 0)
(1.00522 0.0142625 0)
(1.00664 0.0136308 0)
(1.00778 0.0129374 0)
(1.00833 0.0121254 0)
(1.00883 0.0113918 0)
(1.00887 0.0106126 0)
(1.00899 0.0101381 0)
(1.00885 0.00964074 0)
(1.00908 0.00936624 0)
(1.00917 0.00889655 0)
(1.00964 0.0086456 0)
(1.00983 0.00823179 0)
(1.01041 0.00802524 0)
(1.01043 0.00760355 0)
(1.01096 0.00743314 0)
(1.01074 0.00699481 0)
(1.0112 0.00682853 0)
(1.0109 0.00636643 0)
(1.01138 0.00628241 0)
(1.01101 0.00598842 0)
(1.01145 0.00566753 0)
(1.01099 0.00533472 0)
(1.01153 0.00520505 0)
(1.01106 0.00482216 0)
(1.0114 0.00469736 0)
(1.01125 0.00426867 0)
(1.01126 0.00411143 0)
(1.0108 0.00384869 0)
(0.999088 0.012849 0)
(0.997047 0.0134306 0)
(0.996381 0.013831 0)
(0.99717 0.0141073 0)
(0.998734 0.0141858 0)
(1.00085 0.0141613 0)
(1.00284 0.0139544 0)
(1.0048 0.013609 0)
(1.00617 0.0131007 0)
(1.00728 0.0125516 0)
(1.00783 0.0118481 0)
(1.00834 0.0112221 0)
(1.00844 0.0104914 0)
(1.00864 0.0100263 0)
(1.00854 0.00951546 0)
(1.00878 0.00923256 0)
(1.00888 0.00877919 0)
(1.00935 0.0085344 0)
(1.00956 0.00813679 0)
(1.01012 0.00794872 0)
(1.01016 0.00754526 0)
(1.01066 0.00738808 0)
(1.01047 0.00693663 0)
(1.01091 0.00679156 0)
(1.01066 0.00634968 0)
(1.01112 0.0062683 0)
(1.01079 0.00598607 0)
(1.01118 0.00565128 0)
(1.0108 0.00533878 0)
(1.01131 0.0051958 0)
(1.01087 0.00482881 0)
(1.0112 0.00467714 0)
(1.01106 0.00428923 0)
(1.01107 0.0041412 0)
(1.01065 0.00388671 0)
(0.99951 0.0121737 0)
(0.997325 0.0126759 0)
(0.996519 0.0130307 0)
(0.997175 0.0132845 0)
(0.998621 0.0133711 0)
(1.00064 0.0133624 0)
(1.00255 0.0132049 0)
(1.00441 0.012961 0)
(1.00574 0.0125456 0)
(1.00681 0.01213 0)
(1.00734 0.0115302 0)
(1.00785 0.0110046 0)
(1.008 0.010334 0)
(1.00825 0.00988123 0)
(1.0082 0.00937746 0)
(1.00845 0.00908435 0)
(1.00856 0.00864638 0)
(1.00905 0.00841127 0)
(1.00926 0.00803235 0)
(1.00982 0.00786098 0)
(1.00987 0.00747068 0)
(1.01035 0.00734002 0)
(1.01018 0.0068823 0)
(1.0106 0.00674504 0)
(1.0104 0.00632701 0)
(1.01085 0.00625121 0)
(1.01055 0.00597967 0)
(1.0109 0.0056341 0)
(1.0106 0.00534029 0)
(1.01107 0.00518686 0)
(1.01066 0.00483497 0)
(1.01098 0.00465879 0)
(1.01084 0.0043083 0)
(1.01085 0.00417026 0)
(1.01047 0.00392271 0)
(0.999896 0.0115077 0)
(0.997581 0.0119443 0)
(0.996652 0.0122539 0)
(0.997189 0.0124936 0)
(0.998526 0.0125863 0)
(1.00045 0.0126102 0)
(1.00228 0.012484 0)
(1.00408 0.0123241 0)
(1.00535 0.0119847 0)
(1.00638 0.0116768 0)
(1.00689 0.0111868 0)
(1.00739 0.0107433 0)
(1.00755 0.0101496 0)
(1.00785 0.00970991 0)
(1.00784 0.00922381 0)
(1.00811 0.00893245 0)
(1.00824 0.00850053 0)
(1.00873 0.00827963 0)
(1.00897 0.00791953 0)
(1.00951 0.00776826 0)
(1.00958 0.00738464 0)
(1.01002 0.00727797 0)
(1.00987 0.00683378 0)
(1.01028 0.00669506 0)
(1.01013 0.00629451 0)
(1.01057 0.00623205 0)
(1.0103 0.00596931 0)
(1.01061 0.00561482 0)
(1.01039 0.00533517 0)
(1.01082 0.00517277 0)
(1.01044 0.00483818 0)
(1.01074 0.00464232 0)
(1.01062 0.00432619 0)
(1.01063 0.00419858 0)
(1.01029 0.003957 0)
(1.00025 0.010848 0)
(0.997818 0.0112319 0)
(0.996784 0.0115004 0)
(0.997217 0.0117298 0)
(0.998458 0.0118301 0)
(1.00029 0.0118879 0)
(1.00206 0.0117963 0)
(1.00378 0.0116896 0)
(1.00501 0.0114273 0)
(1.00601 0.0111905 0)
(1.00647 0.0108121 0)
(1.00695 0.0104417 0)
(1.00712 0.00992656 0)
(1.00745 0.00951666 0)
(1.00748 0.00903683 0)
(1.00777 0.00877259 0)
(1.00791 0.00834062 0)
(1.00842 0.00813309 0)
(1.00867 0.00779672 0)
(1.00919 0.00766992 0)
(1.00928 0.00729636 0)
(1.00969 0.00718922 0)
(1.00956 0.00677392 0)
(1.00995 0.00664835 0)
(1.00986 0.00625303 0)
(1.01029 0.00620863 0)
(1.01004 0.0059561 0)
(1.01031 0.00559383 0)
(1.01017 0.00532584 0)
(1.01056 0.00515478 0)
(1.01021 0.00484042 0)
(1.0105 0.0046289 0)
(1.0104 0.00434134 0)
(1.0104 0.00422614 0)
(1.01009 0.00399031 0)
(1.00058 0.0101951 0)
(0.998043 0.0105283 0)
(0.996916 0.0107693 0)
(0.997262 0.0109808 0)
(0.998419 0.0110974 0)
(1.00017 0.0111753 0)
(1.00186 0.0111341 0)
(1.00353 0.0110607 0)
(1.00471 0.0108735 0)
(1.00568 0.010689 0)
(1.00611 0.0103973 0)
(1.00654 0.0101152 0)
(1.0067 0.0096558 0)
(1.00704 0.00930687 0)
(1.00712 0.0088196 0)
(1.00742 0.00859035 0)
(1.00758 0.00817337 0)
(1.00811 0.0079659 0)
(1.00838 0.00766503 0)
(1.00888 0.00755848 0)
(1.00897 0.00721221 0)
(1.00936 0.0070868 0)
(1.00926 0.00668984 0)
(1.00962 0.00661096 0)
(1.00959 0.00621294 0)
(1.01002 0.00617065 0)
(1.00978 0.00593468 0)
(1.01001 0.00557269 0)
(1.00996 0.00531442 0)
(1.01031 0.00513225 0)
(1.00998 0.00483968 0)
(1.01026 0.00462137 0)
(1.01017 0.00435521 0)
(1.01018 0.00425037 0)
(1.00989 0.00402206 0)
(1.00088 0.00955977 0)
(0.998253 0.0098408 0)
(0.997046 0.0100679 0)
(0.997322 0.0102555 0)
(0.998408 0.0103908 0)
(1.00008 0.0104829 0)
(1.0017 0.01049 0)
(1.00331 0.0104571 0)
(1.00446 0.0103175 0)
(1.00539 0.0101942 0)
(1.00579 0.00994321 0)
(1.00617 0.00976641 0)
(1.00631 0.00934717 0)
(1.00664 0.00907365 0)
(1.00675 0.00859787 0)
(1.00709 0.00837687 0)
(1.00724 0.00801437 0)
(1.0078 0.00779019 0)
(1.0081 0.00752161 0)
(1.00857 0.00742882 0)
(1.00867 0.00711736 0)
(1.00902 0.00699159 0)
(1.00896 0.00657522 0)
(1.0093 0.00655942 0)
(1.00932 0.00618458 0)
(1.00974 0.00611902 0)
(1.00952 0.00590196 0)
(1.00971 0.00555369 0)
(1.00975 0.00529765 0)
(1.01006 0.00510082 0)
(1.00975 0.00482936 0)
(1.01002 0.0046166 0)
(1.00995 0.00437085 0)
(1.00997 0.00427412 0)
(1.00969 0.0040531 0)
(1.00116 0.00893194 0)
(0.998451 0.00917139 0)
(0.997178 0.00938288 0)
(0.997392 0.00955963 0)
(0.998425 0.00969935 0)
(1.00003 0.00982166 0)
(1.00159 0.00985239 0)
(1.00312 0.00988266 0)
(1.00423 0.00975915 0)
(1.00512 0.00970764 0)
(1.00551 0.00947067 0)
(1.00584 0.00937684 0)
(1.00593 0.00901633 0)
(1.00625 0.0087907 0)
(1.00638 0.00837481 0)
(1.00676 0.00812742 0)
(1.00692 0.00784344 0)
(1.00748 0.00761558 0)
(1.00783 0.00734801 0)
(1.00827 0.00728864 0)
(1.00837 0.0069986 0)
(1.00867 0.00691544 0)
(1.00866 0.00645881 0)
(1.00899 0.00646368 0)
(1.00904 0.00616674 0)
(1.00946 0.00607031 0)
(1.00926 0.00585186 0)
(1.00941 0.00553683 0)
(1.00953 0.00527931 0)
(1.00981 0.00506615 0)
(1.00953 0.00481296 0)
(1.00979 0.00461098 0)
(1.00973 0.00438369 0)
(1.00976 0.00429533 0)
(1.0095 0.00408428 0)
(1.00142 0.00831187 0)
(0.998632 0.00853108 0)
(0.997314 0.00871306 0)
(0.997472 0.00889751 0)
(0.998475 0.00902303 0)
(1.00001 0.00918528 0)
(1.00152 0.00922187 0)
(1.00298 0.00931411 0)
(1.00404 0.00920994 0)
(1.00488 0.00920835 0)
(1.00525 0.00900489 0)
(1.00555 0.00893666 0)
(1.00559 0.00867166 0)
(1.0059 0.00846183 0)
(1.006 0.00814103 0)
(1.00643 0.00788014 0)
(1.00661 0.00764111 0)
(1.00715 0.00746491 0)
(1.00756 0.00714923 0)
(1.00799 0.00713989 0)
(1.00809 0.00685608 0)
(1.00831 0.00682347 0)
(1.00834 0.00637775 0)
(1.0087 0.00632544 0)
(1.00877 0.00612707 0)
(1.00917 0.00603845 0)
(1.009 0.0057797 0)
(1.00912 0.00551011 0)
(1.00931 0.0052573 0)
(1.00956 0.00502731 0)
(1.00931 0.00479201 0)
(1.00955 0.00460407 0)
(1.00951 0.00440029 0)
(1.00955 0.00431489 0)
(1.00932 0.00411296 0)
(1.00165 0.00769613 0)
(0.998798 0.00790959 0)
(0.997446 0.00806824 0)
(0.997559 0.00826258 0)
(0.998541 0.00838262 0)
(1.00002 0.00856621 0)
(1.00149 0.00862445 0)
(1.00286 0.00874253 0)
(1.00387 0.0086876 0)
(1.00467 0.00869186 0)
(1.005 0.00854759 0)
(1.00529 0.00846557 0)
(1.00527 0.00828714 0)
(1.00556 0.00810599 0)
(1.00565 0.00785487 0)
(1.0061 0.0076485 0)
(1.00633 0.00739096 0)
(1.00682 0.00731864 0)
(1.00728 0.00695331 0)
(1.0077 0.0069568 0)
(1.00781 0.00670394 0)
(1.00796 0.00668005 0)
(1.008 0.00633537 0)
(1.0084 0.00620223 0)
(1.00852 0.00602873 0)
(1.00887 0.00601363 0)
(1.00873 0.00571766 0)
(1.00884 0.00546956 0)
(1.00909 0.00522765 0)
(1.00931 0.00498219 0)
(1.00908 0.00476643 0)
(1.00932 0.00458612 0)
(1.0093 0.00440901 0)
(1.00935 0.00433612 0)
(1.00913 0.00414289 0)
(1.00187 0.00708024 0)
(0.998965 0.007285 0)
(0.997586 0.00744771 0)
(0.997664 0.00764302 0)
(0.998626 0.00778288 0)
(1.00007 0.00796669 0)
(1.00148 0.00806542 0)
(1.00279 0.0081856 0)
(1.00372 0.00818694 0)
(1.00447 0.00818831 0)
(1.00475 0.00808818 0)
(1.00503 0.00800958 0)
(1.00499 0.00785876 0)
(1.00524 0.00774777 0)
(1.00534 0.00751723 0)
(1.00576 0.00741269 0)
(1.00605 0.00712735 0)
(1.0065 0.00712741 0)
(1.00696 0.00678772 0)
(1.00742 0.00672771 0)
(1.00752 0.00653279 0)
(1.00764 0.00649961 0)
(1.00766 0.00626883 0)
(1.00806 0.00613722 0)
(1.00828 0.00588417 0)
(1.00859 0.00593728 0)
(1.00843 0.00569134 0)
(1.00854 0.0054328 0)
(1.00884 0.00518041 0)
(1.00905 0.00493632 0)
(1.00885 0.00474915 0)
(1.00908 0.00456966 0)
(1.00907 0.00441122 0)
(1.00913 0.00435722 0)
(1.00895 0.00417332 0)
(1.00207 0.00643767 0)
(0.999145 0.0066394 0)
(0.997746 0.00682014 0)
(0.997795 0.00703111 0)
(0.998732 0.00719789 0)
(1.00014 0.00739523 0)
(1.00149 0.00752394 0)
(1.00273 0.00766145 0)
(1.00358 0.00769415 0)
(1.00427 0.00771605 0)
(1.00451 0.00762961 0)
(1.00476 0.00757627 0)
(1.00472 0.00742509 0)
(1.00494 0.00737695 0)
(1.00505 0.00717434 0)
(1.00545 0.00714328 0)
(1.00576 0.00689347 0)
(1.0062 0.00688998 0)
(1.00662 0.00663315 0)
(1.00711 0.00650658 0)
(1.00724 0.00631077 0)
(1.00733 0.00631929 0)
(1.00734 0.00612503 0)
(1.00769 0.00608103 0)
(1.00799 0.00576505 0)
(1.00833 0.00575085 0)
(1.00814 0.00563511 0)
(1.00822 0.00541 0)
(1.00858 0.00508785 0)
(1.00879 0.00485283 0)
(1.0086 0.00471792 0)
(1.00882 0.00454181 0)
(1.00884 0.00439133 0)
(1.00891 0.0043689 0)
(1.00875 0.00419905 0)
(1.00226 0.00575755 0)
(0.999356 0.00596399 0)
(0.99796 0.00615492 0)
(0.997981 0.00639914 0)
(0.998888 0.00659321 0)
(1.00025 0.00681966 0)
(1.00154 0.00697634 0)
(1.00271 0.0071377 0)
(1.00347 0.00720281 0)
(1.00407 0.00724446 0)
(1.00427 0.00718674 0)
(1.00449 0.00714655 0)
(1.00445 0.00702864 0)
(1.00467 0.00700621 0)
(1.00479 0.00686602 0)
(1.00517 0.006879 0)
(1.00548 0.00669451 0)
(1.00591 0.00669747 0)
(1.00627 0.00647587 0)
(1.00674 0.00639167 0)
(1.00695 0.00612408 0)
(1.00702 0.00619236 0)
(1.00704 0.00602764 0)
(1.00733 0.00602746 0)
(1.00763 0.0057849 0)
(1.00804 0.00560242 0)
(1.00789 0.00554955 0)
(1.00788 0.00546591 0)
(1.00827 0.00504923 0)
(1.00852 0.00477602 0)
(1.00836 0.0047013 0)
(1.00854 0.00454402 0)
(1.0086 0.00437506 0)
(1.00867 0.0043836 0)
(1.00855 0.00423128 0)
(1.0024 0.00511064 0)
(0.999578 0.00528971 0)
(0.998214 0.00548263 0)
(0.998232 0.00573016 0)
(0.999096 0.00595116 0)
(1.00041 0.00617789 0)
(1.00163 0.0063617 0)
(1.00271 0.00651687 0)
(1.00338 0.00661228 0)
(1.00389 0.00665426 0)
(1.00403 0.00662897 0)
(1.00422 0.00659907 0)
(1.00421 0.00651347 0)
(1.00442 0.00651887 0)
(1.00457 0.00641698 0)
(1.00492 0.00648251 0)
(1.00522 0.00632966 0)
(1.00561 0.00638167 0)
(1.00595 0.00615147 0)
(1.00637 0.0061423 0)
(1.00663 0.0058604 0)
(1.00674 0.00591114 0)
(1.00674 0.00584134 0)
(1.00699 0.0058222 0)
(1.00725 0.00570243 0)
(1.00769 0.0054673 0)
(1.00767 0.00534507 0)
(1.00756 0.00541469 0)
(1.0079 0.0050101 0)
(1.00823 0.00466976 0)
(1.00811 0.00462536 0)
(1.00823 0.00452125 0)
(1.00833 0.00434923 0)
(1.00841 0.00437054 0)
(1.00833 0.00424663 0)
(1.00242 0.00424323 0)
(0.999959 0.00438659 0)
(0.998771 0.00457996 0)
(0.998832 0.00480233 0)
(0.999597 0.00502498 0)
(1.00077 0.00522836 0)
(1.0018 0.00540016 0)
(1.00267 0.00553799 0)
(1.00312 0.00562366 0)
(1.00341 0.00568722 0)
(1.00346 0.00568104 0)
(1.00355 0.00570979 0)
(1.00362 0.00565604 0)
(1.00381 0.00571605 0)
(1.00406 0.00564765 0)
(1.00434 0.00574338 0)
(1.00462 0.00564332 0)
(1.00489 0.00571759 0)
(1.00515 0.00556681 0)
(1.00551 0.00558158 0)
(1.00578 0.00541345 0)
(1.00607 0.00542281 0)
(1.00606 0.0054039 0)
(1.00621 0.00543083 0)
(1.00642 0.00536276 0)
(1.00678 0.00526524 0)
(1.00713 0.00506034 0)
(1.00691 0.00508729 0)
(1.00701 0.00485431 0)
(1.00748 0.00454088 0)
(1.00755 0.00441057 0)
(1.0075 0.00438421 0)
(1.00767 0.00427825 0)
(1.00777 0.00430507 0)
(1.00777 0.00423328 0)
(1.00243 0.0026316 0)
(1.00043 0.00276878 0)
(0.999491 0.0030049 0)
(0.999548 0.00327756 0)
(1.00016 0.00354333 0)
(1.00104 0.00377533 0)
(1.0018 0.00394326 0)
(1.00238 0.00408284 0)
(1.00266 0.00415536 0)
(1.00277 0.00425211 0)
(1.00277 0.00428581 0)
(1.00281 0.00439219 0)
(1.00291 0.00441533 0)
(1.00309 0.004537 0)
(1.00334 0.00454353 0)
(1.00358 0.00465617 0)
(1.0038 0.00463921 0)
(1.00399 0.00472976 0)
(1.00415 0.00469913 0)
(1.0044 0.00476251 0)
(1.00466 0.00472087 0)
(1.00494 0.0047692 0)
(1.00508 0.00475272 0)
(1.00514 0.00485973 0)
(1.00534 0.00483753 0)
(1.00554 0.00487763 0)
(1.00595 0.00471045 0)
(1.00595 0.00462248 0)
(1.00595 0.00451578 0)
(1.00623 0.00433586 0)
(1.00652 0.00412831 0)
(1.00648 0.00414441 0)
(1.00664 0.00413378 0)
(1.00675 0.00417945 0)
(1.00687 0.00415804 0)
(1.0018 0.00180159 0)
(1.00143 0.00192771 0)
(1.00132 0.00216011 0)
(1.00143 0.00242768 0)
(1.00163 0.00268083 0)
(1.00187 0.00289415 0)
(1.00207 0.00304341 0)
(1.00221 0.00316502 0)
(1.00231 0.00323505 0)
(1.00237 0.00333091 0)
(1.00244 0.00338913 0)
(1.0025 0.00350832 0)
(1.00262 0.0035699 0)
(1.00274 0.00369918 0)
(1.00291 0.00373846 0)
(1.00307 0.0038495 0)
(1.00322 0.00385768 0)
(1.00334 0.00395582 0)
(1.00348 0.0039588 0)
(1.00361 0.00406097 0)
(1.00383 0.00406583 0)
(1.004 0.00416148 0)
(1.00422 0.0041672 0)
(1.00427 0.00428128 0)
(1.00446 0.00430813 0)
(1.00457 0.00437526 0)
(1.00489 0.00429872 0)
(1.005 0.00420417 0)
(1.0051 0.00408434 0)
(1.0052 0.00400467 0)
(1.00552 0.003837 0)
(1.00554 0.00384966 0)
(1.00573 0.00388685 0)
(1.00579 0.00396885 0)
(1.00601 0.00397874 0)
(1.00158 0.00220011 0)
(1.00206 0.00227543 0)
(1.00231 0.00239384 0)
(1.00233 0.00251643 0)
(1.00225 0.00263595 0)
(1.0021 0.00273778 0)
(1.002 0.00281877 0)
(1.00194 0.00289392 0)
(1.00196 0.00294825 0)
(1.002 0.00302147 0)
(1.0021 0.00306876 0)
(1.00218 0.00315451 0)
(1.00229 0.00319494 0)
(1.00236 0.00328585 0)
(1.00247 0.00330581 0)
(1.00254 0.00338939 0)
(1.00266 0.00338706 0)
(1.00272 0.00346905 0)
(1.00286 0.00346749 0)
(1.00294 0.00356223 0)
(1.00311 0.00357816 0)
(1.00321 0.00367685 0)
(1.00341 0.00370898 0)
(1.00348 0.00380576 0)
(1.00367 0.00385358 0)
(1.00374 0.00391613 0)
(1.00398 0.00388321 0)
(1.00408 0.00382589 0)
(1.00429 0.00369105 0)
(1.00432 0.00363772 0)
(1.00461 0.00352343 0)
(1.00465 0.00354326 0)
(1.00489 0.0035917 0)
(1.00491 0.00369427 0)
(1.00519 0.00372523 0)
(1.00118 0.00225766 0)
(1.00172 0.00228759 0)
(1.00199 0.00233137 0)
(1.002 0.00236698 0)
(1.0019 0.0024116 0)
(1.00173 0.00245186 0)
(1.00163 0.00249554 0)
(1.00155 0.00254253 0)
(1.00158 0.00258382 0)
(1.00162 0.00263851 0)
(1.00173 0.00267323 0)
(1.00179 0.00273378 0)
(1.00189 0.00275619 0)
(1.00193 0.00281981 0)
(1.00202 0.00282696 0)
(1.00205 0.0028928 0)
(1.00216 0.0028894 0)
(1.0022 0.00296094 0)
(1.00233 0.00296269 0)
(1.00237 0.00304608 0)
(1.00253 0.00307139 0)
(1.00258 0.00316565 0)
(1.00277 0.00321968 0)
(1.00282 0.00331333 0)
(1.00302 0.00337299 0)
(1.00306 0.00343504 0)
(1.00328 0.003424 0)
(1.00334 0.00340405 0)
(1.00359 0.00328791 0)
(1.0036 0.00323968 0)
(1.00385 0.00316513 0)
(1.00389 0.00320595 0)
(1.00415 0.00326186 0)
(1.00416 0.00337068 0)
(1.00446 0.00341865 0)
(1.00083 0.00200689 0)
(1.00135 0.00202856 0)
(1.00161 0.00206161 0)
(1.00162 0.00208373 0)
(1.00153 0.00211712 0)
(1.00137 0.00214528 0)
(1.00128 0.0021808 0)
(1.00122 0.00221731 0)
(1.00126 0.00225197 0)
(1.00129 0.00229519 0)
(1.00139 0.00232291 0)
(1.00144 0.0023701 0)
(1.00153 0.0023862 0)
(1.00155 0.00243656 0)
(1.00164 0.00244095 0)
(1.00165 0.00249556 0)
(1.00175 0.00249356 0)
(1.00178 0.00255433 0)
(1.0019 0.00255831 0)
(1.00192 0.00262962 0)
(1.00206 0.00265795 0)
(1.00209 0.00274314 0)
(1.00226 0.00280209 0)
(1.00229 0.00288934 0)
(1.00247 0.00294952 0)
(1.0025 0.0030087 0)
(1.0027 0.00300771 0)
(1.00274 0.00300142 0)
(1.00297 0.00290705 0)
(1.00298 0.00286576 0)
(1.00322 0.00281087 0)
(1.00324 0.00286144 0)
(1.0035 0.0029203 0)
(1.0035 0.00302426 0)
(1.0038 0.00307785 0)
(1.0006 0.00173327 0)
(1.00105 0.00175113 0)
(1.00128 0.00177919 0)
(1.00128 0.00179562 0)
(1.0012 0.00182387 0)
(1.00106 0.00184604 0)
(1.00099 0.00187671 0)
(1.00094 0.00190611 0)
(1.00098 0.00193559 0)
(1.001 0.00197012 0)
(1.0011 0.00199311 0)
(1.00113 0.00203097 0)
(1.00122 0.00204416 0)
(1.00123 0.00208511 0)
(1.00131 0.00208852 0)
(1.00132 0.00213326 0)
(1.00141 0.00213161 0)
(1.00142 0.00218209 0)
(1.00153 0.00218691 0)
(1.00154 0.00224751 0)
(1.00167 0.00227484 0)
(1.00168 0.00234862 0)
(1.00183 0.00240403 0)
(1.00185 0.00248224 0)
(1.00202 0.00254042 0)
(1.00204 0.00259559 0)
(1.00222 0.00259961 0)
(1.00224 0.00259794 0)
(1.00245 0.00252461 0)
(1.00246 0.00249395 0)
(1.00269 0.00245222 0)
(1.00269 0.0025044 0)
(1.00294 0.00256536 0)
(1.00295 0.00266066 0)
(1.00323 0.00271502 0)
(1.00042 0.00145008 0)
(1.0008 0.00146505 0)
(1.00101 0.00148966 0)
(1.001 0.00150335 0)
(1.00094 0.00152833 0)
(1.00082 0.00154705 0)
(1.00076 0.0015742 0)
(1.00071 0.00159899 0)
(1.00075 0.00162502 0)
(1.00077 0.00165397 0)
(1.00086 0.00167436 0)
(1.00088 0.00170601 0)
(1.00096 0.00171803 0)
(1.00097 0.00175227 0)
(1.00104 0.0017561 0)
(1.00104 0.00179377 0)
(1.00113 0.00179377 0)
(1.00113 0.00183681 0)
(1.00123 0.00184293 0)
(1.00123 0.00189482 0)
(1.00135 0.00192049 0)
(1.00136 0.0019841 0)
(1.00149 0.002035 0)
(1.0015 0.002104 0)
(1.00165 0.00215832 0)
(1.00166 0.00220765 0)
(1.00183 0.00221498 0)
(1.00184 0.00221662 0)
(1.00203 0.00215942 0)
(1.00203 0.00213698 0)
(1.00224 0.00210556 0)
(1.00224 0.00215468 0)
(1.00247 0.00221279 0)
(1.00247 0.00229714 0)
(1.00273 0.00234785 0)
(1.0003 0.0011877 0)
(1.00062 0.00120059 0)
(1.00079 0.00122188 0)
(1.00079 0.00123336 0)
(1.00074 0.00125504 0)
(1.00063 0.00127095 0)
(1.00059 0.00129475 0)
(1.00054 0.00131589 0)
(1.00058 0.00133882 0)
(1.0006 0.00136334 0)
(1.00067 0.00138143 0)
(1.00069 0.00140807 0)
(1.00076 0.00141914 0)
(1.00076 0.001448 0)
(1.00083 0.00145237 0)
(1.00083 0.00148418 0)
(1.0009 0.00148547 0)
(1.0009 0.00152179 0)
(1.00099 0.0015283 0)
(1.00099 0.00157213 0)
(1.00109 0.00159535 0)
(1.00109 0.00164936 0)
(1.00121 0.0016942 0)
(1.00121 0.00175303 0)
(1.00134 0.00180106 0)
(1.00135 0.00184376 0)
(1.0015 0.00185281 0)
(1.00151 0.001856 0)
(1.00168 0.00181097 0)
(1.00167 0.00179458 0)
(1.00186 0.00177161 0)
(1.00185 0.00181525 0)
(1.00206 0.00186754 0)
(1.00206 0.00194004 0)
(1.0023 0.00198517 0)
(1.00022 0.000950765 0)
(1.00048 0.000961459 0)
(1.00063 0.000979267 0)
(1.00062 0.000988727 0)
(1.00058 0.00100696 0)
(1.00049 0.00102017 0)
(1.00046 0.00104031 0)
(1.00042 0.00105788 0)
(1.00045 0.00107739 0)
(1.00047 0.00109772 0)
(1.00053 0.00111331 0)
(1.00054 0.00113538 0)
(1.0006 0.00114529 0)
(1.0006 0.00116921 0)
(1.00066 0.00117371 0)
(1.00066 0.0012001 0)
(1.00072 0.00120216 0)
(1.00072 0.00123231 0)
(1.0008 0.0012388 0)
(1.00079 0.00127523 0)
(1.00088 0.00129558 0)
(1.00088 0.00134043 0)
(1.00098 0.00137861 0)
(1.00098 0.00142756 0)
(1.0011 0.00146863 0)
(1.0011 0.00150468 0)
(1.00123 0.00151399 0)
(1.00124 0.00151783 0)
(1.00139 0.00148297 0)
(1.00138 0.00147123 0)
(1.00155 0.00145463 0)
(1.00154 0.00149185 0)
(1.00172 0.00153671 0)
(1.00172 0.00159708 0)
(1.00194 0.00163538 0)
(1.00017 0.000737719 0)
(1.00038 0.000746334 0)
(1.0005 0.000760865 0)
(1.00049 0.000768658 0)
(1.00046 0.000783616 0)
(1.00039 0.000794373 0)
(1.00036 0.000810831 0)
(1.00033 0.000825012 0)
(1.00036 0.000840971 0)
(1.00037 0.000857351 0)
(1.00042 0.000870265 0)
(1.00043 0.000888075 0)
(1.00048 0.000896576 0)
(1.00048 0.000915908 0)
(1.00053 0.000920205 0)
(1.00053 0.000941551 0)
(1.00058 0.000944003 0)
(1.00058 0.000968393 0)
(1.00065 0.000974436 0)
(1.00064 0.00100385 0)
(1.00072 0.00102094 0)
(1.00072 0.00105708 0)
(1.0008 0.00108839 0)
(1.0008 0.00112784 0)
(1.0009 0.00116153 0)
(1.0009 0.0011908 0)
(1.00102 0.00119936 0)
(1.00102 0.00120323 0)
(1.00115 0.00117684 0)
(1.00114 0.00116847 0)
(1.00129 0.0011566 0)
(1.00128 0.00118698 0)
(1.00144 0.00122368 0)
(1.00144 0.00127207 0)
(1.00163 0.00130314 0)
(1.00013 0.000550692 0)
(1.00031 0.000557266 0)
(1.0004 0.000568351 0)
(1.00039 0.000574244 0)
(1.00037 0.000585677 0)
(1.00031 0.000593873 0)
(1.00029 0.000606528 0)
(1.00027 0.000617378 0)
(1.00029 0.000629713 0)
(1.0003 0.000642257 0)
(1.00034 0.000652323 0)
(1.00035 0.000665972 0)
(1.00039 0.000672737 0)
(1.00039 0.00068757 0)
(1.00043 0.000691203 0)
(1.00043 0.000707602 0)
(1.00048 0.000709888 0)
(1.00047 0.000728628 0)
(1.00053 0.00073368 0)
(1.00053 0.000756268 0)
(1.00059 0.000769732 0)
(1.00059 0.000797446 0)
(1.00066 0.000821729 0)
(1.00066 0.000851989 0)
(1.00075 0.000878125 0)
(1.00075 0.000900733 0)
(1.00085 0.000907899 0)
(1.00085 0.000911334 0)
(1.00096 0.000892053 0)
(1.00095 0.000886263 0)
(1.00108 0.000877983 0)
(1.00107 0.000901468 0)
(1.00121 0.000929842 0)
(1.00121 0.000966766 0)
(1.00137 0.000990624 0)
(1.00011 0.000383197 0)
(1.00025 0.000387783 0)
(1.00033 0.000395467 0)
(1.00032 0.000399447 0)
(1.0003 0.000407379 0)
(1.00025 0.000413053 0)
(1.00024 0.000421955 0)
(1.00022 0.000429584 0)
(1.00024 0.000438329 0)
(1.00025 0.000447174 0)
(1.00029 0.000454341 0)
(1.00029 0.000463955 0)
(1.00033 0.000468814 0)
(1.00033 0.000479268 0)
(1.00036 0.000481954 0)
(1.00036 0.000493532 0)
(1.0004 0.000495308 0)
(1.00039 0.000508557 0)
(1.00044 0.000512303 0)
(1.00044 0.000528279 0)
(1.0005 0.000537958 0)
(1.00049 0.000557559 0)
(1.00056 0.000574862 0)
(1.00056 0.00059628 0)
(1.00063 0.000614923 0)
(1.00063 0.000631013 0)
(1.00072 0.000636385 0)
(1.00072 0.000639062 0)
(1.00082 0.000625903 0)
(1.00081 0.000622129 0)
(1.00092 0.000616671 0)
(1.00091 0.000633379 0)
(1.00104 0.000653536 0)
(1.00103 0.000679553 0)
(1.00118 0.000696395 0)
(1.0001 0.000226523 0)
(1.00021 0.000229257 0)
(1.00027 0.000233853 0)
(1.00027 0.000236233 0)
(1.00025 0.000240987 0)
(1.00022 0.000244381 0)
(1.00021 0.000249717 0)
(1.00019 0.00025428 0)
(1.00021 0.000259529 0)
(1.00021 0.000264822 0)
(1.00025 0.000269138 0)
(1.00025 0.000274896 0)
(1.00028 0.000277847 0)
(1.00028 0.000284114 0)
(1.00031 0.000285781 0)
(1.00031 0.000292724 0)
(1.00035 0.000293859 0)
(1.00034 0.000301808 0)
(1.00039 0.000304127 0)
(1.00038 0.00031371 0)
(1.00043 0.000319577 0)
(1.00043 0.000331328 0)
(1.00049 0.000341751 0)
(1.00049 0.000354594 0)
(1.00055 0.00036583 0)
(1.00055 0.00037551 0)
(1.00063 0.000378847 0)
(1.00063 0.000380546 0)
(1.00072 0.000372842 0)
(1.00071 0.000370695 0)
(1.00081 0.00036757 0)
(1.0008 0.000377606 0)
(1.00091 0.000389713 0)
(1.00091 0.000405262 0)
(1.00104 0.00041534 0)
(1.0001 7.51611e-05 0)
(1.00019 7.60803e-05 0)
(1.00025 7.76297e-05 0)
(1.00024 7.84412e-05 0)
(1.00023 8.00453e-05 0)
(1.0002 8.11904e-05 0)
(1.00019 8.29816e-05 0)
(1.00018 8.45109e-05 0)
(1.0002 8.62706e-05 0)
(1.0002 8.80426e-05 0)
(1.00023 8.94929e-05 0)
(1.00023 9.14235e-05 0)
(1.00026 9.24212e-05 0)
(1.00026 9.45235e-05 0)
(1.00029 9.50934e-05 0)
(1.00028 9.74213e-05 0)
(1.00032 9.78143e-05 0)
(1.00032 0.000100478 0)
(1.00036 0.000101267 0)
(1.00035 0.000104477 0)
(1.0004 0.000106451 0)
(1.0004 0.000110385 0)
(1.00045 0.000113882 0)
(1.00045 0.000118183 0)
(1.00051 0.000121954 0)
(1.00051 0.000125199 0)
(1.00058 0.000126335 0)
(1.00058 0.000126917 0)
(1.00066 0.000124366 0)
(1.00066 0.000123663 0)
(1.00075 0.000122639 0)
(1.00074 0.000126002 0)
(1.00085 0.00013006 0)
(1.00084 0.000135258 0)
(1.00096 0.000138629 0)
(0.886782 0.00379286 0)
(1.11215 -0.00427188 0)
(0.894794 0.00408374 0)
(1.09217 -0.00331122 0)
(0.901979 0.00410453 0)
(1.07682 -0.00264722 0)
(0.915005 0.0031579 0)
(1.06635 -0.00216045 0)
(0.925209 0.00376384 0)
(1.05773 -0.00175527 0)
(0.930856 0.0041659 0)
(1.04835 -0.00101067 0)
(0.934036 0.00371329 0)
(1.03779 0.00015387 0)
(0.936445 0.00417556 0)
(1.02683 0.0003674 0)
(0.936515 0.00425189 0)
(1.01429 0.000792033 0)
(0.933885 0.00480082 0)
(1.0002 0.00345034 0)
(0.90482 0.00350741 0)
(1.08891 -0.00378163 0)
(0.915672 0.00390427 0)
(1.06656 -0.00276783 0)
(0.926531 0.00382692 0)
(1.04862 -0.00233532 0)
(0.94269 0.0027675 0)
(1.03564 -0.00184949 0)
(0.956196 0.00350955 0)
(1.02459 -0.00142195 0)
(0.964891 0.00428291 0)
(1.01327 -0.000762669 0)
(0.970305 0.00438992 0)
(1.00184 0.000292238 0)
(0.973416 0.00540308 0)
(0.991184 0.000383541 0)
(0.972973 0.00598468 0)
(0.980124 0.001316 0)
(0.96959 0.00825638 0)
(0.968654 0.00691269 0)
(0.935399 0.00342704 0)
(1.05402 -0.00354139 0)
(0.948286 0.00396584 0)
(1.03281 -0.00262691 0)
(0.959498 0.00385985 0)
(1.01751 -0.00244933 0)
(0.972548 0.0027815 0)
(1.00845 -0.00196267 0)
(0.981957 0.0034812 0)
(1.00258 -0.00132092 0)
(0.986294 0.00414479 0)
(0.99701 -0.000373152 0)
(0.987373 0.00412925 0)
(0.991351 0.000983281 0)
(0.986084 0.00485764 0)
(0.986031 0.00179724 0)
(0.98191 0.00567017 0)
(0.979705 0.00401168 0)
(0.976186 0.00886452 0)
(0.972981 0.0104866 0)
(0.965489 0.00351555 0)
(1.02457 -0.00351056 0)
(0.975776 0.00415106 0)
(1.01021 -0.00262286 0)
(0.982462 0.00396819 0)
(1.00192 -0.00250194 0)
(0.988764 0.00272789 0)
(0.998448 -0.00191679 0)
(0.992771 0.00326896 0)
(0.997209 -0.000991583 0)
(0.993642 0.003685 0)
(0.995187 0.000355155 0)
(0.9928 0.00350587 0)
(0.992229 0.00202972 0)
(0.990458 0.00432822 0)
(0.98871 0.00331663 0)
(0.986155 0.00579883 0)
(0.983799 0.00631737 0)
(0.98114 0.00967657 0)
(0.978494 0.0124906 0)
(0.985648 0.00359046 0)
(1.0088 -0.00346457 0)
(0.991226 0.00422624 0)
(1.00191 -0.00249769 0)
(0.993563 0.00388373 0)
(0.998717 -0.00232089 0)
(0.995343 0.00245311 0)
(0.997532 -0.0016086 0)
(0.996645 0.00276277 0)
(0.997614 -0.000420349 0)
(0.996448 0.00294541 0)
(0.996583 0.00120434 0)
(0.99551 0.00301273 0)
(0.994591 0.00285867 0)
(0.993465 0.00421343 0)
(0.991882 0.00450411 0)
(0.98986 0.00640195 0)
(0.987903 0.00798685 0)
(0.985832 0.0107134 0)
(0.983611 0.0136065 0)
(0.995348 0.00357128 0)
(1.0033 -0.00332958 0)
(0.997753 0.00412787 0)
(1.00085 -0.00226337 0)
(0.998261 0.00361523 0)
(0.999662 -0.00197129 0)
(0.998206 0.00204193 0)
(0.998678 -0.001126 0)
(0.998447 0.00214274 0)
(0.998752 0.000202233 0)
(0.998008 0.00234592 0)
(0.997982 0.00177555 0)
(0.997288 0.0027302 0)
(0.996575 0.00334327 0)
(0.995718 0.00435794 0)
(0.994528 0.00532299 0)
(0.992902 0.0071691 0)
(0.991396 0.00924183 0)
(0.98972 0.0116898 0)
(0.987888 0.0143356 0)
(0.998832 0.0034691 0)
(1.00202 -0.0031264 0)
(1.00002 0.00389272 0)
(1.00141 -0.00195993 0)
(1.00023 0.00323952 0)
(1.00084 -0.00150779 0)
(0.999628 0.00157864 0)
(0.999702 -0.00058471 0)
(0.99943 0.00155569 0)
(0.9996 0.000752229 0)
(0.998874 0.00197898 0)
(0.99891 0.00201714 0)
(0.99835 0.00266795 0)
(0.997911 0.00360089 0)
(0.997197 0.00465184 0)
(0.996428 0.00597957 0)
(0.995115 0.00795565 0)
(0.993997 0.0102165 0)
(0.992562 0.0125328 0)
(0.991046 0.0149002 0)
(0.9998 0.00331477 0)
(1.00183 -0.00286463 0)
(1.00066 0.00355967 0)
(1.00182 -0.00159259 0)
(1.00098 0.00278154 0)
(1.00148 -0.00097291 0)
(1.00029 0.00110142 0)
(1.0003 -4.76448e-05 0)
(0.999927 0.00116148 0)
(1.0001 0.00103347 0)
(0.999294 0.00178812 0)
(0.999422 0.00210492 0)
(0.998912 0.00271256 0)
(0.998711 0.00380253 0)
(0.998102 0.00506435 0)
(0.997686 0.00663747 0)
(0.996628 0.00871121 0)
(0.995794 0.0109882 0)
(0.994498 0.0132291 0)
(0.993176 0.0153427 0)
(1 0.00312798 0)
(1.00182 -0.00254155 0)
(1.00079 0.00315107 0)
(1.00196 -0.00117564 0)
(1.0012 0.00227299 0)
(1.00167 -0.000428704 0)
(1.00057 0.000676855 0)
(1.00058 0.000381649 0)
(1.00015 0.000954204 0)
(1.00036 0.00110121 0)
(0.999507 0.00171008 0)
(0.999681 0.00216229 0)
(0.999255 0.00283016 0)
(0.999232 0.00409132 0)
(0.998757 0.00559802 0)
(0.998583 0.00732108 0)
(0.997749 0.00938529 0)
(0.9971 0.0115778 0)
(0.99589 0.0137162 0)
(0.994617 0.0156013 0)
(1.00002 0.00291452 0)
(1.00182 -0.00215613 0)
(1.00081 0.00267878 0)
(1.00195 -0.000718276 0)
(1.00127 0.00175359 0)
(1.00165 6.09226e-05 0)
(1.00068 0.000393539 0)
(1.00068 0.000598772 0)
(1.00026 0.000885528 0)
(1.00047 0.00109613 0)
(0.999674 0.00170915 0)
(0.999834 0.00230956 0)
(0.999576 0.00312367 0)
(0.999697 0.00455091 0)
(0.999385 0.00620376 0)
(0.999347 0.00796403 0)
(0.998726 0.00992161 0)
(0.998191 0.0119732 0)
(0.997048 0.0139564 0)
(0.995713 0.0156445 0)
(1 0.00267948 0)
(1.00178 -0.00172415 0)
(1.00082 0.002172 0)
(1.00187 -0.000265525 0)
(1.00131 0.00127339 0)
(1.00154 0.00044423 0)
(1.00074 0.000265459 0)
(1.00071 0.00064996 0)
(1.00033 0.000904594 0)
(1.00052 0.0011263 0)
(0.999851 0.00177038 0)
(0.999996 0.00258703 0)
(0.999947 0.00359391 0)
(1.00018 0.00507564 0)
(1.00004 0.00674229 0)
(1.00008 0.00846599 0)
(0.999662 0.0102909 0)
(0.999209 0.0121739 0)
(0.998124 0.0139736 0)
(0.996673 0.0154993 0)
(0.999985 0.00242732 0)
(1.00171 -0.00126307 0)
(1.00085 0.00165534 0)
(1.00176 0.000153405 0)
(1.00134 0.00091043 0)
(1.00142 0.000656758 0)
(1.00074 0.000287867 0)
(1.00071 0.000642137 0)
(1.00039 0.000962371 0)
(1.00055 0.00124199 0)
(1.00005 0.00195812 0)
(1.00022 0.00297873 0)
(1.00035 0.0041033 0)
(1.00069 0.0055487 0)
(1.00071 0.00715005 0)
(1.00083 0.00880673 0)
(1.00058 0.0105045 0)
(1.0002 0.0122186 0)
(0.999158 0.0138337 0)
(0.997583 0.0152192 0)
(0.999971 0.00216514 0)
(1.00162 -0.000785332 0)
(1.00087 0.00117458 0)
(1.00166 0.000471293 0)
(1.00133 0.00071335 0)
(1.00131 0.000695726 0)
(1.0007 0.000374489 0)
(1.00071 0.000665012 0)
(1.00044 0.00107119 0)
(1.00061 0.00146407 0)
(1.00028 0.00227175 0)
(1.0005 0.00340537 0)
(1.00076 0.00456431 0)
(1.00122 0.00594695 0)
(1.00138 0.00744546 0)
(1.00159 0.00901788 0)
(1.00147 0.0105937 0)
(1.00115 0.0121558 0)
(1.00015 0.0136008 0)
(0.998459 0.0148515 0)
(0.999957 0.00190005 0)
(1.00149 -0.000332246 0)
(1.00086 0.00081396 0)
(1.00156 0.000613448 0)
(1.00129 0.000622546 0)
(1.00122 0.000685942 0)
(1.00065 0.000445136 0)
(1.00071 0.000736926 0)
(1.00049 0.00121586 0)
(1.00071 0.00176198 0)
(1.00052 0.00261792 0)
(1.00082 0.00378722 0)
(1.00118 0.00494072 0)
(1.00174 0.00625207 0)
(1.00204 0.00765265 0)
(1.00235 0.00913071 0)
(1.00234 0.010592 0)
(1.00208 0.0120157 0)
(1.00109 0.0133015 0)
(0.999294 0.0144146 0)
(0.999942 0.00164589 0)
(1.00135 7.7683e-05 0)
(1.00083 0.000647249 0)
(1.00147 0.00060243 0)
(1.00122 0.000566107 0)
(1.00112 0.000686454 0)
(1.00058 0.000544562 0)
(1.00071 0.000852433 0)
(1.00056 0.00142643 0)
(1.00083 0.00210855 0)
(1.00077 0.00297984 0)
(1.00115 0.00411721 0)
(1.00159 0.00525122 0)
(1.00227 0.00649121 0)
(1.00269 0.00781151 0)
(1.00311 0.00919359 0)
(1.00318 0.0105328 0)
(1.00297 0.0118172 0)
(1.00197 0.0129495 0)
(1.00007 0.0139247 0)
(0.999928 0.00140206 0)
(1.00119 0.000450672 0)
(1.00075 0.000603217 0)
(1.00136 0.000524185 0)
(1.00114 0.000474564 0)
(1.00103 0.000708835 0)
(1.00052 0.000699014 0)
(1.00073 0.00102574 0)
(1.00065 0.00167181 0)
(1.00098 0.0024442 0)
(1.00102 0.0033146 0)
(1.00149 0.004395 0)
(1.00202 0.00550054 0)
(1.0028 0.00668143 0)
(1.00334 0.00791828 0)
(1.00385 0.00919933 0)
(1.00399 0.0104085 0)
(1.00379 0.0115532 0)
(1.00278 0.0125432 0)
(1.00079 0.0133915 0)
(0.999915 0.00117975 0)
(1.00103 0.000726714 0)
(1.00062 0.000625277 0)
(1.00123 0.000483859 0)
(1.00106 0.000359526 0)
(1.00096 0.000715593 0)
(1.00046 0.000892086 0)
(1.00075 0.00129128 0)
(1.00076 0.00194509 0)
(1.00115 0.00275378 0)
(1.00127 0.00360714 0)
(1.00183 0.00464055 0)
(1.00244 0.00569606 0)
(1.00333 0.00682402 0)
(1.00397 0.00796108 0)
(1.00456 0.00912983 0)
(1.00475 0.0102133 0)
(1.00457 0.011227 0)
(1.00352 0.0120921 0)
(1.00144 0.0128288 0)
(0.999904 0.000993752 0)
(1.00087 0.000869338 0)
(1.00048 0.000722863 0)
(1.00108 0.0005451 0)
(1.00097 0.00028964 0)
(1.00091 0.00069047 0)
(1.00044 0.0010769 0)
(1.00079 0.00159158 0)
(1.00087 0.00224348 0)
(1.00132 0.00305179 0)
(1.00153 0.00386984 0)
(1.00218 0.00485417 0)
(1.00288 0.00583938 0)
(1.00385 0.00690068 0)
(1.00458 0.00793934 0)
(1.00524 0.00899032 0)
(1.00546 0.00996022 0)
(1.00529 0.0108547 0)
(1.0042 0.0116116 0)
(1.00204 0.0122492 0)
(0.999895 0.000838461 0)
(1.00072 0.000903324 0)
(1.00033 0.000855239 0)
(1.00091 0.000691226 0)
(1.00087 0.000331268 0)
(1.0009 0.000668818 0)
(1.00047 0.0012214 0)
(1.00085 0.00186751 0)
(1.00101 0.00253836 0)
(1.00151 0.00335009 0)
(1.0018 0.00413045 0)
(1.00253 0.00504571 0)
(1.00331 0.00594934 0)
(1.00436 0.00691599 0)
(1.00517 0.007863 0)
(1.00589 0.00879752 0)
(1.00614 0.00966106 0)
(1.00596 0.0104463 0)
(1.00483 0.0111065 0)
(1.00259 0.0116565 0)
(0.999888 0.000703132 0)
(1.0006 0.000890077 0)
(1.0002 0.00095192 0)
(1.00073 0.000883477 0)
(1.00075 0.000514889 0)
(1.0009 0.000715416 0)
(1.00056 0.00130797 0)
(1.00097 0.0020721 0)
(1.00118 0.00278085 0)
(1.00172 0.00360439 0)
(1.00207 0.00437335 0)
(1.00288 0.00521606 0)
(1.00373 0.00604239 0)
(1.00487 0.00689736 0)
(1.00574 0.00774665 0)
(1.00651 0.00857331 0)
(1.00679 0.00933089 0)
(1.00659 0.0100186 0)
(1.00542 0.0105888 0)
(1.00309 0.0110651 0)
(0.999882 0.000581403 0)
(1.0005 0.000879759 0)
(1.00009 0.000963768 0)
(1.00057 0.00109475 0)
(1.00062 0.000776838 0)
(1.00089 0.000910476 0)
(1.00067 0.00140177 0)
(1.00113 0.00221295 0)
(1.00139 0.00295961 0)
(1.00197 0.00378614 0)
(1.00237 0.00455996 0)
(1.00323 0.00534757 0)
(1.00414 0.00610123 0)
(1.00534 0.0068507 0)
(1.00629 0.007587 0)
(1.00709 0.00831702 0)
(1.00739 0.00896899 0)
(1.00717 0.00957085 0)
(1.00596 0.0100574 0)
(1.00355 0.0104717 0)
(0.99988 0.000470632 0)
(1.00041 0.000875536 0)
(1.00001 0.000964005 0)
(1.00044 0.00125393 0)
(1.0005 0.00108298 0)
(1.00087 0.00120593 0)
(1.00079 0.00158245 0)
(1.00133 0.00232331 0)
(1.00163 0.00308558 0)
(1.00226 0.00390669 0)
(1.00269 0.00467217 0)
(1.00358 0.0054258 0)
(1.00454 0.00610486 0)
(1.00578 0.00676725 0)
(1.0068 0.00738611 0)
(1.00764 0.0080227 0)
(1.00795 0.00857852 0)
(1.00772 0.00910027 0)
(1.00646 0.00951542 0)
(1.00398 0.00987183 0)
(0.999877 0.00038593 0)
(1.00034 0.00084963 0)
(0.99995 0.000988924 0)
(1.00036 0.00134264 0)
(1.0004 0.00139371 0)
(1.00084 0.00154515 0)
(1.00088 0.00185976 0)
(1.00152 0.00246223 0)
(1.0019 0.00316437 0)
(1.00257 0.00397875 0)
(1.00304 0.00471246 0)
(1.00394 0.00543544 0)
(1.00492 0.00604874 0)
(1.00619 0.00663365 0)
(1.00725 0.00715368 0)
(1.00814 0.00768896 0)
(1.00847 0.00816806 0)
(1.00821 0.0086097 0)
(1.00692 0.00897284 0)
(1.00437 0.00927268 0)
(0.999876 0.000328175 0)
(1.00028 0.000824767 0)
(0.99991 0.00101799 0)
(1.00032 0.00142536 0)
(1.00036 0.00162434 0)
(1.00081 0.00190193 0)
(1.00095 0.00217751 0)
(1.00168 0.00268557 0)
(1.00218 0.00323803 0)
(1.0029 0.00400966 0)
(1.0034 0.00470468 0)
(1.0043 0.00537929 0)
(1.00528 0.00594784 0)
(1.00655 0.00645355 0)
(1.00765 0.00690165 0)
(1.00858 0.00732863 0)
(1.00893 0.00774129 0)
(1.00867 0.00810334 0)
(1.00733 0.00842414 0)
(1.00473 0.00867399 0)
(0.999876 0.000279634 0)
(1.00023 0.000813195 0)
(0.999889 0.00107653 0)
(1.0003 0.00152153 0)
(1.00036 0.00179851 0)
(1.00082 0.00220857 0)
(1.00101 0.00249158 0)
(1.0018 0.00294383 0)
(1.00241 0.00336117 0)
(1.00323 0.00400768 0)
(1.00376 0.00465759 0)
(1.00466 0.00526858 0)
(1.00562 0.00580404 0)
(1.00689 0.00624378 0)
(1.00799 0.00663634 0)
(1.00895 0.00697373 0)
(1.00933 0.00731371 0)
(1.00907 0.0076078 0)
(1.00771 0.00787757 0)
(1.00505 0.00809102 0)
(0.999875 0.000261545 0)
(1.0002 0.00079967 0)
(0.999887 0.00114824 0)
(1.00031 0.00162293 0)
(1.0004 0.00195632 0)
(1.00086 0.00244859 0)
(1.00108 0.0027877 0)
(1.00189 0.00318387 0)
(1.00258 0.00353155 0)
(1.00351 0.00402728 0)
(1.0041 0.00458674 0)
(1.00501 0.00512535 0)
(1.00595 0.00560161 0)
(1.00719 0.005993 0)
(1.00828 0.0063276 0)
(1.00925 0.00660757 0)
(1.00965 0.00687082 0)
(1.0094 0.00711276 0)
(1.00803 0.00732541 0)
(1.00533 0.00751309 0)
(0.999877 0.000254099 0)
(1.00019 0.000820497 0)
(0.999906 0.00122587 0)
(1.00033 0.00175044 0)
(1.00047 0.00208074 0)
(1.00094 0.00261044 0)
(1.00116 0.00302659 0)
(1.00196 0.00340614 0)
(1.00271 0.00369026 0)
(1.00372 0.00408987 0)
(1.00439 0.00451956 0)
(1.00532 0.00497803 0)
(1.00625 0.00537063 0)
(1.00745 0.00570471 0)
(1.00852 0.00597826 0)
(1.00948 0.00620747 0)
(1.0099 0.00640709 0)
(1.00965 0.00659734 0)
(1.00829 0.00676241 0)
(1.00556 0.00692048 0)
(0.99988 0.000254719 0)
(1.00018 0.000863199 0)
(0.999944 0.001302 0)
(1.00035 0.00190156 0)
(1.00054 0.00222437 0)
(1.00104 0.00272843 0)
(1.00126 0.00317342 0)
(1.00201 0.00361023 0)
(1.00279 0.00383751 0)
(1.00386 0.0041529 0)
(1.00459 0.00447455 0)
(1.00555 0.00482376 0)
(1.00647 0.00514454 0)
(1.00764 0.00539576 0)
(1.00869 0.00560603 0)
(1.00963 0.00576891 0)
(1.01005 0.00591161 0)
(1.00981 0.00604675 0)
(1.00847 0.00616884 0)
(1.00576 0.0062943 0)
(0.999885 0.00027002 0)
(1.00017 0.000922262 0)
(1 0.00137649 0)
(1.00039 0.00201935 0)
(1.00059 0.00237222 0)
(1.00112 0.002853 0)
(1.0014 0.00325125 0)
(1.00207 0.00371745 0)
(1.00281 0.00398872 0)
(1.00392 0.00420194 0)
(1.0047 0.00445761 0)
(1.00569 0.00469193 0)
(1.0066 0.00493361 0)
(1.00773 0.00510944 0)
(1.00875 0.00523789 0)
(1.00966 0.00533879 0)
(1.01009 0.00540398 0)
(1.00987 0.0054846 0)
(1.00856 0.00554833 0)
(1.00589 0.00564465 0)
(0.999893 0.000281898 0)
(1.00017 0.00100197 0)
(1.00005 0.00145986 0)
(1.00044 0.00211971 0)
(1.00066 0.00248193 0)
(1.00119 0.00295666 0)
(1.0015 0.00331927 0)
(1.00217 0.00372986 0)
(1.00283 0.00405345 0)
(1.00391 0.00422512 0)
(1.00473 0.00440537 0)
(1.00572 0.00458622 0)
(1.00663 0.00473519 0)
(1.00769 0.00487597 0)
(1.00868 0.00493203 0)
(1.00954 0.00499111 0)
(1.00997 0.00498427 0)
(1.00976 0.00500457 0)
(1.00852 0.00499898 0)
(1.00593 0.00504296 0)
(0.999916 0.00031462 0)
(1.00016 0.00117214 0)
(1.00018 0.00165867 0)
(1.00055 0.00232355 0)
(1.00078 0.00267728 0)
(1.00132 0.00309528 0)
(1.00168 0.00338382 0)
(1.00232 0.00366774 0)
(1.00288 0.00387898 0)
(1.00376 0.00400667 0)
(1.00464 0.00406806 0)
(1.0056 0.00414669 0)
(1.00651 0.00418388 0)
(1.00745 0.0042339 0)
(1.00829 0.00423638 0)
(1.00898 0.00423934 0)
(1.00928 0.00421288 0)
(1.00902 0.00419466 0)
(1.00784 0.00417542 0)
(1.00553 0.00418562 0)
(0.99995 0.00033495 0)
(1.00014 0.00128014 0)
(1.00023 0.00177973 0)
(1.00053 0.00239487 0)
(1.00073 0.0027296 0)
(1.0011 0.00311608 0)
(1.00137 0.00335624 0)
(1.00183 0.00359442 0)
(1.00227 0.00374521 0)
(1.0029 0.00385211 0)
(1.00362 0.00387521 0)
(1.00447 0.00383297 0)
(1.00533 0.00374694 0)
(1.00624 0.00360278 0)
(1.00705 0.00343878 0)
(1.00773 0.0032361 0)
(1.00805 0.00304233 0)
(1.00788 0.00284978 0)
(1.00692 0.00270783 0)
(1.00501 0.00262011 0)
(0.999977 0.000306734 0)
(1.00011 0.00118541 0)
(1.00023 0.00162889 0)
(1.00048 0.00218119 0)
(1.0007 0.00246884 0)
(1.00102 0.00282474 0)
(1.00132 0.00304843 0)
(1.00166 0.00327296 0)
(1.00199 0.00342245 0)
(1.00231 0.00351386 0)
(1.0026 0.00354731 0)
(1.00286 0.00348528 0)
(1.00306 0.00337761 0)
(1.00322 0.00318153 0)
(1.00332 0.00295936 0)
(1.00336 0.00268247 0)
(1.0033 0.00241496 0)
(1.00314 0.00214992 0)
(1.00283 0.00194865 0)
(1.00236 0.00181804 0)
(0.999998 0.0002558 0)
(1.00009 0.0010253 0)
(1.00024 0.00137971 0)
(1.00042 0.00184178 0)
(1.00065 0.00204434 0)
(1.00086 0.00230963 0)
(1.00109 0.00244505 0)
(1.00127 0.00257469 0)
(1.00144 0.00265199 0)
(1.00153 0.00268445 0)
(1.00158 0.00270466 0)
(1.00153 0.00267091 0)
(1.00141 0.00264008 0)
(1.0012 0.0025644 0)
(1.00095 0.00249868 0)
(1.00068 0.00240441 0)
(1.00049 0.00232919 0)
(1.00041 0.00224868 0)
(1.00056 0.0022021 0)
(1.00097 0.00217487 0)
(1.00001 0.000195176 0)
(1.00005 0.000834737 0)
(1.0002 0.00108853 0)
(1.00029 0.00145029 0)
(1.00046 0.0015752 0)
(1.00056 0.00176607 0)
(1.00071 0.00185019 0)
(1.00078 0.00193939 0)
(1.00086 0.00200024 0)
(1.00085 0.00203336 0)
(1.00084 0.00207457 0)
(1.00072 0.00208206 0)
(1.00058 0.0021104 0)
(1.00036 0.00211139 0)
(1.00014 0.00213568 0)
(0.999914 0.00214129 0)
(0.999788 0.00216731 0)
(0.999785 0.00218014 0)
(1.00002 0.00220766 0)
(1.0005 0.00222456 0)
(1.00003 0.000138809 0)
(1.00002 0.000652443 0)
(1.00015 0.000829041 0)
(1.00018 0.00111511 0)
(1.00032 0.00120186 0)
(1.00035 0.00135728 0)
(1.00046 0.00143075 0)
(1.00047 0.00151412 0)
(1.00052 0.00158205 0)
(1.00046 0.00162729 0)
(1.00042 0.0016861 0)
(1.00027 0.00171423 0)
(1.00012 0.00176466 0)
(0.999889 0.00178789 0)
(0.999687 0.00183285 0)
(0.999481 0.00185648 0)
(0.999387 0.00189723 0)
(0.999412 0.00192086 0)
(0.999669 0.00195546 0)
(1.00016 0.00197507 0)
(1.00003 9.7044e-05 0)
(0.999998 0.000509453 0)
(1.00011 0.000634598 0)
(1.00011 0.000864114 0)
(1.00022 0.00092749 0)
(1.00022 0.00105502 0)
(1.0003 0.00111819 0)
(1.00027 0.00119149 0)
(1.0003 0.00125714 0)
(1.00022 0.00130299 0)
(1.00017 0.0013653 0)
(1.00002 0.00139996 0)
(0.999887 0.00145728 0)
(0.999684 0.00148911 0)
(0.999519 0.00154144 0)
(0.999348 0.00157247 0)
(0.999284 0.0016185 0)
(0.999319 0.00164634 0)
(0.99956 0.00168287 0)
(0.999997 0.00170303 0)
(1.00003 6.79845e-05 0)
(0.999985 0.000398497 0)
(1.00009 0.000487413 0)
(1.00006 0.000671108 0)
(1.00016 0.00071761 0)
(1.00013 0.000821702 0)
(1.0002 0.000875367 0)
(1.00016 0.000938636 0)
(1.00018 0.000999181 0)
(1.0001 0.00104259 0)
(1.00005 0.00110266 0)
(0.999915 0.00113781 0)
(0.999801 0.00119356 0)
(0.999619 0.00122556 0)
(0.999476 0.00127544 0)
(0.999324 0.0013051 0)
(0.99927 0.00134763 0)
(0.999299 0.00137294 0)
(0.999512 0.00140578 0)
(0.999891 0.00142341 0)
(1.00003 4.80166e-05 0)
(0.999979 0.000311653 0)
(1.00007 0.000375536 0)
(1.00003 0.000521836 0)
(1.00012 0.000556275 0)
(1.00008 0.000640134 0)
(1.00014 0.000684365 0)
(1.00009 0.000736692 0)
(1.00011 0.000788705 0)
(1.00004 0.000825832 0)
(0.999998 0.000878341 0)
(0.999876 0.000909251 0)
(0.999779 0.000958478 0)
(0.99962 0.000987112 0)
(0.9995 0.0010315 0)
(0.999367 0.00105827 0)
(0.999323 0.00109629 0)
(0.999346 0.00111915 0)
(0.999528 0.00114845 0)
(0.999849 0.00116421 0)
(1.00003 3.42227e-05 0)
(0.999977 0.000242311 0)
(1.00006 0.000288574 0)
(1.00002 0.000403748 0)
(1.00009 0.000429222 0)
(1.00005 0.000495544 0)
(1.0001 0.000530934 0)
(1.00006 0.000572841 0)
(1.00008 0.000615618 0)
(1.00001 0.000645915 0)
(0.999979 0.000689659 0)
(0.999876 0.000715397 0)
(0.999798 0.000756775 0)
(0.999666 0.000780962 0)
(0.999569 0.000818488 0)
(0.999459 0.000841247 0)
(0.999424 0.000873466 0)
(0.999442 0.000892889 0)
(0.999592 0.000917686 0)
(0.999853 0.00093099 0)
(1.00003 2.44231e-05 0)
(0.999978 0.000185305 0)
(1.00005 0.000218833 0)
(1.00001 0.000307712 0)
(1.00007 0.000326534 0)
(1.00004 0.000377899 0)
(1.00008 0.000405577 0)
(1.00004 0.00043832 0)
(1.00006 0.00047233 0)
(0.999999 0.000496219 0)
(0.999978 0.000531133 0)
(0.999891 0.000551486 0)
(0.99983 0.000584462 0)
(0.99972 0.000603523 0)
(0.999642 0.000633312 0)
(0.999551 0.000651158 0)
(0.999523 0.00067665 0)
(0.999536 0.000691843 0)
(0.999658 0.000711466 0)
(0.99987 0.000721914 0)
(1.00003 1.7026e-05 0)
(0.999979 0.00013662 0)
(1.00004 0.000160263 0)
(1.00001 0.000226141 0)
(1.00006 0.000239497 0)
(1.00003 0.00027754 0)
(1.00007 0.000298053 0)
(1.00003 0.000322356 0)
(1.00005 0.00034792 0)
(0.999998 0.000365758 0)
(0.999983 0.000392184 0)
(0.999911 0.000407541 0)
(0.999862 0.000432659 0)
(0.999771 0.000447213 0)
(0.999708 0.000470056 0)
(0.999632 0.000483822 0)
(0.999609 0.000503483 0)
(0.999619 0.000515271 0)
(0.999719 0.000530439 0)
(0.99989 0.000538536 0)
(1.00002 1.11766e-05 0)
(0.999981 9.3854e-05 0)
(1.00004 0.000109508 0)
(1 0.000154909 0)
(1.00005 0.000163732 0)
(1.00002 0.00018988 0)
(1.00006 0.000203931 0)
(1.00003 0.000220634 0)
(1.00004 0.000238378 0)
(1 0.000250723 0)
(0.999991 0.000269238 0)
(0.999933 0.000280039 0)
(0.999897 0.000297829 0)
(0.999824 0.000308272 0)
(0.999776 0.000324649 0)
(0.999716 0.000334692 0)
(0.9997 0.000348926 0)
(0.999707 0.000357599 0)
(0.999787 0.000368602 0)
(0.999922 0.000374519 0)
(1.00002 6.39675e-06 0)
(0.999983 5.52467e-05 0)
(1.00003 6.42848e-05 0)
(1 9.10882e-05 0)
(1.00004 9.62115e-05 0)
(1.00002 0.000111657 0)
(1.00005 0.000119976 0)
(1.00002 0.00012986 0)
(1.00004 0.000140415 0)
(1 0.000147734 0)
(0.999999 0.000158757 0)
(0.999951 0.000165165 0)
(0.999924 0.000175754 0)
(0.999865 0.00018195 0)
(0.999828 0.000191695 0)
(0.99978 0.000197656 0)
(0.999768 0.000206127 0)
(0.999774 0.000211278 0)
(0.99984 0.000217831 0)
(0.999947 0.000221348 0)
(1.00002 2.10084e-06 0)
(0.999984 1.835e-05 0)
(1.00003 2.13321e-05 0)
(1 3.02457e-05 0)
(1.00004 3.19433e-05 0)
(1.00002 3.70814e-05 0)
(1.00005 3.98545e-05 0)
(1.00002 4.31426e-05 0)
(1.00004 4.66611e-05 0)
(1.00001 4.90917e-05 0)
(1 5.27601e-05 0)
(0.999961 5.48799e-05 0)
(0.999938 5.83945e-05 0)
(0.999886 6.04355e-05 0)
(0.999855 6.36609e-05 0)
(0.999812 6.56194e-05 0)
(0.999804 6.84187e-05 0)
(0.999808 7.01106e-05 0)
(0.999867 7.22779e-05 0)
(0.999961 7.34379e-05 0)
)
;

boundaryField
{
    top
    {
        type            fixedValue;
        value           uniform (1 0 0);
    }
    inlet
    {
        type            fixedValue;
        value           uniform (1 0 0);
    }
    outlet
    {
        type            zeroGradient;
    }
    plate
    {
        type            fixedValue;
        value           uniform (0 0 0);
    }
    symmBound
    {
        type            zeroGradient;
    }
    frontAndBack
    {
        type            empty;
    }
}


// ************************************************************************* //
