/*--------------------------------*- C++ -*----------------------------------*\
| =========                 |                                                 |
| \\      /  F ield         | OpenFOAM: The Open Source CFD Toolbox           |
|  \\    /   O peration     | Version:  5.x                                   |
|   \\  /    A nd           | Web:      www.OpenFOAM.org                      |
|    \\/     M anipulation  |                                                 |
\*---------------------------------------------------------------------------*/
FoamFile
{
    version     2.0;
    format      ascii;
    class       surfaceScalarField;
    location    "0.7";
    object      phi;
}
// * * * * * * * * * * * * * * * * * * * * * * * * * * * * * * * * * * * * * //

dimensions      [0 3 -1 0 0 0 0];

internalField   nonuniform List<scalar> 
4850
(
7.34151e-08
6.88505e-09
-8.03002e-08
6.46276e-08
8.78753e-09
5.57474e-08
8.88023e-09
4.6922e-08
8.82537e-09
3.82916e-08
8.63038e-09
3.04807e-08
7.81089e-09
2.43886e-08
6.09211e-09
2.04219e-08
3.9667e-09
1.8122e-08
2.29989e-09
1.67201e-08
1.40196e-09
1.57497e-08
9.7034e-10
1.49778e-08
7.71942e-10
1.42851e-08
6.92736e-10
1.36272e-08
6.57875e-10
1.29997e-08
6.2753e-10
1.24079e-08
5.91752e-10
1.18603e-08
5.47585e-10
1.13554e-08
5.04919e-10
1.08927e-08
4.62736e-10
1.04635e-08
4.29201e-10
1.00673e-08
3.96116e-10
9.69444e-09
3.72908e-10
9.34516e-09
3.49273e-10
9.01277e-09
3.32393e-10
8.7024e-09
3.10374e-10
8.40355e-09
2.98846e-10
8.12477e-09
2.78777e-10
7.85394e-09
2.70837e-10
7.60187e-09
2.52065e-10
7.35238e-09
2.49493e-10
7.12235e-09
2.30031e-10
6.88991e-09
2.32435e-10
6.67777e-09
2.12146e-10
6.45735e-09
2.20418e-10
2.13004e-10
8.82198e-08
6.38047e-09
-8.77153e-08
8.71884e-08
9.81893e-09
8.50623e-08
1.10063e-08
8.22615e-08
1.16262e-08
7.8725e-08
1.21669e-08
7.4443e-08
1.20929e-08
6.96995e-08
1.08356e-08
6.50622e-08
8.60403e-09
6.09374e-08
6.42469e-09
5.72704e-08
5.06894e-09
5.39251e-08
4.31564e-09
5.08759e-08
3.82118e-09
4.81196e-08
3.44899e-09
4.56363e-08
3.14117e-09
4.33994e-08
2.86441e-09
4.13737e-08
2.61746e-09
3.95374e-08
2.3839e-09
3.78562e-08
2.18609e-09
3.63138e-08
2.0052e-09
3.48814e-08
1.86155e-09
3.35547e-08
1.72281e-09
3.23063e-08
1.62135e-09
3.11402e-08
1.51533e-09
3.00329e-08
1.43972e-09
2.89972e-08
1.34604e-09
2.80028e-08
1.29331e-09
2.70739e-08
1.20766e-09
2.61723e-08
1.17246e-09
2.53337e-08
1.09063e-09
2.45055e-08
1.07768e-09
2.37437e-08
9.91814e-10
2.29722e-08
1.00394e-09
2.2275e-08
9.09361e-10
2.15432e-08
9.52231e-10
8.85695e-10
9.60145e-08
5.95828e-09
-9.55923e-08
9.64546e-08
9.37881e-09
9.6374e-08
1.1087e-08
9.61188e-08
1.18814e-08
9.57093e-08
1.25763e-08
9.48594e-08
1.29429e-08
9.33703e-08
1.23246e-08
9.13675e-08
1.06068e-08
8.91845e-08
8.60773e-09
8.69603e-08
7.29311e-09
8.464e-08
6.63595e-09
8.22026e-08
6.25859e-09
7.97009e-08
5.95064e-09
7.71768e-08
5.66529e-09
7.46702e-08
5.37103e-09
7.21963e-08
5.09137e-09
6.97828e-08
4.79736e-09
6.74278e-08
4.54108e-09
6.51492e-08
4.28381e-09
6.29388e-08
4.07197e-09
6.08222e-08
3.83944e-09
5.87801e-08
3.66336e-09
5.68401e-08
3.4554e-09
5.49726e-08
3.30723e-09
5.32065e-08
3.11211e-09
5.14941e-08
3.00571e-09
4.98796e-08
2.82213e-09
4.82996e-08
2.75247e-09
4.68209e-08
2.5694e-09
4.53532e-08
2.54536e-09
4.39972e-08
2.34777e-09
4.26188e-08
2.3824e-09
4.13702e-08
2.15796e-09
4.00567e-08
2.26566e-09
2.07276e-09
1.04299e-07
5.81942e-09
-1.04161e-07
1.04869e-07
8.80922e-09
1.05176e-07
1.07799e-08
1.05411e-07
1.16469e-08
1.05775e-07
1.22117e-08
1.06094e-07
1.26241e-08
1.06083e-07
1.23359e-08
1.05629e-07
1.10606e-08
1.04898e-07
9.33858e-09
1.04071e-07
8.11996e-09
1.03137e-07
7.57016e-09
1.02035e-07
7.36033e-09
1.00782e-07
7.20446e-09
9.93914e-08
7.05551e-09
9.78948e-08
6.86764e-09
9.62926e-08
6.69358e-09
9.46091e-08
6.48084e-09
9.28361e-08
6.31405e-09
9.09952e-08
6.12475e-09
8.90708e-08
5.99636e-09
8.70988e-08
5.81145e-09
8.50619e-08
5.70027e-09
8.30154e-08
5.50183e-09
8.09427e-08
5.37997e-09
7.89063e-08
5.14853e-09
7.68572e-08
5.05475e-09
7.48664e-08
4.81298e-09
7.28567e-08
4.76219e-09
7.09313e-08
4.4948e-09
6.89802e-08
4.49642e-09
6.71472e-08
4.18075e-09
6.52588e-08
4.27085e-09
6.35204e-08
3.8964e-09
6.16821e-08
4.10392e-09
3.74545e-09
1.13393e-07
5.82701e-09
-1.134e-07
1.13896e-07
8.30573e-09
1.14346e-07
1.03307e-08
1.14664e-07
1.1328e-08
1.15093e-07
1.17828e-08
1.15604e-07
1.21135e-08
1.15975e-07
1.19651e-08
1.1603e-07
1.10054e-08
1.15841e-07
9.5277e-09
1.15592e-07
8.36862e-09
1.15325e-07
7.83741e-09
1.14974e-07
7.71145e-09
1.1453e-07
7.64812e-09
1.1399e-07
7.59574e-09
1.13376e-07
7.48109e-09
1.12676e-07
7.39415e-09
1.11902e-07
7.25481e-09
1.1103e-07
7.18606e-09
1.10074e-07
7.08101e-09
1.08997e-07
7.07335e-09
1.0782e-07
6.98803e-09
1.06501e-07
7.01888e-09
1.05084e-07
6.91895e-09
1.0354e-07
6.92459e-09
1.01942e-07
6.74611e-09
1.00244e-07
6.75311e-09
9.85236e-08
6.5332e-09
9.66904e-08
6.59538e-09
9.48528e-08
6.33235e-09
9.29046e-08
6.44463e-09
9.10092e-08
6.07618e-09
8.89981e-08
6.28193e-09
8.70782e-08
5.81631e-09
8.50182e-08
6.16387e-09
5.68959e-09
1.23249e-07
5.90815e-09
-1.2333e-07
1.23651e-07
7.90422e-09
1.24179e-07
9.80201e-09
1.24572e-07
1.09348e-08
1.24979e-07
1.13766e-08
1.25469e-07
1.16227e-08
1.25904e-07
1.15307e-08
1.26095e-07
1.08139e-08
1.26053e-07
9.56973e-09
1.25951e-07
8.47083e-09
1.25877e-07
7.91147e-09
1.25784e-07
7.80458e-09
1.25652e-07
7.78039e-09
1.25468e-07
7.77916e-09
1.25261e-07
7.68824e-09
1.25018e-07
7.63702e-09
1.24754e-07
7.5189e-09
1.24441e-07
7.49904e-09
1.24093e-07
7.42922e-09
1.2367e-07
7.49643e-09
1.23185e-07
7.47278e-09
1.22587e-07
7.61735e-09
1.21897e-07
7.60809e-09
1.21074e-07
7.74782e-09
1.20176e-07
7.64458e-09
1.19161e-07
7.76771e-09
1.18097e-07
7.5968e-09
1.16899e-07
7.79358e-09
1.15627e-07
7.60489e-09
1.1419e-07
7.88111e-09
1.12717e-07
7.54971e-09
1.111e-07
7.89836e-09
1.09461e-07
7.45544e-09
1.07673e-07
7.95198e-09
7.50605e-09
1.33844e-07
6.01905e-09
-1.33955e-07
1.34168e-07
7.58105e-09
1.3472e-07
9.24986e-09
1.35192e-07
1.04626e-08
1.35598e-07
1.09707e-08
1.3605e-07
1.11708e-08
1.36485e-07
1.10957e-08
1.3673e-07
1.05682e-08
1.3675e-07
9.54994e-09
1.36681e-07
8.53991e-09
1.36644e-07
7.94818e-09
1.36622e-07
7.82665e-09
1.36586e-07
7.81686e-09
1.36516e-07
7.84942e-09
1.36438e-07
7.76574e-09
1.36352e-07
7.72342e-09
1.36272e-07
7.59836e-09
1.3618e-07
7.59087e-09
1.36088e-07
7.52216e-09
1.35967e-07
7.61742e-09
1.35826e-07
7.61342e-09
1.35628e-07
7.81509e-09
1.35381e-07
7.85491e-09
1.3505e-07
8.0791e-09
1.34665e-07
8.03004e-09
1.34206e-07
8.22626e-09
1.33712e-07
8.09108e-09
1.33142e-07
8.3636e-09
1.32491e-07
8.25563e-09
1.31703e-07
8.66862e-09
1.30823e-07
8.42982e-09
1.29849e-07
8.87245e-09
1.28769e-07
8.53557e-09
1.27591e-07
9.13015e-09
8.84333e-09
1.45232e-07
6.11175e-09
-1.45325e-07
1.4549e-07
7.32376e-09
1.46026e-07
8.71359e-09
1.46553e-07
9.93581e-09
1.46986e-07
1.05372e-08
1.47413e-07
1.07435e-08
1.47834e-07
1.06755e-08
1.48112e-07
1.029e-08
1.48185e-07
9.47652e-09
1.48141e-07
8.58428e-09
1.48111e-07
7.97757e-09
1.48115e-07
7.82306e-09
1.48118e-07
7.81423e-09
1.48094e-07
7.87327e-09
1.48057e-07
7.80269e-09
1.48018e-07
7.76245e-09
1.47988e-07
7.62779e-09
1.47963e-07
7.61582e-09
1.47944e-07
7.54128e-09
1.47921e-07
7.64041e-09
1.47894e-07
7.64082e-09
1.47849e-07
7.8605e-09
1.4778e-07
7.92311e-09
1.47677e-07
8.18197e-09
1.4754e-07
8.16743e-09
1.47379e-07
8.38701e-09
1.47194e-07
8.27668e-09
1.46999e-07
8.55842e-09
1.4675e-07
8.50481e-09
1.4643e-07
8.9881e-09
1.46006e-07
8.85427e-09
1.45564e-07
9.31383e-09
1.45004e-07
9.09584e-09
1.44417e-07
9.71683e-09
9.62197e-09
1.57519e-07
6.14559e-09
-1.57553e-07
1.57715e-07
7.12754e-09
1.58181e-07
8.24781e-09
1.58732e-07
9.38407e-09
1.59204e-07
1.00661e-08
1.59625e-07
1.03219e-08
1.60026e-07
1.02748e-08
1.60324e-07
9.99212e-09
1.60446e-07
9.35479e-09
1.60434e-07
8.59606e-09
1.60412e-07
7.99918e-09
1.60429e-07
7.80662e-09
1.60456e-07
7.78656e-09
1.60467e-07
7.86286e-09
1.60453e-07
7.81647e-09
1.60435e-07
7.78032e-09
1.6042e-07
7.64322e-09
1.60415e-07
7.62016e-09
1.60414e-07
7.54295e-09
1.60417e-07
7.63724e-09
1.60416e-07
7.64132e-09
1.60416e-07
7.8606e-09
1.60403e-07
7.93628e-09
1.60385e-07
8.19998e-09
1.60341e-07
8.21148e-09
1.60302e-07
8.42572e-09
1.6024e-07
8.33881e-09
1.60198e-07
8.60009e-09
1.60128e-07
8.57532e-09
1.6004e-07
9.07564e-09
1.59862e-07
9.03252e-09
1.59715e-07
9.46094e-09
1.59478e-07
9.33274e-09
1.59261e-07
9.93356e-09
9.99043e-09
1.70762e-07
6.06901e-09
-1.70685e-07
1.70947e-07
6.9423e-09
1.71331e-07
7.86372e-09
1.71863e-07
8.85226e-09
1.72366e-07
9.56333e-09
1.72797e-07
9.89094e-09
1.73182e-07
9.88935e-09
1.73489e-07
9.68578e-09
1.73648e-07
9.19534e-09
1.73672e-07
8.57206e-09
1.73662e-07
8.00884e-09
1.73683e-07
7.78552e-09
1.73726e-07
7.74386e-09
1.73764e-07
7.82513e-09
1.73771e-07
7.80936e-09
1.73767e-07
7.78387e-09
1.73759e-07
7.65205e-09
1.73761e-07
7.61729e-09
1.73766e-07
7.53872e-09
1.73776e-07
7.62679e-09
1.73783e-07
7.63491e-09
1.73796e-07
7.84761e-09
1.738e-07
7.93184e-09
1.73812e-07
8.18765e-09
1.73804e-07
8.21992e-09
1.73809e-07
8.42085e-09
1.73791e-07
8.35642e-09
1.73794e-07
8.59741e-09
1.73781e-07
8.58773e-09
1.73779e-07
9.07799e-09
1.73708e-07
9.1031e-09
1.73681e-07
9.48831e-09
1.73593e-07
9.42098e-09
1.73541e-07
9.98529e-09
1.01422e-08
1.85046e-07
5.92407e-09
-1.84901e-07
1.85251e-07
6.73693e-09
1.85585e-07
7.52972e-09
1.86072e-07
8.36525e-09
1.86583e-07
9.05321e-09
1.87031e-07
9.44258e-09
1.87412e-07
9.50818e-09
1.87721e-07
9.37661e-09
1.87908e-07
9.00905e-09
1.87968e-07
8.51138e-09
1.87974e-07
8.00263e-09
1.87997e-07
7.76258e-09
1.88047e-07
7.69413e-09
1.88103e-07
7.7688e-09
1.88132e-07
7.78112e-09
1.8814e-07
7.77512e-09
1.88137e-07
7.65509e-09
1.88142e-07
7.61221e-09
1.8815e-07
7.53082e-09
1.88164e-07
7.61335e-09
1.88174e-07
7.62435e-09
1.88193e-07
7.82935e-09
1.88206e-07
7.91893e-09
1.8823e-07
8.16333e-09
1.88239e-07
8.21119e-09
1.88259e-07
8.4003e-09
1.88259e-07
8.35611e-09
1.88273e-07
8.58431e-09
1.88274e-07
8.58662e-09
1.88297e-07
9.05504e-09
1.8827e-07
9.12923e-09
1.88284e-07
9.4752e-09
1.88249e-07
9.45582e-09
1.88252e-07
9.9818e-09
1.02048e-08
2.00484e-07
5.74639e-09
-2.00306e-07
2.00716e-07
6.50476e-09
2.01032e-07
7.21398e-09
2.01471e-07
7.92612e-09
2.01966e-07
8.55767e-09
2.02426e-07
8.98332e-09
2.02813e-07
9.12105e-09
2.03126e-07
9.06354e-09
2.03333e-07
8.80149e-09
2.03427e-07
8.41755e-09
2.03454e-07
7.97623e-09
2.03481e-07
7.73516e-09
2.03532e-07
7.64265e-09
2.036e-07
7.70106e-09
2.03649e-07
7.73262e-09
2.03671e-07
7.75247e-09
2.03675e-07
7.65131e-09
2.03682e-07
7.60585e-09
2.03692e-07
7.52083e-09
2.03708e-07
7.59715e-09
2.03722e-07
7.61003e-09
2.03745e-07
7.80682e-09
2.03763e-07
7.90057e-09
2.03793e-07
8.1333e-09
2.03811e-07
8.19322e-09
2.03838e-07
8.37293e-09
2.03846e-07
8.34798e-09
2.03864e-07
8.56672e-09
2.03867e-07
8.58407e-09
2.03897e-07
9.02467e-09
2.0389e-07
9.13585e-09
2.03917e-07
9.44841e-09
2.03898e-07
9.47451e-09
2.03916e-07
9.96406e-09
1.02353e-08
2.17188e-07
5.55357e-09
-2.16996e-07
2.17442e-07
6.25151e-09
2.17755e-07
6.90029e-09
2.18156e-07
7.52528e-09
2.18625e-07
8.08857e-09
2.19083e-07
8.52605e-09
2.19479e-07
8.72504e-09
2.198e-07
8.74226e-09
2.20028e-07
8.57373e-09
2.20151e-07
8.29418e-09
2.202e-07
7.92727e-09
2.20238e-07
7.69753e-09
2.2029e-07
7.59043e-09
2.20364e-07
7.62702e-09
2.2043e-07
7.66659e-09
2.2047e-07
7.71271e-09
2.20482e-07
7.6385e-09
2.20492e-07
7.59623e-09
2.20503e-07
7.50979e-09
2.20523e-07
7.57773e-09
2.2054e-07
7.5923e-09
2.20568e-07
7.77937e-09
2.2059e-07
7.87789e-09
2.20625e-07
8.09914e-09
2.20648e-07
8.17016e-09
2.20679e-07
8.34116e-09
2.20691e-07
8.33641e-09
2.20713e-07
8.54475e-09
2.20715e-07
8.58172e-09
2.20749e-07
8.9912e-09
2.20752e-07
9.13292e-09
2.20784e-07
9.41653e-09
2.20771e-07
9.48757e-09
2.20791e-07
9.9439e-09
1.02535e-08
2.35271e-07
5.35158e-09
-2.35069e-07
2.35535e-07
5.98754e-09
2.3585e-07
6.58483e-09
2.36227e-07
7.14864e-09
2.36665e-07
7.65026e-09
2.3711e-07
8.08061e-09
2.37512e-07
8.32345e-09
2.37845e-07
8.40982e-09
2.38093e-07
8.32539e-09
2.38245e-07
8.14206e-09
2.38318e-07
7.85459e-09
2.38371e-07
7.64463e-09
2.38427e-07
7.53401e-09
2.38504e-07
7.55022e-09
2.38583e-07
7.58745e-09
2.38642e-07
7.65367e-09
2.38667e-07
7.61338e-09
2.38683e-07
7.5802e-09
2.38696e-07
7.4973e-09
2.38718e-07
7.55516e-09
2.38739e-07
7.57138e-09
2.38772e-07
7.74626e-09
2.38799e-07
7.85069e-09
2.38838e-07
8.06045e-09
2.38865e-07
8.14335e-09
2.38901e-07
8.30548e-09
2.38914e-07
8.32261e-09
2.38941e-07
8.51863e-09
2.38944e-07
8.57837e-09
2.38979e-07
8.95557e-09
2.38988e-07
9.12404e-09
2.39022e-07
9.38284e-09
2.39013e-07
9.49648e-09
2.39033e-07
9.92422e-09
1.02649e-08
2.54844e-07
5.14216e-09
-2.54635e-07
2.55111e-07
5.72016e-09
2.55427e-07
6.26876e-09
2.5579e-07
6.78593e-09
2.562e-07
7.24058e-09
2.56628e-07
7.65248e-09
2.57029e-07
7.92281e-09
2.57371e-07
8.06703e-09
2.57639e-07
8.05768e-09
2.57821e-07
7.96046e-09
2.57919e-07
7.75594e-09
2.5799e-07
7.57444e-09
2.58055e-07
7.4686e-09
2.58134e-07
7.47134e-09
2.58222e-07
7.49936e-09
2.583e-07
7.57589e-09
2.58341e-07
7.57174e-09
2.58367e-07
7.55463e-09
2.58383e-07
7.48121e-09
2.58409e-07
7.52953e-09
2.58433e-07
7.54753e-09
2.58471e-07
7.70737e-09
2.58504e-07
7.81819e-09
2.58548e-07
8.01645e-09
2.58579e-07
8.11242e-09
2.58618e-07
8.26591e-09
2.58635e-07
8.30606e-09
2.58664e-07
8.48912e-09
2.5867e-07
8.57242e-09
2.58708e-07
8.91812e-09
2.58722e-07
9.10981e-09
2.58756e-07
9.34876e-09
2.58752e-07
9.50051e-09
2.58771e-07
9.90542e-09
1.02711e-08
2.7603e-07
4.92599e-09
-2.75814e-07
2.76299e-07
5.45169e-09
2.76613e-07
5.95476e-09
2.76966e-07
6.43315e-09
2.77352e-07
6.85403e-09
2.77761e-07
7.24353e-09
2.78155e-07
7.52908e-09
2.78505e-07
7.71711e-09
2.78789e-07
7.77354e-09
2.78999e-07
7.74991e-09
2.79128e-07
7.62757e-09
2.79216e-07
7.48622e-09
2.79294e-07
7.39022e-09
2.79378e-07
7.38771e-09
2.79472e-07
7.40582e-09
2.79565e-07
7.48248e-09
2.79626e-07
7.51077e-09
2.79664e-07
7.51628e-09
2.79687e-07
7.45832e-09
2.79717e-07
7.49982e-09
2.79744e-07
7.52062e-09
2.79788e-07
7.66312e-09
2.79827e-07
7.77957e-09
2.79876e-07
7.96669e-09
2.79913e-07
8.07628e-09
2.79956e-07
8.22242e-09
2.79977e-07
8.28553e-09
2.80009e-07
8.45687e-09
2.80019e-07
8.56242e-09
2.80058e-07
8.87911e-09
2.80078e-07
9.08973e-09
2.80112e-07
9.31478e-09
2.80113e-07
9.49894e-09
2.80132e-07
9.88706e-09
1.02722e-08
2.98965e-07
4.70428e-09
-2.98743e-07
2.99233e-07
5.18384e-09
2.99541e-07
5.64612e-09
2.99885e-07
6.0897e-09
3.00253e-07
6.48605e-09
3.00644e-07
6.85273e-09
3.01027e-07
7.1456e-09
3.0138e-07
7.36442e-09
3.01677e-07
7.47628e-09
3.01913e-07
7.51374e-09
3.02074e-07
7.4664e-09
3.02183e-07
7.37763e-09
3.02277e-07
7.29652e-09
3.0237e-07
7.29482e-09
3.02466e-07
7.30921e-09
3.02571e-07
7.3772e-09
3.02652e-07
7.43036e-09
3.02706e-07
7.46169e-09
3.0274e-07
7.42501e-09
3.02776e-07
7.46346e-09
3.02807e-07
7.4897e-09
3.02856e-07
7.61437e-09
3.02901e-07
7.73423e-09
3.02957e-07
7.91112e-09
3.02999e-07
8.03383e-09
3.03047e-07
8.17495e-09
3.03072e-07
8.25967e-09
3.03107e-07
8.42198e-09
3.03123e-07
8.54702e-09
3.03163e-07
8.8387e-09
3.03189e-07
9.06347e-09
3.03223e-07
9.28081e-09
3.03231e-07
9.49134e-09
3.0325e-07
9.86838e-09
1.02681e-08
3.23792e-07
4.48067e-09
-3.23568e-07
3.24058e-07
4.91826e-09
3.24358e-07
5.34534e-09
3.24692e-07
5.75638e-09
3.25045e-07
6.13252e-09
3.25419e-07
6.47861e-09
3.25792e-07
6.77331e-09
3.26143e-07
7.01316e-09
3.26451e-07
7.16867e-09
3.26707e-07
7.2572e-09
3.26901e-07
7.273e-09
3.27035e-07
7.24292e-09
3.27145e-07
7.18679e-09
3.27251e-07
7.18872e-09
3.27352e-07
7.20781e-09
3.27466e-07
7.26355e-09
3.27564e-07
7.3322e-09
3.27638e-07
7.38844e-09
3.27685e-07
7.37793e-09
3.2773e-07
7.4178e-09
3.27767e-07
7.4531e-09
3.27819e-07
7.56196e-09
3.27872e-07
7.68187e-09
3.27933e-07
7.84966e-09
3.27983e-07
7.98381e-09
3.28035e-07
8.12295e-09
3.28068e-07
8.22713e-09
3.28105e-07
8.38423e-09
3.28127e-07
8.52534e-09
3.28169e-07
8.79684e-09
3.28202e-07
9.03083e-09
3.28236e-07
9.24623e-09
3.2825e-07
9.47756e-09
3.2827e-07
9.8483e-09
1.02588e-08
3.50667e-07
4.25759e-09
-3.50444e-07
3.50929e-07
4.65629e-09
3.51222e-07
5.05214e-09
3.51545e-07
5.43317e-09
3.51888e-07
5.78984e-09
3.52247e-07
6.11941e-09
3.52609e-07
6.41136e-09
3.52957e-07
6.6656e-09
3.53272e-07
6.85341e-09
3.53544e-07
6.98498e-09
3.53765e-07
7.05231e-09
3.5393e-07
7.0775e-09
3.54057e-07
7.05951e-09
3.54178e-07
7.06775e-09
3.54289e-07
7.0974e-09
3.54408e-07
7.14443e-09
3.54521e-07
7.21876e-09
3.54613e-07
7.29661e-09
3.54678e-07
7.31337e-09
3.54735e-07
7.36004e-09
3.54781e-07
7.40737e-09
3.54838e-07
7.50517e-09
3.54897e-07
7.62247e-09
3.54964e-07
7.78263e-09
3.55022e-07
7.92589e-09
3.55079e-07
8.06594e-09
3.5512e-07
8.18688e-09
3.55161e-07
8.34265e-09
3.5519e-07
8.49633e-09
3.55234e-07
8.75292e-09
3.55273e-07
8.99226e-09
3.55309e-07
9.21019e-09
3.55329e-07
9.45776e-09
3.55352e-07
9.82527e-09
1.02442e-08
3.79765e-07
4.03519e-09
-3.79543e-07
3.80021e-07
4.40064e-09
3.80307e-07
4.76558e-09
3.8062e-07
5.12007e-09
3.80952e-07
5.45782e-09
3.81298e-07
5.77386e-09
3.81649e-07
6.06017e-09
3.81992e-07
6.3231e-09
3.82311e-07
6.53436e-09
3.82595e-07
6.70028e-09
3.82838e-07
6.81005e-09
3.83035e-07
6.88055e-09
3.83184e-07
6.91001e-09
3.83322e-07
6.93002e-09
3.83447e-07
6.97193e-09
3.83572e-07
7.01973e-09
3.83698e-07
7.09292e-09
3.83808e-07
7.18662e-09
3.83891e-07
7.23012e-09
3.83963e-07
7.2879e-09
3.84021e-07
7.34957e-09
3.84084e-07
7.44264e-09
3.8415e-07
7.55653e-09
3.84222e-07
7.70985e-09
3.84289e-07
7.85929e-09
3.84353e-07
8.00232e-09
3.84401e-07
8.13796e-09
3.84448e-07
8.2961e-09
3.84484e-07
8.46014e-09
3.84531e-07
8.7061e-09
3.84575e-07
8.94806e-09
3.84614e-07
9.17111e-09
3.8464e-07
9.43183e-09
3.84667e-07
9.79878e-09
1.02235e-08
4.11268e-07
3.81644e-09
-4.1105e-07
4.11519e-07
4.14956e-09
4.11799e-07
4.48588e-09
4.12102e-07
4.81705e-09
4.12425e-07
5.13534e-09
4.12758e-07
5.44003e-09
4.13099e-07
5.71969e-09
4.13437e-07
5.98539e-09
4.13757e-07
6.21387e-09
4.14053e-07
6.40481e-09
4.14312e-07
6.55059e-09
4.14536e-07
6.65699e-09
4.14714e-07
6.73179e-09
4.14867e-07
6.77644e-09
4.1501e-07
6.82944e-09
4.15143e-07
6.88671e-09
4.15278e-07
6.9577e-09
4.15405e-07
7.0602e-09
4.15507e-07
7.12782e-09
4.15597e-07
7.198e-09
4.1567e-07
7.27616e-09
4.15742e-07
7.37104e-09
4.15815e-07
7.48296e-09
4.15894e-07
7.63111e-09
4.15969e-07
7.78451e-09
4.16039e-07
7.93191e-09
4.16097e-07
8.07999e-09
4.1615e-07
8.24294e-09
4.16195e-07
8.41539e-09
4.16246e-07
8.65483e-09
4.16296e-07
8.8986e-09
4.16339e-07
9.12837e-09
4.16371e-07
9.39945e-09
4.16402e-07
9.76737e-09
1.01963e-08
4.45388e-07
3.60283e-09
-4.45174e-07
4.45634e-07
3.90361e-09
4.45905e-07
4.2151e-09
4.46197e-07
4.52435e-09
4.46509e-07
4.82397e-09
4.46832e-07
5.11695e-09
4.47161e-07
5.39013e-09
4.47493e-07
5.65323e-09
4.47814e-07
5.8933e-09
4.48117e-07
6.10162e-09
4.48391e-07
6.27692e-09
4.48635e-07
6.41306e-09
4.48842e-07
6.52466e-09
4.49017e-07
6.60156e-09
4.49177e-07
6.66914e-09
4.49324e-07
6.74011e-09
4.49469e-07
6.81226e-09
4.49611e-07
6.91811e-09
4.49732e-07
7.00744e-09
4.49839e-07
7.09008e-09
4.49931e-07
7.18461e-09
4.50013e-07
7.28858e-09
4.50096e-07
7.40074e-09
4.50181e-07
7.54578e-09
4.50264e-07
7.70124e-09
4.50343e-07
7.85338e-09
4.50411e-07
8.01161e-09
4.50472e-07
8.18168e-09
4.50526e-07
8.36175e-09
4.50582e-07
8.59857e-09
4.50637e-07
8.84354e-09
4.50685e-07
9.08074e-09
4.50724e-07
9.36042e-09
4.50762e-07
9.72899e-09
1.01631e-08
4.82347e-07
3.39131e-09
-4.82136e-07
4.82584e-07
3.66723e-09
4.82846e-07
3.95344e-09
4.83129e-07
4.2409e-09
4.83429e-07
4.52353e-09
4.83744e-07
4.80196e-09
4.84066e-07
5.06875e-09
4.84393e-07
5.32619e-09
4.84713e-07
5.57264e-09
4.85022e-07
5.79327e-09
4.85308e-07
5.9904e-09
4.85569e-07
6.15219e-09
4.85803e-07
6.29117e-09
4.86002e-07
6.40254e-09
4.86181e-07
6.48981e-09
4.86345e-07
6.57587e-09
4.86502e-07
6.6558e-09
4.86657e-07
6.76314e-09
4.86794e-07
6.86993e-09
4.8692e-07
6.96438e-09
4.87031e-07
7.07384e-09
4.87128e-07
7.19089e-09
4.87222e-07
7.30697e-09
4.87316e-07
7.45166e-09
4.87408e-07
7.60983e-09
4.87495e-07
7.76641e-09
4.87573e-07
7.93334e-09
4.87643e-07
8.11115e-09
4.87707e-07
8.29859e-09
4.8777e-07
8.53508e-09
4.87831e-07
8.78268e-09
4.87885e-07
9.02717e-09
4.87931e-07
9.31402e-09
4.87976e-07
9.68437e-09
1.01216e-08
5.22359e-07
3.18294e-09
-5.22151e-07
5.22589e-07
3.43786e-09
5.22843e-07
3.69969e-09
5.23118e-07
3.96553e-09
5.2341e-07
4.23152e-09
5.23717e-07
4.49474e-09
5.24031e-07
4.75444e-09
5.24352e-07
5.00572e-09
5.24671e-07
5.25351e-09
5.24982e-07
5.48222e-09
5.25279e-07
5.69321e-09
5.25555e-07
5.87654e-09
5.2581e-07
6.03625e-09
5.26035e-07
6.17695e-09
5.26237e-07
6.28857e-09
5.26421e-07
6.39203e-09
5.26592e-07
6.48397e-09
5.26761e-07
6.59417e-09
5.26916e-07
6.71502e-09
5.2706e-07
6.821e-09
5.2719e-07
6.94308e-09
5.27305e-07
7.07628e-09
5.27412e-07
7.19996e-09
5.27517e-07
7.3466e-09
5.27618e-07
7.50855e-09
5.27716e-07
7.66919e-09
5.27805e-07
7.84355e-09
5.27887e-07
8.02947e-09
5.2796e-07
8.22539e-09
5.28032e-07
8.46362e-09
5.281e-07
8.7143e-09
5.28162e-07
8.9655e-09
5.28217e-07
9.25917e-09
5.28269e-07
9.63212e-09
1.00706e-08
5.65669e-07
2.98107e-09
-5.65468e-07
5.65896e-07
3.21148e-09
5.66143e-07
3.453e-09
5.6641e-07
3.69797e-09
5.66694e-07
3.94778e-09
5.66992e-07
4.19683e-09
5.67299e-07
4.44716e-09
5.67613e-07
4.69181e-09
5.67931e-07
4.9357e-09
5.68245e-07
5.16846e-09
5.68551e-07
5.38706e-09
5.6884e-07
5.5874e-09
5.69112e-07
5.76373e-09
5.69362e-07
5.92739e-09
5.69587e-07
6.0632e-09
5.69793e-07
6.18676e-09
5.69982e-07
6.29472e-09
5.70166e-07
6.41017e-09
5.70338e-07
6.54242e-09
5.70498e-07
6.66108e-09
5.70649e-07
6.79259e-09
5.70783e-07
6.94188e-09
5.70907e-07
7.07621e-09
5.71026e-07
7.22806e-09
5.71139e-07
7.39536e-09
5.71246e-07
7.5615e-09
5.71348e-07
7.74207e-09
5.71441e-07
7.93641e-09
5.71527e-07
8.13979e-09
5.71608e-07
8.38173e-09
5.71686e-07
8.63639e-09
5.71756e-07
8.89545e-09
5.7182e-07
9.19567e-09
5.71884e-07
9.56826e-09
1.00106e-08
6.12556e-07
2.78314e-09
-6.12359e-07
6.12777e-07
2.9909e-09
6.13017e-07
3.21269e-09
6.13277e-07
3.43882e-09
6.13552e-07
3.67199e-09
6.13842e-07
3.90725e-09
6.14144e-07
4.14537e-09
6.14454e-07
4.38191e-09
6.14771e-07
4.61865e-09
6.15087e-07
4.8519e-09
6.154e-07
5.07432e-09
6.15701e-07
5.28637e-09
6.15988e-07
5.47675e-09
6.16258e-07
5.65734e-09
6.16506e-07
5.81489e-09
6.16735e-07
5.95776e-09
6.16945e-07
6.08516e-09
6.17146e-07
6.209e-09
6.17337e-07
6.35167e-09
6.17514e-07
6.48379e-09
6.17683e-07
6.62321e-09
6.17839e-07
6.78617e-09
6.17981e-07
6.93468e-09
6.18115e-07
7.09414e-09
6.18241e-07
7.26902e-09
6.18361e-07
7.44144e-09
6.18475e-07
7.62808e-09
6.18582e-07
7.82961e-09
6.1868e-07
8.0415e-09
6.18774e-07
8.28822e-09
6.18861e-07
8.5486e-09
6.18943e-07
8.81385e-09
6.19017e-07
9.12139e-09
6.19091e-07
9.4947e-09
9.93736e-09
6.63308e-07
2.58695e-09
-6.63112e-07
6.63524e-07
2.77483e-09
6.6376e-07
2.97732e-09
6.64013e-07
3.18574e-09
6.64283e-07
3.40204e-09
6.64567e-07
3.62274e-09
6.64865e-07
3.84735e-09
6.65172e-07
4.07467e-09
6.65488e-07
4.30333e-09
6.65806e-07
4.53381e-09
6.66123e-07
4.7573e-09
6.66434e-07
4.97538e-09
6.66733e-07
5.17728e-09
6.67022e-07
5.3691e-09
6.67291e-07
5.54537e-09
6.67545e-07
5.70427e-09
6.67777e-07
5.85269e-09
6.67997e-07
5.98867e-09
6.68208e-07
6.14107e-09
6.68404e-07
6.28804e-09
6.68591e-07
6.43624e-09
6.68768e-07
6.6093e-09
6.68928e-07
6.77443e-09
6.6908e-07
6.94232e-09
6.69222e-07
7.12689e-09
6.69357e-07
7.30659e-09
6.69483e-07
7.50119e-09
6.69604e-07
7.70867e-09
6.69716e-07
7.92998e-09
6.69823e-07
8.18069e-09
6.69923e-07
8.44919e-09
6.70018e-07
8.71914e-09
6.70105e-07
9.03419e-09
6.70188e-07
9.41173e-09
9.84844e-09
7.18241e-07
2.3903e-09
-7.18044e-07
7.18455e-07
2.56012e-09
7.18688e-07
2.74527e-09
7.18936e-07
2.93744e-09
7.19202e-07
3.13618e-09
7.19482e-07
3.34225e-09
7.19777e-07
3.55286e-09
7.20081e-07
3.77035e-09
7.20395e-07
3.98963e-09
7.20714e-07
4.21457e-09
7.21036e-07
4.43561e-09
7.21356e-07
4.65507e-09
7.21669e-07
4.86454e-09
7.21973e-07
5.06432e-09
7.22263e-07
5.25575e-09
7.22538e-07
5.42911e-09
7.22795e-07
5.59639e-09
7.23035e-07
5.74818e-09
7.23267e-07
5.90899e-09
7.23482e-07
6.07338e-09
7.23688e-07
6.23038e-09
7.23884e-07
6.41258e-09
7.24066e-07
6.59283e-09
7.24236e-07
6.77207e-09
7.24397e-07
6.96571e-09
7.24547e-07
7.15717e-09
7.2469e-07
7.35827e-09
7.24824e-07
7.5742e-09
7.24953e-07
7.80113e-09
7.25073e-07
8.06041e-09
7.25188e-07
8.33422e-09
7.25294e-07
8.61351e-09
7.25398e-07
8.92979e-09
7.25495e-07
9.31503e-09
9.7469e-09
7.77698e-07
2.18895e-09
-7.77497e-07
7.77911e-07
2.34776e-09
7.78139e-07
2.51637e-09
7.78385e-07
2.69216e-09
7.78648e-07
2.87253e-09
7.78927e-07
3.06366e-09
7.7922e-07
3.26006e-09
7.79523e-07
3.46689e-09
7.79837e-07
3.67547e-09
7.80159e-07
3.89245e-09
7.80486e-07
4.10894e-09
7.80814e-07
4.32728e-09
7.81137e-07
4.54111e-09
7.81455e-07
4.74689e-09
7.81762e-07
4.94819e-09
7.82057e-07
5.13422e-09
7.82338e-07
5.31516e-09
7.82601e-07
5.48587e-09
7.82855e-07
5.65475e-09
7.83091e-07
5.8375e-09
7.83317e-07
6.00456e-09
7.83533e-07
6.19658e-09
7.83736e-07
6.38966e-09
7.83925e-07
6.58344e-09
7.84106e-07
6.78466e-09
7.84272e-07
6.99079e-09
7.84434e-07
7.19643e-09
7.84584e-07
7.42427e-09
7.8473e-07
7.65455e-09
7.84864e-07
7.92647e-09
7.84997e-07
8.20124e-09
7.85115e-07
8.49601e-09
7.85233e-07
8.81139e-09
7.85354e-07
9.19375e-09
9.63661e-09
8.42047e-07
2.00126e-09
-8.41859e-07
8.42242e-07
2.15224e-09
8.42464e-07
2.29484e-09
8.42709e-07
2.44648e-09
8.42976e-07
2.60545e-09
8.43262e-07
2.77781e-09
8.43564e-07
2.95821e-09
8.43879e-07
3.15205e-09
8.44202e-07
3.35273e-09
8.4453e-07
3.56379e-09
8.44861e-07
3.77877e-09
8.45191e-07
3.99647e-09
8.45519e-07
4.21338e-09
8.45844e-07
4.42173e-09
8.46165e-07
4.62754e-09
8.46478e-07
4.82157e-09
8.4678e-07
5.01286e-09
8.47067e-07
5.19884e-09
8.47342e-07
5.37973e-09
8.47602e-07
5.57732e-09
8.47848e-07
5.75888e-09
8.48085e-07
5.9595e-09
8.48308e-07
6.16634e-09
8.48519e-07
6.37261e-09
8.48719e-07
6.58475e-09
8.48907e-07
6.80265e-09
8.49084e-07
7.01933e-09
8.49253e-07
7.25517e-09
8.49415e-07
7.49279e-09
8.4957e-07
7.77175e-09
8.49716e-07
8.05469e-09
8.49857e-07
8.35546e-09
8.49994e-07
8.67449e-09
8.50114e-07
9.0731e-09
9.48374e-09
3.27732e-06
1.29635e-09
-3.27662e-06
3.27809e-06
1.37993e-09
3.2789e-06
1.48474e-09
3.27975e-06
1.60062e-09
3.28063e-06
1.72717e-09
3.28154e-06
1.86488e-09
3.28249e-06
2.01295e-09
3.28347e-06
2.17103e-09
3.28448e-06
2.3383e-09
3.28553e-06
2.51174e-09
3.28662e-06
2.69127e-09
3.28774e-06
2.87248e-09
3.2889e-06
3.0602e-09
3.29007e-06
3.25064e-09
3.29125e-06
3.45108e-09
3.29241e-06
3.65582e-09
3.29355e-06
3.87004e-09
3.29466e-06
4.09182e-09
3.29571e-06
4.33531e-09
3.29671e-06
4.57361e-09
3.29766e-06
4.80922e-09
3.29857e-06
5.04816e-09
3.29944e-06
5.29423e-09
3.30028e-06
5.53627e-09
3.30108e-06
5.78498e-09
3.30185e-06
6.02805e-09
3.30259e-06
6.28097e-09
3.30331e-06
6.53942e-09
3.30398e-06
6.81706e-09
3.30464e-06
7.1186e-09
3.30525e-06
7.43732e-09
3.30586e-06
7.75153e-09
3.30643e-06
8.10199e-09
3.30702e-06
8.48278e-09
8.84852e-09
3.54082e-06
1.08137e-10
-3.53964e-06
3.54208e-06
1.26877e-10
3.54333e-06
2.3097e-10
3.54455e-06
3.80818e-10
3.54572e-06
5.58488e-10
3.54684e-06
7.48558e-10
3.54791e-06
9.38474e-10
3.54896e-06
1.12257e-09
3.55e-06
1.29985e-09
3.55103e-06
1.4794e-09
3.55205e-06
1.66655e-09
3.55311e-06
1.81372e-09
3.55424e-06
1.93568e-09
3.55539e-06
2.09369e-09
3.55656e-06
2.28467e-09
3.55772e-06
2.502e-09
3.55884e-06
2.7424e-09
3.55993e-06
3.0005e-09
3.561e-06
3.26969e-09
3.56203e-06
3.5479e-09
3.56301e-06
3.8266e-09
3.56395e-06
4.10589e-09
3.56486e-06
4.38064e-09
3.56575e-06
4.65273e-09
3.56661e-06
4.9225e-09
3.56745e-06
5.18807e-09
3.56827e-06
5.46227e-09
3.56906e-06
5.74667e-09
3.56983e-06
6.04434e-09
3.57058e-06
6.37204e-09
3.57131e-06
6.70711e-09
3.57202e-06
7.04021e-09
3.57273e-06
7.39663e-09
3.57342e-06
7.79188e-09
8.27997e-09
3.83149e-06
-1.15463e-09
-3.83023e-06
3.83254e-06
-9.23866e-10
3.83351e-06
-7.32738e-10
3.8344e-06
-5.13016e-10
3.83525e-06
-2.92081e-10
3.8361e-06
-9.59148e-11
3.83692e-06
1.20675e-10
3.83773e-06
3.11708e-10
3.83859e-06
4.35335e-10
3.83955e-06
5.23668e-10
3.8406e-06
6.08719e-10
3.8417e-06
7.22041e-10
3.84276e-06
8.72124e-10
3.8438e-06
1.05626e-09
3.8448e-06
1.27684e-09
3.84578e-06
1.52665e-09
3.84672e-06
1.80094e-09
3.84763e-06
2.08883e-09
3.84852e-06
2.38262e-09
3.84939e-06
2.67572e-09
3.85026e-06
2.96202e-09
3.85112e-06
3.24438e-09
3.85198e-06
3.5214e-09
3.85284e-06
3.7944e-09
3.85369e-06
4.07061e-09
3.85453e-06
4.34556e-09
3.85536e-06
4.63365e-09
3.85617e-06
4.93201e-09
3.85697e-06
5.24742e-09
3.85775e-06
5.5882e-09
3.85853e-06
5.93512e-09
3.8593e-06
6.27089e-09
3.86007e-06
6.62049e-09
3.86088e-06
6.97956e-09
7.28183e-09
4.15127e-06
-4.15608e-10
-4.152e-06
4.15083e-06
-4.85814e-10
4.1505e-06
-4.04523e-10
4.15024e-06
-2.5109e-10
4.15e-06
-5.04383e-11
4.14981e-06
9.38932e-11
4.14971e-06
2.19288e-10
4.14968e-06
3.40008e-10
4.14966e-06
4.52538e-10
4.14962e-06
5.64609e-10
4.14955e-06
6.8386e-10
4.14949e-06
7.75905e-10
4.14951e-06
8.50908e-10
4.14961e-06
9.62291e-10
4.14978e-06
1.10454e-09
4.15003e-06
1.27305e-09
4.15037e-06
1.46717e-09
4.15077e-06
1.6809e-09
4.15125e-06
1.91105e-09
4.15177e-06
2.1546e-09
4.15232e-06
2.40517e-09
4.15291e-06
2.66288e-09
4.1535e-06
2.92205e-09
4.15412e-06
3.18331e-09
4.15474e-06
3.44604e-09
4.15538e-06
3.70569e-09
4.15604e-06
3.97582e-09
4.15672e-06
4.25451e-09
4.15742e-06
4.54739e-09
4.15814e-06
4.86627e-09
4.15888e-06
5.19002e-09
4.15965e-06
5.50633e-09
4.16043e-06
5.83843e-09
4.16122e-06
6.19094e-09
6.60304e-09
4.49138e-06
3.14279e-10
-4.49211e-06
4.49056e-06
3.32224e-10
4.4898e-06
3.57638e-10
4.48916e-06
3.88565e-10
4.48869e-06
4.24948e-10
4.48831e-06
4.67169e-10
4.48802e-06
5.1475e-10
4.48779e-06
5.68117e-10
4.48761e-06
6.26836e-10
4.48749e-06
6.91046e-10
4.48741e-06
7.61116e-10
4.48735e-06
8.37534e-10
4.48728e-06
9.22385e-10
4.48722e-06
1.01563e-09
4.48721e-06
1.12043e-09
4.48725e-06
1.23581e-09
4.48735e-06
1.36578e-09
4.48752e-06
1.50923e-09
4.48776e-06
1.66822e-09
4.48807e-06
1.84287e-09
4.48845e-06
2.03216e-09
4.48887e-06
2.23856e-09
4.48933e-06
2.45908e-09
4.48982e-06
2.69381e-09
4.49034e-06
2.92522e-09
4.49089e-06
3.15589e-09
4.49147e-06
3.39863e-09
4.49208e-06
3.6499e-09
4.49271e-06
3.91533e-09
4.49337e-06
4.20355e-09
4.49406e-06
4.4959e-09
4.49479e-06
4.77919e-09
4.49556e-06
5.0738e-09
4.49637e-06
5.3759e-09
5.64364e-09
4.84977e-06
3.59053e-10
-4.84981e-06
4.84972e-06
3.81495e-10
4.84967e-06
4.02558e-10
4.84964e-06
4.26488e-10
4.84961e-06
4.53876e-10
4.84959e-06
4.85654e-10
4.84958e-06
5.22104e-10
4.84959e-06
5.638e-10
4.8496e-06
6.10935e-10
4.84963e-06
6.63628e-10
4.84967e-06
7.22285e-10
4.84972e-06
7.86277e-10
4.84978e-06
8.56985e-10
4.84987e-06
9.33083e-10
4.84997e-06
1.01755e-09
4.8501e-06
1.10857e-09
4.85025e-06
1.21021e-09
4.85044e-06
1.32107e-09
4.85066e-06
1.44466e-09
4.85093e-06
1.58121e-09
4.85123e-06
1.73103e-09
4.85157e-06
1.89563e-09
4.85196e-06
2.07214e-09
4.85239e-06
2.2592e-09
4.85286e-06
2.45713e-09
4.85336e-06
2.65768e-09
4.85389e-06
2.87168e-09
4.85444e-06
3.09252e-09
4.85503e-06
3.32702e-09
4.85565e-06
3.57949e-09
4.85631e-06
3.83596e-09
4.85701e-06
4.08246e-09
4.85775e-06
4.34016e-09
4.85852e-06
4.60099e-09
4.83702e-09
5.24506e-06
3.42608e-10
-5.24505e-06
5.24508e-06
3.62354e-10
5.2451e-06
3.86765e-10
5.24511e-06
4.13619e-10
5.24512e-06
4.42745e-10
5.24513e-06
4.74882e-10
5.24514e-06
5.09767e-10
5.24516e-06
5.48205e-10
5.24518e-06
5.89956e-10
5.24521e-06
6.35687e-10
5.24525e-06
6.85447e-10
5.24529e-06
7.39456e-10
5.24535e-06
7.98443e-10
5.24542e-06
8.6195e-10
5.24551e-06
9.3169e-10
5.24561e-06
1.00672e-09
5.24573e-06
1.08947e-09
5.24587e-06
1.17949e-09
5.24604e-06
1.27852e-09
5.24623e-06
1.3881e-09
5.24646e-06
1.50711e-09
5.24671e-06
1.63902e-09
5.247e-06
1.77992e-09
5.24733e-06
1.93125e-09
5.2477e-06
2.09172e-09
5.2481e-06
2.25708e-09
5.24854e-06
2.43402e-09
5.24901e-06
2.61989e-09
5.24952e-06
2.81701e-09
5.25007e-06
3.03282e-09
5.25065e-06
3.25057e-09
5.25127e-06
3.46364e-09
5.25192e-06
3.68652e-09
5.2526e-06
3.92129e-09
4.18554e-09
5.67121e-06
3.06297e-10
-5.67117e-06
5.67124e-06
3.29044e-10
5.67127e-06
3.51105e-10
5.67131e-06
3.74994e-10
5.67136e-06
4.00649e-10
5.6714e-06
4.28619e-10
5.67145e-06
4.5877e-10
5.67151e-06
4.91681e-10
5.67157e-06
5.27244e-10
5.67164e-06
5.65893e-10
5.67172e-06
6.07772e-10
5.67181e-06
6.5291e-10
5.6719e-06
7.0204e-10
5.67201e-06
7.54575e-10
5.67213e-06
8.12105e-10
5.67226e-06
8.73555e-10
5.67241e-06
9.41175e-10
5.67258e-06
1.01424e-09
5.67276e-06
1.09454e-09
5.67297e-06
1.18294e-09
5.67319e-06
1.27903e-09
5.67345e-06
1.38528e-09
5.67373e-06
1.49903e-09
5.67404e-06
1.62117e-09
5.67438e-06
1.75134e-09
5.67475e-06
1.88556e-09
5.67515e-06
2.03049e-09
5.67559e-06
2.18304e-09
5.67606e-06
2.34628e-09
5.67657e-06
2.52504e-09
5.67711e-06
2.70599e-09
5.6777e-06
2.88136e-09
5.67832e-06
3.06303e-09
5.67899e-06
3.24742e-09
3.40355e-09
6.13338e-06
2.5408e-10
-6.13332e-06
6.13343e-06
2.72705e-10
6.13349e-06
2.91581e-10
6.13355e-06
3.12022e-10
6.13362e-06
3.3387e-10
6.13369e-06
3.57393e-10
6.13377e-06
3.82285e-10
6.13385e-06
4.09843e-10
6.13394e-06
4.39698e-10
6.13403e-06
4.72154e-10
6.13413e-06
5.07253e-10
6.13424e-06
5.45032e-10
6.13436e-06
5.86026e-10
6.13448e-06
6.29771e-10
6.13462e-06
6.77494e-10
6.13476e-06
7.28342e-10
6.13492e-06
7.84076e-10
6.13509e-06
8.44132e-10
6.13527e-06
9.09883e-10
6.13547e-06
9.82093e-10
6.13569e-06
1.06033e-09
6.13593e-06
1.14669e-09
6.13619e-06
1.23888e-09
6.13648e-06
1.33779e-09
6.13678e-06
1.44296e-09
6.13712e-06
1.55137e-09
6.13748e-06
1.66841e-09
6.13787e-06
1.79186e-09
6.13829e-06
1.9242e-09
6.13875e-06
2.06994e-09
6.13924e-06
2.21813e-09
6.13975e-06
2.36337e-09
6.1403e-06
2.51636e-09
6.14087e-06
2.677e-09
2.85681e-09
6.63361e-06
2.06265e-10
-6.63357e-06
6.63367e-06
2.19823e-10
6.63372e-06
2.35232e-10
6.63378e-06
2.5201e-10
6.63385e-06
2.70045e-10
6.63391e-06
2.89695e-10
6.63399e-06
3.10802e-10
6.63406e-06
3.33773e-10
6.63414e-06
3.58465e-10
6.63423e-06
3.85203e-10
6.63432e-06
4.13996e-10
6.63442e-06
4.44908e-10
6.63453e-06
4.78314e-10
6.63465e-06
5.13871e-10
6.63477e-06
5.52502e-10
6.63491e-06
5.93552e-10
6.63505e-06
6.38363e-10
6.63521e-06
6.8652e-10
6.63538e-06
7.39052e-10
6.63557e-06
7.96643e-10
6.63577e-06
8.58877e-10
6.63599e-06
9.2768e-10
6.63622e-06
1.0017e-09
6.63648e-06
1.08083e-09
6.63676e-06
1.16441e-09
6.63706e-06
1.25045e-09
6.63739e-06
1.34318e-09
6.63774e-06
1.44105e-09
6.63811e-06
1.54589e-09
6.63852e-06
1.66148e-09
6.63896e-06
1.77855e-09
6.63943e-06
1.89275e-09
6.63994e-06
2.01164e-09
6.64048e-06
2.13398e-09
2.24297e-09
7.17474e-06
1.604e-10
-7.17469e-06
7.17478e-06
1.71454e-10
7.17484e-06
1.83547e-10
7.17489e-06
1.96696e-10
7.17495e-06
2.10843e-10
7.17501e-06
2.2626e-10
7.17508e-06
2.42838e-10
7.17515e-06
2.60867e-10
7.17523e-06
2.80243e-10
7.17532e-06
3.01185e-10
7.17541e-06
3.23715e-10
7.1755e-06
3.4785e-10
7.17561e-06
3.73909e-10
7.17572e-06
4.01591e-10
7.17584e-06
4.3165e-10
7.17597e-06
4.63529e-10
7.17611e-06
4.98323e-10
7.17626e-06
5.3565e-10
7.17643e-06
5.76374e-10
7.1766e-06
6.20938e-10
7.17679e-06
6.69078e-10
7.177e-06
7.22098e-10
7.17722e-06
7.78527e-10
7.17746e-06
8.38895e-10
7.17772e-06
9.02857e-10
7.17801e-06
9.6851e-10
7.17831e-06
1.03925e-09
7.17864e-06
1.11372e-09
7.17899e-06
1.19359e-09
7.17937e-06
1.28167e-09
7.17978e-06
1.37115e-09
7.18021e-06
1.45866e-09
7.18067e-06
1.55076e-09
7.18116e-06
1.64697e-09
1.7493e-09
7.76013e-06
1.17421e-10
-7.76009e-06
7.76018e-06
1.25658e-10
7.76023e-06
1.3458e-10
7.76028e-06
1.44258e-10
7.76034e-06
1.54635e-10
7.7604e-06
1.65943e-10
7.76046e-06
1.78086e-10
7.76053e-06
1.91309e-10
7.76061e-06
2.05512e-10
7.76069e-06
2.2089e-10
7.76077e-06
2.37423e-10
7.76086e-06
2.55163e-10
7.76096e-06
2.74293e-10
7.76107e-06
2.94641e-10
7.76119e-06
3.16696e-10
7.76131e-06
3.40111e-10
7.76144e-06
3.65609e-10
7.76158e-06
3.92979e-10
7.76174e-06
4.22756e-10
7.7619e-06
4.55346e-10
7.76208e-06
4.90433e-10
7.76228e-06
5.29083e-10
7.76248e-06
5.70081e-10
7.76271e-06
6.14004e-10
7.76295e-06
6.60466e-10
7.76321e-06
7.08304e-10
7.76349e-06
7.59811e-10
7.76379e-06
8.14222e-10
7.76411e-06
8.72508e-10
7.76446e-06
9.37031e-10
7.76482e-06
1.00246e-09
7.76522e-06
1.06672e-09
7.76563e-06
1.13423e-09
7.76608e-06
1.20512e-09
1.27706e-09
8.3934e-06
7.73295e-11
-8.39336e-06
8.39345e-06
8.26042e-11
8.39349e-06
8.84799e-11
8.39354e-06
9.48644e-11
8.39359e-06
1.01721e-10
8.39365e-06
1.09186e-10
8.39371e-06
1.17204e-10
8.39378e-06
1.25925e-10
8.39385e-06
1.35296e-10
8.39392e-06
1.45435e-10
8.394e-06
1.56346e-10
8.39409e-06
1.68048e-10
8.39418e-06
1.80682e-10
8.39429e-06
1.94109e-10
8.39439e-06
2.08677e-10
8.39451e-06
2.24123e-10
8.39463e-06
2.40955e-10
8.39477e-06
2.58992e-10
8.39491e-06
2.78627e-10
8.39507e-06
3.00078e-10
8.39523e-06
3.2319e-10
8.39542e-06
3.48607e-10
8.39561e-06
3.75592e-10
8.39582e-06
4.04455e-10
8.39604e-06
4.3502e-10
8.39629e-06
4.66432e-10
8.39655e-06
5.00304e-10
8.39682e-06
5.36016e-10
8.39712e-06
5.74335e-10
8.39744e-06
6.16668e-10
8.39779e-06
6.59653e-10
8.39815e-06
7.01731e-10
8.39854e-06
7.45982e-10
8.39895e-06
7.92163e-10
8.3817e-10
9.07842e-06
3.89463e-11
-9.07839e-06
9.07847e-06
4.15085e-11
9.07851e-06
4.44284e-11
9.07856e-06
4.76185e-11
9.07861e-06
5.10597e-11
9.07866e-06
5.48184e-11
9.07872e-06
5.88622e-11
9.07878e-06
6.32645e-11
9.07885e-06
6.7995e-11
9.07892e-06
7.31116e-11
9.079e-06
7.86107e-11
9.07908e-06
8.45015e-11
9.07917e-06
9.08514e-11
9.07927e-06
9.75944e-11
9.07937e-06
1.04902e-10
9.07949e-06
1.12648e-10
9.07961e-06
1.21084e-10
9.07973e-06
1.30128e-10
9.07987e-06
1.39971e-10
9.08002e-06
1.50732e-10
9.08018e-06
1.62323e-10
9.08036e-06
1.75077e-10
9.08054e-06
1.88613e-10
9.08075e-06
2.03093e-10
9.08096e-06
2.18414e-10
9.08119e-06
2.34158e-10
9.08144e-06
2.51118e-10
9.08171e-06
2.68995e-10
9.082e-06
2.88157e-10
9.0823e-06
3.09331e-10
9.08263e-06
3.30805e-10
9.08298e-06
3.5182e-10
9.08335e-06
3.73906e-10
9.08375e-06
3.96993e-10
4.20673e-10
9.81945e-06
-9.81941e-06
9.81949e-06
9.81953e-06
9.81958e-06
9.81963e-06
9.81968e-06
9.81974e-06
9.81981e-06
9.81987e-06
9.81995e-06
9.82003e-06
9.82011e-06
9.8202e-06
9.8203e-06
9.8204e-06
9.82052e-06
9.82064e-06
9.82077e-06
9.82091e-06
9.82106e-06
9.82122e-06
9.8214e-06
9.82158e-06
9.82179e-06
9.82201e-06
9.82224e-06
9.82249e-06
9.82276e-06
9.82305e-06
9.82336e-06
9.82369e-06
9.82404e-06
9.82441e-06
9.82481e-06
8.47033e-08
9.68714e-09
8.37407e-08
-8.41904e-09
8.42992e-08
6.6286e-09
8.34135e-08
-2.93164e-09
8.40173e-08
6.32377e-09
8.3308e-08
-4.5306e-09
8.376e-08
2.93747e-09
8.31495e-08
-2.52886e-09
8.34647e-08
2.35771e-09
8.3038e-08
-9.46382e-10
8.32824e-08
3.49181e-09
8.30576e-08
3.58358e-10
8.3144e-08
3.04589e-09
8.30416e-08
4.61142e-10
8.30173e-08
2.27908e-09
8.29755e-08
1.90148e-10
8.27102e-08
1.7047e-09
8.25172e-08
3.3214e-10
8.14421e-08
2.05372e-09
1.63624e-09
9.1313e-08
9.42059e-09
9.0729e-08
-7.83502e-09
9.08811e-08
6.4765e-09
9.04636e-08
-2.51422e-09
9.0612e-08
6.17543e-09
9.03737e-08
-4.29232e-09
9.0371e-08
2.94018e-09
9.02377e-08
-2.39556e-09
9.01289e-08
2.46652e-09
9.00535e-08
-8.71036e-10
8.99879e-08
3.55739e-09
8.9961e-08
3.85291e-10
8.98585e-08
3.14842e-09
8.97887e-08
5.30967e-10
8.96377e-08
2.43006e-09
8.94862e-08
3.41597e-10
8.91405e-08
2.05042e-09
8.86917e-08
7.80916e-10
8.82503e-08
2.49514e-09
2.17129e-09
9.84923e-08
9.49848e-09
9.82772e-08
-7.61988e-09
9.81151e-08
6.63856e-09
9.80733e-08
-2.47237e-09
9.80076e-08
6.24106e-09
9.79779e-08
-4.26262e-09
9.78781e-08
3.03999e-09
9.78086e-08
-2.32606e-09
9.77371e-08
2.53803e-09
9.75747e-08
-7.0866e-10
9.77015e-08
3.43066e-09
9.74522e-08
6.34539e-10
9.76548e-08
2.94588e-09
9.72689e-08
9.16798e-10
9.74456e-08
2.25344e-09
9.68999e-08
8.8726e-10
9.69177e-08
2.0326e-09
9.61527e-08
1.5459e-09
9.60568e-08
2.59108e-09
2.63575e-09
1.06529e-07
9.68565e-09
1.06449e-07
-7.53988e-09
1.06291e-07
6.79644e-09
1.063e-07
-2.48157e-09
1.06375e-07
6.16623e-09
1.06214e-07
-4.10188e-09
1.06318e-07
2.93624e-09
1.06039e-07
-2.04739e-09
1.06213e-07
2.36408e-09
1.05815e-07
-3.11067e-10
1.06189e-07
3.05658e-09
1.05745e-07
1.07928e-09
1.06117e-07
2.57369e-09
1.05622e-07
1.41193e-09
1.05825e-07
2.05059e-09
1.0527e-07
1.44203e-09
1.05222e-07
2.08063e-09
1.04608e-07
2.15987e-09
1.0448e-07
2.71896e-09
2.95516e-09
1.15511e-07
9.70938e-09
1.15311e-07
-7.33999e-09
1.15387e-07
6.72006e-09
1.15259e-07
-2.35335e-09
1.15578e-07
5.84667e-09
1.15199e-07
-3.72262e-09
1.15511e-07
2.62467e-09
1.15035e-07
-1.57182e-09
1.15387e-07
2.01238e-09
1.14857e-07
2.18603e-10
1.15327e-07
2.5871e-09
1.14873e-07
1.53305e-09
1.15214e-07
2.23228e-09
1.14801e-07
1.82549e-09
1.14832e-07
2.01905e-09
1.14364e-07
1.91011e-09
1.1419e-07
2.25475e-09
1.13811e-07
2.53905e-09
1.13598e-07
2.93182e-09
3.1528e-09
1.25299e-07
9.49198e-09
1.24916e-07
-6.95693e-09
1.25241e-07
6.39481e-09
1.24969e-07
-2.08072e-09
1.25476e-07
5.33927e-09
1.24922e-07
-3.16866e-09
1.2537e-07
2.17729e-09
1.24777e-07
-9.79315e-10
1.2521e-07
1.57965e-09
1.24679e-07
7.49075e-10
1.25117e-07
2.14943e-09
1.24796e-07
1.85435e-09
1.25018e-07
2.00989e-09
1.24782e-07
2.06203e-09
1.24577e-07
2.2237e-09
1.2406e-07
2.42692e-09
1.23688e-07
2.62648e-09
1.23469e-07
2.7585e-09
1.23464e-07
2.93717e-09
3.28612e-09
1.35812e-07
9.09789e-09
1.35277e-07
-6.42184e-09
1.358e-07
5.87177e-09
1.3541e-07
-1.69082e-09
1.36053e-07
4.69686e-09
1.35378e-07
-2.49367e-09
1.35899e-07
1.65638e-09
1.35285e-07
-3.66084e-10
1.35692e-07
1.17269e-09
1.35297e-07
1.14481e-09
1.35597e-07
1.84905e-09
1.355e-07
1.95083e-09
1.35564e-07
1.94614e-09
1.35515e-07
2.11138e-09
1.35469e-07
2.26955e-09
1.35351e-07
2.54497e-09
1.35028e-07
2.94982e-09
1.34521e-07
3.26544e-09
1.34208e-07
3.25026e-09
3.53843e-09
1.47108e-07
8.59811e-09
1.46445e-07
-5.75841e-09
1.47129e-07
5.18768e-09
1.46637e-07
-1.19857e-09
1.47378e-07
3.95576e-09
1.46639e-07
-1.75515e-09
1.47164e-07
1.13179e-09
1.46628e-07
1.69806e-10
1.46922e-07
8.78693e-10
1.4677e-07
1.29707e-09
1.46879e-07
1.74014e-09
1.46935e-07
1.89499e-09
1.46929e-07
1.95121e-09
1.47016e-07
2.02459e-09
1.47084e-07
2.20206e-09
1.47118e-07
2.51065e-09
1.46937e-07
3.13086e-09
1.46538e-07
3.66404e-09
1.45709e-07
4.0796e-09
3.92252e-09
1.59293e-07
8.02858e-09
1.58511e-07
-4.97642e-09
1.59331e-07
4.3685e-09
1.58757e-07
-6.24978e-10
1.59553e-07
3.15957e-09
1.58819e-07
-1.02066e-09
1.59283e-07
6.67328e-10
1.58886e-07
5.67102e-10
1.59052e-07
7.12932e-10
1.59047e-07
1.3018e-09
1.59124e-07
1.66329e-09
1.59244e-07
1.7745e-09
1.59232e-07
1.9638e-09
1.58858e-07
2.39775e-09
1.58266e-07
2.7946e-09
1.57658e-07
3.11842e-09
1.57313e-07
3.47653e-09
1.57215e-07
3.76131e-09
1.57545e-07
3.75009e-09
3.91472e-09
1.72464e-07
7.40438e-09
1.71578e-07
-4.08948e-09
1.725e-07
3.44645e-09
1.71891e-07
-1.65718e-11
1.72672e-07
2.37835e-09
1.7204e-07
-3.8792e-10
1.72366e-07
3.41408e-10
1.7219e-07
7.42869e-10
1.7223e-07
6.72775e-10
1.72291e-07
1.24088e-09
1.72299e-07
1.65525e-09
1.71969e-07
2.10421e-09
1.71521e-07
2.41207e-09
1.71179e-07
2.73923e-09
1.7097e-07
3.00417e-09
1.70735e-07
3.35354e-09
1.70657e-07
3.55437e-09
1.70694e-07
3.72437e-09
1.70635e-07
3.80853e-09
3.8649e-09
1.86711e-07
6.73379e-09
1.85742e-07
-3.1207e-09
1.86717e-07
2.47182e-09
1.86151e-07
5.49613e-10
1.86826e-07
1.70312e-09
1.86419e-07
1.96515e-11
1.86523e-07
2.3644e-10
1.86552e-07
7.14022e-10
1.86507e-07
7.17878e-10
1.86346e-07
1.40253e-09
1.85967e-07
2.03381e-09
1.85693e-07
2.37845e-09
1.85466e-07
2.63857e-09
1.85244e-07
2.96173e-09
1.85043e-07
3.20527e-09
1.84943e-07
3.45289e-09
1.84871e-07
3.627e-09
1.84829e-07
3.76634e-09
1.84837e-07
3.80061e-09
3.80044e-09
2.02121e-07
6.02709e-09
2.01106e-07
-2.10533e-09
2.02062e-07
1.51581e-09
2.01624e-07
9.87602e-10
2.02126e-07
1.20108e-09
2.0201e-07
1.35234e-10
2.01971e-07
2.75794e-10
2.01927e-07
7.57619e-10
2.0158e-07
1.06499e-09
2.01295e-07
1.68721e-09
2.01076e-07
2.25305e-09
2.00877e-07
2.57762e-09
2.00678e-07
2.83799e-09
2.00503e-07
3.13628e-09
2.00347e-07
3.36084e-09
2.00257e-07
3.54361e-09
2.00197e-07
3.68672e-09
2.00189e-07
3.77408e-09
2.00226e-07
3.76362e-09
3.72067e-09
2.18784e-07
5.30186e-09
2.17774e-07
-1.09501e-09
2.18589e-07
7.00191e-10
2.18375e-07
1.20193e-09
2.18681e-07
8.95207e-10
2.18729e-07
8.65837e-11
2.18586e-07
4.19393e-10
2.18256e-07
1.0878e-09
2.1796e-07
1.36054e-09
2.1775e-07
1.89705e-09
2.17561e-07
2.44175e-09
2.17371e-07
2.76782e-09
2.1719e-07
3.01889e-09
2.17042e-07
3.2843e-09
2.16924e-07
3.47923e-09
2.16844e-07
3.62343e-09
2.16814e-07
3.71643e-09
2.16836e-07
3.75222e-09
2.169e-07
3.69976e-09
3.62518e-09
2.36797e-07
4.58264e-09
2.35851e-07
-1.48807e-10
2.36289e-07
2.62276e-10
2.36407e-07
1.08409e-09
2.36501e-07
8.01093e-10
2.36396e-07
1.92056e-10
2.3623e-07
5.84746e-10
2.36048e-07
1.26981e-09
2.35819e-07
1.59027e-09
2.3562e-07
2.09572e-09
2.3544e-07
2.62208e-09
2.35261e-07
2.94686e-09
2.35099e-07
3.18094e-09
2.34968e-07
3.41525e-09
2.34883e-07
3.56341e-09
2.34831e-07
3.67606e-09
2.34829e-07
3.71836e-09
2.34876e-07
3.70498e-09
2.3496e-07
3.61544e-09
3.51688e-09
2.56277e-07
3.89256e-09
2.55452e-07
6.76573e-10
2.55621e-07
9.30833e-11
2.55854e-07
8.50921e-10
2.5591e-07
7.45436e-10
2.55778e-07
3.2403e-10
2.55603e-07
7.59797e-10
2.55414e-07
1.45813e-09
2.55183e-07
1.82145e-09
2.54987e-07
2.29235e-09
2.54817e-07
2.7918e-09
2.5465e-07
3.1136e-09
2.5451e-07
3.32141e-09
2.54404e-07
3.5213e-09
2.54349e-07
3.61849e-09
2.54329e-07
3.69595e-09
2.54352e-07
3.69533e-09
2.54419e-07
3.63791e-09
2.54517e-07
3.51721e-09
3.39919e-09
2.7735e-07
3.25093e-09
2.76678e-07
1.34759e-09
2.76649e-07
1.22627e-10
2.76862e-07
6.38074e-10
2.7692e-07
6.8767e-10
2.76772e-07
4.71898e-10
2.76593e-07
9.38795e-10
2.76402e-07
1.64895e-09
2.7617e-07
2.05364e-09
2.75973e-07
2.48881e-09
2.75815e-07
2.95014e-09
2.75669e-07
3.25911e-09
2.7555e-07
3.44062e-09
2.75474e-07
3.59773e-09
2.75446e-07
3.64646e-09
2.75454e-07
3.68724e-09
2.75499e-07
3.6511e-09
2.7558e-07
3.55639e-09
2.75689e-07
3.40835e-09
3.27413e-09
3.00148e-07
2.67695e-09
2.99671e-07
1.82469e-09
2.99484e-07
3.09518e-10
2.9961e-07
5.12347e-10
2.99655e-07
6.42063e-10
2.99513e-07
6.14224e-10
2.99331e-07
1.12061e-09
2.99137e-07
1.84364e-09
2.98909e-07
2.28155e-09
2.98717e-07
2.68046e-09
2.98573e-07
3.09453e-09
2.9845e-07
3.3815e-09
2.98353e-07
3.53821e-09
2.9831e-07
3.64073e-09
2.98305e-07
3.65152e-09
2.98336e-07
3.65564e-09
2.984e-07
3.58747e-09
2.98494e-07
3.46226e-09
2.98612e-07
3.29042e-09
3.14289e-09
3.24826e-07
2.18086e-09
3.24606e-07
2.04456e-09
3.24292e-07
6.23505e-10
3.24269e-07
5.35137e-10
3.24275e-07
6.36933e-10
3.24144e-07
7.44754e-10
3.23961e-07
1.30408e-09
3.23764e-07
2.04021e-09
3.23546e-07
2.49936e-09
3.23364e-07
2.8625e-09
3.23236e-07
3.2222e-09
3.23138e-07
3.48036e-09
3.23059e-07
3.61658e-09
3.23057e-07
3.64326e-09
3.23067e-07
3.64076e-09
3.23119e-07
3.6036e-09
3.23202e-07
3.50529e-09
3.23308e-07
3.35597e-09
3.23433e-07
3.16528e-09
3.00749e-09
3.51552e-07
1.7603e-09
3.51774e-07
1.82296e-09
3.51291e-07
1.10569e-09
3.51013e-07
8.13593e-10
3.50957e-07
6.93054e-10
3.50831e-07
8.70548e-10
3.50643e-07
1.49202e-09
3.50444e-07
2.23895e-09
3.5024e-07
2.70376e-09
3.50072e-07
3.03024e-09
3.49962e-07
3.33286e-09
3.49887e-07
3.55461e-09
3.49844e-07
3.66041e-09
3.49856e-07
3.63067e-09
3.49891e-07
3.60543e-09
3.49962e-07
3.53297e-09
3.5006e-07
3.40774e-09
3.50176e-07
3.23932e-09
3.50306e-07
3.03562e-09
2.86978e-09
3.805e-07
1.40849e-09
3.80518e-07
1.80439e-09
3.80294e-07
1.33019e-09
3.80046e-07
1.06164e-09
3.79915e-07
8.2419e-10
3.79755e-07
1.03018e-09
3.79549e-07
1.69822e-09
3.79343e-07
2.44471e-09
3.79156e-07
2.89058e-09
3.79012e-07
3.17479e-09
3.78922e-07
3.42205e-09
3.78879e-07
3.59801e-09
3.78868e-07
3.67096e-09
3.78894e-07
3.60511e-09
3.78951e-07
3.54893e-09
3.79038e-07
3.44592e-09
3.79147e-07
3.29816e-09
3.79272e-07
3.11472e-09
3.79404e-07
2.90349e-09
2.73099e-09
4.11884e-07
1.08687e-09
4.1236e-07
1.32765e-09
4.1252e-07
1.17042e-09
4.12084e-07
1.49736e-09
4.11517e-07
1.39148e-09
4.11126e-07
1.42127e-09
4.10852e-07
1.97218e-09
4.10644e-07
2.65324e-09
4.10493e-07
3.04126e-09
4.10379e-07
3.28836e-09
4.10311e-07
3.4907e-09
4.10292e-07
3.61642e-09
4.10314e-07
3.64874e-09
4.10353e-07
3.56675e-09
4.10425e-07
3.47707e-09
4.10525e-07
3.34594e-09
4.10644e-07
3.17872e-09
4.10775e-07
2.98346e-09
4.10911e-07
2.76776e-09
2.59249e-09
4.45841e-07
8.17947e-10
4.46599e-07
5.69717e-10
4.47075e-07
6.94501e-10
4.47113e-07
1.45946e-09
4.46314e-07
2.19003e-09
4.45283e-07
2.4527e-09
4.44754e-07
2.50087e-09
4.44563e-07
2.84492e-09
4.4445e-07
3.15412e-09
4.44365e-07
3.37267e-09
4.44317e-07
3.53914e-09
4.44326e-07
3.60741e-09
4.44377e-07
3.59725e-09
4.44431e-07
3.51317e-09
4.44519e-07
3.38881e-09
4.44632e-07
3.23354e-09
4.4476e-07
3.05001e-09
4.44897e-07
2.84644e-09
4.45037e-07
2.62855e-09
2.45491e-09
4.82536e-07
6.74612e-10
4.82395e-07
7.10638e-10
4.82068e-07
1.02221e-09
4.81918e-07
1.60893e-09
4.81968e-07
2.14044e-09
4.81878e-07
2.54267e-09
4.81585e-07
2.79399e-09
4.81382e-07
3.04714e-09
4.81264e-07
3.27257e-09
4.81199e-07
3.43721e-09
4.81179e-07
3.55945e-09
4.81213e-07
3.57348e-09
4.81277e-07
3.53336e-09
4.81358e-07
3.43206e-09
4.81462e-07
3.28472e-09
4.81585e-07
3.11098e-09
4.81719e-07
2.91518e-09
4.81859e-07
2.7065e-09
4.81999e-07
2.48919e-09
2.31768e-09
5.22351e-07
5.79424e-10
5.22118e-07
9.44502e-10
5.21924e-07
1.21554e-09
5.21795e-07
1.73837e-09
5.21697e-07
2.23859e-09
5.21593e-07
2.64587e-09
5.21417e-07
2.97029e-09
5.21256e-07
3.20801e-09
5.21148e-07
3.38039e-09
5.21099e-07
3.48646e-09
5.21105e-07
3.55369e-09
5.2116e-07
3.5183e-09
5.21242e-07
3.45135e-09
5.21344e-07
3.33029e-09
5.21463e-07
3.16594e-09
5.21595e-07
2.97901e-09
5.21734e-07
2.77578e-09
5.21876e-07
2.56477e-09
5.22015e-07
2.35034e-09
2.18122e-09
5.65465e-07
5.28113e-10
5.65363e-07
1.0468e-09
5.65127e-07
1.4511e-09
5.64946e-07
1.91997e-09
5.64786e-07
2.39772e-09
5.64654e-07
2.77832e-09
5.64535e-07
3.08958e-09
5.64422e-07
3.32118e-09
5.6434e-07
3.46153e-09
5.64311e-07
3.51567e-09
5.64349e-07
3.51572e-09
5.64419e-07
3.44854e-09
5.64517e-07
3.35308e-09
5.64635e-07
3.21205e-09
5.64767e-07
3.03469e-09
5.64907e-07
2.8388e-09
5.65051e-07
2.63196e-09
5.65194e-07
2.42116e-09
5.65334e-07
2.21118e-09
2.04711e-09
6.1215e-07
5.15391e-10
6.12059e-07
1.13849e-09
6.11866e-07
1.64364e-09
6.11649e-07
2.13731e-09
6.11476e-07
2.57039e-09
6.11338e-07
2.91656e-09
6.11231e-07
3.19678e-09
6.11155e-07
3.39731e-09
6.11111e-07
3.50537e-09
6.11114e-07
3.51287e-09
6.11181e-07
3.4484e-09
6.11263e-07
3.36641e-09
6.11376e-07
3.24055e-09
6.11507e-07
3.08056e-09
6.11649e-07
2.89316e-09
6.11796e-07
2.6915e-09
6.11944e-07
2.48427e-09
6.12088e-07
2.27648e-09
6.12226e-07
2.0729e-09
1.91505e-09
6.62708e-07
5.30461e-10
6.62594e-07
1.25249e-09
6.62411e-07
1.8266e-09
6.62213e-07
2.33491e-09
6.6204e-07
2.74361e-09
6.61903e-07
3.05298e-09
6.6181e-07
3.29018e-09
6.61762e-07
3.44551e-09
6.61755e-07
3.5126e-09
6.618e-07
3.46732e-09
6.61876e-07
3.37292e-09
6.61981e-07
3.26157e-09
6.62107e-07
3.11438e-09
6.62248e-07
2.93916e-09
6.62396e-07
2.74516e-09
6.62548e-07
2.53976e-09
6.62698e-07
2.33415e-09
6.62843e-07
2.13126e-09
6.62981e-07
1.93529e-09
1.78384e-09
7.17452e-07
5.66176e-10
7.17287e-07
1.4174e-09
7.17131e-07
1.98268e-09
7.16954e-07
2.51177e-09
7.16787e-07
2.91052e-09
7.16656e-07
3.184e-09
7.16581e-07
3.36558e-09
7.16558e-07
3.46813e-09
7.16587e-07
3.48429e-09
7.1666e-07
3.39386e-09
7.16756e-07
3.27714e-09
7.16882e-07
3.13563e-09
7.17026e-07
2.97059e-09
7.17179e-07
2.78577e-09
7.17332e-07
2.59248e-09
7.17479e-07
2.39295e-09
7.17626e-07
2.18639e-09
7.17773e-07
1.98484e-09
7.17912e-07
1.7963e-09
1.65151e-09
7.76734e-07
6.10596e-10
7.76637e-07
1.51498e-09
7.76424e-07
2.19553e-09
7.76222e-07
2.71365e-09
7.76056e-07
3.07623e-09
7.75934e-07
3.30606e-09
7.75877e-07
3.42323e-09
7.75881e-07
3.46394e-09
7.75939e-07
3.42614e-09
7.76034e-07
3.29894e-09
7.76153e-07
3.15808e-09
7.76299e-07
2.98961e-09
7.76462e-07
2.808e-09
7.76633e-07
2.61408e-09
7.76814e-07
2.41179e-09
7.76941e-07
2.26626e-09
7.77052e-07
2.07492e-09
7.77209e-07
1.82834e-09
7.77358e-07
1.64692e-09
1.51276e-09
8.40905e-07
6.75332e-10
8.40729e-07
1.69076e-09
8.4055e-07
2.37469e-09
8.4037e-07
2.89364e-09
8.40215e-07
3.23039e-09
8.40112e-07
3.40915e-09
8.40074e-07
3.4612e-09
8.40105e-07
3.4337e-09
8.40201e-07
3.32937e-09
8.40318e-07
3.18199e-09
8.40467e-07
3.00897e-09
8.40641e-07
2.81623e-09
8.40831e-07
2.61802e-09
8.41029e-07
2.41577e-09
8.41223e-07
2.21839e-09
8.41403e-07
2.08533e-09
8.41573e-07
1.90578e-09
8.41665e-07
1.73599e-09
8.41736e-07
1.57546e-09
1.39022e-09
3.27241e-06
1.01615e-09
3.27166e-06
2.44067e-09
3.27081e-06
3.22768e-09
3.27009e-06
3.61729e-09
3.26955e-06
3.76332e-09
3.26924e-06
3.72388e-09
3.26914e-06
3.56276e-09
3.26926e-06
3.31458e-09
3.26964e-06
2.94705e-09
3.27016e-06
2.66211e-09
3.27077e-06
2.39788e-09
3.27144e-06
2.14971e-09
3.27213e-06
1.92501e-09
3.27282e-06
1.72076e-09
3.2735e-06
1.53815e-09
3.27422e-06
1.37442e-09
3.27489e-06
1.22841e-09
3.27553e-06
1.09817e-09
3.27612e-06
9.82174e-10
8.98428e-10
3.53964e-06
1.29337e-09
3.53874e-06
3.34692e-09
3.53752e-06
4.44091e-09
3.53639e-06
4.75412e-09
3.5355e-06
4.65434e-09
3.53491e-06
4.30746e-09
3.53455e-06
3.92193e-09
3.53425e-06
3.61863e-09
3.53401e-06
3.18778e-09
3.53393e-06
2.74369e-09
3.534e-06
2.32261e-09
3.53423e-06
1.91744e-09
3.53461e-06
1.54847e-09
3.53512e-06
1.21134e-09
3.53574e-06
9.17727e-10
3.53645e-06
6.64159e-10
3.53722e-06
4.56639e-10
3.53803e-06
2.92238e-10
3.53884e-06
1.74437e-10
9.79754e-11
3.82782e-06
2.36433e-09
3.82573e-06
5.44372e-09
3.82339e-06
6.78133e-09
3.82133e-06
6.81177e-09
3.81971e-06
6.27567e-09
3.81876e-06
5.25438e-09
3.81825e-06
4.4321e-09
3.81825e-06
3.62031e-09
3.81856e-06
2.87749e-09
3.81913e-06
2.17168e-09
3.81991e-06
1.54939e-09
3.82083e-06
9.92489e-10
3.82185e-06
5.30928e-10
3.8229e-06
1.61009e-10
3.82406e-06
-2.39542e-10
3.82535e-06
-6.27372e-10
3.82668e-06
-8.7614e-10
3.82799e-06
-1.01451e-09
3.8292e-06
-1.03989e-09
-9.32492e-10
4.14269e-06
1.13664e-09
4.14516e-06
2.97162e-09
4.14802e-06
3.91888e-09
4.15071e-06
4.13024e-09
4.15301e-06
3.9675e-09
4.15467e-06
3.59936e-09
4.15579e-06
3.30991e-09
4.15655e-06
2.85856e-09
4.15701e-06
2.41893e-09
4.1572e-06
1.9831e-09
4.15717e-06
1.57928e-09
4.15697e-06
1.19596e-09
4.15665e-06
8.51553e-10
4.15627e-06
5.38044e-10
4.15577e-06
2.63273e-10
4.15512e-06
1.48488e-11
4.15435e-06
-9.97731e-11
4.15351e-06
-1.74069e-10
4.15269e-06
-2.21007e-10
-2.49266e-10
4.47992e-06
7.59201e-10
4.48112e-06
1.76773e-09
4.48282e-06
2.21843e-09
4.48462e-06
2.33595e-09
4.48633e-06
2.26067e-09
4.48786e-06
2.06685e-09
4.48936e-06
1.80435e-09
4.49075e-06
1.47214e-09
4.49194e-06
1.22773e-09
4.49291e-06
1.01952e-09
4.49364e-06
8.47173e-10
4.49413e-06
7.05431e-10
4.49439e-06
5.91403e-10
4.49443e-06
4.99298e-10
4.49426e-06
4.2553e-10
4.49391e-06
3.65854e-10
4.4935e-06
3.17378e-10
4.49304e-06
2.7741e-10
4.49258e-06
2.43994e-10
2.20295e-10
4.84557e-06
4.14172e-10
4.84629e-06
1.04224e-09
4.84716e-06
1.35213e-09
4.84803e-06
1.46768e-09
4.84881e-06
1.47592e-09
4.84946e-06
1.41568e-09
4.84994e-06
1.33169e-09
4.85017e-06
1.23759e-09
4.85029e-06
1.10714e-09
4.85033e-06
9.76954e-10
4.85033e-06
8.56556e-10
4.85028e-06
7.47172e-10
4.85022e-06
6.51413e-10
4.85016e-06
5.67634e-10
4.85009e-06
4.95622e-10
4.85002e-06
4.33501e-10
4.84995e-06
3.80216e-10
4.8499e-06
3.34309e-10
4.84985e-06
2.94693e-10
2.54176e-10
5.24088e-06
2.87587e-10
5.2412e-06
7.19822e-10
5.24163e-06
9.23292e-10
5.24209e-06
1.00978e-09
5.24253e-06
1.03493e-09
5.24293e-06
1.01742e-09
5.24329e-06
9.67269e-10
5.24363e-06
8.9911e-10
5.24392e-06
8.21954e-10
5.24415e-06
7.42472e-10
5.24435e-06
6.63926e-10
5.24451e-06
5.78164e-10
5.24465e-06
5.16131e-10
5.24476e-06
4.60996e-10
5.24484e-06
4.1198e-10
5.24491e-06
3.6811e-10
5.24496e-06
3.28814e-10
5.245e-06
2.93595e-10
5.24503e-06
2.61937e-10
2.38749e-10
5.66866e-06
2.06645e-10
5.66887e-06
5.11114e-10
5.66913e-06
6.57343e-10
5.66942e-06
7.24836e-10
5.6697e-06
7.54631e-10
5.66996e-06
7.56071e-10
5.67019e-06
7.33546e-10
5.6704e-06
6.9558e-10
5.67057e-06
6.48547e-10
5.67071e-06
5.97142e-10
5.67083e-06
5.4619e-10
5.67091e-06
4.97904e-10
5.67097e-06
4.59858e-10
5.67101e-06
4.15957e-10
5.67105e-06
3.75357e-10
5.67108e-06
3.37903e-10
5.67111e-06
3.03672e-10
5.67113e-06
2.72497e-10
5.67114e-06
2.44201e-10
2.13795e-10
6.13137e-06
1.56694e-10
6.1315e-06
3.86105e-10
6.13166e-06
4.95514e-10
6.13183e-06
5.4907e-10
6.13201e-06
5.78555e-10
6.13217e-06
5.95114e-10
6.13232e-06
5.85028e-10
6.13245e-06
5.61278e-10
6.13257e-06
5.28738e-10
6.13268e-06
4.91167e-10
6.13277e-06
4.52431e-10
6.13286e-06
4.13532e-10
6.13294e-06
3.76374e-10
6.13302e-06
3.4104e-10
6.13308e-06
3.08236e-10
6.13314e-06
2.77881e-10
6.1332e-06
2.50077e-10
6.13324e-06
2.24716e-10
6.13329e-06
2.01663e-10
1.7694e-10
6.63188e-06
1.21751e-10
6.63196e-06
2.99256e-10
6.63208e-06
3.83375e-10
6.6322e-06
4.25603e-10
6.63233e-06
4.49586e-10
6.63246e-06
4.58766e-10
6.63259e-06
4.57422e-10
6.63271e-06
4.4111e-10
6.63282e-06
4.1729e-10
6.63293e-06
3.89122e-10
6.63302e-06
3.59625e-10
6.6331e-06
3.29698e-10
6.63318e-06
2.95306e-10
6.63326e-06
2.67642e-10
6.63332e-06
2.41806e-10
6.63338e-06
2.17805e-10
6.63344e-06
1.9573e-10
6.63349e-06
1.75541e-10
6.63353e-06
1.5714e-10
1.4344e-10
7.17325e-06
9.29256e-11
7.17332e-06
2.27989e-10
7.17341e-06
2.91895e-10
7.17351e-06
3.24095e-10
7.17362e-06
3.42802e-10
7.17373e-06
3.50218e-10
7.17384e-06
3.46462e-10
7.17395e-06
3.34472e-10
7.17405e-06
3.16683e-10
7.17414e-06
2.95341e-10
7.17423e-06
2.72871e-10
7.17431e-06
2.49988e-10
7.17438e-06
2.27946e-10
7.17444e-06
2.06863e-10
7.17449e-06
1.87174e-10
7.17454e-06
1.68832e-10
7.17458e-06
1.51912e-10
7.17462e-06
1.36376e-10
7.17466e-06
1.22168e-10
1.11524e-10
7.75882e-06
6.72478e-11
7.75888e-06
1.65211e-10
7.75897e-06
2.11236e-10
7.75905e-06
2.34518e-10
7.75915e-06
2.4802e-10
7.75925e-06
2.53521e-10
7.75934e-06
2.50894e-10
7.75943e-06
2.42483e-10
7.75952e-06
2.29899e-10
7.7596e-06
2.14786e-10
7.75968e-06
1.98765e-10
7.75974e-06
1.82378e-10
7.7598e-06
1.66483e-10
7.75986e-06
1.51193e-10
7.75991e-06
1.36837e-10
7.75996e-06
1.23444e-10
7.76e-06
1.11076e-10
7.76003e-06
1.0307e-10
7.76006e-06
9.27244e-11
8.16089e-11
8.3922e-06
4.40979e-11
8.39225e-06
1.08244e-10
8.39233e-06
1.3842e-10
8.39241e-06
1.53653e-10
8.39249e-06
1.62612e-10
8.39258e-06
1.66305e-10
8.39267e-06
1.6471e-10
8.39275e-06
1.59263e-10
8.39283e-06
1.51076e-10
8.3929e-06
1.41181e-10
8.39297e-06
1.30686e-10
8.39303e-06
1.19923e-10
8.39309e-06
1.09488e-10
8.39314e-06
9.94444e-11
8.39319e-06
9.00215e-11
8.39323e-06
8.12234e-11
8.39327e-06
7.30993e-11
8.3933e-06
6.77011e-11
8.39333e-06
6.0958e-11
5.3732e-11
9.07728e-06
2.20098e-11
9.07733e-06
5.41844e-11
9.0774e-06
6.9425e-11
9.07748e-06
7.72393e-11
9.07756e-06
8.18731e-11
9.07764e-06
8.3816e-11
9.07772e-06
8.30418e-11
9.0778e-06
8.03116e-11
9.07788e-06
7.61877e-11
9.07794e-06
7.12071e-11
9.07801e-06
6.59213e-11
9.07807e-06
6.0502e-11
9.07812e-06
5.52445e-11
9.07817e-06
5.01831e-11
9.07822e-06
4.54301e-11
9.07826e-06
4.09901e-11
9.07829e-06
3.68856e-11
9.07833e-06
3.31135e-11
9.07836e-06
2.96603e-11
2.70795e-11
9.81828e-06
9.81834e-06
9.81841e-06
9.81848e-06
9.81857e-06
9.81865e-06
9.81873e-06
9.81881e-06
9.81889e-06
9.81896e-06
9.81903e-06
9.81909e-06
9.81914e-06
9.81919e-06
9.81924e-06
9.81928e-06
9.81932e-06
9.81935e-06
9.81938e-06
)
;

boundaryField
{
    top
    {
        type            calculated;
        value           uniform 0;
    }
    inlet
    {
        type            calculated;
        value           nonuniform List<scalar> 
45
(
-3.27275e-06
-3.53992e-06
-3.8289e-06
-4.14146e-06
-4.47954e-06
-4.84522e-06
-5.24076e-06
-5.66858e-06
-6.13132e-06
-6.63184e-06
-7.17322e-06
-7.7588e-06
-8.39217e-06
-9.07725e-06
-9.81826e-06
-8.40969e-08
-9.10464e-08
-9.85702e-08
-1.06716e-07
-1.15534e-07
-1.25082e-07
-1.35418e-07
-1.46609e-07
-1.58724e-07
-1.7184e-07
-1.86041e-07
-2.01414e-07
-2.18059e-07
-2.36078e-07
-2.55587e-07
-2.76708e-07
-2.99574e-07
-3.2433e-07
-3.51132e-07
-3.80148e-07
-4.11562e-07
-4.45572e-07
-4.82393e-07
-5.22256e-07
-5.65414e-07
-6.12138e-07
-6.62723e-07
-7.17488e-07
-7.76779e-07
-8.40969e-07
)
;
    }
    outlet
    {
        type            calculated;
        value           nonuniform List<scalar> 
45
(
3.30766e-06
3.57399e-06
3.86188e-06
4.1619e-06
4.49733e-06
4.85933e-06
5.25325e-06
5.67977e-06
6.14142e-06
6.64109e-06
7.18165e-06
7.76655e-06
8.39939e-06
9.08417e-06
9.82523e-06
6.24435e-09
2.08705e-08
3.88697e-08
6.00094e-08
8.30741e-08
1.05857e-07
1.26254e-07
1.43639e-07
1.58893e-07
1.73389e-07
1.8819e-07
2.03886e-07
2.20773e-07
2.39021e-07
2.58765e-07
2.80131e-07
3.03254e-07
3.28279e-07
3.55366e-07
3.84687e-07
4.1643e-07
4.50796e-07
4.88017e-07
5.2832e-07
5.71944e-07
6.19164e-07
6.70277e-07
7.25597e-07
7.85465e-07
8.50267e-07
)
;
    }
    plate
    {
        type            calculated;
        value           uniform 0;
    }
    symmBound
    {
        type            calculated;
        value           nonuniform List<scalar> 
20
(
-1.02935e-08
9.38168e-09
-7.18714e-09
3.81737e-09
-6.92762e-09
5.23989e-09
-3.38941e-09
3.13933e-09
-2.67291e-09
1.37311e-09
-3.73622e-09
-1.33571e-10
-3.13234e-09
-3.58662e-10
-2.25484e-09
-1.48345e-10
-1.43938e-09
-1.39159e-10
-9.78565e-10
-4.94373e-10
)
;
    }
    frontAndBack
    {
        type            empty;
        value           nonuniform 0();
    }
}


// ************************************************************************* //
