/*--------------------------------*- C++ -*----------------------------------*\
| =========                 |                                                 |
| \\      /  F ield         | OpenFOAM: The Open Source CFD Toolbox           |
|  \\    /   O peration     | Version:  5.x                                   |
|   \\  /    A nd           | Web:      www.OpenFOAM.org                      |
|    \\/     M anipulation  |                                                 |
\*---------------------------------------------------------------------------*/
FoamFile
{
    version     2.0;
    format      ascii;
    class       surfaceScalarField;
    location    "0.4";
    object      phi;
}
// * * * * * * * * * * * * * * * * * * * * * * * * * * * * * * * * * * * * * //

dimensions      [0 3 -1 0 0 0 0];

internalField   nonuniform List<scalar> 
4850
(
7.34254e-08
6.89321e-09
-8.03186e-08
6.46289e-08
8.79647e-09
5.57486e-08
8.88033e-09
4.69271e-08
8.82149e-09
3.82996e-08
8.62748e-09
3.04902e-08
7.80947e-09
2.43965e-08
6.09371e-09
2.04257e-08
3.97077e-09
1.81229e-08
2.30274e-09
1.67207e-08
1.40228e-09
1.57511e-08
9.69583e-10
1.498e-08
7.71094e-10
1.42878e-08
6.92134e-10
1.36302e-08
6.57698e-10
1.30023e-08
6.27831e-10
1.24103e-08
5.92062e-10
1.18625e-08
5.4772e-10
1.13572e-08
5.0537e-10
1.08939e-08
4.63244e-10
1.04647e-08
4.2923e-10
1.00687e-08
3.95968e-10
9.69571e-09
3.73018e-10
9.34628e-09
3.49434e-10
9.01382e-09
3.32456e-10
8.70346e-09
3.10359e-10
8.40473e-09
2.98732e-10
8.12585e-09
2.7888e-10
7.85481e-09
2.71037e-10
7.60276e-09
2.52047e-10
7.35327e-09
2.49498e-10
7.12315e-09
2.3012e-10
6.89062e-09
2.32529e-10
6.67836e-09
2.12254e-10
6.45791e-09
2.20457e-10
2.13004e-10
8.82339e-08
6.3942e-09
-8.77349e-08
8.71944e-08
9.83597e-09
8.50661e-08
1.10086e-08
8.2269e-08
1.16186e-08
7.87355e-08
1.21609e-08
7.44534e-08
1.20916e-08
6.97089e-08
1.08382e-08
6.50689e-08
8.6108e-09
6.09397e-08
6.43194e-09
5.72691e-08
5.07289e-09
5.39228e-08
4.31588e-09
5.08759e-08
3.81799e-09
4.81234e-08
3.44465e-09
4.56423e-08
3.13876e-09
4.34058e-08
2.86434e-09
4.13799e-08
2.61799e-09
3.95428e-08
2.38478e-09
3.78601e-08
2.18809e-09
3.63163e-08
2.00702e-09
3.48836e-08
1.86196e-09
3.35569e-08
1.72267e-09
3.23083e-08
1.62161e-09
3.11422e-08
1.51558e-09
3.00349e-08
1.43969e-09
2.89995e-08
1.34582e-09
2.80051e-08
1.29306e-09
2.7076e-08
1.20801e-09
2.61741e-08
1.17296e-09
2.53355e-08
1.09068e-09
2.45071e-08
1.07785e-09
2.37451e-08
9.92121e-10
2.29734e-08
1.00425e-09
2.2276e-08
9.09676e-10
2.1544e-08
9.52394e-10
8.85774e-10
9.60286e-08
5.97775e-09
-9.56121e-08
9.64645e-08
9.40006e-09
9.63831e-08
1.109e-08
9.61298e-08
1.18719e-08
9.57217e-08
1.25691e-08
9.48701e-08
1.29432e-08
9.33794e-08
1.23288e-08
9.13755e-08
1.06148e-08
8.91894e-08
8.61797e-09
8.6961e-08
7.30135e-09
8.4637e-08
6.63987e-09
8.21983e-08
6.25671e-09
7.96982e-08
5.94469e-09
7.71771e-08
5.65989e-09
7.46737e-08
5.36769e-09
7.22035e-08
5.08827e-09
6.97923e-08
4.79595e-09
6.74367e-08
4.54371e-09
6.51558e-08
4.28785e-09
6.29433e-08
4.07446e-09
6.08252e-08
3.84086e-09
5.87822e-08
3.66455e-09
5.6842e-08
3.45583e-09
5.49748e-08
3.30683e-09
5.32094e-08
3.11127e-09
5.14973e-08
3.00509e-09
4.98827e-08
2.82259e-09
4.83026e-08
2.75314e-09
4.68236e-08
2.56962e-09
4.53555e-08
2.54592e-09
4.39992e-08
2.34844e-09
4.26205e-08
2.38294e-09
4.13717e-08
2.15847e-09
4.00581e-08
2.26604e-09
2.07305e-09
1.04308e-07
5.84971e-09
-1.0418e-07
1.0488e-07
8.82791e-09
1.05189e-07
1.07809e-08
1.05425e-07
1.1636e-08
1.0579e-07
1.22037e-08
1.06106e-07
1.26269e-08
1.06092e-07
1.23428e-08
1.05637e-07
1.10698e-08
1.04905e-07
9.3508e-09
1.04074e-07
8.13198e-09
1.03135e-07
7.57858e-09
1.0203e-07
7.36223e-09
1.00774e-07
7.20018e-09
9.93847e-08
7.04938e-09
9.7891e-08
6.86148e-09
9.6294e-08
6.68519e-09
9.46166e-08
6.47335e-09
9.28475e-08
6.31282e-09
9.10074e-08
6.128e-09
8.90812e-08
6.00062e-09
8.71056e-08
5.81647e-09
8.50651e-08
5.70507e-09
8.30168e-08
5.50414e-09
8.09439e-08
5.3797e-09
7.89084e-08
5.14683e-09
7.68601e-08
5.05339e-09
7.48696e-08
4.81305e-09
7.28604e-08
4.76236e-09
7.09352e-08
4.4948e-09
6.89836e-08
4.49755e-09
6.71498e-08
4.18218e-09
6.5261e-08
4.27179e-09
6.35226e-08
3.89685e-09
6.16843e-08
4.10435e-09
3.74604e-09
1.13393e-07
5.87172e-09
-1.13415e-07
1.13907e-07
8.31401e-09
1.1436e-07
1.03278e-08
1.14679e-07
1.13164e-08
1.15109e-07
1.17744e-08
1.15617e-07
1.21182e-08
1.15985e-07
1.19753e-08
1.16038e-07
1.10168e-08
1.15847e-07
9.54163e-09
1.15595e-07
8.38397e-09
1.15323e-07
7.85025e-09
1.14968e-07
7.71773e-09
1.14521e-07
7.64698e-09
1.1398e-07
7.5905e-09
1.13368e-07
7.47346e-09
1.12672e-07
7.38121e-09
1.11905e-07
7.24034e-09
1.1104e-07
7.17813e-09
1.10088e-07
7.08001e-09
1.09012e-07
7.07664e-09
1.07832e-07
6.99591e-09
1.06508e-07
7.02909e-09
1.05086e-07
6.92596e-09
1.0354e-07
6.92624e-09
1.01943e-07
6.74385e-09
1.00245e-07
6.75092e-09
9.85252e-08
6.53298e-09
9.66931e-08
6.59452e-09
9.48571e-08
6.33079e-09
9.29093e-08
6.4453e-09
9.10128e-08
6.0787e-09
8.90002e-08
6.28434e-09
8.70803e-08
5.81678e-09
8.50211e-08
6.16353e-09
5.69014e-09
1.23243e-07
5.95992e-09
-1.23331e-07
1.23661e-07
7.89623e-09
1.24193e-07
9.7962e-09
1.24584e-07
1.09248e-08
1.2499e-07
1.13688e-08
1.25481e-07
1.16276e-08
1.25912e-07
1.15434e-08
1.26102e-07
1.08275e-08
1.26059e-07
9.58476e-09
1.25954e-07
8.48894e-09
1.25876e-07
7.92827e-09
1.25778e-07
7.8149e-09
1.25643e-07
7.78238e-09
1.25458e-07
7.77514e-09
1.25252e-07
7.67987e-09
1.25012e-07
7.62074e-09
1.24754e-07
7.49841e-09
1.24448e-07
7.48438e-09
1.24105e-07
7.42298e-09
1.23685e-07
7.4971e-09
1.23199e-07
7.48157e-09
1.22596e-07
7.63229e-09
1.21901e-07
7.6212e-09
1.21074e-07
7.75327e-09
1.20175e-07
7.64238e-09
1.19162e-07
7.76438e-09
1.18098e-07
7.59676e-09
1.169e-07
7.79268e-09
1.15629e-07
7.60131e-09
1.14195e-07
7.87906e-09
1.12722e-07
7.55175e-09
1.11103e-07
7.90367e-09
1.09462e-07
7.45783e-09
1.07675e-07
7.95021e-09
7.50558e-09
1.33846e-07
6.04445e-09
-1.3393e-07
1.3418e-07
7.56166e-09
1.34732e-07
9.24469e-09
1.35198e-07
1.04584e-08
1.35603e-07
1.09635e-08
1.36057e-07
1.1174e-08
1.36491e-07
1.11092e-08
1.36736e-07
1.05832e-08
1.36755e-07
9.56518e-09
1.36684e-07
8.55958e-09
1.36645e-07
7.96797e-09
1.3662e-07
7.84012e-09
1.36581e-07
7.82133e-09
1.36509e-07
7.8464e-09
1.36432e-07
7.75698e-09
1.36348e-07
7.70511e-09
1.36273e-07
7.57365e-09
1.36186e-07
7.57121e-09
1.36097e-07
7.5118e-09
1.35978e-07
7.61576e-09
1.35838e-07
7.62212e-09
1.35637e-07
7.83295e-09
1.35385e-07
7.87331e-09
1.35049e-07
8.08876e-09
1.34664e-07
8.02829e-09
1.34207e-07
8.2213e-09
1.33712e-07
8.09116e-09
1.33141e-07
8.36408e-09
1.32491e-07
8.25146e-09
1.31707e-07
8.66295e-09
1.3083e-07
8.42811e-09
1.29854e-07
8.88001e-09
1.28769e-07
8.54315e-09
1.27591e-07
9.12804e-09
8.8409e-09
1.45251e-07
6.10317e-09
-1.45309e-07
1.455e-07
7.31217e-09
1.46029e-07
8.71564e-09
1.46549e-07
9.93888e-09
1.4698e-07
1.0532e-08
1.4741e-07
1.07439e-08
1.47832e-07
1.06878e-08
1.4811e-07
1.03046e-08
1.48185e-07
9.49082e-09
1.48141e-07
8.60335e-09
1.48111e-07
7.9983e-09
1.48113e-07
7.83816e-09
1.48114e-07
7.81978e-09
1.4809e-07
7.87079e-09
1.48053e-07
7.79362e-09
1.48015e-07
7.74342e-09
1.47988e-07
7.60079e-09
1.47966e-07
7.59332e-09
1.47949e-07
7.52854e-09
1.47927e-07
7.63731e-09
1.479e-07
7.64923e-09
1.47854e-07
7.87939e-09
1.47782e-07
7.94459e-09
1.47677e-07
8.19451e-09
1.47539e-07
8.16591e-09
1.4738e-07
8.38022e-09
1.47195e-07
8.2765e-09
1.46998e-07
8.56071e-09
1.46748e-07
8.50162e-09
1.46431e-07
8.98026e-09
1.46012e-07
8.84677e-09
1.45571e-07
9.32071e-09
1.45004e-07
9.11049e-09
1.44415e-07
9.71682e-09
9.6175e-09
1.57521e-07
6.09101e-09
-1.57509e-07
1.57726e-07
7.10682e-09
1.58187e-07
8.25479e-09
1.5873e-07
9.39575e-09
1.59198e-07
1.00646e-08
1.59621e-07
1.0321e-08
1.60024e-07
1.02847e-08
1.60322e-07
1.00058e-08
1.60445e-07
9.36784e-09
1.60436e-07
8.61326e-09
1.60414e-07
8.01949e-09
1.6043e-07
7.82246e-09
1.60457e-07
7.79247e-09
1.60467e-07
7.86087e-09
1.60453e-07
7.80756e-09
1.60435e-07
7.76211e-09
1.60419e-07
7.61604e-09
1.60416e-07
7.59702e-09
1.60415e-07
7.52963e-09
1.60418e-07
7.63354e-09
1.60418e-07
7.64962e-09
1.60418e-07
7.87921e-09
1.60404e-07
7.95873e-09
1.60385e-07
8.21373e-09
1.60341e-07
8.20983e-09
1.60304e-07
8.41749e-09
1.60242e-07
8.33834e-09
1.60199e-07
8.60388e-09
1.60127e-07
8.57349e-09
1.60039e-07
9.06788e-09
1.59866e-07
9.02008e-09
1.59722e-07
9.46452e-09
1.59479e-07
9.35367e-09
1.59258e-07
9.93747e-09
9.98463e-09
1.70748e-07
6.00992e-09
-1.70667e-07
1.70945e-07
6.91006e-09
1.71334e-07
7.8652e-09
1.71863e-07
8.86693e-09
1.7236e-07
9.5678e-09
1.72791e-07
9.89046e-09
1.73179e-07
9.89609e-09
1.73487e-07
9.69808e-09
1.73648e-07
9.20715e-09
1.73675e-07
8.58599e-09
1.73667e-07
8.02766e-09
1.73688e-07
7.80136e-09
1.73731e-07
7.74956e-09
1.73768e-07
7.82351e-09
1.73775e-07
7.80077e-09
1.7377e-07
7.76746e-09
1.73759e-07
7.62615e-09
1.73762e-07
7.59491e-09
1.73765e-07
7.52604e-09
1.73776e-07
7.62293e-09
1.73782e-07
7.64312e-09
1.73796e-07
7.86512e-09
1.73801e-07
7.95372e-09
1.73814e-07
8.20137e-09
1.73806e-07
8.21801e-09
1.73811e-07
8.41192e-09
1.73794e-07
8.35584e-09
1.73795e-07
8.60215e-09
1.73782e-07
8.58678e-09
1.73778e-07
9.07168e-09
1.7371e-07
9.08831e-09
1.73686e-07
9.48816e-09
1.73594e-07
9.4457e-09
1.73539e-07
9.99308e-09
1.01359e-08
1.85031e-07
5.87673e-09
-1.84897e-07
1.8524e-07
6.7007e-09
1.85583e-07
7.52207e-09
1.86074e-07
8.37627e-09
1.86579e-07
9.06242e-09
1.87025e-07
9.4448e-09
1.87408e-07
9.5126e-09
1.87719e-07
9.38698e-09
1.87907e-07
9.01979e-09
1.87971e-07
8.52201e-09
1.8798e-07
8.01881e-09
1.88003e-07
7.7779e-09
1.88053e-07
7.69956e-09
1.88109e-07
7.7672e-09
1.88137e-07
7.77288e-09
1.88144e-07
7.76087e-09
1.88139e-07
7.63121e-09
1.88142e-07
7.59125e-09
1.88149e-07
7.5194e-09
1.88163e-07
7.60952e-09
1.88173e-07
7.63231e-09
1.88193e-07
7.84531e-09
1.88208e-07
7.93931e-09
1.88233e-07
8.17631e-09
1.88242e-07
8.20904e-09
1.88262e-07
8.39133e-09
1.88263e-07
8.35549e-09
1.88275e-07
8.58942e-09
1.88276e-07
8.58604e-09
1.88297e-07
9.05041e-09
1.88271e-07
9.1145e-09
1.88286e-07
9.47274e-09
1.8825e-07
9.48186e-09
1.88251e-07
9.99203e-09
1.01985e-08
2.00474e-07
5.71179e-09
-2.00309e-07
2.00703e-07
6.47124e-09
2.01025e-07
7.19994e-09
2.01471e-07
7.93032e-09
2.01965e-07
8.56827e-09
2.02421e-07
8.98892e-09
2.02809e-07
9.12495e-09
2.03124e-07
9.0718e-09
2.03332e-07
8.8114e-09
2.03429e-07
8.42554e-09
2.03459e-07
7.98892e-09
2.03487e-07
7.7493e-09
2.03539e-07
7.64806e-09
2.03607e-07
7.69919e-09
2.03655e-07
7.72463e-09
2.03676e-07
7.7404e-09
2.03677e-07
7.6298e-09
2.03682e-07
7.58654e-09
2.0369e-07
7.51084e-09
2.03706e-07
7.59354e-09
2.03721e-07
7.6176e-09
2.03745e-07
7.82115e-09
2.03765e-07
7.91901e-09
2.03797e-07
8.14518e-09
2.03815e-07
8.19093e-09
2.03842e-07
8.36433e-09
2.0385e-07
8.34732e-09
2.03868e-07
8.57176e-09
2.0387e-07
8.58367e-09
2.03899e-07
9.0214e-09
2.03891e-07
9.12247e-09
2.03918e-07
9.44545e-09
2.039e-07
9.5003e-09
2.03917e-07
9.97507e-09
1.02293e-08
2.17184e-07
5.52847e-09
-2.17001e-07
2.17431e-07
6.22427e-09
2.17747e-07
6.88431e-09
2.18154e-07
7.5232e-09
2.18625e-07
8.09732e-09
2.1908e-07
8.53359e-09
2.19476e-07
8.72965e-09
2.19799e-07
8.7487e-09
2.20027e-07
8.58305e-09
2.20152e-07
8.30056e-09
2.20205e-07
7.93612e-09
2.20244e-07
7.70971e-09
2.20296e-07
7.59605e-09
2.20371e-07
7.62496e-09
2.20437e-07
7.65877e-09
2.20474e-07
7.7027e-09
2.20485e-07
7.61955e-09
2.20492e-07
7.57859e-09
2.20502e-07
7.5011e-09
2.20521e-07
7.57447e-09
2.2054e-07
7.59929e-09
2.20569e-07
7.79211e-09
2.20593e-07
7.89427e-09
2.20629e-07
8.10976e-09
2.20652e-07
8.16784e-09
2.20683e-07
8.33311e-09
2.20695e-07
8.33568e-09
2.20717e-07
8.54947e-09
2.20719e-07
8.58154e-09
2.20752e-07
8.98894e-09
2.20753e-07
9.12134e-09
2.20784e-07
9.41435e-09
2.20772e-07
9.51245e-09
2.20792e-07
9.95462e-09
1.02476e-08
2.3527e-07
5.33343e-09
-2.35075e-07
2.35527e-07
5.96704e-09
2.35842e-07
6.56997e-09
2.36222e-07
7.14242e-09
2.36665e-07
7.65493e-09
2.3711e-07
8.08806e-09
2.37511e-07
8.32913e-09
2.37844e-07
8.41513e-09
2.38093e-07
8.33422e-09
2.38246e-07
8.14794e-09
2.38322e-07
7.8599e-09
2.38378e-07
7.65421e-09
2.38434e-07
7.53994e-09
2.3851e-07
7.54825e-09
2.38589e-07
7.57976e-09
2.38647e-07
7.64545e-09
2.38669e-07
7.59707e-09
2.38684e-07
7.56424e-09
2.38695e-07
7.4897e-09
2.38717e-07
7.55231e-09
2.38739e-07
7.57762e-09
2.38773e-07
7.75743e-09
2.38803e-07
7.86497e-09
2.38843e-07
8.06971e-09
2.3887e-07
8.14109e-09
2.38905e-07
8.29809e-09
2.38918e-07
8.32187e-09
2.38945e-07
8.523e-09
2.38948e-07
8.57851e-09
2.38983e-07
8.95411e-09
2.3899e-07
9.1143e-09
2.39022e-07
9.38199e-09
2.39014e-07
9.52018e-09
2.39035e-07
9.93422e-09
1.02593e-08
2.54845e-07
5.129e-09
-2.54641e-07
2.55107e-07
5.7047e-09
2.55421e-07
6.25608e-09
2.55786e-07
6.77787e-09
2.562e-07
7.24108e-09
2.5663e-07
7.6583e-09
2.57029e-07
7.92922e-09
2.57373e-07
8.07189e-09
2.57641e-07
8.0658e-09
2.57822e-07
7.96672e-09
2.57923e-07
7.75878e-09
2.57997e-07
7.58108e-09
2.58062e-07
7.47458e-09
2.5814e-07
7.46981e-09
2.58228e-07
7.49182e-09
2.58305e-07
7.56913e-09
2.58344e-07
7.55818e-09
2.58367e-07
7.54046e-09
2.58383e-07
7.47446e-09
2.58408e-07
7.52705e-09
2.58433e-07
7.55283e-09
2.58473e-07
7.7169e-09
2.58508e-07
7.83032e-09
2.58553e-07
8.02427e-09
2.58584e-07
8.11026e-09
2.58623e-07
8.25925e-09
2.58639e-07
8.3054e-09
2.58669e-07
8.49321e-09
2.58675e-07
8.573e-09
2.58711e-07
8.91738e-09
2.58724e-07
9.10189e-09
2.58757e-07
9.34924e-09
2.58754e-07
9.52281e-09
2.58773e-07
9.91469e-09
1.02658e-08
2.76033e-07
4.91611e-09
-2.7582e-07
2.76298e-07
5.43972e-09
2.7661e-07
5.94449e-09
2.76962e-07
6.42527e-09
2.77352e-07
6.8517e-09
2.77763e-07
7.24686e-09
2.78157e-07
7.53533e-09
2.78507e-07
7.72187e-09
2.78792e-07
7.78048e-09
2.79002e-07
7.75664e-09
2.79132e-07
7.6295e-09
2.79223e-07
7.48989e-09
2.79302e-07
7.39567e-09
2.79385e-07
7.38698e-09
2.79478e-07
7.39877e-09
2.7957e-07
7.47686e-09
2.79628e-07
7.50011e-09
2.79664e-07
7.50407e-09
2.79687e-07
7.45218e-09
2.79716e-07
7.4976e-09
2.79744e-07
7.5248e-09
2.7979e-07
7.67085e-09
2.79831e-07
7.78944e-09
2.79882e-07
7.97303e-09
2.79918e-07
8.07424e-09
2.79961e-07
8.2166e-09
2.79981e-07
8.28508e-09
2.80014e-07
8.4608e-09
2.80023e-07
8.56356e-09
2.80061e-07
8.87906e-09
2.8008e-07
9.08365e-09
2.80113e-07
9.31638e-09
2.80116e-07
9.51947e-09
2.80135e-07
9.89573e-09
1.02674e-08
2.9897e-07
4.69688e-09
-2.9875e-07
2.99235e-07
5.17466e-09
2.99541e-07
5.63813e-09
2.99883e-07
6.08311e-09
3.00253e-07
6.48213e-09
3.00646e-07
6.85372e-09
3.0103e-07
7.15094e-09
3.01383e-07
7.3692e-09
3.01682e-07
7.4818e-09
3.01918e-07
7.52043e-09
3.02078e-07
7.46885e-09
3.0219e-07
7.37884e-09
3.02284e-07
7.301e-09
3.02376e-07
7.29509e-09
3.02472e-07
7.30278e-09
3.02577e-07
7.37233e-09
3.02654e-07
7.42244e-09
3.02707e-07
7.45139e-09
3.0274e-07
7.41938e-09
3.02776e-07
7.46153e-09
3.02808e-07
7.49282e-09
3.02858e-07
7.62036e-09
3.02906e-07
7.74186e-09
3.02963e-07
7.91597e-09
3.03005e-07
8.03174e-09
3.03052e-07
8.1699e-09
3.03078e-07
8.25946e-09
3.03113e-07
8.42589e-09
3.03127e-07
8.54896e-09
3.03167e-07
8.83941e-09
3.03191e-07
9.05923e-09
3.03224e-07
9.28324e-09
3.03234e-07
9.50969e-09
3.03253e-07
9.87653e-09
1.0264e-08
3.23797e-07
4.47505e-09
-3.23576e-07
3.2406e-07
4.9117e-09
3.24359e-07
5.33896e-09
3.24692e-07
5.75092e-09
3.25046e-07
6.12806e-09
3.25422e-07
6.47782e-09
3.25796e-07
6.77705e-09
3.26147e-07
7.0175e-09
3.26456e-07
7.17283e-09
3.26714e-07
7.263e-09
3.26906e-07
7.27663e-09
3.27042e-07
7.24306e-09
3.27153e-07
7.19006e-09
3.27258e-07
7.18995e-09
3.27358e-07
7.20222e-09
3.27471e-07
7.25928e-09
3.27567e-07
7.32688e-09
3.27638e-07
7.38005e-09
3.27685e-07
7.37288e-09
3.2773e-07
7.41608e-09
3.27768e-07
7.45502e-09
3.27822e-07
7.56612e-09
3.27877e-07
7.68724e-09
3.2794e-07
7.85304e-09
3.2799e-07
7.98163e-09
3.28041e-07
8.11871e-09
3.28073e-07
8.22726e-09
3.28111e-07
8.38814e-09
3.28132e-07
8.52817e-09
3.28173e-07
8.79826e-09
3.28204e-07
9.02852e-09
3.28238e-07
9.24931e-09
3.28254e-07
9.49342e-09
3.28275e-07
9.85591e-09
1.02556e-08
3.50674e-07
4.25335e-09
-3.50452e-07
3.50933e-07
4.65201e-09
3.51225e-07
5.04693e-09
3.51548e-07
5.42848e-09
3.5189e-07
5.78594e-09
3.5225e-07
6.11771e-09
3.52613e-07
6.41367e-09
3.52962e-07
6.66931e-09
3.53278e-07
6.85692e-09
3.53551e-07
6.98951e-09
3.53771e-07
7.05688e-09
3.53936e-07
7.07764e-09
3.54065e-07
7.06153e-09
3.54185e-07
7.06927e-09
3.54295e-07
7.09249e-09
3.54414e-07
7.14067e-09
3.54525e-07
7.2156e-09
3.54615e-07
7.28978e-09
3.54679e-07
7.30929e-09
3.54736e-07
7.35862e-09
3.54783e-07
7.40824e-09
3.54841e-07
7.50782e-09
3.54903e-07
7.62593e-09
3.54971e-07
7.78451e-09
3.5503e-07
7.92335e-09
3.55086e-07
8.0622e-09
3.55126e-07
8.18727e-09
3.55168e-07
8.34655e-09
3.55195e-07
8.50039e-09
3.55239e-07
8.75516e-09
3.55275e-07
8.99178e-09
3.55311e-07
9.21366e-09
3.55334e-07
9.4708e-09
3.55357e-07
9.83256e-09
1.02417e-08
3.79773e-07
4.03277e-09
-3.79552e-07
3.80028e-07
4.39668e-09
3.80313e-07
4.76133e-09
3.80626e-07
5.11583e-09
3.80958e-07
5.45433e-09
3.81304e-07
5.77185e-09
3.81656e-07
6.06134e-09
3.81999e-07
6.32588e-09
3.82319e-07
6.53751e-09
3.82605e-07
6.70336e-09
3.82847e-07
6.81467e-09
3.83043e-07
6.88145e-09
3.83194e-07
6.91097e-09
3.83331e-07
6.93222e-09
3.83455e-07
6.96856e-09
3.83579e-07
7.01654e-09
3.83703e-07
7.09147e-09
3.83811e-07
7.18165e-09
3.83894e-07
7.22672e-09
3.83966e-07
7.28672e-09
3.84025e-07
7.34923e-09
3.84089e-07
7.44387e-09
3.84157e-07
7.55809e-09
3.84231e-07
7.71034e-09
3.84298e-07
7.85646e-09
3.8436e-07
7.99929e-09
3.84409e-07
8.1387e-09
3.84456e-07
8.29996e-09
3.84491e-07
8.46517e-09
3.84537e-07
8.70906e-09
3.84579e-07
8.94928e-09
3.84618e-07
9.17517e-09
3.84647e-07
9.44205e-09
3.84674e-07
9.80544e-09
1.0222e-08
4.11282e-07
3.81467e-09
-4.11064e-07
4.11533e-07
4.146e-09
4.11811e-07
4.48266e-09
4.12114e-07
4.81353e-09
4.12435e-07
5.13305e-09
4.12768e-07
5.4384e-09
4.13109e-07
5.72037e-09
4.13448e-07
5.98742e-09
4.13769e-07
6.21673e-09
4.14065e-07
6.40689e-09
4.14325e-07
6.55447e-09
4.14548e-07
6.65894e-09
4.14726e-07
6.73242e-09
4.1488e-07
6.7787e-09
4.15021e-07
6.8277e-09
4.15154e-07
6.88329e-09
4.15288e-07
6.95716e-09
4.15413e-07
7.05691e-09
4.15515e-07
7.12495e-09
4.15604e-07
7.1975e-09
4.15678e-07
7.27524e-09
4.1575e-07
7.37145e-09
4.15825e-07
7.48301e-09
4.15905e-07
7.63038e-09
4.15981e-07
7.78109e-09
4.16051e-07
7.92918e-09
4.16109e-07
8.08083e-09
4.16162e-07
8.2468e-09
4.16205e-07
8.42171e-09
4.16256e-07
8.65876e-09
4.16304e-07
8.90126e-09
4.16346e-07
9.13271e-09
4.16381e-07
9.40703e-09
4.16413e-07
9.7733e-09
1.01959e-08
4.45404e-07
3.60013e-09
-4.45189e-07
4.45648e-07
3.90186e-09
4.45918e-07
4.21263e-09
4.4621e-07
4.52156e-09
4.4652e-07
4.82256e-09
4.46844e-07
5.11515e-09
4.47174e-07
5.38995e-09
4.47507e-07
5.65411e-09
4.47829e-07
5.89542e-09
4.48132e-07
6.10303e-09
4.48407e-07
6.27952e-09
4.48651e-07
6.41542e-09
4.48858e-07
6.52498e-09
4.49033e-07
6.60432e-09
4.49191e-07
6.669e-09
4.49339e-07
6.73604e-09
4.49483e-07
6.813e-09
4.49623e-07
6.91684e-09
4.49743e-07
7.00491e-09
4.49851e-07
7.08991e-09
4.49942e-07
7.18395e-09
4.50026e-07
7.28751e-09
4.5011e-07
7.3991e-09
4.50196e-07
7.54385e-09
4.5028e-07
7.69733e-09
4.50358e-07
7.85079e-09
4.50426e-07
8.01281e-09
4.50488e-07
8.18555e-09
4.5054e-07
8.36942e-09
4.50596e-07
8.60292e-09
4.5065e-07
8.84734e-09
4.50697e-07
9.08506e-09
4.50739e-07
9.3654e-09
4.50777e-07
9.73494e-09
1.0163e-08
4.82353e-07
3.38927e-09
-4.82142e-07
4.82589e-07
3.66571e-09
4.8285e-07
3.95152e-09
4.83133e-07
4.23863e-09
4.83433e-07
4.52204e-09
4.83748e-07
4.80015e-09
4.8407e-07
5.06805e-09
4.84398e-07
5.32658e-09
4.84719e-07
5.57432e-09
4.85027e-07
5.7947e-09
4.85315e-07
5.99203e-09
4.85575e-07
6.15453e-09
4.85809e-07
6.29194e-09
4.86008e-07
6.4044e-09
4.86186e-07
6.49163e-09
4.8635e-07
6.57152e-09
4.86507e-07
6.65664e-09
4.8666e-07
6.76342e-09
4.86798e-07
6.86741e-09
4.86923e-07
6.96421e-09
4.87034e-07
7.07358e-09
4.87132e-07
7.18899e-09
4.87227e-07
7.30401e-09
4.87322e-07
7.449e-09
4.87415e-07
7.60497e-09
4.87502e-07
7.76342e-09
4.8758e-07
7.93422e-09
4.87651e-07
8.11488e-09
4.87713e-07
8.3075e-09
4.87776e-07
8.5401e-09
4.87836e-07
8.78696e-09
4.8789e-07
9.03114e-09
4.87939e-07
9.31642e-09
4.87985e-07
9.68957e-09
1.0122e-08
5.22362e-07
3.18248e-09
-5.22155e-07
5.22592e-07
3.43555e-09
5.22846e-07
3.69808e-09
5.23121e-07
3.96356e-09
5.23413e-07
4.23006e-09
5.23719e-07
4.49343e-09
5.24034e-07
4.7537e-09
5.24354e-07
5.00603e-09
5.24674e-07
5.25462e-09
5.24985e-07
5.48356e-09
5.25283e-07
5.69428e-09
5.25559e-07
5.87845e-09
5.25813e-07
6.03776e-09
5.26039e-07
6.17816e-09
5.26239e-07
6.29191e-09
5.26422e-07
6.3889e-09
5.26594e-07
6.48469e-09
5.26761e-07
6.59626e-09
5.26915e-07
6.71298e-09
5.27059e-07
6.82081e-09
5.27189e-07
6.94318e-09
5.27304e-07
7.07375e-09
5.27413e-07
7.19553e-09
5.27518e-07
7.34361e-09
5.2762e-07
7.50293e-09
5.27717e-07
7.66649e-09
5.27807e-07
7.84446e-09
5.27888e-07
8.03349e-09
5.27961e-07
8.23503e-09
5.28032e-07
8.46903e-09
5.281e-07
8.7189e-09
5.28161e-07
8.96974e-09
5.28218e-07
9.25943e-09
5.28272e-07
9.63583e-09
1.00722e-08
5.65677e-07
2.97992e-09
-5.65475e-07
5.65903e-07
3.2101e-09
5.6615e-07
3.45145e-09
5.66416e-07
3.6966e-09
5.667e-07
3.94658e-09
5.66997e-07
4.19593e-09
5.67305e-07
4.44636e-09
5.67619e-07
4.69181e-09
5.67937e-07
4.93624e-09
5.68251e-07
5.16947e-09
5.68558e-07
5.38817e-09
5.68847e-07
5.58865e-09
5.69119e-07
5.76607e-09
5.69369e-07
5.92824e-09
5.69594e-07
6.06726e-09
5.69797e-07
6.18591e-09
5.69987e-07
6.29483e-09
5.70169e-07
6.41336e-09
5.70341e-07
6.54173e-09
5.70501e-07
6.66015e-09
5.70651e-07
6.79305e-09
5.70786e-07
6.93931e-09
5.7091e-07
7.07127e-09
5.71029e-07
7.22501e-09
5.71142e-07
7.38935e-09
5.7125e-07
7.55893e-09
5.71351e-07
7.74302e-09
5.71445e-07
7.94012e-09
5.71529e-07
8.1507e-09
5.7161e-07
8.38775e-09
5.71688e-07
8.6417e-09
5.71758e-07
8.89927e-09
5.71824e-07
9.19356e-09
5.71888e-07
9.57218e-09
1.00121e-08
6.12565e-07
2.78124e-09
-6.12366e-07
6.12785e-07
2.98989e-09
6.13026e-07
3.21128e-09
6.13284e-07
3.43768e-09
6.1356e-07
3.67089e-09
6.1385e-07
3.90621e-09
6.14152e-07
4.14423e-09
6.14462e-07
4.38149e-09
6.1478e-07
4.61891e-09
6.15096e-07
4.85266e-09
6.15409e-07
5.07581e-09
6.1571e-07
5.28724e-09
6.15997e-07
5.47964e-09
6.16267e-07
5.65817e-09
6.16515e-07
5.81884e-09
6.16742e-07
5.95892e-09
6.16952e-07
6.08541e-09
6.17152e-07
6.21253e-09
6.17341e-07
6.35273e-09
6.17519e-07
6.48226e-09
6.17688e-07
6.62379e-09
6.17844e-07
6.7839e-09
6.17986e-07
6.92938e-09
6.1812e-07
7.09084e-09
6.18247e-07
7.26249e-09
6.18367e-07
7.43895e-09
6.1848e-07
7.62945e-09
6.18587e-07
7.83324e-09
6.18684e-07
8.05353e-09
6.18778e-07
8.29425e-09
6.18865e-07
8.55438e-09
6.18947e-07
8.81733e-09
6.19023e-07
9.11738e-09
6.19097e-07
9.49824e-09
9.93902e-09
6.63315e-07
2.58537e-09
-6.6312e-07
6.63532e-07
2.77349e-09
6.63767e-07
2.97599e-09
6.6402e-07
3.18479e-09
6.6429e-07
3.40074e-09
6.64575e-07
3.62165e-09
6.64873e-07
3.8462e-09
6.6518e-07
4.07411e-09
6.65495e-07
4.30356e-09
6.65814e-07
4.53439e-09
6.66131e-07
4.75887e-09
6.66442e-07
4.97603e-09
6.66742e-07
5.17988e-09
6.6703e-07
5.37022e-09
6.673e-07
5.54888e-09
6.67551e-07
5.70717e-09
6.67783e-07
5.85403e-09
6.68003e-07
5.99187e-09
6.68212e-07
6.14369e-09
6.68408e-07
6.28657e-09
6.68595e-07
6.43642e-09
6.68772e-07
6.60757e-09
6.68932e-07
6.76872e-09
6.69084e-07
6.93897e-09
6.69227e-07
7.12002e-09
6.69361e-07
7.30459e-09
6.69488e-07
7.50259e-09
6.69609e-07
7.71201e-09
6.6972e-07
7.94262e-09
6.69827e-07
8.18715e-09
6.69927e-07
8.45506e-09
6.70021e-07
8.72251e-09
6.70111e-07
9.02824e-09
6.70195e-07
9.41393e-09
9.85107e-09
7.18246e-07
2.38878e-09
-7.18049e-07
7.18461e-07
2.55875e-09
7.18693e-07
2.74381e-09
7.18942e-07
2.93625e-09
7.19207e-07
3.1348e-09
7.19488e-07
3.34101e-09
7.19783e-07
3.55175e-09
7.20087e-07
3.76957e-09
7.20401e-07
3.98963e-09
7.20721e-07
4.21479e-09
7.21043e-07
4.43686e-09
7.21363e-07
4.65588e-09
7.21676e-07
4.86694e-09
7.2198e-07
5.0664e-09
7.22269e-07
5.25925e-09
7.22543e-07
5.43291e-09
7.22798e-07
5.5992e-09
7.2304e-07
5.75062e-09
7.2327e-07
5.91278e-09
7.23485e-07
6.07249e-09
7.23691e-07
6.22999e-09
7.23887e-07
6.41124e-09
7.24069e-07
6.58711e-09
7.24239e-07
6.76875e-09
7.244e-07
6.95878e-09
7.24549e-07
7.15558e-09
7.24692e-07
7.35964e-09
7.24827e-07
7.57723e-09
7.24955e-07
7.81455e-09
7.25075e-07
8.06705e-09
7.2519e-07
8.33986e-09
7.25296e-07
8.61652e-09
7.25403e-07
8.92192e-09
7.255e-07
9.31667e-09
9.74957e-09
7.77703e-07
2.18735e-09
-7.77502e-07
7.77916e-07
2.34623e-09
7.78145e-07
2.51474e-09
7.7839e-07
2.69076e-09
7.78654e-07
2.87114e-09
7.78932e-07
3.06246e-09
7.79225e-07
3.259e-09
7.79529e-07
3.46604e-09
7.79843e-07
3.6752e-09
7.80165e-07
3.89258e-09
7.80492e-07
4.11004e-09
7.80819e-07
4.32862e-09
7.81143e-07
4.54341e-09
7.8146e-07
4.74937e-09
7.81767e-07
4.95163e-09
7.82062e-07
5.13795e-09
7.82342e-07
5.31944e-09
7.82605e-07
5.48801e-09
7.82858e-07
5.65949e-09
7.83093e-07
5.83765e-09
7.83319e-07
6.00399e-09
7.83535e-07
6.19557e-09
7.83738e-07
6.38407e-09
7.83926e-07
6.58004e-09
7.84108e-07
6.77756e-09
7.84274e-07
6.98945e-09
7.84435e-07
7.19822e-09
7.84585e-07
7.42722e-09
7.84731e-07
7.66839e-09
7.84865e-07
7.933e-09
7.84998e-07
8.20692e-09
7.85116e-07
8.49843e-09
7.85236e-07
8.80186e-09
7.85358e-07
9.19462e-09
9.63941e-09
8.42051e-07
1.99952e-09
-8.41863e-07
8.42246e-07
2.15052e-09
8.42468e-07
2.29302e-09
8.42714e-07
2.44498e-09
8.42981e-07
2.60395e-09
8.43267e-07
2.77655e-09
8.43569e-07
2.95693e-09
8.43884e-07
3.15109e-09
8.44207e-07
3.35224e-09
8.44535e-07
3.56406e-09
8.44866e-07
3.77983e-09
8.45196e-07
3.99785e-09
8.45525e-07
4.21528e-09
8.4585e-07
4.42402e-09
8.4617e-07
4.63137e-09
8.46483e-07
4.82566e-09
8.46783e-07
5.01893e-09
8.47069e-07
5.20161e-09
8.47344e-07
5.3849e-09
8.47604e-07
5.57787e-09
8.4785e-07
5.75776e-09
8.48087e-07
5.9584e-09
8.4831e-07
6.16107e-09
8.48521e-07
6.36968e-09
8.4872e-07
6.57809e-09
8.48908e-07
6.80198e-09
8.49085e-07
7.02107e-09
8.49254e-07
7.25764e-09
8.49415e-07
7.50716e-09
8.4957e-07
7.77857e-09
8.49717e-07
8.0601e-09
8.49858e-07
8.3572e-09
8.49996e-07
8.66351e-09
8.50118e-07
9.07319e-09
9.48665e-09
3.27733e-06
1.29432e-09
-3.27663e-06
3.2781e-06
1.37817e-09
3.27891e-06
1.48267e-09
3.27976e-06
1.59894e-09
3.28064e-06
1.72525e-09
3.28155e-06
1.8635e-09
3.2825e-06
2.01148e-09
3.28348e-06
2.17019e-09
3.28449e-06
2.33767e-09
3.28555e-06
2.51173e-09
3.28663e-06
2.69208e-09
3.28776e-06
2.87377e-09
3.28891e-06
3.06311e-09
3.29008e-06
3.25342e-09
3.29126e-06
3.45613e-09
3.29242e-06
3.65945e-09
3.29356e-06
3.87638e-09
3.29467e-06
4.09541e-09
3.29571e-06
4.34119e-09
3.29672e-06
4.57673e-09
3.29766e-06
4.81079e-09
3.29857e-06
5.04856e-09
3.29944e-06
5.28957e-09
3.30028e-06
5.53393e-09
3.30108e-06
5.77806e-09
3.30185e-06
6.027e-09
3.30259e-06
6.28378e-09
3.30331e-06
6.54396e-09
3.30398e-06
6.83202e-09
3.30463e-06
7.12396e-09
3.30525e-06
7.44235e-09
3.30586e-06
7.75135e-09
3.30644e-06
8.08676e-09
3.30703e-06
8.48107e-09
8.85125e-09
3.54083e-06
1.05755e-10
-3.53965e-06
3.54209e-06
1.25248e-10
3.54334e-06
2.29002e-10
3.54456e-06
3.792e-10
3.54573e-06
5.56549e-10
3.54685e-06
7.4715e-10
3.54792e-06
9.36959e-10
3.54897e-06
1.12169e-09
3.55001e-06
1.2992e-09
3.55104e-06
1.47943e-09
3.55206e-06
1.66759e-09
3.55312e-06
1.81512e-09
3.55425e-06
1.93881e-09
3.5554e-06
2.09656e-09
3.55657e-06
2.29029e-09
3.55772e-06
2.50631e-09
3.55885e-06
2.74971e-09
3.55994e-06
3.00532e-09
3.561e-06
3.27633e-09
3.56203e-06
3.55163e-09
3.56301e-06
3.82892e-09
3.56395e-06
4.10677e-09
3.56487e-06
4.37687e-09
3.56575e-06
4.6515e-09
3.56661e-06
4.91653e-09
3.56745e-06
5.18835e-09
3.56827e-06
5.46543e-09
3.56906e-06
5.75134e-09
3.56983e-06
6.05976e-09
3.57058e-06
6.37681e-09
3.57131e-06
6.7113e-09
3.57202e-06
7.03837e-09
3.57273e-06
7.37927e-09
3.57342e-06
7.78956e-09
8.28287e-09
3.8315e-06
-1.1565e-09
-3.83023e-06
3.83255e-06
-9.25432e-10
3.83351e-06
-7.3459e-10
3.8344e-06
-5.14458e-10
3.83525e-06
-2.93713e-10
3.8361e-06
-9.69542e-11
3.83692e-06
1.18729e-10
3.83773e-06
3.10815e-10
3.83859e-06
4.34807e-10
3.83955e-06
5.23803e-10
3.84061e-06
6.09672e-10
3.8417e-06
7.23376e-10
3.84276e-06
8.753e-10
3.8438e-06
1.05922e-09
3.84481e-06
1.28244e-09
3.84578e-06
1.5309e-09
3.84672e-06
1.80819e-09
3.84763e-06
2.09372e-09
3.84852e-06
2.38942e-09
3.84939e-06
2.67948e-09
3.85026e-06
2.9649e-09
3.85112e-06
3.24579e-09
3.85198e-06
3.51833e-09
3.85284e-06
3.7937e-09
3.85369e-06
4.06532e-09
3.85453e-06
4.34636e-09
3.85536e-06
4.63696e-09
3.85617e-06
4.93696e-09
3.85697e-06
5.26254e-09
3.85775e-06
5.5925e-09
3.85853e-06
5.93902e-09
3.85929e-06
6.26867e-09
3.86007e-06
6.60327e-09
3.86088e-06
6.97747e-09
7.285e-09
4.15127e-06
-4.17573e-10
-4.15201e-06
4.15083e-06
-4.8771e-10
4.1505e-06
-4.06856e-10
4.15024e-06
-2.53059e-10
4.15e-06
-5.33273e-11
4.14981e-06
9.27487e-11
4.14971e-06
2.17942e-10
4.14969e-06
3.39166e-10
4.14967e-06
4.51911e-10
4.14963e-06
5.64669e-10
4.14955e-06
6.84766e-10
4.1495e-06
7.77199e-10
4.14952e-06
8.53766e-10
4.14961e-06
9.65024e-10
4.14979e-06
1.10972e-09
4.15004e-06
1.27724e-09
4.15037e-06
1.47403e-09
4.15078e-06
1.6857e-09
4.15125e-06
1.91782e-09
4.15177e-06
2.15879e-09
4.15233e-06
2.40852e-09
4.15291e-06
2.66451e-09
4.15351e-06
2.91973e-09
4.15412e-06
3.18312e-09
4.15475e-06
3.44148e-09
4.15539e-06
3.70675e-09
4.15604e-06
3.97889e-09
4.15672e-06
4.2594e-09
4.15742e-06
4.56163e-09
4.15814e-06
4.87005e-09
4.15889e-06
5.19355e-09
4.15965e-06
5.5037e-09
4.16044e-06
5.82116e-09
4.16123e-06
6.18785e-09
6.60511e-09
4.49138e-06
3.12606e-10
-4.49211e-06
4.49057e-06
3.30779e-10
4.4898e-06
3.55904e-10
4.48916e-06
3.87173e-10
4.48869e-06
4.23326e-10
4.48831e-06
4.66027e-10
4.48802e-06
5.13523e-10
4.48779e-06
5.67465e-10
4.48761e-06
6.26384e-10
4.48749e-06
6.91153e-10
4.48741e-06
7.61931e-10
4.48735e-06
8.38754e-10
4.48728e-06
9.25012e-10
4.48723e-06
1.01814e-09
4.48721e-06
1.12504e-09
4.48725e-06
1.23952e-09
4.48735e-06
1.37203e-09
4.48752e-06
1.51353e-09
4.48777e-06
1.67425e-09
4.48808e-06
1.8464e-09
4.48845e-06
2.03532e-09
4.48888e-06
2.24015e-09
4.48934e-06
2.45723e-09
4.48983e-06
2.69369e-09
4.49035e-06
2.92122e-09
4.4909e-06
3.15729e-09
4.49147e-06
3.40154e-09
4.49208e-06
3.65454e-09
4.49271e-06
3.92833e-09
4.49338e-06
4.20676e-09
4.49407e-06
4.49884e-09
4.4948e-06
4.77618e-09
4.49556e-06
5.0579e-09
4.49638e-06
5.37323e-09
5.64511e-09
4.84977e-06
3.57433e-10
-4.84982e-06
4.84972e-06
3.8008e-10
4.84968e-06
4.0086e-10
4.84964e-06
4.25135e-10
4.84961e-06
4.52292e-10
4.84959e-06
4.84551e-10
4.84959e-06
5.20908e-10
4.84959e-06
5.63188e-10
4.84961e-06
6.10505e-10
4.84963e-06
6.63784e-10
4.84967e-06
7.23063e-10
4.84972e-06
7.87455e-10
4.84979e-06
8.59411e-10
4.84987e-06
9.35459e-10
4.84998e-06
1.02185e-09
4.8501e-06
1.11201e-09
4.85026e-06
1.21593e-09
4.85045e-06
1.32499e-09
4.85067e-06
1.45028e-09
4.85093e-06
1.58446e-09
4.85123e-06
1.73399e-09
4.85158e-06
1.89714e-09
4.85196e-06
2.07071e-09
4.8524e-06
2.25947e-09
4.85287e-06
2.45393e-09
4.85336e-06
2.65934e-09
4.85389e-06
2.87456e-09
4.85445e-06
3.09693e-09
4.85504e-06
3.33847e-09
4.85566e-06
3.58214e-09
4.85632e-06
3.83838e-09
4.85702e-06
4.07936e-09
4.85775e-06
4.326e-09
4.85853e-06
4.59887e-09
4.83832e-09
5.24507e-06
3.41312e-10
-5.24505e-06
5.24508e-06
3.61253e-10
5.2451e-06
3.85433e-10
5.24511e-06
4.12575e-10
5.24512e-06
4.41509e-10
5.24513e-06
4.74046e-10
5.24515e-06
5.08851e-10
5.24516e-06
5.47772e-10
5.24518e-06
5.89665e-10
5.24521e-06
6.35881e-10
5.24525e-06
6.8616e-10
5.24529e-06
7.40506e-10
5.24535e-06
8.00548e-10
5.24542e-06
8.64e-10
5.24551e-06
9.35377e-10
5.24561e-06
1.00968e-09
5.24573e-06
1.09439e-09
5.24588e-06
1.18287e-09
5.24604e-06
1.28339e-09
5.24624e-06
1.39091e-09
5.24646e-06
1.50971e-09
5.24672e-06
1.64036e-09
5.24701e-06
1.77876e-09
5.24734e-06
1.93155e-09
5.2477e-06
2.08899e-09
5.2481e-06
2.25863e-09
5.24854e-06
2.43657e-09
5.24901e-06
2.6238e-09
5.24953e-06
2.82701e-09
5.25007e-06
3.03517e-09
5.25066e-06
3.25275e-09
5.25128e-06
3.46094e-09
5.25193e-06
3.67423e-09
5.25261e-06
3.91961e-09
4.18665e-09
5.67121e-06
3.05176e-10
-5.67117e-06
5.67124e-06
3.28072e-10
5.67128e-06
3.49938e-10
5.67132e-06
3.74075e-10
5.67136e-06
3.99569e-10
5.6714e-06
4.27884e-10
5.67146e-06
4.57969e-10
5.67151e-06
4.91301e-10
5.67157e-06
5.2699e-10
5.67164e-06
5.66067e-10
5.67172e-06
6.08391e-10
5.67181e-06
6.53827e-10
5.67191e-06
7.03854e-10
5.67201e-06
7.56353e-10
5.67213e-06
8.15275e-10
5.67227e-06
8.76108e-10
5.67242e-06
9.45394e-10
5.67258e-06
1.01712e-09
5.67277e-06
1.09871e-09
5.67297e-06
1.18534e-09
5.6732e-06
1.28131e-09
5.67345e-06
1.38645e-09
5.67374e-06
1.49814e-09
5.67405e-06
1.6215e-09
5.67438e-06
1.74917e-09
5.67476e-06
1.88701e-09
5.67516e-06
2.03271e-09
5.6756e-06
2.18648e-09
5.67607e-06
2.3547e-09
5.67658e-06
2.52694e-09
5.67712e-06
2.70778e-09
5.67771e-06
2.87894e-09
5.67833e-06
3.0527e-09
5.679e-06
3.24613e-09
3.40453e-09
6.13338e-06
2.53167e-10
-6.13333e-06
6.13344e-06
2.71924e-10
6.1335e-06
2.90642e-10
6.13356e-06
3.1129e-10
6.13362e-06
3.33011e-10
6.1337e-06
3.56825e-10
6.13377e-06
3.81663e-10
6.13385e-06
4.09564e-10
6.13394e-06
4.39521e-10
6.13404e-06
4.72325e-10
6.13414e-06
5.0779e-10
6.13424e-06
5.45811e-10
6.13436e-06
5.87546e-10
6.13449e-06
6.31254e-10
6.13462e-06
6.80127e-10
6.13477e-06
7.30461e-10
6.13492e-06
7.87576e-10
6.13509e-06
8.4653e-10
6.13528e-06
9.1335e-10
6.13548e-06
9.84099e-10
6.1357e-06
1.06225e-09
6.13594e-06
1.14769e-09
6.1362e-06
1.2382e-09
6.13648e-06
1.3381e-09
6.13679e-06
1.44122e-09
6.13712e-06
1.55263e-09
6.13749e-06
1.6703e-09
6.13788e-06
1.79476e-09
6.1383e-06
1.9312e-09
6.13876e-06
2.07158e-09
6.13925e-06
2.21967e-09
6.13976e-06
2.3614e-09
6.14031e-06
2.50788e-09
6.14088e-06
2.67602e-09
2.85764e-09
6.63362e-06
2.05537e-10
-6.63357e-06
6.63367e-06
2.19197e-10
6.63373e-06
2.34479e-10
6.63379e-06
2.51421e-10
6.63385e-06
2.69353e-10
6.63392e-06
2.8923e-10
6.63399e-06
3.10297e-10
6.63406e-06
3.33543e-10
6.63414e-06
3.5832e-10
6.63423e-06
3.85338e-10
6.63433e-06
4.1443e-10
6.63443e-06
4.45536e-10
6.63453e-06
4.79542e-10
6.63465e-06
5.15069e-10
6.63478e-06
5.54633e-10
6.63491e-06
5.95266e-10
6.63506e-06
6.41199e-10
6.63521e-06
6.88461e-10
6.63539e-06
7.41871e-10
6.63557e-06
7.98271e-10
6.63577e-06
8.60464e-10
6.63599e-06
9.28492e-10
6.63623e-06
1.00104e-09
6.63649e-06
1.0811e-09
6.63677e-06
1.16306e-09
6.63707e-06
1.25151e-09
6.63739e-06
1.34474e-09
6.63774e-06
1.44345e-09
6.63812e-06
1.55158e-09
6.63853e-06
1.66282e-09
6.63897e-06
1.77984e-09
6.63944e-06
1.89118e-09
6.63994e-06
2.00489e-09
6.64049e-06
2.13331e-09
2.24375e-09
7.17474e-06
1.59839e-10
-7.17469e-06
7.17479e-06
1.70973e-10
7.17484e-06
1.82969e-10
7.17489e-06
1.96245e-10
7.17495e-06
2.10313e-10
7.17502e-06
2.25907e-10
7.17508e-06
2.42456e-10
7.17516e-06
2.607e-10
7.17524e-06
2.80144e-10
7.17532e-06
3.01304e-10
7.17541e-06
3.24065e-10
7.17551e-06
3.48352e-10
7.17561e-06
3.74876e-10
7.17572e-06
4.02535e-10
7.17585e-06
4.33316e-10
7.17598e-06
4.6487e-10
7.17612e-06
5.00535e-10
7.17627e-06
5.37162e-10
7.17643e-06
5.78568e-10
7.17661e-06
6.22199e-10
7.1768e-06
6.70312e-10
7.177e-06
7.22729e-10
7.17723e-06
7.78139e-10
7.17747e-06
8.39121e-10
7.17773e-06
9.01826e-10
7.17801e-06
9.69368e-10
7.17832e-06
1.0405e-09
7.17864e-06
1.11563e-09
7.179e-06
1.19803e-09
7.17938e-06
1.28275e-09
7.17979e-06
1.37218e-09
7.18022e-06
1.45745e-09
7.18068e-06
1.54553e-09
7.18117e-06
1.64645e-09
1.74989e-09
7.76014e-06
1.17016e-10
-7.76009e-06
7.76018e-06
1.2531e-10
7.76023e-06
1.34162e-10
7.76028e-06
1.43932e-10
7.76034e-06
1.54253e-10
7.7604e-06
1.65689e-10
7.76046e-06
1.77811e-10
7.76053e-06
1.9119e-10
7.76061e-06
2.05442e-10
7.76069e-06
2.20979e-10
7.76077e-06
2.37683e-10
7.76087e-06
2.55532e-10
7.76097e-06
2.75005e-10
7.76107e-06
2.95334e-10
7.76119e-06
3.17923e-10
7.76131e-06
3.41098e-10
7.76145e-06
3.6724e-10
7.76159e-06
3.94095e-10
7.76174e-06
4.24382e-10
7.76191e-06
4.56285e-10
7.76209e-06
4.91366e-10
7.76228e-06
5.29571e-10
7.76249e-06
5.69838e-10
7.76272e-06
6.14204e-10
7.76296e-06
6.59749e-10
7.76322e-06
7.08962e-10
7.7635e-06
7.60754e-10
7.7638e-06
8.15649e-10
7.76412e-06
8.75801e-10
7.76446e-06
9.37849e-10
7.76483e-06
1.00326e-09
7.76522e-06
1.06587e-09
7.76564e-06
1.13047e-09
7.76608e-06
1.20483e-09
1.27755e-09
8.39341e-06
7.70656e-11
-8.39337e-06
8.39345e-06
8.23777e-11
8.39349e-06
8.82077e-11
8.39354e-06
9.4652e-11
8.3936e-06
1.01472e-10
8.39365e-06
1.09021e-10
8.39371e-06
1.17027e-10
8.39378e-06
1.2585e-10
8.39385e-06
1.35255e-10
8.39393e-06
1.45498e-10
8.39401e-06
1.56524e-10
8.39409e-06
1.68297e-10
8.39419e-06
1.81158e-10
8.39429e-06
1.94573e-10
8.3944e-06
2.09494e-10
8.39451e-06
2.24781e-10
8.39464e-06
2.4204e-10
8.39477e-06
2.59736e-10
8.39492e-06
2.79711e-10
8.39507e-06
3.00708e-10
8.39524e-06
3.2382e-10
8.39542e-06
3.4894e-10
8.39562e-06
3.75448e-10
8.39583e-06
4.04601e-10
8.39605e-06
4.34565e-10
8.39629e-06
4.66881e-10
8.39655e-06
5.00942e-10
8.39683e-06
5.36972e-10
8.39713e-06
5.76522e-10
8.39745e-06
6.17223e-10
8.39779e-06
6.602e-10
8.39816e-06
7.01193e-10
8.39855e-06
7.43536e-10
8.39896e-06
7.92012e-10
8.38546e-10
9.07843e-06
3.88148e-11
-9.07839e-06
9.07847e-06
4.13958e-11
9.07851e-06
4.4293e-11
9.07856e-06
4.75129e-11
9.07861e-06
5.09361e-11
9.07866e-06
5.47368e-11
9.07872e-06
5.87746e-11
9.07879e-06
6.3228e-11
9.07885e-06
6.79764e-11
9.07893e-06
7.31446e-11
9.079e-06
7.87016e-11
9.07909e-06
8.46277e-11
9.07918e-06
9.10925e-11
9.07927e-06
9.78285e-11
9.07938e-06
1.05314e-10
9.07949e-06
1.1298e-10
9.07961e-06
1.21632e-10
9.07974e-06
1.30504e-10
9.07988e-06
1.40519e-10
9.08003e-06
1.51051e-10
9.08019e-06
1.62645e-10
9.08036e-06
1.7525e-10
9.08055e-06
1.88547e-10
9.08075e-06
2.03172e-10
9.08097e-06
2.18194e-10
9.0812e-06
2.34391e-10
9.08145e-06
2.51448e-10
9.08172e-06
2.69486e-10
9.082e-06
2.89271e-10
9.08231e-06
3.09625e-10
9.08264e-06
3.31096e-10
9.08299e-06
3.51563e-10
9.08336e-06
3.72689e-10
9.08376e-06
3.96928e-10
4.20879e-10
9.81945e-06
-9.81941e-06
9.81949e-06
9.81953e-06
9.81958e-06
9.81963e-06
9.81969e-06
9.81975e-06
9.81981e-06
9.81988e-06
9.81995e-06
9.82003e-06
9.82011e-06
9.8202e-06
9.8203e-06
9.82041e-06
9.82052e-06
9.82064e-06
9.82077e-06
9.82091e-06
9.82106e-06
9.82123e-06
9.8214e-06
9.82159e-06
9.82179e-06
9.82201e-06
9.82225e-06
9.8225e-06
9.82277e-06
9.82306e-06
9.82337e-06
9.8237e-06
9.82405e-06
9.82442e-06
9.82482e-06
8.47015e-08
9.60876e-09
8.37546e-08
-8.4421e-09
8.43082e-08
6.90654e-09
8.34185e-08
-3.03322e-09
8.40255e-08
6.00342e-09
8.32986e-08
-4.48869e-09
8.37409e-08
2.98973e-09
8.31339e-08
-2.55537e-09
8.34458e-08
2.39234e-09
8.30444e-08
-7.11523e-10
8.32926e-08
3.60727e-09
8.30684e-08
3.33489e-10
8.31641e-08
3.07263e-09
8.30602e-08
4.40965e-10
8.30413e-08
2.23367e-09
8.29979e-08
2.01035e-10
8.27351e-08
1.70066e-09
8.25375e-08
3.38476e-10
8.14612e-08
2.06368e-09
1.64064e-09
9.13115e-08
9.34364e-09
9.07416e-08
-7.87216e-09
9.08898e-08
6.75839e-09
9.0468e-08
-2.61148e-09
9.06192e-08
5.85224e-09
9.03663e-08
-4.23584e-09
9.03537e-08
3.00236e-09
9.02212e-08
-2.42281e-09
9.01094e-08
2.50406e-09
9.00605e-08
-6.62629e-10
9.00013e-08
3.66651e-09
8.99714e-08
3.63441e-10
8.98793e-08
3.1647e-09
8.98083e-08
5.11968e-10
8.96601e-08
2.38182e-09
8.95117e-08
3.495e-10
8.91619e-08
2.05041e-09
8.87208e-08
7.79639e-10
8.82743e-08
2.51009e-09
2.18012e-09
9.84903e-08
9.42357e-09
9.82855e-08
-7.66741e-09
9.81259e-08
6.91806e-09
9.80803e-08
-2.56595e-09
9.8011e-08
5.92156e-09
9.79731e-08
-4.19792e-09
9.78636e-08
3.11189e-09
9.77911e-08
-2.35035e-09
9.77177e-08
2.57749e-09
9.75763e-08
-5.2127e-10
9.7715e-08
3.52786e-09
9.7462e-08
6.16448e-10
9.76764e-08
2.9503e-09
9.72913e-08
8.96982e-10
9.7468e-08
2.20512e-09
9.69246e-08
8.92953e-10
9.69414e-08
2.03359e-09
9.61802e-08
1.54084e-09
9.60844e-08
2.60586e-09
2.65244e-09
1.06525e-07
9.61392e-09
1.06451e-07
-7.59287e-09
1.06304e-07
7.06481e-09
1.06311e-07
-2.57291e-09
1.06373e-07
5.85926e-09
1.06211e-07
-4.03523e-09
1.06307e-07
3.01547e-09
1.06022e-07
-2.06538e-09
1.06194e-07
2.40554e-09
1.05813e-07
-1.40474e-10
1.06201e-07
3.14031e-09
1.05752e-07
1.06558e-09
1.06138e-07
2.56418e-09
1.05644e-07
1.39103e-09
1.0585e-07
1.99873e-09
1.05288e-07
1.45527e-09
1.05244e-07
2.07711e-09
1.04633e-07
2.15188e-09
1.04511e-07
2.72766e-09
2.98428e-09
1.15506e-07
9.64185e-09
1.15308e-07
-7.39451e-09
1.15402e-07
6.97125e-09
1.15272e-07
-2.44312e-09
1.15573e-07
5.55787e-09
1.15196e-07
-3.65833e-09
1.15504e-07
2.70811e-09
1.15021e-07
-1.58274e-09
1.15369e-07
2.05739e-09
1.14854e-07
3.74628e-10
1.15336e-07
2.65804e-09
1.14874e-07
1.52795e-09
1.15231e-07
2.20704e-09
1.14821e-07
1.80168e-09
1.14872e-07
1.94695e-09
1.14387e-07
1.94034e-09
1.14201e-07
2.2637e-09
1.13851e-07
2.5014e-09
1.13632e-07
2.94647e-09
3.20189e-09
1.25295e-07
9.42909e-09
1.24911e-07
-7.01101e-09
1.25255e-07
6.62692e-09
1.24981e-07
-2.16847e-09
1.25468e-07
5.07084e-09
1.2492e-07
-3.11011e-09
1.25364e-07
2.26361e-09
1.24768e-07
-9.86953e-10
1.25191e-07
1.63419e-09
1.24683e-07
8.83144e-10
1.25119e-07
2.22222e-09
1.24804e-07
1.84256e-09
1.25018e-07
1.99317e-09
1.24794e-07
2.02522e-09
1.24622e-07
2.11965e-09
1.24199e-07
2.36301e-09
1.23774e-07
2.6892e-09
1.23492e-07
2.78284e-09
1.235e-07
2.9385e-09
3.37051e-09
1.35808e-07
9.03962e-09
1.35272e-07
-6.47497e-09
1.35813e-07
6.08527e-09
1.3542e-07
-1.77537e-09
1.36042e-07
4.44924e-09
1.35375e-07
-2.44338e-09
1.35893e-07
1.74544e-09
1.35282e-07
-3.75572e-10
1.35674e-07
1.24227e-09
1.35309e-07
1.24818e-09
1.35592e-07
1.93875e-09
1.35518e-07
1.91621e-09
1.35553e-07
1.95861e-09
1.35492e-07
2.08576e-09
1.35398e-07
2.21416e-09
1.35433e-07
2.32766e-09
1.35475e-07
2.64741e-09
1.35039e-07
3.21877e-09
1.34254e-07
3.72363e-09
3.69433e-09
1.47104e-07
8.5443e-09
1.46439e-07
-5.81052e-09
1.47142e-07
5.3832e-09
1.46644e-07
-1.27821e-09
1.47366e-07
3.72741e-09
1.46634e-07
-1.71099e-09
1.47163e-07
1.2158e-09
1.46618e-07
1.69487e-10
1.46916e-07
9.45166e-10
1.46768e-07
1.39616e-09
1.46885e-07
1.82115e-09
1.46926e-07
1.8758e-09
1.46948e-07
1.93603e-09
1.47035e-07
1.9992e-09
1.46997e-07
2.25232e-09
1.46528e-07
2.79581e-09
1.45829e-07
3.34653e-09
1.45358e-07
3.68989e-09
1.45416e-07
3.66622e-09
3.80046e-09
1.59289e-07
7.97922e-09
1.58506e-07
-5.02788e-09
1.59343e-07
4.54698e-09
1.58764e-07
-6.99519e-10
1.59541e-07
2.95058e-09
1.58813e-07
-9.83332e-10
1.59283e-07
7.45322e-10
1.58874e-07
5.79188e-10
1.5905e-07
7.68994e-10
1.59042e-07
1.40391e-09
1.59138e-07
1.72517e-09
1.59212e-07
1.80221e-09
1.59113e-07
2.03481e-09
1.58617e-07
2.49566e-09
1.58049e-07
2.8194e-09
1.57705e-07
3.1406e-09
1.57644e-07
3.40745e-09
1.57691e-07
3.64268e-09
1.57558e-07
3.79953e-09
3.84928e-09
1.7246e-07
7.35922e-09
1.71573e-07
-4.14022e-09
1.72511e-07
3.60848e-09
1.71898e-07
-8.64087e-11
1.7266e-07
2.18901e-09
1.72035e-07
-3.59112e-10
1.72363e-07
4.17877e-10
1.72185e-07
7.57173e-10
1.72222e-07
7.32201e-10
1.72283e-07
1.34289e-09
1.72262e-07
1.74549e-09
1.71909e-07
2.15547e-09
1.71492e-07
2.45189e-09
1.71217e-07
2.77013e-09
1.70993e-07
3.04367e-09
1.70837e-07
3.29705e-09
1.70718e-07
3.52583e-09
1.7064e-07
3.72117e-09
1.70647e-07
3.79281e-09
3.82893e-09
1.86707e-07
6.69267e-09
1.85737e-07
-3.17046e-09
1.8673e-07
2.61636e-09
1.86156e-07
4.87164e-10
1.86817e-07
1.52828e-09
1.86413e-07
4.50228e-11
1.86523e-07
3.07749e-10
1.86542e-07
7.37379e-10
1.86493e-07
7.81176e-10
1.8632e-07
1.51622e-09
1.85955e-07
2.11018e-09
1.85697e-07
2.41393e-09
1.85475e-07
2.67428e-09
1.85269e-07
2.97573e-09
1.85101e-07
3.21202e-09
1.84969e-07
3.42886e-09
1.84872e-07
3.62274e-09
1.84836e-07
3.75707e-09
1.84844e-07
3.78511e-09
3.77522e-09
2.02117e-07
5.98988e-09
2.01101e-07
-2.15399e-09
2.02074e-07
1.64314e-09
2.0163e-07
9.30625e-10
2.02118e-07
1.04047e-09
2.02004e-07
1.59093e-10
2.01965e-07
3.47306e-10
2.01913e-07
7.88546e-10
2.01561e-07
1.13316e-09
2.0129e-07
1.78757e-09
2.01078e-07
2.32256e-09
2.00884e-07
2.60736e-09
2.00698e-07
2.86091e-09
2.00527e-07
3.14601e-09
2.00378e-07
3.36162e-09
2.00267e-07
3.53959e-09
2.00205e-07
3.68454e-09
2.00197e-07
3.76552e-09
2.00234e-07
3.74827e-09
3.70022e-09
2.1878e-07
5.26842e-09
2.17768e-07
-1.14182e-09
2.18604e-07
8.06943e-10
2.18382e-07
1.15302e-09
2.18669e-07
7.53141e-10
2.18717e-07
1.11398e-10
2.18572e-07
4.91786e-10
2.18238e-07
1.12323e-09
2.17949e-07
1.42209e-09
2.17748e-07
1.98827e-09
2.17568e-07
2.50266e-09
2.17382e-07
2.79363e-09
2.1721e-07
3.03272e-09
2.17062e-07
3.29411e-09
2.16939e-07
3.48403e-09
2.16856e-07
3.62308e-09
2.16827e-07
3.71372e-09
2.16847e-07
3.74487e-09
2.1691e-07
3.68581e-09
3.6089e-09
2.36794e-07
4.55295e-09
2.35845e-07
-1.93075e-10
2.36305e-07
3.47364e-10
2.36422e-07
1.03536e-09
2.36513e-07
6.62437e-10
2.36416e-07
2.08369e-10
2.36244e-07
6.63351e-10
2.36044e-07
1.32347e-09
2.35809e-07
1.65757e-09
2.35619e-07
2.17761e-09
2.35447e-07
2.67498e-09
2.35272e-07
2.96914e-09
2.35114e-07
3.19022e-09
2.34983e-07
3.4254e-09
2.34895e-07
3.57142e-09
2.34844e-07
3.67488e-09
2.34843e-07
3.71383e-09
2.3489e-07
3.69858e-09
2.34971e-07
3.60458e-09
3.50477e-09
2.56273e-07
3.8665e-09
2.55444e-07
6.36571e-10
2.55636e-07
1.54961e-10
2.55871e-07
8.00791e-10
2.55914e-07
6.19124e-10
2.55783e-07
3.39922e-10
2.55604e-07
8.4219e-10
2.55405e-07
1.52263e-09
2.55175e-07
1.88715e-09
2.54987e-07
2.36569e-09
2.54824e-07
2.83793e-09
2.54661e-07
3.13198e-09
2.54521e-07
3.3299e-09
2.54417e-07
3.53013e-09
2.54361e-07
3.6271e-09
2.54342e-07
3.69391e-09
2.54366e-07
3.68979e-09
2.54432e-07
3.63286e-09
2.54526e-07
3.5099e-09
3.39051e-09
2.77346e-07
3.22833e-09
2.76668e-07
1.31499e-09
2.76663e-07
1.59658e-10
2.76881e-07
5.82291e-10
2.76927e-07
5.73762e-10
2.7678e-07
4.86692e-10
2.76592e-07
1.03011e-09
2.76389e-07
1.72534e-09
2.76161e-07
2.1151e-09
2.75974e-07
2.55336e-09
2.75822e-07
2.98987e-09
2.75679e-07
3.27455e-09
2.75561e-07
3.44836e-09
2.75485e-07
3.60565e-09
2.75459e-07
3.65346e-09
2.75467e-07
3.68576e-09
2.75511e-07
3.64608e-09
2.75591e-07
3.55237e-09
2.75698e-07
3.40363e-09
3.26779e-09
3.00144e-07
2.6585e-09
2.99656e-07
1.80279e-09
2.99498e-07
3.17502e-10
2.99635e-07
4.45531e-10
2.99669e-07
5.39705e-10
2.99524e-07
6.32246e-10
2.99329e-07
1.22483e-09
2.99122e-07
1.93233e-09
2.98898e-07
2.33857e-09
2.98717e-07
2.73476e-09
2.98579e-07
3.12771e-09
2.98459e-07
3.39462e-09
2.98363e-07
3.54477e-09
2.9832e-07
3.64869e-09
2.98317e-07
3.65583e-09
2.98348e-07
3.65515e-09
2.9841e-07
3.58365e-09
2.98504e-07
3.4586e-09
2.98621e-07
3.28694e-09
3.13819e-09
3.24822e-07
2.16601e-09
3.24656e-07
1.96968e-09
3.24332e-07
6.41018e-10
3.24302e-07
4.7512e-10
3.24296e-07
5.46087e-10
3.24154e-07
7.74253e-10
3.23955e-07
1.42432e-09
3.23747e-07
2.13953e-09
3.23535e-07
2.55043e-09
3.23365e-07
2.90559e-09
3.23243e-07
3.24968e-09
3.23145e-07
3.49226e-09
3.23068e-07
3.62137e-09
3.23066e-07
3.65124e-09
3.23079e-07
3.64313e-09
3.2313e-07
3.6036e-09
3.23211e-07
3.50269e-09
3.23317e-07
3.35265e-09
3.23441e-07
3.1626e-09
3.00406e-09
3.51548e-07
1.74933e-09
3.51719e-07
1.79838e-09
3.51318e-07
1.04293e-09
3.51084e-07
7.08628e-10
3.50997e-07
6.32716e-10
3.50836e-07
9.3602e-10
3.50627e-07
1.63324e-09
3.50426e-07
2.33998e-09
3.50231e-07
2.74604e-09
3.50074e-07
3.06229e-09
3.49967e-07
3.35674e-09
3.49893e-07
3.56625e-09
3.49852e-07
3.66186e-09
3.49869e-07
3.6349e-09
3.49904e-07
3.60807e-09
3.49974e-07
3.53338e-09
3.50071e-07
3.40617e-09
3.50186e-07
3.23678e-09
3.50315e-07
3.03375e-09
2.86745e-09
3.80502e-07
1.39566e-09
3.80708e-07
1.59165e-09
3.80448e-07
1.3036e-09
3.80182e-07
9.73967e-10
3.79993e-07
8.21514e-10
3.79749e-07
1.18084e-09
3.79513e-07
1.86853e-09
3.79329e-07
2.52415e-09
3.79157e-07
2.91859e-09
3.79019e-07
3.19978e-09
3.78929e-07
3.44694e-09
3.78881e-07
3.61424e-09
3.78883e-07
3.66007e-09
3.78907e-07
3.61019e-09
3.78964e-07
3.55203e-09
3.7905e-07
3.44711e-09
3.79158e-07
3.29757e-09
3.79282e-07
3.11304e-09
3.79414e-07
2.90176e-09
2.72956e-09
4.11873e-07
1.0848e-09
4.12156e-07
1.30823e-09
4.12319e-07
1.14076e-09
4.12014e-07
1.27898e-09
4.11498e-07
1.33803e-09
4.11077e-07
1.60112e-09
4.10807e-07
2.13914e-09
4.10645e-07
2.6858e-09
4.10505e-07
3.05899e-09
4.10388e-07
3.31652e-09
4.10316e-07
3.51873e-09
4.10298e-07
3.63286e-09
4.1033e-07
3.62709e-09
4.10367e-07
3.57331e-09
4.1044e-07
3.47954e-09
4.1054e-07
3.34716e-09
4.10659e-07
3.17845e-09
4.1079e-07
2.98221e-09
4.10926e-07
2.76597e-09
2.59124e-09
4.45824e-07
8.32637e-10
4.46246e-07
8.86393e-10
4.46532e-07
8.5477e-10
4.46253e-07
1.55803e-09
4.45532e-07
2.05921e-09
4.45012e-07
2.12095e-09
4.44733e-07
2.41818e-09
4.44582e-07
2.83699e-09
4.44472e-07
3.16935e-09
4.44375e-07
3.4135e-09
4.44322e-07
3.57171e-09
4.44347e-07
3.60711e-09
4.44385e-07
3.58913e-09
4.44446e-07
3.5128e-09
4.44535e-07
3.3902e-09
4.44648e-07
3.23473e-09
4.44776e-07
3.05006e-09
4.44913e-07
2.84564e-09
4.45051e-07
2.62729e-09
2.45332e-09
4.82555e-07
6.70469e-10
4.82719e-07
7.22222e-10
4.82461e-07
1.11301e-09
4.82258e-07
1.76064e-09
4.82105e-07
2.21285e-09
4.81787e-07
2.43869e-09
4.81525e-07
2.67963e-09
4.81365e-07
2.99703e-09
4.81264e-07
3.27057e-09
4.81198e-07
3.47942e-09
4.81184e-07
3.58593e-09
4.81221e-07
3.56992e-09
4.8128e-07
3.53058e-09
4.81362e-07
3.43077e-09
4.81467e-07
3.28466e-09
4.81591e-07
3.1113e-09
4.81726e-07
2.91499e-09
4.81866e-07
2.70585e-09
4.82005e-07
2.48821e-09
2.3164e-09
5.22338e-07
5.88302e-10
5.22188e-07
8.72866e-10
5.22027e-07
1.27378e-09
5.21927e-07
1.86079e-09
5.21806e-07
2.33414e-09
5.21596e-07
2.64858e-09
5.21378e-07
2.89679e-09
5.21229e-07
3.14651e-09
5.2113e-07
3.3693e-09
5.21097e-07
3.51225e-09
5.21119e-07
3.56443e-09
5.21168e-07
3.52128e-09
5.21247e-07
3.45152e-09
5.21348e-07
3.32977e-09
5.21467e-07
3.16542e-09
5.21599e-07
2.97887e-09
5.21739e-07
2.7753e-09
5.21881e-07
2.56412e-09
5.2202e-07
2.34935e-09
2.18066e-09
5.65458e-07
5.44449e-10
5.65288e-07
1.04264e-09
5.65114e-07
1.44739e-09
5.64991e-07
1.98449e-09
5.64855e-07
2.47003e-09
5.64699e-07
2.8042e-09
5.6453e-07
3.06622e-09
5.64396e-07
3.27961e-09
5.64323e-07
3.44235e-09
5.64312e-07
3.52373e-09
5.64365e-07
3.51104e-09
5.64429e-07
3.45742e-09
5.64525e-07
3.35524e-09
5.64643e-07
3.21238e-09
5.64774e-07
3.03435e-09
5.64914e-07
2.83851e-09
5.65058e-07
2.63139e-09
5.65202e-07
2.42057e-09
5.65341e-07
2.21045e-09
2.04642e-09
6.12149e-07
5.33161e-10
6.12014e-07
1.17718e-09
6.11822e-07
1.6397e-09
6.11659e-07
2.14803e-09
6.11514e-07
2.61424e-09
6.11375e-07
2.94337e-09
6.11243e-07
3.19816e-09
6.11145e-07
3.37797e-09
6.11099e-07
3.48868e-09
6.11121e-07
3.50106e-09
6.11185e-07
3.44715e-09
6.11272e-07
3.37089e-09
6.11384e-07
3.24335e-09
6.11514e-07
3.08155e-09
6.11656e-07
2.89312e-09
6.11803e-07
2.69117e-09
6.11951e-07
2.48361e-09
6.12096e-07
2.27575e-09
6.12234e-07
2.072e-09
1.91398e-09
6.62708e-07
5.48048e-10
6.62589e-07
1.29566e-09
6.62394e-07
1.83524e-09
6.62211e-07
2.33077e-09
6.6206e-07
2.76496e-09
6.61928e-07
3.07584e-09
6.61825e-07
3.30059e-09
6.61763e-07
3.44008e-09
6.6175e-07
3.50199e-09
6.61802e-07
3.44953e-09
6.61877e-07
3.37154e-09
6.61985e-07
3.26299e-09
6.62113e-07
3.11576e-09
6.62254e-07
2.93976e-09
6.62403e-07
2.74487e-09
6.62555e-07
2.53924e-09
6.62705e-07
2.33323e-09
6.6285e-07
2.1303e-09
6.62988e-07
1.93414e-09
1.78279e-09
7.17454e-07
5.82053e-10
7.17321e-07
1.42896e-09
7.17146e-07
2.00977e-09
7.16955e-07
2.52165e-09
7.16798e-07
2.92264e-09
7.16672e-07
3.20127e-09
7.16594e-07
3.37834e-09
7.16566e-07
3.46888e-09
7.1659e-07
3.47768e-09
7.16658e-07
3.38105e-09
7.16756e-07
3.27368e-09
7.16884e-07
3.13502e-09
7.17029e-07
2.97048e-09
7.17184e-07
2.78566e-09
7.17337e-07
2.59175e-09
7.17484e-07
2.39208e-09
7.17632e-07
2.18524e-09
7.17778e-07
1.98385e-09
7.17917e-07
1.7952e-09
1.65055e-09
7.76733e-07
6.28331e-10
7.76626e-07
1.53536e-09
7.76433e-07
2.20284e-09
7.76228e-07
2.72677e-09
7.76063e-07
3.08725e-09
7.75946e-07
3.3188e-09
7.75889e-07
3.43544e-09
7.75889e-07
3.46827e-09
7.75946e-07
3.42146e-09
7.76033e-07
3.29345e-09
7.76153e-07
3.15391e-09
7.763e-07
2.98746e-09
7.76464e-07
2.80656e-09
7.76637e-07
2.61318e-09
7.76818e-07
2.41053e-09
7.76945e-07
2.26502e-09
7.77057e-07
2.07358e-09
7.77213e-07
1.82727e-09
7.77363e-07
1.64582e-09
1.51175e-09
8.40905e-07
6.92414e-10
8.40738e-07
1.7022e-09
8.40562e-07
2.37886e-09
8.40378e-07
2.91072e-09
8.40222e-07
3.24398e-09
8.40121e-07
3.41992e-09
8.40084e-07
3.47178e-09
8.40115e-07
3.43766e-09
8.40207e-07
3.3297e-09
8.4032e-07
3.17999e-09
8.40468e-07
3.00582e-09
8.40642e-07
2.81319e-09
8.40833e-07
2.61557e-09
8.41032e-07
2.41417e-09
8.41226e-07
2.21697e-09
8.41407e-07
2.08411e-09
8.41576e-07
1.90441e-09
8.41669e-07
1.73476e-09
8.4174e-07
1.57417e-09
1.38913e-09
3.27241e-06
1.03491e-09
3.27166e-06
2.44976e-09
3.27082e-06
3.22581e-09
3.2701e-06
3.62641e-09
3.26957e-06
3.77452e-09
3.26926e-06
3.7345e-09
3.26915e-06
3.57296e-09
3.26927e-06
3.3199e-09
3.26965e-06
2.95041e-09
3.27017e-06
2.66254e-09
3.27078e-06
2.39703e-09
3.27144e-06
2.14794e-09
3.27214e-06
1.92264e-09
3.27283e-06
1.71858e-09
3.27351e-06
1.53576e-09
3.27422e-06
1.37247e-09
3.2749e-06
1.22641e-09
3.27554e-06
1.09658e-09
3.27613e-06
9.80606e-10
8.97145e-10
3.53964e-06
1.31142e-09
3.53874e-06
3.35346e-09
3.53753e-06
4.43778e-09
3.53639e-06
4.7617e-09
3.5355e-06
4.66381e-09
3.53492e-06
4.31737e-09
3.53456e-06
3.9329e-09
3.53426e-06
3.62415e-09
3.53401e-06
3.19166e-09
3.53393e-06
2.74447e-09
3.53401e-06
2.322e-09
3.53424e-06
1.9159e-09
3.53462e-06
1.546e-09
3.53513e-06
1.20901e-09
3.53575e-06
9.14935e-10
3.53646e-06
6.61856e-10
3.53723e-06
4.54114e-10
3.53804e-06
2.90197e-10
3.53884e-06
1.72308e-10
9.6348e-11
3.82782e-06
2.38336e-09
3.82573e-06
5.44764e-09
3.82339e-06
6.77619e-09
3.82133e-06
6.81797e-09
3.81971e-06
6.28426e-09
3.81877e-06
5.26349e-09
3.81826e-06
4.44187e-09
3.81826e-06
3.62577e-09
3.81857e-06
2.88154e-09
3.81914e-06
2.17307e-09
3.81991e-06
1.54946e-09
3.82084e-06
9.91768e-10
3.82185e-06
5.2949e-10
3.8229e-06
1.59191e-10
3.82406e-06
-2.42657e-10
3.82535e-06
-6.29555e-10
3.82668e-06
-8.78416e-10
3.82799e-06
-1.01626e-09
3.8292e-06
-1.04165e-09
-9.33795e-10
4.14269e-06
1.15289e-09
4.14516e-06
2.97604e-09
4.14802e-06
3.91493e-09
4.15071e-06
4.13593e-09
4.15302e-06
3.97528e-09
4.15467e-06
3.6078e-09
4.15579e-06
3.31904e-09
4.15656e-06
2.86368e-09
4.15702e-06
2.42264e-09
4.1572e-06
1.98413e-09
4.15717e-06
1.57891e-09
4.15697e-06
1.19472e-09
4.15665e-06
8.49388e-10
4.15628e-06
5.35908e-10
4.15577e-06
2.60485e-10
4.15513e-06
1.30607e-11
4.15435e-06
-1.01242e-10
4.15351e-06
-1.7531e-10
4.15269e-06
-2.22322e-10
-2.50387e-10
4.47992e-06
7.75117e-10
4.48113e-06
1.77054e-09
4.48283e-06
2.21389e-09
4.48462e-06
2.34086e-09
4.48633e-06
2.26753e-09
4.48786e-06
2.0743e-09
4.48937e-06
1.81198e-09
4.49076e-06
1.47647e-09
4.49195e-06
1.23103e-09
4.49291e-06
1.02058e-09
4.49364e-06
8.47085e-10
4.49414e-06
7.0464e-10
4.49439e-06
5.89918e-10
4.49443e-06
4.97874e-10
4.49427e-06
4.23772e-10
4.49392e-06
3.644e-10
4.4935e-06
3.15801e-10
4.49305e-06
2.76151e-10
4.49258e-06
2.42715e-10
2.19256e-10
4.84557e-06
4.27455e-10
4.8463e-06
1.04528e-09
4.84716e-06
1.3492e-09
4.84803e-06
1.47243e-09
4.84881e-06
1.48203e-09
4.84947e-06
1.42245e-09
4.84994e-06
1.33899e-09
4.85017e-06
1.24162e-09
4.8503e-06
1.1101e-09
4.85034e-06
9.77713e-10
4.85033e-06
8.56296e-10
4.85029e-06
7.46192e-10
4.85023e-06
6.49815e-10
4.85016e-06
5.66089e-10
4.85009e-06
4.93782e-10
4.85002e-06
4.31967e-10
4.84996e-06
3.78579e-10
4.8499e-06
3.32999e-10
4.84985e-06
2.93374e-10
2.53158e-10
5.24088e-06
2.99579e-10
5.24121e-06
7.21875e-10
5.24164e-06
9.20309e-10
5.24209e-06
1.01399e-09
5.24254e-06
1.0403e-09
5.24293e-06
1.02342e-09
5.2433e-06
9.73461e-10
5.24364e-06
9.02484e-10
5.24393e-06
8.24436e-10
5.24416e-06
7.43049e-10
5.24435e-06
6.6363e-10
5.24452e-06
5.77391e-10
5.24466e-06
5.14899e-10
5.24476e-06
4.59824e-10
5.24485e-06
4.10575e-10
5.24491e-06
3.66953e-10
5.24496e-06
3.27571e-10
5.245e-06
2.92612e-10
5.24503e-06
2.60941e-10
2.37943e-10
5.66866e-06
2.16665e-10
5.66887e-06
5.13113e-10
5.66913e-06
6.55141e-10
5.66942e-06
7.28336e-10
5.6697e-06
7.59107e-10
5.66996e-06
7.61035e-10
5.6702e-06
7.38755e-10
5.6704e-06
6.98505e-10
5.67057e-06
6.50758e-10
5.67072e-06
5.978e-10
5.67084e-06
5.46135e-10
5.67092e-06
4.97295e-10
5.67097e-06
4.58811e-10
5.67102e-06
4.14925e-10
5.67105e-06
3.74113e-10
5.67108e-06
3.36859e-10
5.67111e-06
3.02552e-10
5.67113e-06
2.71599e-10
5.67115e-06
2.43294e-10
2.13095e-10
6.13137e-06
1.65069e-10
6.1315e-06
3.87681e-10
6.13166e-06
4.93717e-10
6.13184e-06
5.52095e-10
6.13201e-06
5.82422e-10
6.13217e-06
5.99337e-10
6.13232e-06
5.89391e-10
6.13246e-06
5.63694e-10
6.13258e-06
5.30538e-10
6.13268e-06
4.91644e-10
6.13278e-06
4.52326e-10
6.13286e-06
4.12988e-10
6.13295e-06
3.75482e-10
6.13302e-06
3.40172e-10
6.13309e-06
3.07205e-10
6.13315e-06
2.77022e-10
6.1332e-06
2.49161e-10
6.13325e-06
2.23985e-10
6.13329e-06
2.00926e-10
1.7637e-10
6.63188e-06
1.2857e-10
6.63197e-06
3.00491e-10
6.63208e-06
3.81984e-10
6.6322e-06
4.28015e-10
6.63233e-06
4.52677e-10
6.63247e-06
4.62152e-10
6.6326e-06
4.60955e-10
6.63272e-06
4.43068e-10
6.63283e-06
4.18774e-10
6.63293e-06
3.89539e-10
6.63302e-06
3.59584e-10
6.63311e-06
3.29296e-10
6.63319e-06
2.94635e-10
6.63326e-06
2.66982e-10
6.63333e-06
2.41014e-10
6.63339e-06
2.17145e-10
6.63344e-06
1.95024e-10
6.63349e-06
1.7498e-10
6.63354e-06
1.56574e-10
1.42985e-10
7.17325e-06
9.82369e-11
7.17332e-06
2.28931e-10
7.17341e-06
2.90839e-10
7.17352e-06
3.25973e-10
7.17362e-06
3.45215e-10
7.17373e-06
3.52851e-10
7.17385e-06
3.49218e-10
7.17395e-06
3.36008e-10
7.17405e-06
3.17854e-10
7.17415e-06
2.95682e-10
7.17423e-06
2.72857e-10
7.17431e-06
2.49692e-10
7.17438e-06
2.27435e-10
7.17444e-06
2.06358e-10
7.1745e-06
1.86565e-10
7.17454e-06
1.68323e-10
7.17459e-06
1.51368e-10
7.17463e-06
1.35942e-10
7.17466e-06
1.21729e-10
1.11173e-10
7.75882e-06
7.11707e-11
7.75889e-06
1.65873e-10
7.75897e-06
2.1049e-10
7.75906e-06
2.35892e-10
7.75915e-06
2.49814e-10
7.75925e-06
2.55462e-10
7.75935e-06
2.5294e-10
7.75944e-06
2.43626e-10
7.75953e-06
2.30782e-10
7.75961e-06
2.15051e-10
7.75968e-06
1.98773e-10
7.75975e-06
1.82173e-10
7.75981e-06
1.66121e-10
7.75986e-06
1.5083e-10
7.75991e-06
1.364e-10
7.75996e-06
1.23077e-10
7.76e-06
1.10683e-10
7.76003e-06
1.0275e-10
7.76006e-06
9.24005e-11
8.13552e-11
8.3922e-06
4.66991e-11
8.39225e-06
1.08664e-10
8.39233e-06
1.37943e-10
8.39241e-06
1.54554e-10
8.39249e-06
1.63808e-10
8.39258e-06
1.6759e-10
8.39267e-06
1.66073e-10
8.39275e-06
1.60026e-10
8.39283e-06
1.51671e-10
8.39291e-06
1.41363e-10
8.39297e-06
1.307e-10
8.39304e-06
1.19793e-10
8.39309e-06
1.09255e-10
8.39314e-06
9.92091e-11
8.39319e-06
8.97376e-11
8.39323e-06
8.09847e-11
8.39327e-06
7.28437e-11
8.39331e-06
6.74925e-11
8.39334e-06
6.07473e-11
5.35663e-11
9.07728e-06
2.33213e-11
9.07733e-06
5.43884e-11
9.0774e-06
6.91914e-11
9.07748e-06
7.76914e-11
9.07756e-06
8.24807e-11
9.07764e-06
8.44651e-11
9.07772e-06
8.37334e-11
9.0778e-06
8.06982e-11
9.07788e-06
7.64913e-11
9.07795e-06
7.13012e-11
9.07801e-06
6.59316e-11
9.07807e-06
6.04386e-11
9.07813e-06
5.51298e-11
9.07818e-06
5.00662e-11
9.07822e-06
4.5289e-11
9.07826e-06
4.0871e-11
9.0783e-06
3.67582e-11
9.07833e-06
3.3012e-11
9.07836e-06
2.95575e-11
2.69969e-11
9.81829e-06
9.81834e-06
9.81841e-06
9.81849e-06
9.81857e-06
9.81865e-06
9.81874e-06
9.81882e-06
9.81889e-06
9.81897e-06
9.81903e-06
9.81909e-06
9.81915e-06
9.8192e-06
9.81924e-06
9.81928e-06
9.81932e-06
9.81935e-06
9.81938e-06
)
;

boundaryField
{
    top
    {
        type            calculated;
        value           uniform 0;
    }
    inlet
    {
        type            calculated;
        value           nonuniform List<scalar> 
45
(
-3.27275e-06
-3.53992e-06
-3.8289e-06
-4.14146e-06
-4.47954e-06
-4.84522e-06
-5.24076e-06
-5.66858e-06
-6.13132e-06
-6.63184e-06
-7.17322e-06
-7.7588e-06
-8.39217e-06
-9.07725e-06
-9.81826e-06
-8.40969e-08
-9.10464e-08
-9.85702e-08
-1.06716e-07
-1.15534e-07
-1.25082e-07
-1.35418e-07
-1.46609e-07
-1.58724e-07
-1.7184e-07
-1.86041e-07
-2.01414e-07
-2.18059e-07
-2.36078e-07
-2.55587e-07
-2.76708e-07
-2.99574e-07
-3.2433e-07
-3.51132e-07
-3.80148e-07
-4.11562e-07
-4.45572e-07
-4.82393e-07
-5.22256e-07
-5.65414e-07
-6.12138e-07
-6.62723e-07
-7.17488e-07
-7.76779e-07
-8.40969e-07
)
;
    }
    outlet
    {
        type            calculated;
        value           nonuniform List<scalar> 
45
(
3.30766e-06
3.57399e-06
3.86188e-06
4.16191e-06
4.49734e-06
4.85933e-06
5.25326e-06
5.67978e-06
6.14142e-06
6.6411e-06
7.18166e-06
7.76655e-06
8.3994e-06
9.08417e-06
9.82524e-06
6.2449e-09
2.08713e-08
3.88708e-08
6.00113e-08
8.3077e-08
1.0586e-07
1.26256e-07
1.43639e-07
1.58891e-07
1.73387e-07
1.88189e-07
2.03886e-07
2.20774e-07
2.39023e-07
2.58767e-07
2.80133e-07
3.03257e-07
3.28283e-07
3.55371e-07
3.84694e-07
4.16439e-07
4.5081e-07
4.88025e-07
5.28322e-07
5.71948e-07
6.1917e-07
6.70283e-07
7.25602e-07
7.85469e-07
8.50271e-07
)
;
    }
    plate
    {
        type            calculated;
        value           uniform 0;
    }
    symmBound
    {
        type            calculated;
        value           nonuniform List<scalar> 
20
(
-1.02133e-08
9.38897e-09
-7.46014e-09
3.92287e-09
-6.61034e-09
5.21552e-09
-3.43197e-09
3.16231e-09
-2.70423e-09
1.11293e-09
-3.85544e-09
-1.09353e-10
-3.16832e-09
-3.37071e-10
-2.21473e-09
-1.57628e-10
-1.43784e-09
-1.40849e-10
-9.87469e-10
-4.98005e-10
)
;
    }
    frontAndBack
    {
        type            empty;
        value           nonuniform 0();
    }
}


// ************************************************************************* //
