/*--------------------------------*- C++ -*----------------------------------*\
| =========                 |                                                 |
| \\      /  F ield         | OpenFOAM: The Open Source CFD Toolbox           |
|  \\    /   O peration     | Version:  5.x                                   |
|   \\  /    A nd           | Web:      www.OpenFOAM.org                      |
|    \\/     M anipulation  |                                                 |
\*---------------------------------------------------------------------------*/
FoamFile
{
    version     2.0;
    format      ascii;
    class       volVectorField;
    location    "0.4";
    object      U;
}
// * * * * * * * * * * * * * * * * * * * * * * * * * * * * * * * * * * * * * //

dimensions      [0 1 -1 0 0 0 0];

internalField   nonuniform List<vector> 
2475
(
(0.911928 0.01087 0)
(0.814166 0.0144179 0)
(0.713863 0.0139956 0)
(0.609994 0.0126834 0)
(0.504453 0.0112621 0)
(0.4027 0.00905681 0)
(0.317358 0.00555735 0)
(0.259998 0.00184249 0)
(0.226836 -0.000116798 0)
(0.206435 -0.000513202 0)
(0.192522 -0.000402591 0)
(0.18227 -0.000218928 0)
(0.173578 -4.84065e-05 0)
(0.165667 6.73539e-05 0)
(0.158008 0.0001249 0)
(0.150865 0.000142295 0)
(0.144033 0.00013714 0)
(0.137902 0.000125017 0)
(0.132046 0.000110598 0)
(0.126902 9.83255e-05 0)
(0.12185 8.61582e-05 0)
(0.117485 7.75881e-05 0)
(0.112974 6.94432e-05 0)
(0.109197 6.28937e-05 0)
(0.105069 5.55778e-05 0)
(0.101825 5.10599e-05 0)
(0.0979591 4.51844e-05 0)
(0.0952154 4.17754e-05 0)
(0.091491 3.68876e-05 0)
(0.0892576 3.4775e-05 0)
(0.085513 3.05894e-05 0)
(0.0838602 2.91597e-05 0)
(0.0798779 2.57779e-05 0)
(0.0789752 2.47801e-05 0)
(0.0743621 2.47498e-05 0)
(0.967604 0.0194998 0)
(0.959726 0.0273558 0)
(0.945152 0.0285119 0)
(0.921149 0.0278278 0)
(0.88624 0.0268837 0)
(0.840981 0.0249093 0)
(0.789399 0.0207996 0)
(0.73849 0.0148442 0)
(0.692183 0.00948015 0)
(0.649666 0.00611587 0)
(0.610031 0.0041804 0)
(0.574335 0.00308776 0)
(0.542129 0.00245249 0)
(0.513699 0.00205545 0)
(0.487793 0.00176739 0)
(0.464831 0.00153462 0)
(0.443488 0.00132834 0)
(0.424615 0.00115667 0)
(0.406585 0.00100465 0)
(0.390759 0.000883903 0)
(0.375129 0.000775676 0)
(0.361644 0.000694774 0)
(0.347692 0.000617932 0)
(0.33609 0.000558404 0)
(0.323355 0.000495289 0)
(0.313398 0.00045245 0)
(0.301478 0.000400951 0)
(0.293069 0.000369957 0)
(0.28159 0.000326476 0)
(0.274768 0.000306711 0)
(0.26326 0.000268169 0)
(0.258235 0.000257582 0)
(0.246043 0.000222294 0)
(0.243307 0.000220568 0)
(0.229388 0.000198925 0)
(0.972297 0.0182846 0)
(0.972616 0.026268 0)
(0.974896 0.0290147 0)
(0.976297 0.0294237 0)
(0.974061 0.0294057 0)
(0.967051 0.0286402 0)
(0.954484 0.0257461 0)
(0.937679 0.0207343 0)
(0.917652 0.015617 0)
(0.895675 0.0121833 0)
(0.871252 0.0101341 0)
(0.846406 0.00879695 0)
(0.820528 0.00771663 0)
(0.795338 0.00677158 0)
(0.769435 0.00591908 0)
(0.74477 0.00516937 0)
(0.719464 0.00449344 0)
(0.695976 0.00392572 0)
(0.671691 0.00342096 0)
(0.649757 0.00300687 0)
(0.626784 0.0026335 0)
(0.606828 0.00234405 0)
(0.585296 0.00207234 0)
(0.567559 0.00186403 0)
(0.547363 0.00165211 0)
(0.53184 0.00150444 0)
(0.512545 0.00133301 0)
(0.499225 0.00122759 0)
(0.480342 0.00108302 0)
(0.469426 0.00101544 0)
(0.450325 0.000886632 0)
(0.442238 0.000852324 0)
(0.42194 0.000731238 0)
(0.417484 0.000728997 0)
(0.394492 0.000636668 0)
(0.97753 0.0171834 0)
(0.977471 0.0240016 0)
(0.980193 0.0274705 0)
(0.985011 0.0283454 0)
(0.989209 0.0283868 0)
(0.992658 0.0278705 0)
(0.993634 0.0257019 0)
(0.992744 0.0217191 0)
(0.98813 0.0172882 0)
(0.981666 0.0141385 0)
(0.97198 0.0123728 0)
(0.962033 0.011313 0)
(0.949766 0.0104208 0)
(0.938007 0.00958243 0)
(0.923702 0.00875435 0)
(0.910239 0.00799383 0)
(0.893885 0.00725587 0)
(0.878929 0.00661886 0)
(0.860693 0.00600922 0)
(0.844492 0.00548836 0)
(0.824508 0.004964 0)
(0.807511 0.00453383 0)
(0.786159 0.00408343 0)
(0.769237 0.00372526 0)
(0.747193 0.00333917 0)
(0.731224 0.00306934 0)
(0.708653 0.00274328 0)
(0.694118 0.00254276 0)
(0.670771 0.00225529 0)
(0.658324 0.00212108 0)
(0.633862 0.00185851 0)
(0.624401 0.00179006 0)
(0.597911 0.00153926 0)
(0.592568 0.00153437 0)
(0.562485 0.00132542 0)
(0.98233 0.0167895 0)
(0.982211 0.0224024 0)
(0.98398 0.0262013 0)
(0.988772 0.0274806 0)
(0.993226 0.0274283 0)
(0.998336 0.0267572 0)
(1.00148 0.0248414 0)
(1.00476 0.0214945 0)
(1.00466 0.0175939 0)
(1.00419 0.014631 0)
(1.00033 0.0129458 0)
(0.997728 0.0120355 0)
(0.992485 0.0113079 0)
(0.989339 0.0106268 0)
(0.983008 0.00990202 0)
(0.979022 0.00924181 0)
(0.971068 0.00857413 0)
(0.965924 0.00802587 0)
(0.956023 0.00747761 0)
(0.949527 0.00703809 0)
(0.937259 0.00655259 0)
(0.929183 0.00617826 0)
(0.914166 0.00571967 0)
(0.90471 0.00536113 0)
(0.887202 0.00490766 0)
(0.877237 0.00461006 0)
(0.857584 0.00419748 0)
(0.847705 0.00397082 0)
(0.825552 0.00357872 0)
(0.816262 0.00341476 0)
(0.791404 0.00302679 0)
(0.783946 0.00294233 0)
(0.755907 0.00255747 0)
(0.751545 0.00255682 0)
(0.719195 0.00221833 0)
(0.986301 0.0167651 0)
(0.986373 0.0212984 0)
(0.987291 0.0249994 0)
(0.991829 0.026593 0)
(0.995698 0.0265391 0)
(1.00111 0.0257195 0)
(1.00397 0.0239497 0)
(1.00811 0.0210972 0)
(1.0086 0.0176535 0)
(1.01002 0.014849 0)
(1.00745 0.013137 0)
(1.00741 0.0122493 0)
(1.00408 0.0115799 0)
(1.00441 0.0109816 0)
(1.00089 0.0102927 0)
(1.00143 0.00967544 0)
(0.997177 0.0090285 0)
(0.99755 0.00853763 0)
(0.992199 0.00803032 0)
(0.9922 0.00767458 0)
(0.985309 0.00724961 0)
(0.984556 0.00698065 0)
(0.975456 0.00658337 0)
(0.973622 0.0063114 0)
(0.961995 0.00587451 0)
(0.959467 0.00562845 0)
(0.945514 0.00520295 0)
(0.942736 0.0050302 0)
(0.925994 0.00462027 0)
(0.922781 0.0045023 0)
(0.902596 0.00405802 0)
(0.89975 0.0040041 0)
(0.876025 0.0035451 0)
(0.874317 0.00356981 0)
(0.84644 0.00315543 0)
(0.989308 0.0170048 0)
(0.989593 0.0205815 0)
(0.989841 0.023771 0)
(0.994114 0.0254756 0)
(0.997334 0.0255082 0)
(1.00288 0.0246611 0)
(1.00529 0.0230388 0)
(1.0097 0.0206223 0)
(1.01005 0.0176091 0)
(1.01223 0.0149895 0)
(1.00987 0.0132372 0)
(1.01074 0.0123182 0)
(1.0077 0.0116518 0)
(1.00915 0.0110997 0)
(1.00623 0.0104203 0)
(1.00831 0.00981347 0)
(1.00512 0.00915013 0)
(1.0075 0.00867435 0)
(1.00376 0.00816885 0)
(1.00635 0.0078543 0)
(1.00183 0.00745556 0)
(1.00442 0.00725618 0)
(0.99866 0.006906 0)
(1.0009 0.00671202 0)
(0.993469 0.00630535 0)
(0.995425 0.00611409 0)
(0.986454 0.00569686 0)
(0.988399 0.00557977 0)
(0.977681 0.00519894 0)
(0.979129 0.00515573 0)
(0.965675 0.00472382 0)
(0.966643 0.00471517 0)
(0.950666 0.00426279 0)
(0.951291 0.00431733 0)
(0.932442 0.00391746 0)
(0.991328 0.0174327 0)
(0.991679 0.0201626 0)
(0.991534 0.022695 0)
(0.995462 0.0243366 0)
(0.99819 0.0245089 0)
(1.00362 0.0237372 0)
(1.00583 0.0222557 0)
(1.01021 0.0201761 0)
(1.01059 0.0175284 0)
(1.01306 0.0151047 0)
(1.01102 0.0133322 0)
(1.01216 0.0123604 0)
(1.0094 0.0116719 0)
(1.01101 0.0111498 0)
(1.00848 0.0104855 0)
(1.01072 0.00988293 0)
(1.00811 0.00919767 0)
(1.01069 0.0087138 0)
(1.00777 0.00819572 0)
(1.01062 0.00789056 0)
(1.00732 0.00749716 0)
(1.01037 0.00732531 0)
(1.00651 0.00699918 0)
(1.00958 0.00684427 0)
(1.00488 0.0064597 0)
(1.00788 0.00629105 0)
(1.0025 0.00588477 0)
(1.00557 0.00578219 0)
(0.99957 0.00543436 0)
(1.00242 0.00544042 0)
(0.994916 0.00505528 0)
(0.997058 0.00506223 0)
(0.988463 0.00466213 0)
(0.989829 0.00472434 0)
(0.979833 0.00439466 0)
(0.992726 0.0175503 0)
(0.992902 0.0196603 0)
(0.992689 0.0216243 0)
(0.996118 0.0230996 0)
(0.9986 0.0234067 0)
(1.00361 0.0227763 0)
(1.00587 0.0214456 0)
(1.00993 0.0196431 0)
(1.0106 0.0173252 0)
(1.01295 0.0151171 0)
(1.01152 0.0133794 0)
(1.01251 0.0123649 0)
(1.01036 0.0116497 0)
(1.01161 0.011147 0)
(1.00973 0.0105139 0)
(1.0115 0.00992246 0)
(1.00966 0.00922828 0)
(1.01165 0.00872796 0)
(1.00965 0.00820039 0)
(1.01176 0.00789013 0)
(1.00958 0.00750055 0)
(1.01183 0.00733341 0)
(1.00946 0.00702244 0)
(1.01177 0.00687733 0)
(1.00909 0.00651174 0)
(1.01134 0.00633947 0)
(1.00849 0.00594836 0)
(1.0107 0.00583158 0)
(1.00778 0.00550608 0)
(1.00998 0.00552722 0)
(1.00645 0.00519431 0)
(1.00804 0.00518432 0)
(1.00433 0.00484003 0)
(1.00535 0.00488793 0)
(1.00113 0.00463125 0)
(0.993842 0.0172651 0)
(0.993646 0.0190145 0)
(0.99357 0.0205587 0)
(0.996407 0.0218082 0)
(0.998843 0.0221982 0)
(1.00322 0.0217396 0)
(1.0057 0.0205836 0)
(1.00924 0.0190304 0)
(1.01035 0.0170251 0)
(1.01234 0.0150376 0)
(1.01164 0.0133783 0)
(1.01228 0.0123377 0)
(1.01085 0.0115919 0)
(1.01156 0.0110914 0)
(1.0104 0.0104955 0)
(1.0115 0.00992459 0)
(1.01049 0.00923865 0)
(1.01172 0.00872439 0)
(1.01064 0.00819376 0)
(1.01186 0.00787509 0)
(1.01069 0.00749116 0)
(1.01196 0.00731986 0)
(1.01077 0.00702045 0)
(1.01209 0.00687162 0)
(1.01084 0.00652455 0)
(1.01207 0.00634049 0)
(1.01083 0.00596737 0)
(1.01195 0.0058332 0)
(1.01074 0.00552049 0)
(1.01192 0.0055379 0)
(1.01054 0.00524879 0)
(1.01132 0.00520986 0)
(1.01002 0.00490751 0)
(1.01054 0.00493377 0)
(1.00907 0.00472988 0)
(0.994842 0.0167967 0)
(0.994221 0.0183305 0)
(0.9943 0.0195915 0)
(0.996585 0.0206181 0)
(0.999037 0.0210249 0)
(1.00277 0.0207283 0)
(1.00544 0.0197587 0)
(1.00849 0.018429 0)
(1.00996 0.0167085 0)
(1.01161 0.0149304 0)
(1.01152 0.0133649 0)
(1.01185 0.0123143 0)
(1.01102 0.0115362 0)
(1.01128 0.0110174 0)
(1.01069 0.0104533 0)
(1.01125 0.00991188 0)
(1.01084 0.00924756 0)
(1.0115 0.00872542 0)
(1.01108 0.0081916 0)
(1.01168 0.00786254 0)
(1.01118 0.0074807 0)
(1.01179 0.00730147 0)
(1.01134 0.00700964 0)
(1.01198 0.00685306 0)
(1.01156 0.00652158 0)
(1.01213 0.00632711 0)
(1.01173 0.00597023 0)
(1.0122 0.00582499 0)
(1.01178 0.00552062 0)
(1.01231 0.00552669 0)
(1.01187 0.00527039 0)
(1.01219 0.0052045 0)
(1.01183 0.00493242 0)
(1.01206 0.00493823 0)
(1.01161 0.00476922 0)
(0.995762 0.0163116 0)
(0.994771 0.0176794 0)
(0.994905 0.0187392 0)
(0.996764 0.0195719 0)
(0.999182 0.0199347 0)
(1.00241 0.0197543 0)
(1.00514 0.0189639 0)
(1.00781 0.0178318 0)
(1.0095 0.0163628 0)
(1.01092 0.0147873 0)
(1.01124 0.0133225 0)
(1.01142 0.0122808 0)
(1.01099 0.011481 0)
(1.011 0.010935 0)
(1.01073 0.0103951 0)
(1.01098 0.00988958 0)
(1.01091 0.00925479 0)
(1.01127 0.00873083 0)
(1.0112 0.00819205 0)
(1.01149 0.00785182 0)
(1.01134 0.00746879 0)
(1.01162 0.00728055 0)
(1.01153 0.00699405 0)
(1.01185 0.00682982 0)
(1.01179 0.00651109 0)
(1.01207 0.00630945 0)
(1.01201 0.00596693 0)
(1.01221 0.00581479 0)
(1.0121 0.00551942 0)
(1.01234 0.00551007 0)
(1.01226 0.00527842 0)
(1.01241 0.00519082 0)
(1.01234 0.00494382 0)
(1.01245 0.00493149 0)
(1.01232 0.00478741 0)
(0.996598 0.0158372 0)
(0.995321 0.0170401 0)
(0.995394 0.017936 0)
(0.996949 0.0186025 0)
(0.999265 0.018897 0)
(1.00213 0.0187897 0)
(1.0048 0.0181633 0)
(1.00724 0.0172117 0)
(1.00899 0.0159658 0)
(1.0103 0.0145952 0)
(1.01085 0.0132399 0)
(1.01103 0.012226 0)
(1.01082 0.0114231 0)
(1.01076 0.0108514 0)
(1.01064 0.0103197 0)
(1.01076 0.00984502 0)
(1.01082 0.009243 0)
(1.01107 0.00872522 0)
(1.01115 0.00818656 0)
(1.01133 0.00783737 0)
(1.01134 0.00745353 0)
(1.0115 0.00725542 0)
(1.01155 0.00697367 0)
(1.01174 0.00680183 0)
(1.01182 0.00649471 0)
(1.01199 0.00628756 0)
(1.01205 0.00595968 0)
(1.01217 0.00580104 0)
(1.01217 0.00551818 0)
(1.01229 0.00549094 0)
(1.01234 0.00527952 0)
(1.01245 0.00517436 0)
(1.01246 0.00495064 0)
(1.01252 0.00492194 0)
(1.01249 0.00479772 0)
(0.997343 0.0153303 0)
(0.995838 0.0163658 0)
(0.995777 0.017124 0)
(0.99711 0.0176635 0)
(0.999291 0.0178984 0)
(1.00191 0.0178376 0)
(1.00445 0.0173505 0)
(1.00672 0.0165668 0)
(1.00846 0.0155154 0)
(1.00972 0.0143476 0)
(1.0104 0.0131172 0)
(1.01065 0.012145 0)
(1.01057 0.0113543 0)
(1.01052 0.0107623 0)
(1.01048 0.0102227 0)
(1.01055 0.00977197 0)
(1.01066 0.00921039 0)
(1.01087 0.00870937 0)
(1.01103 0.00817947 0)
(1.01118 0.00782191 0)
(1.01126 0.00743675 0)
(1.01138 0.00722513 0)
(1.01149 0.00694802 0)
(1.01164 0.00676862 0)
(1.01176 0.00647442 0)
(1.01191 0.00626274 0)
(1.012 0.00595113 0)
(1.0121 0.00578453 0)
(1.01214 0.00551678 0)
(1.01223 0.00547024 0)
(1.01232 0.00527655 0)
(1.01241 0.00515712 0)
(1.01245 0.00495525 0)
(1.0125 0.00491217 0)
(1.01251 0.00480453 0)
(0.998004 0.0147571 0)
(0.996305 0.0156483 0)
(0.996088 0.0163 0)
(0.997241 0.0167548 0)
(0.999279 0.0169434 0)
(1.00171 0.0169107 0)
(1.00411 0.0165348 0)
(1.00625 0.0159033 0)
(1.00794 0.0150221 0)
(1.00917 0.0140425 0)
(1.00992 0.0129555 0)
(1.01024 0.012032 0)
(1.01027 0.0112613 0)
(1.01025 0.0106619 0)
(1.01027 0.0101122 0)
(1.01034 0.00967808 0)
(1.01045 0.00916166 0)
(1.01066 0.00868167 0)
(1.01086 0.00816635 0)
(1.01102 0.00780128 0)
(1.01114 0.00741638 0)
(1.01126 0.0071891 0)
(1.01139 0.00691765 0)
(1.01153 0.00673087 0)
(1.01167 0.00645074 0)
(1.01181 0.00623444 0)
(1.01192 0.00594028 0)
(1.01201 0.0057651 0)
(1.01207 0.00551392 0)
(1.01214 0.00544831 0)
(1.01226 0.0052703 0)
(1.01234 0.0051393 0)
(1.0124 0.00495719 0)
(1.01244 0.00490228 0)
(1.01247 0.0048086 0)
(0.9986 0.0141523 0)
(0.996724 0.0149296 0)
(0.99635 0.015494 0)
(0.997339 0.0158857 0)
(0.999239 0.0160358 0)
(1.00152 0.0160172 0)
(1.00378 0.0157296 0)
(1.00581 0.0152294 0)
(1.00745 0.0145027 0)
(1.00864 0.0136863 0)
(1.00941 0.0127518 0)
(1.00981 0.0118895 0)
(1.00992 0.0111477 0)
(1.00995 0.0105583 0)
(1.01002 0.0100058 0)
(1.0101 0.0095736 0)
(1.01022 0.0090976 0)
(1.01043 0.00863898 0)
(1.01066 0.00814297 0)
(1.01083 0.00777473 0)
(1.01098 0.00739441 0)
(1.01111 0.00715121 0)
(1.01126 0.00688468 0)
(1.0114 0.00668955 0)
(1.01155 0.00642355 0)
(1.01169 0.00620358 0)
(1.0118 0.00592745 0)
(1.01189 0.00574445 0)
(1.01197 0.00550913 0)
(1.01203 0.00542552 0)
(1.01217 0.00526072 0)
(1.01225 0.00512157 0)
(1.01232 0.00495642 0)
(1.01236 0.00489285 0)
(1.0124 0.00481035 0)
(0.999147 0.0135452 0)
(0.997102 0.0142255 0)
(0.996573 0.0147104 0)
(0.997408 0.0150482 0)
(0.999178 0.0151739 0)
(1.00133 0.0151616 0)
(1.00348 0.0149463 0)
(1.0054 0.0145562 0)
(1.00698 0.0139694 0)
(1.00813 0.0132881 0)
(1.00891 0.0124997 0)
(1.00935 0.0117192 0)
(1.00954 0.0110144 0)
(1.00962 0.0104431 0)
(1.00973 0.00989698 0)
(1.00984 0.00945523 0)
(1.00997 0.0090125 0)
(1.01018 0.00857982 0)
(1.01043 0.00810961 0)
(1.01062 0.0077448 0)
(1.01079 0.00737309 0)
(1.01093 0.0071137 0)
(1.01111 0.00684936 0)
(1.01124 0.00664513 0)
(1.0114 0.00639256 0)
(1.01154 0.0061711 0)
(1.01167 0.00591276 0)
(1.01176 0.00572396 0)
(1.01185 0.00550313 0)
(1.01191 0.00540389 0)
(1.01205 0.0052493 0)
(1.01213 0.00510498 0)
(1.01221 0.00495364 0)
(1.01225 0.00488443 0)
(1.01231 0.00481082 0)
(0.999645 0.0129271 0)
(0.997436 0.0135142 0)
(0.996759 0.0139293 0)
(0.997454 0.0142202 0)
(0.999102 0.0143363 0)
(1.00115 0.0143278 0)
(1.0032 0.0141725 0)
(1.00502 0.0138752 0)
(1.00654 0.01341 0)
(1.00765 0.0128454 0)
(1.00842 0.0121875 0)
(1.00889 0.0115062 0)
(1.00914 0.010849 0)
(1.00927 0.0102984 0)
(1.00941 0.00977207 0)
(1.00955 0.00932217 0)
(1.0097 0.00890396 0)
(1.00991 0.00849964 0)
(1.01018 0.0080571 0)
(1.01038 0.00769798 0)
(1.01058 0.00733733 0)
(1.01074 0.00706408 0)
(1.01093 0.00680261 0)
(1.01107 0.00659224 0)
(1.01124 0.00635271 0)
(1.01137 0.00613161 0)
(1.01151 0.00588977 0)
(1.0116 0.00569763 0)
(1.0117 0.00548975 0)
(1.01177 0.00537756 0)
(1.01192 0.00523132 0)
(1.01199 0.00508502 0)
(1.01209 0.00494534 0)
(1.01213 0.00487278 0)
(1.01221 0.00480709 0)
(1.0001 0.0123061 0)
(0.997737 0.012809 0)
(0.996924 0.0131726 0)
(0.997494 0.0134264 0)
(0.999029 0.0135437 0)
(1.00098 0.0135457 0)
(1.00295 0.013437 0)
(1.00469 0.0132163 0)
(1.00613 0.0128501 0)
(1.00721 0.0123896 0)
(1.00796 0.0118414 0)
(1.00844 0.0112593 0)
(1.00873 0.0106633 0)
(1.00889 0.0101358 0)
(1.00908 0.00963863 0)
(1.00925 0.00918924 0)
(1.00942 0.00878613 0)
(1.00963 0.00840774 0)
(1.00991 0.00799237 0)
(1.01014 0.00764201 0)
(1.01036 0.00729804 0)
(1.01053 0.00701763 0)
(1.01074 0.00675794 0)
(1.01088 0.0065417 0)
(1.01106 0.00631096 0)
(1.01119 0.00609131 0)
(1.01134 0.00586416 0)
(1.01143 0.00567226 0)
(1.01155 0.00547572 0)
(1.01161 0.00535377 0)
(1.01178 0.0052127 0)
(1.01184 0.00506686 0)
(1.01196 0.00493579 0)
(1.01199 0.00486234 0)
(1.01209 0.00480233 0)
(1.00051 0.0116665 0)
(0.998022 0.0121008 0)
(0.997085 0.0124263 0)
(0.997541 0.0126534 0)
(0.998974 0.0127731 0)
(1.00084 0.0127911 0)
(1.00274 0.0127132 0)
(1.00439 0.0125527 0)
(1.00578 0.0122684 0)
(1.0068 0.0119013 0)
(1.00754 0.01145 0)
(1.00801 0.0109587 0)
(1.00832 0.0104396 0)
(1.00852 0.00994418 0)
(1.00874 0.00948132 0)
(1.00894 0.00904589 0)
(1.00914 0.00865332 0)
(1.00935 0.00829619 0)
(1.00965 0.00790833 0)
(1.00989 0.00756941 0)
(1.01013 0.00724544 0)
(1.01032 0.00696402 0)
(1.01055 0.00670455 0)
(1.01069 0.00648457 0)
(1.01089 0.00626222 0)
(1.01101 0.00604757 0)
(1.01117 0.00583358 0)
(1.01126 0.00564393 0)
(1.0114 0.00545658 0)
(1.01146 0.00532811 0)
(1.01163 0.0051911 0)
(1.0117 0.00504792 0)
(1.01183 0.00492363 0)
(1.01186 0.00485065 0)
(1.01197 0.00479556 0)
(1.00091 0.0110299 0)
(0.9983 0.0114082 0)
(0.997252 0.0116988 0)
(0.997602 0.0119053 0)
(0.998944 0.0120209 0)
(1.00072 0.0120543 0)
(1.00256 0.0119987 0)
(1.00415 0.0118851 0)
(1.00547 0.011674 0)
(1.00645 0.0113874 0)
(1.00716 0.0110257 0)
(1.00762 0.0106123 0)
(1.00794 0.0101725 0)
(1.00816 0.00972109 0)
(1.00841 0.00929205 0)
(1.00863 0.00887929 0)
(1.00887 0.0084976 0)
(1.00909 0.00815821 0)
(1.0094 0.00780007 0)
(1.00966 0.00747474 0)
(1.00992 0.0071709 0)
(1.01011 0.00689508 0)
(1.01037 0.00663876 0)
(1.01051 0.00641882 0)
(1.01071 0.00620364 0)
(1.01084 0.00599356 0)
(1.01101 0.00579069 0)
(1.0111 0.00560558 0)
(1.01126 0.00542797 0)
(1.01132 0.00529576 0)
(1.0115 0.00516238 0)
(1.01156 0.00502247 0)
(1.0117 0.0049045 0)
(1.01173 0.00483276 0)
(1.01186 0.00478285 0)
(1.00129 0.0104419 0)
(0.998572 0.010768 0)
(0.997423 0.0110204 0)
(0.997675 0.0112055 0)
(0.998933 0.0113126 0)
(1.00063 0.0113574 0)
(1.00241 0.011325 0)
(1.00395 0.0112476 0)
(1.00522 0.0110998 0)
(1.00615 0.0108779 0)
(1.00683 0.0105937 0)
(1.00727 0.0102475 0)
(1.00759 0.00987839 0)
(1.00782 0.00948336 0)
(1.00809 0.00908918 0)
(1.00833 0.00870477 0)
(1.0086 0.00834069 0)
(1.00883 0.00801791 0)
(1.00916 0.00768749 0)
(1.00943 0.00737617 0)
(1.00971 0.00708956 0)
(1.00992 0.00682419 0)
(1.01019 0.00657329 0)
(1.01034 0.00635558 0)
(1.01055 0.00614586 0)
(1.01068 0.00594137 0)
(1.01086 0.00574858 0)
(1.01095 0.00556987 0)
(1.01112 0.00539994 0)
(1.01119 0.00526609 0)
(1.01137 0.00513552 0)
(1.01143 0.00500049 0)
(1.01159 0.00488712 0)
(1.01162 0.00481741 0)
(1.01176 0.00477064 0)
(1.00165 0.0098446 0)
(0.998834 0.0101241 0)
(0.997595 0.0103418 0)
(0.997761 0.0105082 0)
(0.998947 0.0106126 0)
(1.00058 0.0106681 0)
(1.00231 0.0106643 0)
(1.00379 0.0106158 0)
(1.00502 0.0105183 0)
(1.0059 0.0103499 0)
(1.00654 0.0101305 0)
(1.00696 0.00984978 0)
(1.00728 0.00954181 0)
(1.00751 0.009208 0)
(1.00779 0.00885444 0)
(1.00804 0.00850239 0)
(1.00834 0.00816307 0)
(1.00859 0.00785624 0)
(1.00893 0.00754927 0)
(1.00921 0.00725369 0)
(1.00952 0.00698601 0)
(1.00973 0.00673651 0)
(1.01002 0.00649386 0)
(1.01018 0.00628091 0)
(1.0104 0.0060783 0)
(1.01053 0.00588112 0)
(1.01073 0.00569696 0)
(1.01082 0.00552471 0)
(1.011 0.0053628 0)
(1.01107 0.00523023 0)
(1.01127 0.00510337 0)
(1.01132 0.00497291 0)
(1.01149 0.00486368 0)
(1.01152 0.00479684 0)
(1.01168 0.00475338 0)
(1.002 0.00923764 0)
(0.999092 0.00948035 0)
(0.997774 0.0096741 0)
(0.997868 0.00982652 0)
(0.99899 0.00993307 0)
(1.00057 0.00999668 0)
(1.00224 0.0100169 0)
(1.00368 0.00998938 0)
(1.00486 0.0099274 0)
(1.0057 0.00980574 0)
(1.00631 0.00964084 0)
(1.00669 0.00942303 0)
(1.00701 0.00916855 0)
(1.00722 0.00889158 0)
(1.00751 0.00858536 0)
(1.00777 0.00826919 0)
(1.0081 0.00795904 0)
(1.00836 0.00767154 0)
(1.00872 0.00738928 0)
(1.00902 0.0071121 0)
(1.00934 0.00686387 0)
(1.00956 0.00663178 0)
(1.00987 0.00639961 0)
(1.01003 0.00619428 0)
(1.01027 0.00600031 0)
(1.0104 0.00581075 0)
(1.01061 0.00563519 0)
(1.0107 0.00547101 0)
(1.0109 0.00531807 0)
(1.01096 0.00518733 0)
(1.01117 0.00506461 0)
(1.01122 0.00493965 0)
(1.01142 0.00483543 0)
(1.01144 0.00477125 0)
(1.01162 0.00473084 0)
(1.00232 0.00866007 0)
(0.999331 0.00887096 0)
(0.997944 0.00904458 0)
(0.997973 0.00918187 0)
(0.999039 0.00928577 0)
(1.00056 0.00935101 0)
(1.00219 0.00938413 0)
(1.00359 0.00937489 0)
(1.00473 0.00934018 0)
(1.00552 0.00926162 0)
(1.00611 0.00914323 0)
(1.00646 0.00898114 0)
(1.00676 0.00877652 0)
(1.00696 0.00854984 0)
(1.00725 0.0082933 0)
(1.00751 0.00801683 0)
(1.00786 0.00773683 0)
(1.00814 0.00747254 0)
(1.00851 0.00721806 0)
(1.00881 0.00695977 0)
(1.00916 0.0067268 0)
(1.00938 0.00651276 0)
(1.00971 0.0062949 0)
(1.00988 0.00610122 0)
(1.01013 0.0059168 0)
(1.01026 0.00573663 0)
(1.01049 0.00556962 0)
(1.01058 0.00541387 0)
(1.01079 0.00526855 0)
(1.01086 0.00514234 0)
(1.01108 0.00502448 0)
(1.01113 0.00490594 0)
(1.01134 0.00480511 0)
(1.01136 0.00474516 0)
(1.01156 0.00470651 0)
(1.0026 0.00810069 0)
(0.999539 0.00828106 0)
(0.99809 0.00843298 0)
(0.998061 0.00855444 0)
(0.999078 0.00865138 0)
(1.00055 0.00871786 0)
(1.00214 0.00876076 0)
(1.0035 0.00877267 0)
(1.00461 0.00876178 0)
(1.00537 0.00871925 0)
(1.00592 0.00863814 0)
(1.00624 0.0085207 0)
(1.00652 0.00836166 0)
(1.00671 0.0081788 0)
(1.00699 0.00796951 0)
(1.00725 0.00773552 0)
(1.00761 0.0074875 0)
(1.0079 0.0072483 0)
(1.00828 0.0070229 0)
(1.0086 0.00678622 0)
(1.00897 0.00656963 0)
(1.0092 0.0063767 0)
(1.00954 0.00617521 0)
(1.00972 0.00599353 0)
(1.00998 0.00581969 0)
(1.01012 0.00565097 0)
(1.01036 0.00549254 0)
(1.01045 0.0053459 0)
(1.01067 0.00520969 0)
(1.01074 0.0050895 0)
(1.01098 0.0049764 0)
(1.01102 0.00486472 0)
(1.01125 0.00476798 0)
(1.01127 0.00471284 0)
(1.01149 0.00467612 0)
(1.00283 0.00754801 0)
(0.999712 0.007701 0)
(0.99821 0.00783234 0)
(0.998132 0.00794126 0)
(0.999109 0.00803203 0)
(1.00054 0.00810228 0)
(1.0021 0.00815356 0)
(1.00343 0.00818323 0)
(1.00451 0.00818944 0)
(1.00523 0.00817196 0)
(1.00575 0.00812008 0)
(1.00603 0.00803857 0)
(1.0063 0.00792135 0)
(1.00647 0.00777883 0)
(1.00674 0.00761385 0)
(1.00698 0.00742236 0)
(1.00735 0.00721263 0)
(1.00765 0.00700009 0)
(1.00805 0.00680217 0)
(1.00837 0.00659079 0)
(1.00877 0.00639271 0)
(1.009 0.00621983 0)
(1.00935 0.00603563 0)
(1.00954 0.00586679 0)
(1.00982 0.00570724 0)
(1.00995 0.0055508 0)
(1.01021 0.00540274 0)
(1.0103 0.00526488 0)
(1.01054 0.00513848 0)
(1.01061 0.00502352 0)
(1.01086 0.00491845 0)
(1.0109 0.00481301 0)
(1.01115 0.00472266 0)
(1.01117 0.00467011 0)
(1.01141 0.00463865 0)
(1.00303 0.00700274 0)
(0.99985 0.00713339 0)
(0.998305 0.00724876 0)
(0.998187 0.00734772 0)
(0.999133 0.00743372 0)
(1.00053 0.00750537 0)
(1.00206 0.00756129 0)
(1.00335 0.00760133 0)
(1.00441 0.00762068 0)
(1.0051 0.00762282 0)
(1.00559 0.0075989 0)
(1.00584 0.00754979 0)
(1.00609 0.00747296 0)
(1.00623 0.00736613 0)
(1.00649 0.00724121 0)
(1.00672 0.0070858 0)
(1.00709 0.00691946 0)
(1.0074 0.00673403 0)
(1.00781 0.00656353 0)
(1.00813 0.0063809 0)
(1.00855 0.00620305 0)
(1.00879 0.00604555 0)
(1.00915 0.00588475 0)
(1.00935 0.00572869 0)
(1.00964 0.00558489 0)
(1.00977 0.00543863 0)
(1.01005 0.00530344 0)
(1.01013 0.00517161 0)
(1.01039 0.00505815 0)
(1.01046 0.00494649 0)
(1.01072 0.00485208 0)
(1.01076 0.004749 0)
(1.01103 0.00466817 0)
(1.01105 0.00461503 0)
(1.01131 0.00459171 0)
(1.00318 0.00644663 0)
(0.999958 0.00656331 0)
(0.998377 0.00666472 0)
(0.998224 0.00675762 0)
(0.999144 0.0068361 0)
(1.00051 0.00690927 0)
(1.00202 0.00696593 0)
(1.00328 0.00701716 0)
(1.00432 0.00704896 0)
(1.00498 0.00707335 0)
(1.00544 0.0070749 0)
(1.00567 0.00705862 0)
(1.00589 0.00701623 0)
(1.00601 0.00694473 0)
(1.00625 0.00685514 0)
(1.00647 0.00673673 0)
(1.00683 0.00660901 0)
(1.00714 0.00645932 0)
(1.00756 0.00631291 0)
(1.00788 0.00616786 0)
(1.00831 0.00600793 0)
(1.00856 0.00587172 0)
(1.00894 0.00573079 0)
(1.00914 0.00559383 0)
(1.00944 0.00545836 0)
(1.00958 0.00533128 0)
(1.00986 0.00520197 0)
(1.00995 0.00508389 0)
(1.01022 0.00497286 0)
(1.01029 0.00487349 0)
(1.01057 0.00477761 0)
(1.01061 0.00468739 0)
(1.01089 0.00460173 0)
(1.01091 0.00455952 0)
(1.0112 0.00452462 0)
(1.0033 0.00584708 0)
(1.00004 0.00595369 0)
(0.998424 0.00604377 0)
(0.998238 0.00613055 0)
(0.999137 0.00620272 0)
(1.00048 0.00627647 0)
(1.00197 0.00633635 0)
(1.00321 0.00639771 0)
(1.00423 0.00644418 0)
(1.00486 0.00648715 0)
(1.00531 0.00651287 0)
(1.0055 0.00652337 0)
(1.0057 0.00651404 0)
(1.0058 0.0064789 0)
(1.00603 0.00642908 0)
(1.00622 0.00635233 0)
(1.00658 0.00626391 0)
(1.00688 0.00615592 0)
(1.00731 0.00604051 0)
(1.00762 0.00593218 0)
(1.00807 0.00580333 0)
(1.00832 0.0056934 0)
(1.00871 0.0055785 0)
(1.0089 0.00546744 0)
(1.00923 0.00535156 0)
(1.00936 0.00524777 0)
(1.00966 0.00513466 0)
(1.00974 0.00503421 0)
(1.01004 0.00493569 0)
(1.01009 0.00485054 0)
(1.01039 0.00476385 0)
(1.01043 0.00468594 0)
(1.01073 0.00460551 0)
(1.01075 0.0045723 0)
(1.01106 0.00453769 0)
(1.0035 0.00447854 0)
(1.00014 0.00452043 0)
(0.998457 0.00456103 0)
(0.998207 0.00460603 0)
(0.999066 0.00465328 0)
(1.00037 0.0047069 0)
(1.00183 0.0047629 0)
(1.00304 0.00482134 0)
(1.00402 0.0048798 0)
(1.00461 0.00493291 0)
(1.00501 0.00498291 0)
(1.00514 0.00501663 0)
(1.00529 0.00504488 0)
(1.00533 0.00504923 0)
(1.00552 0.00504954 0)
(1.00567 0.0050243 0)
(1.006 0.00499605 0)
(1.00627 0.00494695 0)
(1.00671 0.00489711 0)
(1.00702 0.00484046 0)
(1.00747 0.00478065 0)
(1.00773 0.00471873 0)
(1.00814 0.00465973 0)
(1.00833 0.00459493 0)
(1.00869 0.00453102 0)
(1.00881 0.00446259 0)
(1.00914 0.0043988 0)
(1.00922 0.00432901 0)
(1.00954 0.00427624 0)
(1.0096 0.00421552 0)
(1.00993 0.00416976 0)
(1.00996 0.00410963 0)
(1.0103 0.00406562 0)
(1.01031 0.00404246 0)
(1.01067 0.00403807 0)
(1.00227 0.00319131 0)
(0.999007 0.0032597 0)
(0.997428 0.00333445 0)
(0.99729 0.00341925 0)
(0.998245 0.00350555 0)
(0.999627 0.003597 0)
(1.00113 0.00368642 0)
(1.00237 0.00377719 0)
(1.00335 0.00386453 0)
(1.00392 0.00394949 0)
(1.00428 0.00403171 0)
(1.00436 0.00410906 0)
(1.00445 0.00418581 0)
(1.00444 0.00425406 0)
(1.00458 0.00432215 0)
(1.00468 0.00437843 0)
(1.00499 0.0044339 0)
(1.00523 0.00447596 0)
(1.00565 0.00451258 0)
(1.00594 0.00453743 0)
(1.00637 0.00455306 0)
(1.00663 0.00456212 0)
(1.00703 0.00455593 0)
(1.00722 0.00454797 0)
(1.00757 0.00452446 0)
(1.0077 0.0044986 0)
(1.00802 0.00446687 0)
(1.00811 0.00443314 0)
(1.00844 0.00440439 0)
(1.00851 0.00437306 0)
(1.00884 0.00434313 0)
(1.0089 0.00430228 0)
(1.00925 0.00426156 0)
(1.00928 0.00425002 0)
(1.00964 0.00423816 0)
(1.0027 -0.0029588 0)
(0.999445 -0.00263685 0)
(0.99783 -0.00205366 0)
(0.997582 -0.00134487 0)
(0.998415 -0.000644171 0)
(0.999646 -3.29156e-05 0)
(1.00103 0.000444067 0)
(1.00214 0.000789271 0)
(1.00304 0.00102202 0)
(1.00353 0.00117947 0)
(1.00386 0.00130139 0)
(1.0039 0.00141808 0)
(1.00399 0.0015572 0)
(1.00394 0.00172031 0)
(1.00407 0.00191691 0)
(1.00412 0.00212577 0)
(1.00439 0.00234799 0)
(1.00454 0.00255748 0)
(1.0049 0.00275499 0)
(1.00509 0.00292456 0)
(1.00549 0.00306636 0)
(1.00565 0.0031817 0)
(1.00602 0.00326753 0)
(1.00614 0.00333621 0)
(1.0065 0.00338136 0)
(1.00657 0.00341762 0)
(1.00692 0.00344558 0)
(1.00697 0.00346727 0)
(1.00733 0.00349338 0)
(1.00736 0.0035117 0)
(1.00775 0.0035289 0)
(1.00776 0.00352824 0)
(1.00817 0.00352283 0)
(1.00816 0.00353453 0)
(1.0086 0.00353767 0)
(1.00029 -0.00349818 0)
(1.00368 -0.00319995 0)
(1.00554 -0.0026405 0)
(1.00589 -0.00195535 0)
(1.0053 -0.00127627 0)
(1.00416 -0.000684815 0)
(1.00302 -0.000224154 0)
(1.00202 0.000107611 0)
(1.0014 0.000330619 0)
(1.00105 0.000481458 0)
(1.00106 0.00059986 0)
(1.00116 0.000715085 0)
(1.00147 0.000854488 0)
(1.00169 0.00101906 0)
(1.002 0.00121893 0)
(1.00213 0.00143259 0)
(1.00233 0.00166228 0)
(1.00236 0.00188108 0)
(1.0025 0.00209194 0)
(1.00249 0.00227734 0)
(1.00264 0.00243929 0)
(1.00264 0.00257653 0)
(1.00284 0.00268823 0)
(1.00288 0.00278359 0)
(1.00313 0.00285841 0)
(1.00319 0.00292304 0)
(1.00347 0.00298043 0)
(1.00353 0.00302972 0)
(1.00383 0.00308311 0)
(1.00389 0.00312566 0)
(1.0042 0.00316655 0)
(1.00424 0.00318568 0)
(1.00457 0.00319873 0)
(1.0046 0.00322214 0)
(1.00495 0.0032344 0)
(1.00053 0.00115499 0)
(1.00395 0.0011816 0)
(1.0058 0.00121353 0)
(1.00608 0.00125459 0)
(1.00539 0.00129819 0)
(1.00415 0.00134879 0)
(1.00294 0.00140055 0)
(1.00186 0.00145814 0)
(1.0012 0.00151671 0)
(1.00081 0.00157946 0)
(1.00081 0.00164455 0)
(1.00091 0.00171254 0)
(1.00122 0.00178568 0)
(1.00144 0.00185932 0)
(1.00173 0.00194016 0)
(1.00183 0.0020187 0)
(1.00199 0.00210525 0)
(1.00196 0.0021873 0)
(1.00204 0.00227386 0)
(1.00196 0.00235639 0)
(1.00205 0.00243728 0)
(1.00198 0.00251695 0)
(1.00213 0.00258561 0)
(1.00211 0.00265442 0)
(1.00233 0.00270933 0)
(1.00235 0.00276063 0)
(1.00261 0.00280395 0)
(1.00264 0.00284315 0)
(1.00293 0.00288226 0)
(1.00295 0.00291433 0)
(1.00326 0.00294139 0)
(1.00326 0.00295159 0)
(1.0036 0.00295383 0)
(1.00359 0.00297139 0)
(1.00396 0.00297516 0)
(0.998734 0.000807839 0)
(1.00229 0.000796116 0)
(1.00428 0.000789058 0)
(1.00472 0.000790545 0)
(1.00418 0.000798727 0)
(1.00307 0.000816284 0)
(1.00196 0.000839996 0)
(1.00096 0.000870978 0)
(1.00035 0.000906801 0)
(0.999992 0.0009466 0)
(1 0.000990444 0)
(1.00012 0.00103475 0)
(1.00043 0.00108416 0)
(1.00067 0.00113152 0)
(1.00096 0.00118683 0)
(1.00109 0.00123886 0)
(1.00126 0.00130137 0)
(1.00125 0.0013609 0)
(1.00133 0.00143087 0)
(1.00126 0.00149961 0)
(1.00132 0.00157427 0)
(1.00125 0.00164964 0)
(1.00137 0.00172348 0)
(1.00134 0.00179723 0)
(1.00151 0.00186436 0)
(1.00151 0.00192703 0)
(1.00173 0.00198689 0)
(1.00176 0.00203904 0)
(1.00201 0.002095 0)
(1.00203 0.00214012 0)
(1.0023 0.00218472 0)
(1.00231 0.00220948 0)
(1.00259 0.00223138 0)
(1.0026 0.00225826 0)
(1.00291 0.00227451 0)
(0.998611 0.00106462 0)
(1.00219 0.0010821 0)
(1.00418 0.0010994 0)
(1.00464 0.0011205 0)
(1.0041 0.00114153 0)
(1.00301 0.00116675 0)
(1.00189 0.00119206 0)
(1.00091 0.00122131 0)
(1.00029 0.00125106 0)
(0.99994 0.00128368 0)
(0.99994 0.00131769 0)
(1.00007 0.00135271 0)
(1.00036 0.00139068 0)
(1.0006 0.00142739 0)
(1.00088 0.00146911 0)
(1.00102 0.00150775 0)
(1.00117 0.00155307 0)
(1.00117 0.00159531 0)
(1.00122 0.00164409 0)
(1.00114 0.00169221 0)
(1.00118 0.00174349 0)
(1.00111 0.00179753 0)
(1.00118 0.0018489 0)
(1.00114 0.00190362 0)
(1.00127 0.00195164 0)
(1.00127 0.00199985 0)
(1.00144 0.00204404 0)
(1.00145 0.00208536 0)
(1.00165 0.00212794 0)
(1.00167 0.00216386 0)
(1.00189 0.0021959 0)
(1.0019 0.00221311 0)
(1.00213 0.00222463 0)
(1.00214 0.00224501 0)
(1.00239 0.00225254 0)
(0.998251 0.000915884 0)
(1.00183 0.000924475 0)
(1.00382 0.000932415 0)
(1.00429 0.000942757 0)
(1.00375 0.000952592 0)
(1.00267 0.000965205 0)
(1.00156 0.000977553 0)
(1.00058 0.000992563 0)
(0.999967 0.00100776 0)
(0.999628 0.00102485 0)
(0.999636 0.00104299 0)
(0.99977 0.00106156 0)
(1.00007 0.00108255 0)
(1.00032 0.00110213 0)
(1.0006 0.00112583 0)
(1.00074 0.00114667 0)
(1.0009 0.0011731 0)
(1.0009 0.00119674 0)
(1.00095 0.00122608 0)
(1.00088 0.00125484 0)
(1.00091 0.00128693 0)
(1.00083 0.00132157 0)
(1.0009 0.00135513 0)
(1.00086 0.00139218 0)
(1.00097 0.00142515 0)
(1.00096 0.00145911 0)
(1.00112 0.00149144 0)
(1.00113 0.0015223 0)
(1.00131 0.00155566 0)
(1.00131 0.00158419 0)
(1.00152 0.00161087 0)
(1.00151 0.0016253 0)
(1.00173 0.00163583 0)
(1.00173 0.00165333 0)
(1.00197 0.00166053 0)
(0.99812 0.000768307 0)
(1.0017 0.000780249 0)
(1.0037 0.000791941 0)
(1.00417 0.000805733 0)
(1.00363 0.000819238 0)
(1.00256 0.000835027 0)
(1.00144 0.000850635 0)
(1.00048 0.000868344 0)
(0.999859 0.000886193 0)
(0.999532 0.00090544 0)
(0.999533 0.000925507 0)
(0.999681 0.000945694 0)
(0.999975 0.000967821 0)
(1.00023 0.000988446 0)
(1.00051 0.00101245 0)
(1.00066 0.00103366 0)
(1.0008 0.00105951 0)
(1.00081 0.00108255 0)
(1.00085 0.00111037 0)
(1.00079 0.00113718 0)
(1.0008 0.00116685 0)
(1.00074 0.00119817 0)
(1.00078 0.00122869 0)
(1.00075 0.00126178 0)
(1.00084 0.00129164 0)
(1.00084 0.00132216 0)
(1.00096 0.00135165 0)
(1.00098 0.00137979 0)
(1.00112 0.00141047 0)
(1.00114 0.00143691 0)
(1.00129 0.00146216 0)
(1.0013 0.00147671 0)
(1.00147 0.0014884 0)
(1.00147 0.00150512 0)
(1.00165 0.00151281 0)
(0.998052 0.000644637 0)
(1.00163 0.000654807 0)
(1.00363 0.000664585 0)
(1.0041 0.000676083 0)
(1.00356 0.000687112 0)
(1.00248 0.000699984 0)
(1.00137 0.000712405 0)
(1.0004 0.000726491 0)
(0.99978 0.000740322 0)
(0.999452 0.000755219 0)
(0.999449 0.000770355 0)
(0.999596 0.000785501 0)
(0.999886 0.000801749 0)
(1.00014 0.00081668 0)
(1.00041 0.000833846 0)
(1.00056 0.000848634 0)
(1.0007 0.000866655 0)
(1.00071 0.000882296 0)
(1.00074 0.000901264 0)
(1.00068 0.000919369 0)
(1.00068 0.000939218 0)
(1.00061 0.000960438 0)
(1.00065 0.00098044 0)
(1.00061 0.00100268 0)
(1.00069 0.00102176 0)
(1.00069 0.00104168 0)
(1.0008 0.00106028 0)
(1.00081 0.00107831 0)
(1.00093 0.001098 0)
(1.00094 0.00111496 0)
(1.00108 0.00113065 0)
(1.00108 0.00113858 0)
(1.00123 0.00114406 0)
(1.00123 0.00115502 0)
(1.00139 0.00115894 0)
(0.997995 0.000509888 0)
(1.00158 0.000517853 0)
(1.00357 0.000525591 0)
(1.00404 0.000534598 0)
(1.0035 0.000543336 0)
(1.00243 0.000553428 0)
(1.0013 0.000563271 0)
(1.00034 0.000574317 0)
(0.999712 0.000585283 0)
(0.999387 0.000596969 0)
(0.999378 0.000608985 0)
(0.999528 0.000620881 0)
(0.999811 0.000633813 0)
(1.00007 0.000645565 0)
(1.00033 0.000659277 0)
(1.00049 0.000670952 0)
(1.00061 0.000685408 0)
(1.00063 0.000697803 0)
(1.00065 0.000713091 0)
(1.00059 0.00072749 0)
(1.00058 0.000743574 0)
(1.00052 0.000760523 0)
(1.00054 0.000776859 0)
(1.00051 0.000794744 0)
(1.00057 0.000810528 0)
(1.00057 0.000826778 0)
(1.00067 0.000842458 0)
(1.00068 0.000857487 0)
(1.00079 0.000874382 0)
(1.0008 0.0008889 0)
(1.00092 0.000903009 0)
(1.00093 0.000910634 0)
(1.00105 0.000916874 0)
(1.00105 0.000926787 0)
(1.00118 0.000931261 0)
(0.997956 0.000384745 0)
(1.00154 0.000390995 0)
(1.00353 0.000397036 0)
(1.004 0.000404106 0)
(1.00346 0.000410916 0)
(1.00238 0.000418822 0)
(1.00126 0.000426471 0)
(1.00029 0.00043511 0)
(0.999664 0.000443608 0)
(0.99934 0.000452742 0)
(0.999327 0.000462028 0)
(0.999478 0.000471319 0)
(0.999757 0.000481277 0)
(1.00002 0.000490442 0)
(1.00028 0.000500951 0)
(1.00043 0.000510023 0)
(1.00055 0.00052104 0)
(1.00057 0.000530603 0)
(1.00058 0.000542177 0)
(1.00052 0.000553191 0)
(1.00051 0.000565284 0)
(1.00045 0.000578154 0)
(1.00046 0.000590339 0)
(1.00043 0.000603841 0)
(1.00048 0.000615485 0)
(1.00048 0.000627643 0)
(1.00056 0.000639048 0)
(1.00058 0.000650133 0)
(1.00067 0.000662259 0)
(1.00068 0.000672775 0)
(1.00078 0.000682579 0)
(1.00079 0.00068772 0)
(1.00089 0.000691447 0)
(1.00089 0.000698352 0)
(1.001 0.000700921 0)
(0.99793 0.000269106 0)
(1.00151 0.00027355 0)
(1.0035 0.000277879 0)
(1.00397 0.000282904 0)
(1.00343 0.000287774 0)
(1.00235 0.000293378 0)
(1.00122 0.000298829 0)
(1.00026 0.000304934 0)
(0.99963 0.00031097 0)
(0.999307 0.000317407 0)
(0.99929 0.000323982 0)
(0.999442 0.00033051 0)
(0.999716 0.000337536 0)
(0.999978 0.000343948 0)
(1.00023 0.000351334 0)
(1.00039 0.000357644 0)
(1.0005 0.000365353 0)
(1.00052 0.000371961 0)
(1.00053 0.00038002 0)
(1.00047 0.000387592 0)
(1.00045 0.000395966 0)
(1.00039 0.000404777 0)
(1.00039 0.000413159 0)
(1.00036 0.00042235 0)
(1.00041 0.000430295 0)
(1.00041 0.000438485 0)
(1.00048 0.00044622 0)
(1.00049 0.000453623 0)
(1.00058 0.000461857 0)
(1.00059 0.000468867 0)
(1.00067 0.000475523 0)
(1.00068 0.00047884 0)
(1.00077 0.000481372 0)
(1.00077 0.000486073 0)
(1.00086 0.000487964 0)
(0.997912 0.000160863 0)
(1.0015 0.000163493 0)
(1.00348 0.000166047 0)
(1.00396 0.00016901 0)
(1.00341 0.000171882 0)
(1.00233 0.00017519 0)
(1.0012 0.00017841 0)
(1.00024 0.000182021 0)
(0.999606 0.000185592 0)
(0.999283 0.000189404 0)
(0.999264 0.000193298 0)
(0.999417 0.000197163 0)
(0.999688 0.000201322 0)
(0.99995 0.000205112 0)
(1.0002 0.000209477 0)
(1.00036 0.000213196 0)
(1.00047 0.000217743 0)
(1.00049 0.00022163 0)
(1.00049 0.000226376 0)
(1.00043 0.000230828 0)
(1.00041 0.000235754 0)
(1.00035 0.00024094 0)
(1.00035 0.000245869 0)
(1.00032 0.000251282 0)
(1.00035 0.000255952 0)
(1.00036 0.000260776 0)
(1.00042 0.000265332 0)
(1.00043 0.000269703 0)
(1.00051 0.000274573 0)
(1.00052 0.000278731 0)
(1.0006 0.000282682 0)
(1.0006 0.000284662 0)
(1.00068 0.000286175 0)
(1.00068 0.000288992 0)
(1.00076 0.000290119 0)
(0.997904 5.39997e-05 0)
(1.00149 5.48666e-05 0)
(1.00347 5.57025e-05 0)
(1.00395 5.66732e-05 0)
(1.0034 5.76115e-05 0)
(1.00232 5.86985e-05 0)
(1.00119 5.97563e-05 0)
(1.00023 6.09482e-05 0)
(0.999594 6.21278e-05 0)
(0.999272 6.33914e-05 0)
(0.999252 6.46824e-05 0)
(0.999404 6.59662e-05 0)
(0.999674 6.73463e-05 0)
(0.999937 6.86053e-05 0)
(1.00018 7.00529e-05 0)
(1.00034 7.12864e-05 0)
(1.00045 7.27922e-05 0)
(1.00047 7.40791e-05 0)
(1.00047 7.56494e-05 0)
(1.00042 7.71242e-05 0)
(1.00039 7.87541e-05 0)
(1.00033 8.04749e-05 0)
(1.00032 8.21073e-05 0)
(1.00029 8.39059e-05 0)
(1.00033 8.54537e-05 0)
(1.00033 8.70582e-05 0)
(1.00039 8.85694e-05 0)
(1.0004 9.00244e-05 0)
(1.00047 9.16411e-05 0)
(1.00049 9.30262e-05 0)
(1.00056 9.43359e-05 0)
(1.00057 9.49924e-05 0)
(1.00064 9.54872e-05 0)
(1.00064 9.64233e-05 0)
(1.00071 9.6789e-05 0)
(0.889992 0.00401278 0)
(1.10759 -0.00409169 0)
(0.900304 0.00369922 0)
(1.09138 -0.00210384 0)
(0.906099 0.00416034 0)
(1.07945 -0.00363229 0)
(0.913623 0.0026971 0)
(1.06624 -0.00274146 0)
(0.920967 0.00268883 0)
(1.05463 -0.0011396 0)
(0.926507 0.00493287 0)
(1.04624 0.000258963 0)
(0.932037 0.00515203 0)
(1.0373 0.000775318 0)
(0.936051 0.00461095 0)
(1.02728 0.000507246 0)
(0.937481 0.00429597 0)
(1.01603 0.000705582 0)
(0.936163 0.00469435 0)
(1.00293 0.00330741 0)
(0.907493 0.00376007 0)
(1.08501 -0.00365902 0)
(0.920286 0.00343603 0)
(1.0664 -0.00154762 0)
(0.930464 0.00378751 0)
(1.05148 -0.00314507 0)
(0.941594 0.00242368 0)
(1.03573 -0.00226925 0)
(0.952449 0.00256513 0)
(1.0217 -0.000736372 0)
(0.960921 0.00512486 0)
(1.01111 0.000498866 0)
(0.968482 0.00583322 0)
(1.00108 0.0006985 0)
(0.973148 0.00565588 0)
(0.991394 0.000307471 0)
(0.973923 0.00580824 0)
(0.981601 0.00100784 0)
(0.971705 0.00793708 0)
(0.971147 0.0065777 0)
(0.937069 0.00370042 0)
(1.05147 -0.00347015 0)
(0.951284 0.00344341 0)
(1.03338 -0.00145805 0)
(0.962744 0.00378496 0)
(1.02057 -0.00309779 0)
(0.972177 0.00256389 0)
(1.00876 -0.00228728 0)
(0.979411 0.00280363 0)
(0.999733 -0.000808471 0)
(0.983185 0.00491729 0)
(0.99487 0.000660407 0)
(0.985828 0.00526816 0)
(0.990639 0.00135337 0)
(0.985761 0.00496192 0)
(0.98617 0.00159453 0)
(0.982571 0.00531627 0)
(0.980919 0.00355308 0)
(0.977862 0.00841362 0)
(0.975043 0.0100055 0)
(0.965923 0.00379383 0)
(1.02375 -0.00345756 0)
(0.977104 0.00358026 0)
(1.01136 -0.00151112 0)
(0.984969 0.0038716 0)
(1.00496 -0.00307431 0)
(0.989129 0.00260771 0)
(0.999248 -0.00212228 0)
(0.991395 0.00269867 0)
(0.9951 -0.000452207 0)
(0.991426 0.00446218 0)
(0.993728 0.00132657 0)
(0.991651 0.0045425 0)
(0.991849 0.00238436 0)
(0.990139 0.00435437 0)
(0.988842 0.00302832 0)
(0.98651 0.00532388 0)
(0.984701 0.00568966 0)
(0.982272 0.0090296 0)
(0.980001 0.011783 0)
(0.984949 0.00386322 0)
(1.00947 -0.0034154 0)
(0.991315 0.00362434 0)
(1.00342 -0.0014736 0)
(0.995433 0.00376461 0)
(1.00175 -0.00286648 0)
(0.996061 0.0024289 0)
(0.999078 -0.00174233 0)
(0.996149 0.00237182 0)
(0.996719 0.000162818 0)
(0.995157 0.00375408 0)
(0.9962 0.00210503 0)
(0.994931 0.00391103 0)
(0.99479 0.00316544 0)
(0.993296 0.00422493 0)
(0.992159 0.0042283 0)
(0.989986 0.00591325 0)
(0.988574 0.00727445 0)
(0.986447 0.00988065 0)
(0.984626 0.012683 0)
(0.993782 0.003827 0)
(1.00497 -0.00327435 0)
(0.997051 0.00350684 0)
(1.00262 -0.00133816 0)
(0.999497 0.00347681 0)
(1.00272 -0.00248342 0)
(0.998844 0.00205564 0)
(1.00086 -0.00116911 0)
(0.998482 0.0018485 0)
(0.999022 0.000871152 0)
(0.997509 0.00308572 0)
(0.998692 0.00268754 0)
(0.997306 0.00346859 0)
(0.997456 0.00370387 0)
(0.995809 0.00432261 0)
(0.995091 0.00520692 0)
(0.992916 0.00674507 0)
(0.991961 0.00868396 0)
(0.98994 0.0107904 0)
(0.988595 0.0133325 0)
(0.996652 0.00370038 0)
(1.00432 -0.00306077 0)
(0.998814 0.00326196 0)
(1.00345 -0.00113266 0)
(1.00086 0.0030897 0)
(1.0039 -0.00201193 0)
(0.999933 0.00160902 0)
(1.00222 -0.000576921 0)
(0.999649 0.00137293 0)
(1.00067 0.00136628 0)
(0.998892 0.00270793 0)
(1.00045 0.00286463 0)
(0.998818 0.00338723 0)
(0.999364 0.00390392 0)
(0.997547 0.00458807 0)
(0.997328 0.00580456 0)
(0.995146 0.0075058 0)
(0.994585 0.00952086 0)
(0.992532 0.0117256 0)
(0.991672 0.014118 0)
(0.997281 0.00352314 0)
(1.00441 -0.00279615 0)
(0.999218 0.00293722 0)
(1.00401 -0.000879221 0)
(1.00118 0.0026436 0)
(1.00446 -0.00149695 0)
(1.00028 0.00116867 0)
(1.00285 -6.16648e-05 0)
(1.00015 0.00112146 0)
(1.00155 0.00155473 0)
(0.999574 0.00259632 0)
(1.00141 0.00280618 0)
(0.999628 0.00345218 0)
(1.00046 0.00394129 0)
(0.998623 0.00488893 0)
(0.99879 0.00616932 0)
(0.99667 0.0081975 0)
(0.996491 0.0103643 0)
(0.994568 0.0128087 0)
(0.993815 0.0150684 0)
(0.997529 0.00330353 0)
(1.0043 -0.00245431 0)
(0.99944 0.00251828 0)
(1.00404 -0.000551639 0)
(1.00132 0.00212794 0)
(1.00443 -0.000931059 0)
(1.0005 0.000726534 0)
(1.00293 0.000401893 0)
(1.00046 0.000906091 0)
(1.00184 0.00167673 0)
(0.999965 0.00244102 0)
(1.00175 0.0028226 0)
(1.00011 0.00342296 0)
(1.00097 0.00424592 0)
(0.999365 0.00538467 0)
(0.999755 0.00696217 0)
(0.997992 0.00905804 0)
(0.997917 0.011428 0)
(0.996105 0.013621 0)
(0.995257 0.0155974 0)
(0.997988 0.00306647 0)
(1.00382 -0.00206909 0)
(0.999872 0.00205503 0)
(1.00366 -0.000210701 0)
(1.00161 0.00161453 0)
(1.00404 -0.000427566 0)
(1.00085 0.000418548 0)
(1.00269 0.000652168 0)
(1.0008 0.000804044 0)
(1.00181 0.00168279 0)
(1.00033 0.00236907 0)
(1.00177 0.00293701 0)
(1.00057 0.00370721 0)
(1.00128 0.00485177 0)
(1.00012 0.00619913 0)
(1.00047 0.00787345 0)
(0.999163 0.00983778 0)
(0.999012 0.0119438 0)
(0.997413 0.0138948 0)
(0.996304 0.0155918 0)
(0.998642 0.00280163 0)
(1.00314 -0.00163023 0)
(1.00047 0.00154511 0)
(1.0031 0.000143702 0)
(1.00203 0.0011374 0)
(1.00355 -4.65092e-05 0)
(1.00127 0.000276173 0)
(1.00238 0.000710326 0)
(1.00119 0.000822971 0)
(1.00169 0.00166889 0)
(1.00074 0.00250494 0)
(1.00177 0.00329709 0)
(1.00111 0.00425171 0)
(1.00155 0.0055335 0)
(1.00087 0.00687338 0)
(1.00111 0.00845589 0)
(1.00025 0.0102394 0)
(0.999954 0.0121013 0)
(0.998587 0.0138223 0)
(0.997198 0.0153092 0)
(0.999264 0.00252888 0)
(1.00249 -0.00117932 0)
(1.00102 0.00103932 0)
(1.00261 0.000447142 0)
(1.00239 0.000779567 0)
(1.00312 0.000121712 0)
(1.00162 0.000307386 0)
(1.00213 0.000718058 0)
(1.00153 0.000970004 0)
(1.00165 0.00185029 0)
(1.00117 0.00286787 0)
(1.00185 0.00375571 0)
(1.00164 0.00474387 0)
(1.00189 0.00600851 0)
(1.00159 0.00732691 0)
(1.00174 0.00878268 0)
(1.00126 0.0103976 0)
(1.00087 0.0120681 0)
(0.999683 0.0136253 0)
(0.998069 0.0149704 0)
(0.999691 0.00223148 0)
(1.00201 -0.000698377 0)
(1.0014 0.000545401 0)
(1.00228 0.000640343 0)
(1.00258 0.000564063 0)
(1.00285 8.77024e-05 0)
(1.00184 0.000330536 0)
(1.00199 0.000860964 0)
(1.00179 0.00127911 0)
(1.00173 0.00220701 0)
(1.00153 0.00325554 0)
(1.00201 0.00414726 0)
(1.00211 0.00511326 0)
(1.00229 0.0063177 0)
(1.00225 0.00760253 0)
(1.0024 0.00897101 0)
(1.0022 0.0104523 0)
(1.00179 0.0119858 0)
(1.00072 0.0134075 0)
(0.998945 0.0146344 0)
(0.999913 0.00194236 0)
(1.00167 -0.000262335 0)
(1.00157 0.000219284 0)
(1.0021 0.000643962 0)
(1.00259 0.000462386 0)
(1.00267 8.52514e-05 0)
(1.00197 0.000429092 0)
(1.00197 0.00110343 0)
(1.00198 0.00160646 0)
(1.00188 0.00250246 0)
(1.00183 0.00353904 0)
(1.00223 0.00443347 0)
(1.00251 0.00535652 0)
(1.00274 0.00650258 0)
(1.00288 0.0077684 0)
(1.0031 0.00909749 0)
(1.00308 0.0104736 0)
(1.00273 0.0118815 0)
(1.0017 0.0131683 0)
(0.999799 0.0142693 0)
(1 0.00166703 0)
(1.00143 0.000118213 0)
(1.00161 0.000110356 0)
(1.00199 0.000510823 0)
(1.00253 0.000412313 0)
(1.00256 0.000202584 0)
(1.00203 0.000612501 0)
(1.00199 0.00132015 0)
(1.00211 0.00187615 0)
(1.00206 0.00272939 0)
(1.00209 0.00372514 0)
(1.00248 0.00462402 0)
(1.00288 0.00553344 0)
(1.00322 0.00664937 0)
(1.00351 0.00789318 0)
(1.00382 0.00918283 0)
(1.00393 0.0104535 0)
(1.00363 0.0117169 0)
(1.0026 0.0128603 0)
(1.0006 0.0138287 0)
(1.00003 0.00139488 0)
(1.00122 0.00047805 0)
(1.00155 6.64708e-05 0)
(1.00191 0.00037808 0)
(1.00243 0.000384532 0)
(1.00248 0.000297962 0)
(1.00208 0.000763042 0)
(1.00205 0.00152295 0)
(1.00223 0.00211816 0)
(1.00225 0.00291809 0)
(1.00234 0.0038786 0)
(1.00275 0.00480398 0)
(1.00326 0.00573023 0)
(1.00373 0.00681625 0)
(1.00414 0.00800207 0)
(1.00453 0.00921388 0)
(1.00473 0.0103702 0)
(1.00447 0.0114831 0)
(1.00344 0.0124883 0)
(1.00134 0.0133363 0)
(1.00004 0.00114658 0)
(1.00102 0.000757121 0)
(1.00143 0.000115927 0)
(1.00182 0.000262854 0)
(1.00233 0.000344889 0)
(1.00242 0.000399936 0)
(1.00213 0.000935336 0)
(1.00212 0.00171181 0)
(1.00234 0.00233232 0)
(1.00243 0.00310342 0)
(1.0026 0.00404951 0)
(1.00305 0.00499694 0)
(1.00365 0.00592897 0)
(1.00424 0.00695467 0)
(1.00476 0.0080513 0)
(1.00522 0.00916405 0)
(1.00548 0.010216 0)
(1.00525 0.0112014 0)
(1.00421 0.0120847 0)
(1.00203 0.0128296 0)
(1.00004 0.000928068 0)
(1.00083 0.000896578 0)
(1.00127 0.000255659 0)
(1.00171 0.000232922 0)
(1.00224 0.000328447 0)
(1.00237 0.000501125 0)
(1.00219 0.00108144 0)
(1.0022 0.00187583 0)
(1.00245 0.00254402 0)
(1.00263 0.00331436 0)
(1.00288 0.00423647 0)
(1.00337 0.00517102 0)
(1.00405 0.00607917 0)
(1.00473 0.00703738 0)
(1.00536 0.00804541 0)
(1.0059 0.00906214 0)
(1.00619 0.0100188 0)
(1.00599 0.0108953 0)
(1.00493 0.011664 0)
(1.00266 0.0123103 0)
(1.00004 0.000768481 0)
(1.00066 0.000850491 0)
(1.0011 0.00045261 0)
(1.00159 0.00033058 0)
(1.00216 0.000358674 0)
(1.00236 0.000607797 0)
(1.00227 0.00124072 0)
(1.00231 0.00207119 0)
(1.0026 0.00277794 0)
(1.00285 0.00353462 0)
(1.00318 0.00440574 0)
(1.00372 0.00530924 0)
(1.00446 0.00618444 0)
(1.00523 0.00708773 0)
(1.00596 0.00801755 0)
(1.00655 0.0089389 0)
(1.00688 0.00979574 0)
(1.00668 0.0105672 0)
(1.00559 0.0112276 0)
(1.00323 0.0117794 0)
(1.00004 0.000632309 0)
(1.00054 0.000728038 0)
(1.00096 0.000637866 0)
(1.00146 0.00052093 0)
(1.00208 0.000445324 0)
(1.00237 0.000712158 0)
(1.00239 0.001381 0)
(1.00247 0.00221659 0)
(1.00277 0.00294405 0)
(1.00308 0.00368378 0)
(1.0035 0.0045165 0)
(1.00409 0.0053904 0)
(1.00489 0.00623815 0)
(1.00574 0.00708426 0)
(1.00655 0.00793052 0)
(1.00719 0.00874926 0)
(1.00754 0.00950217 0)
(1.00732 0.0101727 0)
(1.00619 0.0107411 0)
(1.00376 0.011212 0)
(1.00004 0.000491366 0)
(1.00045 0.000627889 0)
(1.00086 0.000642665 0)
(1.00133 0.000703399 0)
(1.00201 0.000705451 0)
(1.00241 0.000974735 0)
(1.00254 0.00159488 0)
(1.00265 0.00236917 0)
(1.00298 0.00309306 0)
(1.00335 0.00381482 0)
(1.00384 0.00461523 0)
(1.0045 0.00544002 0)
(1.00535 0.00624735 0)
(1.00626 0.00702153 0)
(1.00712 0.00777525 0)
(1.0078 0.00849271 0)
(1.00817 0.00914953 0)
(1.00793 0.00973243 0)
(1.00676 0.0102272 0)
(1.00426 0.0106334 0)
(1.00004 0.000367484 0)
(1.00037 0.000509323 0)
(1.0008 0.000471234 0)
(1.00129 0.000771646 0)
(1.00198 0.00111647 0)
(1.00246 0.00142723 0)
(1.00269 0.00193241 0)
(1.00285 0.00260348 0)
(1.00322 0.0032904 0)
(1.00364 0.00398218 0)
(1.00421 0.00473253 0)
(1.00492 0.00549522 0)
(1.00582 0.00624502 0)
(1.00677 0.00694689 0)
(1.00768 0.00761371 0)
(1.00839 0.00824263 0)
(1.00877 0.00881453 0)
(1.00851 0.00932145 0)
(1.00731 0.00975027 0)
(1.00474 0.0101007 0)
(1.00004 0.000310104 0)
(1.0003 0.000336796 0)
(1.00079 0.000449247 0)
(1.00135 0.000896895 0)
(1.00205 0.00141519 0)
(1.00252 0.00175973 0)
(1.00283 0.00219424 0)
(1.00306 0.00278954 0)
(1.00348 0.0034344 0)
(1.00396 0.00409187 0)
(1.0046 0.00479028 0)
(1.00536 0.00549544 0)
(1.0063 0.00618078 0)
(1.00728 0.00681852 0)
(1.00822 0.00740849 0)
(1.00896 0.00795897 0)
(1.00934 0.00845278 0)
(1.00907 0.00888927 0)
(1.00783 0.00925548 0)
(1.00519 0.00955489 0)
(1.00004 0.000258 0)
(1.00028 0.00031888 0)
(1.00084 0.000601509 0)
(1.00144 0.00106686 0)
(1.00214 0.00151945 0)
(1.00261 0.00189409 0)
(1.00299 0.00233393 0)
(1.00329 0.00289518 0)
(1.00376 0.00350658 0)
(1.0043 0.00412651 0)
(1.00501 0.00477709 0)
(1.00581 0.00542611 0)
(1.00679 0.00604491 0)
(1.00778 0.00662153 0)
(1.00875 0.00714218 0)
(1.0095 0.00762139 0)
(1.00988 0.00804587 0)
(1.00959 0.00841935 0)
(1.00831 0.00873214 0)
(1.00562 0.00898827 0)
(1.00005 0.000213668 0)
(1.00027 0.000434188 0)
(1.00089 0.000717573 0)
(1.0015 0.00112723 0)
(1.00223 0.00155707 0)
(1.00271 0.00197465 0)
(1.00315 0.00244335 0)
(1.00351 0.00298576 0)
(1.00405 0.00356729 0)
(1.00464 0.00414699 0)
(1.0054 0.00474418 0)
(1.00625 0.00533611 0)
(1.00726 0.00588774 0)
(1.00826 0.00640088 0)
(1.00925 0.00685791 0)
(1.00999 0.00727259 0)
(1.01038 0.00763749 0)
(1.01007 0.00795631 0)
(1.00876 0.00822452 0)
(1.00601 0.00844367 0)
(1.00005 0.000212148 0)
(1.00026 0.000500859 0)
(1.00092 0.00079775 0)
(1.00157 0.00119415 0)
(1.00232 0.00162931 0)
(1.00283 0.00207138 0)
(1.00333 0.00255863 0)
(1.00374 0.00308017 0)
(1.00432 0.00362786 0)
(1.00496 0.00416391 0)
(1.00578 0.0047011 0)
(1.00666 0.00523097 0)
(1.00769 0.00571776 0)
(1.0087 0.00616639 0)
(1.00969 0.00656472 0)
(1.01044 0.00692057 0)
(1.01081 0.00723269 0)
(1.01049 0.00750257 0)
(1.00915 0.00773047 0)
(1.00635 0.00791578 0)
(1.00005 0.000215184 0)
(1.00026 0.000552312 0)
(1.00096 0.000883183 0)
(1.00163 0.00128997 0)
(1.00242 0.00172791 0)
(1.00296 0.00218123 0)
(1.0035 0.00266049 0)
(1.00396 0.0031569 0)
(1.00459 0.00366022 0)
(1.00526 0.00415083 0)
(1.00612 0.00462523 0)
(1.00703 0.00508927 0)
(1.00808 0.00551527 0)
(1.0091 0.00590338 0)
(1.01009 0.00624866 0)
(1.01083 0.00655293 0)
(1.0112 0.00681873 0)
(1.01085 0.00704577 0)
(1.00948 0.00723733 0)
(1.00664 0.00739245 0)
(1.00006 0.0002257 0)
(1.00026 0.000606508 0)
(1.001 0.000973413 0)
(1.0017 0.00139187 0)
(1.00252 0.00183358 0)
(1.00308 0.00228186 0)
(1.00367 0.00274035 0)
(1.00416 0.00319845 0)
(1.00483 0.00365123 0)
(1.00553 0.00409002 0)
(1.00643 0.00450423 0)
(1.00736 0.00490039 0)
(1.00842 0.00526835 0)
(1.00945 0.00559928 0)
(1.01044 0.00589736 0)
(1.01117 0.00615748 0)
(1.01153 0.00638631 0)
(1.01116 0.00657854 0)
(1.00976 0.00674076 0)
(1.00688 0.00687105 0)
(1.00006 0.000241858 0)
(1.00027 0.000665968 0)
(1.00104 0.00106157 0)
(1.00176 0.00149954 0)
(1.00261 0.00193875 0)
(1.0032 0.0023758 0)
(1.00382 0.00280189 0)
(1.00434 0.00322045 0)
(1.00504 0.00361341 0)
(1.00576 0.00399419 0)
(1.00668 0.00434598 0)
(1.00764 0.00467545 0)
(1.00871 0.00498158 0)
(1.00974 0.00525727 0)
(1.01074 0.0055063 0)
(1.01147 0.00572563 0)
(1.01181 0.00591823 0)
(1.01142 0.00608346 0)
(1.01 0.00622127 0)
(1.00708 0.00633376 0)
(1.00007 0.000265979 0)
(1.00027 0.000733861 0)
(1.00108 0.00115762 0)
(1.00182 0.0016077 0)
(1.0027 0.00204524 0)
(1.00329 0.00246697 0)
(1.00395 0.00285808 0)
(1.00448 0.00322976 0)
(1.00521 0.00356368 0)
(1.00594 0.00387441 0)
(1.00688 0.00416024 0)
(1.00784 0.0044194 0)
(1.00894 0.00465959 0)
(1.00997 0.00487538 0)
(1.01097 0.0050697 0)
(1.01169 0.00524311 0)
(1.01203 0.0053956 0)
(1.01163 0.00553248 0)
(1.01018 0.00564861 0)
(1.00723 0.00574799 0)
(1.00008 0.000346164 0)
(1.00028 0.000958909 0)
(1.00117 0.00148316 0)
(1.00194 0.00195402 0)
(1.00286 0.00238339 0)
(1.00347 0.0027546 0)
(1.00415 0.00307776 0)
(1.00469 0.0033455 0)
(1.00543 0.00357275 0)
(1.00618 0.003749 0)
(1.00714 0.0038972 0)
(1.00812 0.00400819 0)
(1.00923 0.00410106 0)
(1.01027 0.00417259 0)
(1.01128 0.00423299 0)
(1.012 0.0042834 0)
(1.01236 0.0043283 0)
(1.01195 0.00436983 0)
(1.01051 0.00440782 0)
(1.00751 0.00444268 0)
(1.00007 0.000423069 0)
(1.00027 0.00113184 0)
(1.00111 0.00165095 0)
(1.00182 0.00203801 0)
(1.00266 0.00231522 0)
(1.00317 0.0025056 0)
(1.00376 0.00263104 0)
(1.00419 0.00270918 0)
(1.00482 0.00276581 0)
(1.00542 0.00280403 0)
(1.00624 0.00283811 0)
(1.00706 0.00286776 0)
(1.00805 0.00289704 0)
(1.00899 0.00292781 0)
(1.00993 0.00295884 0)
(1.01063 0.00299344 0)
(1.01097 0.0030281 0)
(1.01059 0.00306627 0)
(1.00917 0.00310376 0)
(1.00622 0.00314327 0)
(1.0001 0.000807799 0)
(1.00008 0.00224307 0)
(1.00074 0.00326791 0)
(1.00117 0.00382062 0)
(1.00181 0.00408589 0)
(1.0021 0.00411395 0)
(1.00261 0.0040387 0)
(1.003 0.00383033 0)
(1.00371 0.00355258 0)
(1.00442 0.00315371 0)
(1.00542 0.00268007 0)
(1.00642 0.00209949 0)
(1.0076 0.00145621 0)
(1.00869 0.000741266 0)
(1.00979 1.13234e-06 0)
(1.01061 -0.000752842 0)
(1.01108 -0.00146654 0)
(1.01079 -0.00210712 0)
(1.00946 -0.00260619 0)
(1.00657 -0.00291072 0)
(1.00008 0.000756199 0)
(0.999807 0.00210137 0)
(0.999509 0.0030531 0)
(0.998905 0.00354816 0)
(0.998616 0.00376834 0)
(0.998239 0.00376266 0)
(0.998056 0.00366237 0)
(0.997653 0.00343928 0)
(0.997256 0.0031526 0)
(0.99659 0.00274904 0)
(0.995889 0.00227062 0)
(0.994975 0.00168417 0)
(0.994072 0.00103288 0)
(0.993077 0.000307727 0)
(0.992224 -0.000444393 0)
(0.991515 -0.001212 0)
(0.991267 -0.00194036 0)
(0.991664 -0.00259652 0)
(0.993187 -0.00311126 0)
(0.996185 -0.00343127 0)
(1.00009 0.000323198 0)
(0.999617 0.000845623 0)
(0.99911 0.00119357 0)
(0.998237 0.00141644 0)
(0.997705 0.00153365 0)
(0.997122 0.00157127 0)
(0.996851 0.00155134 0)
(0.996449 0.00149704 0)
(0.996156 0.00143086 0)
(0.995633 0.0013613 0)
(0.99511 0.00129887 0)
(0.994365 0.00124498 0)
(0.993626 0.00120171 0)
(0.992766 0.00116953 0)
(0.992031 0.00114622 0)
(0.991414 0.00113293 0)
(0.991249 0.00112587 0)
(0.991717 0.00112667 0)
(0.99331 0.00113122 0)
(0.996368 0.00114095 0)
(1.00007 0.000236501 0)
(0.999554 0.000635767 0)
(0.998872 0.000919449 0)
(0.997826 0.00111981 0)
(0.997055 0.00125396 0)
(0.996261 0.00133033 0)
(0.995748 0.00135992 0)
(0.995135 0.00134858 0)
(0.99461 0.00131369 0)
(0.993895 0.00125852 0)
(0.993188 0.00119703 0)
(0.992313 0.00113136 0)
(0.99147 0.00106896 0)
(0.990565 0.00101157 0)
(0.989815 0.000961309 0)
(0.989231 0.000919492 0)
(0.989117 0.000885032 0)
(0.989663 0.000858709 0)
(0.991333 0.000837899 0)
(0.994474 0.000822997 0)
(1.00006 0.000140039 0)
(0.999516 0.000365224 0)
(0.99874 0.000517548 0)
(0.997633 0.000634703 0)
(0.996754 0.0007243 0)
(0.995899 0.000793202 0)
(0.995312 0.000841351 0)
(0.994683 0.000872625 0)
(0.994147 0.000895746 0)
(0.993466 0.000911894 0)
(0.992785 0.000927514 0)
(0.991961 0.00094185 0)
(0.991153 0.000956628 0)
(0.990295 0.000971787 0)
(0.989573 0.000986249 0)
(0.989025 0.00100126 0)
(0.98893 0.00101466 0)
(0.989502 0.00102843 0)
(0.991184 0.00104017 0)
(0.994342 0.00105206 0)
(1.00006 0.000103327 0)
(0.999499 0.000273725 0)
(0.998698 0.000393079 0)
(0.997557 0.000491296 0)
(0.996642 0.000574748 0)
(0.99575 0.000646581 0)
(0.99513 0.000704389 0)
(0.994472 0.000747901 0)
(0.99391 0.000782211 0)
(0.993207 0.000806663 0)
(0.992508 0.000826614 0)
(0.991668 0.000841765 0)
(0.990846 0.000854506 0)
(0.989975 0.000865474 0)
(0.989244 0.000874659 0)
(0.988687 0.000883493 0)
(0.988587 0.000890709 0)
(0.989153 0.000898079 0)
(0.990831 0.000903911 0)
(0.993985 0.000909972 0)
(1.00004 7.70133e-05 0)
(0.999504 0.000201624 0)
(0.998658 0.000288046 0)
(0.997522 0.000360803 0)
(0.996564 0.000425547 0)
(0.99567 0.000483494 0)
(0.995013 0.000532406 0)
(0.994353 0.000570881 0)
(0.993765 0.000603161 0)
(0.993065 0.000627847 0)
(0.992348 0.00064948 0)
(0.991515 0.000667166 0)
(0.990685 0.000683057 0)
(0.989824 0.000697265 0)
(0.98909 0.000709932 0)
(0.988544 0.000721938 0)
(0.988442 0.000732364 0)
(0.989018 0.000742492 0)
(0.990695 0.000751059 0)
(0.993856 0.000759431 0)
(1.00004 5.91265e-05 0)
(0.999501 0.000155222 0)
(0.998645 0.000221677 0)
(0.997503 0.000279368 0)
(0.996533 0.000331966 0)
(0.995632 0.000380909 0)
(0.994966 0.00042325 0)
(0.994303 0.000458054 0)
(0.993709 0.000487867 0)
(0.993007 0.00051175 0)
(0.992288 0.00053278 0)
(0.991455 0.000550461 0)
(0.990623 0.000566126 0)
(0.989762 0.000580103 0)
(0.989026 0.000592236 0)
(0.98848 0.000603524 0)
(0.988378 0.000613072 0)
(0.988953 0.000622185 0)
(0.990629 0.000629727 0)
(0.99379 0.000637025 0)
(1.00003 4.57754e-05 0)
(0.999506 0.000119728 0)
(0.998632 0.000171267 0)
(0.997499 0.000216144 0)
(0.996513 0.000257899 0)
(0.995617 0.00029693 0)
(0.994938 0.000331258 0)
(0.994278 0.000359474 0)
(0.993674 0.000383892 0)
(0.992976 0.000403321 0)
(0.992249 0.000420518 0)
(0.991418 0.000434785 0)
(0.99058 0.000447481 0)
(0.989721 0.000458638 0)
(0.98898 0.000468386 0)
(0.988435 0.000477327 0)
(0.988328 0.000484953 0)
(0.988903 0.000492135 0)
(0.990575 0.000498131 0)
(0.993736 0.000503857 0)
(1.00003 3.41183e-05 0)
(0.999508 8.94026e-05 0)
(0.998625 0.000127685 0)
(0.997495 0.000161333 0)
(0.996501 0.000192608 0)
(0.995607 0.000222149 0)
(0.994921 0.000248085 0)
(0.994262 0.000269615 0)
(0.993652 0.000288164 0)
(0.992954 0.000303052 0)
(0.992222 0.000316129 0)
(0.991391 0.00032706 0)
(0.990549 0.000336705 0)
(0.989691 0.000345251 0)
(0.988946 0.000352674 0)
(0.988401 0.000359554 0)
(0.988292 0.000365399 0)
(0.988868 0.000370962 0)
(0.990538 0.00037559 0)
(0.993699 0.000380054 0)
(1.00002 2.37745e-05 0)
(0.99951 6.21275e-05 0)
(0.99862 8.87715e-05 0)
(0.997493 0.00011209 0)
(0.996491 0.000133917 0)
(0.9956 0.000154473 0)
(0.994908 0.000172631 0)
(0.994251 0.000187658 0)
(0.993636 0.000200697 0)
(0.992939 0.000211135 0)
(0.992202 0.000220381 0)
(0.991373 0.000228086 0)
(0.990527 0.000234945 0)
(0.98967 0.000240995 0)
(0.988923 0.000246288 0)
(0.988379 0.000251163 0)
(0.988267 0.000255334 0)
(0.988844 0.000259276 0)
(0.990513 0.00026258 0)
(0.993675 0.000265747 0)
(1.00002 1.41113e-05 0)
(0.999512 3.68762e-05 0)
(0.998616 5.27198e-05 0)
(0.997492 6.66199e-05 0)
(0.996485 7.96699e-05 0)
(0.995596 9.19764e-05 0)
(0.9949 0.000102864 0)
(0.994244 0.000111886 0)
(0.993625 0.000119723 0)
(0.992929 0.000126006 0)
(0.99219 0.000131575 0)
(0.991361 0.000136219 0)
(0.990513 0.000140354 0)
(0.989656 0.000144 0)
(0.988908 0.00014719 0)
(0.988364 0.000150123 0)
(0.988251 0.000152631 0)
(0.988828 0.000154997 0)
(0.990496 0.000156976 0)
(0.993658 0.000158866 0)
(1.00002 4.69817e-06 0)
(0.999513 1.22842e-05 0)
(0.998614 1.75749e-05 0)
(0.997492 2.22413e-05 0)
(0.996483 2.6633e-05 0)
(0.995595 3.07833e-05 0)
(0.994897 3.44534e-05 0)
(0.994241 3.74995e-05 0)
(0.993621 4.01423e-05 0)
(0.992926 4.22645e-05 0)
(0.992185 4.41431e-05 0)
(0.991357 4.57123e-05 0)
(0.990508 4.71073e-05 0)
(0.989651 4.8339e-05 0)
(0.988902 4.94146e-05 0)
(0.988359 5.04037e-05 0)
(0.988245 5.12479e-05 0)
(0.988822 5.20439e-05 0)
(0.990489 5.2707e-05 0)
(0.993651 5.33384e-05 0)
)
;

boundaryField
{
    top
    {
        type            fixedValue;
        value           uniform (1 0 0);
    }
    inlet
    {
        type            fixedValue;
        value           uniform (1 0 0);
    }
    outlet
    {
        type            zeroGradient;
    }
    plate
    {
        type            fixedValue;
        value           uniform (0 0 0);
    }
    symmBound
    {
        type            zeroGradient;
    }
    frontAndBack
    {
        type            empty;
    }
}


// ************************************************************************* //
